2155 41.15
125 43.87
685 37.65
869 36.06
1164 37.47
640 36.99
1157 35.59
587 36.19
1106 37.16
841 35.92
1096 35.90
697 35.63
1166 36.26
737 37.03
1081 36.21
822 35.59
1277 36.38
720 36.04
1117 35.24
526 35.34
1176 35.35
705 35.06
992 34.81
875 33.61
1154 35.25
798 34.87
1112 34.39
760 33.53
1167 34.37
731 34.11
860 33.84
693 33.95
2007 39.14
431 37.21
839 34.86
912 33.90
978 35.85
892 34.71
1123 33.93
683 34.30
1267 34.82
799 33.76
1010 33.66
772 33.31
1248 33.99
632 33.84
1087 32.53
655 33.84
1220 34.88
798 33.90
1201 33.98
610 34.23
1327 34.18
776 33.51
1126 34.33
771 34.81
1561 34.36
599 34.79
1033 34.64
722 33.90
1222 34.21
697 34.28
1082 33.35
607 33.47
2551 37.40
379 36.18
563 36.63
835 35.34
1007 36.79
896 34.67
1004 35.29
921 33.58
1109 35.82
890 34.12
1144 33.95
572 33.89
1216 33.67
771 34.06
1083 34.62
871 34.34
1621 34.23
710 35.33
994 35.31
773 34.98
1388 34.86
783 35.09
1171 34.56
778 35.07
1449 35.75
864 34.53
963 35.28
973 34.20
1422 35.02
905 34.77
1194 35.17
628 35.14
2590 36.68
192 38.59
542 35.22
804 34.00
1044 33.85
681 32.43
1121 32.45
555 32.63
1150 32.79
730 32.50
1100 32.13
581 31.94
1063 31.37
702 32.19
1116 31.32
459 31.63
1113 31.28
886 31.31
1104 31.09
583 31.19
1234 31.28
637 31.47
984 30.73
938 30.17
1233 30.84
736 31.12
1114 30.94
857 30.93
1468 31.52
853 31.34
1290 31.04
872 32.05
2517 37.86
389 36.91
623 37.65
678 35.80
969 36.67
991 35.53
893 36.57
1033 34.39
1054 36.09
1091 34.50
1019 36.08
1030 34.87
1331 36.32
890 35.60
1236 35.30
762 34.67
1264 35.24
677 34.76
1147 33.48
777 33.98
1366 34.73
669 34.82
1065 34.02
745 34.41
1314 34.73
1151 35.12
1518 35.69
988 35.16
1627 34.88
984 35.25
1308 35.83
515 35.83
1829 39.86
269 38.61
430 38.49
757 36.03
913 36.18
850 35.08
1075 34.58
647 34.23
1110 35.59
819 34.61
1282 34.21
949 34.96
1541 35.97
964 36.29
1347 36.62
854 36.82
1797 37.22
940 37.10
992 38.03
851 36.76
1347 37.99
793 36.77
862 38.03
855 37.81
1433 38.07
836 37.57
944 39.14
830 37.94
1477 37.61
763 36.51
951 39.00
811 37.14
2194 35.59
329 40.45
790 42.66
704 38.98
1291 41.02
755 37.86
770 41.73
831 36.48
1010 38.95
826 35.32
1015 37.03
739 35.78
1121 37.13
633 36.19
1041 34.54
568 34.33
1203 34.86
567 35.84
1043 35.29
798 35.31
1265 37.10
754 36.39
1131 37.08
840 36.32
1290 38.05
705 38.01
950 37.88
787 37.92
1236 38.92
681 37.97
894 38.13
982 36.32
2586 39.28
185 39.74
380 38.56
893 35.83
919 37.67
820 36.86
1118 37.11
593 36.98
1201 37.16
512 37.44
995 35.82
994 34.61
1003 35.77
1008 35.24
734 35.97
1114 35.23
1158 36.20
740 35.99
1068 35.63
849 35.60
1123 36.14
704 36.02
983 35.82
780 35.03
1190 35.91
640 35.97
1056 34.89
494 35.44
1123 34.90
955 33.83
902 34.54
515 35.38
2599 40.80
331 38.84
386 36.89
913 37.12
1083 37.06
866 36.80
970 36.54
947 35.44
1124 36.53
901 35.55
986 35.63
806 35.54
1073 35.87
802 35.72
1212 35.14
673 34.58
1137 34.96
825 34.60
1096 34.20
813 34.45
1131 34.31
677 34.19
915 33.80
1065 33.55
1014 33.80
776 33.61
868 33.90
822 33.40
1180 33.05
765 33.95
900 33.71
964 32.92
2595 40.83
539 38.95
609 38.05
658 37.51
594 38.14
1291 36.42
1169 36.86
906 36.03
963 36.99
864 36.38
1071 36.27
939 35.00
