3681 34.83
343 35.70
1601 31.34
1519 30.91
1913 32.27
1549 30.92
2010 30.87
1386 30.01
1985 32.04
1538 30.64
2127 30.34
1281 30.54
1953 31.49
1525 31.01
2150 30.43
1309 30.86
2463 31.31
1256 30.59
1927 30.40
1412 29.92
2022 30.75
1568 29.48
1866 29.67
1393 29.25
2596 29.39
1174 30.02
1969 29.04
1553 28.26
1967 29.36
1107 28.80
1850 28.38
1027 28.69
4260 32.94
683 31.92
1291 30.50
1316 29.60
2025 30.52
1698 28.80
1935 29.00
1409 29.03
2059 30.12
1605 28.90
2101 28.65
1203 28.68
2276 29.25
1213 29.17
1867 28.72
1370 29.14
2196 29.66
1519 29.19
2002 29.01
1295 28.82
2407 29.47
1453 29.32
2010 29.82
1552 29.20
2771 29.70
1235 29.27
1666 29.85
1622 28.36
2157 29.41
1350 29.12
1968 28.62
1258 28.76
4811 32.00
561 32.17
1136 31.42
1739 29.37
1720 31.71
1491 29.67
2081 29.12
1477 28.22
2018 30.36
1628 28.64
1995 28.42
1236 28.80
2334 28.70
1488 29.06
2063 29.12
1442 29.02
2891 28.95
1260 29.92
1852 29.50
1408 29.22
2688 29.40
1362 30.03
1940 30.06
1502 29.37
2532 30.49
1543 29.69
1804 29.72
1725 30.35
2625 30.48
1591 30.69
2083 30.41
1307 29.55
4807 31.63
338 33.87
1023 30.38
1120 28.86
1961 29.13
1543 27.80
1847 27.84
1459 27.52
2042 28.01
1308 28.04
1926 27.40
1424 26.19
1792 27.54
1396 27.24
1891 27.08
1376 26.94
2043 26.89
1264 26.95
1966 26.60
1271 26.49
2276 26.68
1191 26.69
1913 26.13
1462 26.27
2253 26.57
1413 26.34
2125 26.29
1636 26.57
2930 26.41
1634 27.00
2162 27.59
1699 27.26
4133 33.51
713 32.92
1111 32.96
1126 32.32
1812 32.66
1845 30.24
1693 31.72
1741 30.04
1860 32.02
1751 30.79
2093 30.92
1747 30.47
2242 32.10
1738 30.79
2240 31.01
1409 29.72
2200 31.00
1415 29.91
1810 30.57
1565 29.33
2579 29.61
1115 29.85
1856 29.36
1520 28.77
2317 30.21
2025 30.07
2735 31.02
1708 31.02
2757 31.31
1733 30.64
2273 31.61
1014 30.84
3626 33.96
389 33.10
939 32.65
1262 30.63
1658 31.50
1663 29.86
1846 29.29
1369 28.56
1966 30.22
1478 29.59
2086 29.94
1774 29.58
3267 30.00
1761 31.40
2703 30.56
1548 31.33
2794 32.34
1632 31.96
1598 33.42
1457 32.70
2097 33.77
1528 32.28
1547 33.62
1471 32.98
2604 33.94
1499 32.84
1709 34.28
1529 33.01
2563 33.09
1333 31.19
1608 33.05
1404 32.82
4566 28.58
655 35.18
1563 34.25
1252 33.42
2181 36.27
1585 32.08
1384 34.90
1576 30.77
1890 32.34
1495 30.97
1892 31.06
1273 30.08
1987 31.93
1302 30.44
1877 29.81
1263 28.63
2297 29.78
1164 29.66
1902 29.96
1589 30.98
2902 31.09
1370 31.33
1639 31.85
1436 31.82
2585 32.36
1352 32.35
1794 32.74
1597 33.01
2734 33.61
1261 33.65
1656 33.06
1584 31.89
4735 35.02
318 35.71
879 33.97
1441 32.11
1742 34.23
1713 32.64
2107 33.14
1405 32.77
2279 33.26
1296 33.03
1540 32.40
1601 31.39
1979 31.96
1357 31.66
1485 31.92
1992 31.03
2020 32.31
1509 32.30
1878 32.15
1629 31.76
2274 32.26
1138 32.31
1663 31.92
1669 31.08
2047 31.74
1079 32.03
1933 31.08
1084 31.85
1937 30.93
1595 30.78
1762 30.65
1235 31.17
4541 37.39
715 36.15
708 36.40
1670 34.05
1738 34.02
1850 32.97
1775 32.96
1711 31.89
2097 32.72
1467 32.63
1702 32.09
1497 31.76
1949 32.08
1507 31.72
2055 31.07
1229 31.26
1911 31.32
1516 31.09
1952 30.72
1391 31.01
2054 30.83
1359 30.42
1590 30.43
1765 29.92
1975 30.29
1433 30.75
1771 30.38
1126 30.72
1902 29.87
1513 30.35
1617 30.37
1882 30.01
4624 37.10
900 34.79
897 35.12
1152 33.94
1697 33.91
2108 32.22
1860 32.76
1835 32.18
1698 32.97
1769 32.12
1995 32.34
1314 31.47
