4435 32.88
479 33.55
1797 30.16
1777 29.30
2614 30.03
1692 29.04
2320 28.67
1762 28.34
2585 29.29
1946 28.71
2382 28.57
1731 28.37
2643 29.27
1857 29.35
2440 28.66
1786 28.79
3134 28.97
1552 28.73
2314 28.83
1619 28.02
2822 28.33
1504 27.65
2139 27.74
2010 26.67
2629 28.03
1801 27.89
2395 27.43
1867 26.16
2522 27.13
1510 26.78
2124 26.73
1493 27.15
5443 30.95
847 29.56
1553 28.80
1432 28.62
2366 28.83
1963 27.52
2309 27.89
1748 27.52
2714 28.00
1743 27.41
2523 27.06
1573 27.34
2998 27.22
1528 26.74
2234 26.60
1684 27.40
2821 27.37
1812 27.30
2538 27.05
1526 26.79
2896 27.32
1700 26.96
2767 27.79
1813 28.00
3165 27.96
1565 27.81
2115 27.88
2002 26.90
2722 27.67
1813 27.55
2249 27.12
1713 26.97
5860 30.39
792 30.06
1399 30.17
1802 28.15
2019 30.04
1861 27.79
2622 27.62
1885 27.16
2596 28.47
2000 27.27
2320 27.28
1636 26.78
2672 27.35
1734 27.49
2542 27.36
1839 27.80
3373 27.94
1767 28.13
2349 28.35
1716 27.83
3071 28.17
1822 28.42
2394 28.42
1908 27.93
3049 28.79
2005 28.42
2199 28.61
2046 28.26
3004 29.17
1959 28.67
2517 29.10
1828 28.24
5608 30.34
448 32.54
1380 28.57
1422 27.80
2421 28.02
1657 27.05
2267 26.49
1784 25.92
2735 26.34
1511 26.58
2271 25.87
1875 24.92
2070 26.15
1756 25.73
2321 25.73
1847 25.22
2400 25.65
1771 24.99
2294 24.89
1965 24.79
2593 25.21
1533 25.16
2366 24.70
1653 25.53
2930 24.93
1755 24.83
2508 24.87
2032 25.14
3480 25.12
1974 25.95
2541 26.30
2105 26.41
5162 31.54
880 31.04
1407 30.43
1867 29.20
2214 30.54
1959 29.06
1930 30.06
2159 28.62
2172 30.57
2147 28.88
2462 29.57
2286 28.47
2644 30.13
2307 28.91
2687 29.30
1713 28.09
2861 29.00
1656 28.05
2598 27.61
1610 28.19
3036 28.14
1434 27.35
2242 27.57
1918 27.07
2792 28.05
2461 28.41
3333 28.86
2025 29.58
3349 29.26
2134 29.37
2868 30.05
1288 29.64
4331 32.48
482 31.81
1150 30.88
1752 28.74
1926 29.67
2133 28.25
2278 27.84
1625 27.60
2392 28.49
1805 27.80
2595 28.19
2195 28.21
3912 28.53
2208 29.15
3291 28.83
1808 29.83
3428 31.04
1991 30.11
1905 32.24
1782 30.68
2810 32.03
1795 30.60
1899 32.19
1866 31.08
3354 31.91
1768 31.61
2225 32.33
1747 30.68
3164 30.74
1601 29.23
2038 30.70
1649 30.50
5474 26.79
755 34.34
1866 33.12
1545 31.57
2559 34.28
2030 30.08
1971 32.37
1651 29.20
2176 31.48
1993 28.92
2226 30.00
1788 28.20
2491 30.27
1635 28.42
2369 28.11
1380 27.77
2849 28.26
1448 28.41
2335 28.46
2090 28.67
3546 29.51
1536 29.89
2034 30.31
1795 29.81
3434 30.40
1602 31.01
2372 31.12
1799 31.22
3864 32.28
1914 31.94
2089 31.63
1220 31.25
6140 33.17
301 35.18
991 32.41
1770 30.61
2300 31.94
1832 31.37
2499 31.42
1850 31.29
2751 32.06
1473 31.64
1973 30.84
1963 29.90
2306 30.65
1960 30.15
1967 30.70
2245 29.89
2628 31.05
2023 30.68
2381 30.69
1931 30.40
2592 31.03
1410 31.13
2025 30.43
2083 29.83
2471 30.55
1354 30.48
2298 29.97
1429 30.52
2381 29.74
1876 29.52
2052 29.65
1798 29.94
5591 36.13
926 34.57
841 35.05
2056 32.59
2120 32.73
2198 31.60
2250 31.17
2061 30.68
2543 31.40
1701 31.09
2125 30.80
2004 30.33
2190 30.79
2270 30.40
2385 30.31
1787 29.54
2259 30.30
1843 29.87
2373 29.52
1736 29.57
2432 29.79
1507 29.40
2096 29.12
2157 28.67
2337 29.22
1670 29.04
2219 29.38
1684 29.57
2394 28.63
1914 29.36
1796 29.36
2352 28.70
5516 35.88
1208 33.50
1307 33.57
1517 32.98
1977 33.06
2319 31.43
2315 31.68
2296 30.93
2060 31.82
2085 31.41
2341 31.22
1962 30.30
