5303 31.37
612 31.48
2299 28.48
1828 28.26
3037 28.59
2182 27.58
2852 27.44
2074 27.09
3408 27.52
2043 26.88
2841 27.01
1938 26.97
3125 27.82
2315 27.40
2880 27.10
2065 27.45
3808 27.84
1883 27.47
2737 26.86
1959 26.93
3100 27.42
1992 26.47
2755 26.26
2063 26.08
3127 26.79
2071 26.61
2843 25.97
2389 25.07
2972 26.33
1905 25.29
2628 25.45
1929 25.62
6397 29.54
1039 28.63
2175 27.01
1671 26.99
2621 27.76
2322 26.50
2873 26.58
2171 26.26
3386 26.52
1982 26.37
2784 25.74
2203 25.63
3197 26.29
1874 25.84
2687 25.48
2100 26.13
3145 26.45
2308 25.94
2997 26.05
1760 25.87
3672 25.98
1986 25.87
2911 26.62
2243 26.65
3709 26.74
1731 26.31
2803 26.23
2045 26.00
3203 26.33
2092 26.11
2835 25.68
1974 25.93
7198 28.69
742 30.28
1743 28.42
2446 26.39
2689 27.98
1897 26.93
2635 26.67
2352 25.83
2981 27.05
2381 25.75
2833 25.77
1789 25.66
3062 26.01
2314 25.82
2887 26.29
2205 26.20
3995 26.49
2118 26.61
2655 27.00
2147 26.71
3833 26.95
2120 27.01
2893 27.06
2074 26.73
3628 27.34
2380 26.92
2614 27.28
2332 27.47
3557 27.73
2316 27.32
3011 27.51
2128 26.98
6607 28.85
543 30.69
1909 26.86
1641 26.28
2730 26.62
2136 25.83
2682 25.29
2159 25.13
2837 25.51
2103 24.94
2575 24.78
2449 24.03
2671 24.60
1812 24.72
2754 24.12
2206 23.98
2797 24.58
2206 23.72
2812 23.88
1988 24.02
3028 24.31
1970 23.59
2632 23.70
2220 23.76
3264 24.06
2236 23.56
2936 24.17
2671 24.24
3716 24.62
2467 24.63
3111 25.00
2484 25.24
6106 30.08
919 30.03
1951 28.66
1842 28.14
2615 29.01
2433 27.66
2204 29.05
2377 27.55
2773 28.69
2697 27.23
2855 28.16
2623 27.35
3309 28.57
2610 27.64
3372 27.52
1930 26.91
2917 28.40
2274 27.10
3046 26.55
1960 27.08
3605 27.24
1777 27.05
2766 26.43
2105 26.46
3376 26.93
2781 27.67
3817 27.64
2345 28.45
3933 28.21
2467 28.36
3231 28.91
1656 28.56
5471 30.42
510 31.18
1503 29.22
1673 27.74
2849 27.11
1925 26.78
2651 25.95
2121 25.88
3062 26.18
1943 25.97
3128 26.24
2739 26.83
4583 27.18
2696 27.68
3818 27.54
2248 27.87
3980 29.36
2213 28.85
2213 30.72
2166 29.54
3350 30.76
2108 29.77
2299 30.78
2149 29.61
3987 30.60
2092 30.04
2595 30.58
2121 29.11
3900 29.31
1946 27.98
2441 29.41
2155 28.36
5884 26.11
883 32.83
2269 30.90
1782 30.57
3337 31.87
2280 27.84
2178 30.86
1909 27.53
2537 30.55
2463 26.61
2810 28.23
1981 26.74
2851 29.19
2072 27.05
2763 26.96
1759 26.83
3081 27.64
1909 27.03
2795 27.30
2414 27.69
3905 28.85
2139 28.23
2341 29.59
2163 28.84
3661 30.13
2079 29.72
2614 30.36
2339 30.62
4555 31.05
1998 30.86
2262 30.62
1671 29.99
7078 32.09
350 35.11
1138 31.31
2210 29.09
2630 30.68
2446 30.05
3234 30.18
2172 30.24
3283 30.86
1735 30.69
2291 30.01
2196 29.01
2749 29.72
2562 29.08
2276 29.69
2804 28.66
3038 30.15
2093 29.91
2765 29.61
2089 29.55
3020 30.11
1825 30.10
2465 29.31
2311 28.84
2882 29.42
1611 29.56
2746 28.69
1781 29.27
2823 28.61
2295 28.64
2547 28.61
2105 29.06
6653 34.91
1259 33.10
985 34.18
2677 31.11
2213 31.83
2434 30.75
2560 30.44
2644 29.74
2846 30.40
2184 29.77
2585 29.67
2325 29.46
2702 30.03
2304 29.44
2869 29.10
1973 28.79
2675 29.31
2062 28.88
2738 28.60
2209 28.62
2877 28.76
1831 28.35
2265 28.21
2638 27.46
2814 28.19
2165 28.05
2405 28.46
2330 28.26
2902 27.67
2320 28.17
2060 28.23
2783 28.01
6492 34.84
1436 32.62
1558 32.56
1824 31.97
2323 31.91
2572 30.31
2730 30.35
2847 29.74
2365 30.72
2547 29.80
2786 30.11
2201 29.21
