6121 29.93
738 30.88
2509 27.31
2646 26.07
3013 28.15
2644 26.40
3228 26.63
2582 25.72
3666 26.79
2429 26.53
3479 26.10
2272 25.72
3403 26.80
2838 26.62
3388 26.49
2413 26.32
4236 27.25
2224 26.23
3022 26.19
2551 25.58
3527 26.39
2324 25.45
3073 25.41
2617 24.80
3432 25.92
2532 25.24
3304 25.15
2669 24.31
3235 25.59
2168 24.91
2918 24.81
2402 24.78
7545 28.22
1141 27.11
2368 25.71
1885 26.11
2870 26.93
3011 25.13
3034 25.82
2687 24.87
3388 26.04
2743 25.08
3437 24.80
2217 24.82
3924 25.26
2140 24.74
2988 24.62
2441 24.92
3689 25.38
2709 25.03
3446 25.13
2134 24.77
4250 24.83
2201 25.32
3675 25.24
2537 25.80
4738 25.21
2193 25.12
2693 25.75
2288 25.38
3782 25.56
2391 25.23
3240 24.89
2362 24.87
8402 27.35
843 28.93
2029 27.13
2439 25.69
3108 26.60
2789 24.93
3320 25.19
2461 24.92
3384 26.16
2891 24.72
3350 24.56
2176 24.79
3639 24.85
2561 24.89
3450 25.11
2488 25.13
4505 25.41
2467 25.61
2938 25.97
2620 25.17
4396 25.93
2609 26.05
3281 26.32
2614 25.71
4152 26.52
2720 26.16
3034 25.92
2772 26.50
4048 26.78
2613 26.50
3399 26.94
2420 25.98
7627 27.63
643 29.96
2042 25.97
2056 25.02
2856 25.55
2433 24.76
3304 24.20
2232 24.21
3601 24.47
2270 23.97
3032 23.88
2736 22.87
2815 23.81
2573 23.56
3091 23.43
2611 23.44
3186 23.54
2680 23.11
3242 23.23
2457 23.29
3678 23.16
2109 23.14
2983 22.85
2802 22.74
3941 23.02
2418 23.20
3382 23.45
3045 23.43
4749 23.41
2720 24.15
3410 23.87
2913 24.33
6993 28.85
1051 28.44
2032 28.34
2731 26.28
3069 27.81
2471 26.65
2908 27.22
2358 26.47
2983 28.14
2925 26.46
3304 27.29
3149 26.30
3797 27.46
2995 26.52
3828 26.52
2294 26.01
3520 26.81
2341 26.26
3562 25.56
2319 25.83
4030 26.00
2219 25.31
3077 25.51
2599 25.00
3810 25.94
3335 26.11
4379 26.94
2745 27.12
4547 26.97
2968 27.24
3797 27.89
1812 27.47
6139 29.43
623 28.52
2045 27.31
1938 26.32
3013 26.95
2429 25.87
3037 25.04
2561 24.88
3416 25.33
2339 25.34
3705 25.49
3033 25.79
5112 26.19
3093 26.42
4403 26.35
2530 26.60
4670 28.47
2541 27.77
2610 29.24
2400 28.49
3845 29.90
2458 28.25
2638 29.83
2492 28.73
4729 29.40
2282 28.59
2850 29.83
2251 28.24
4315 27.96
2236 26.60
2839 28.45
2489 27.12
7605 23.49
1026 31.71
2738 30.34
2431 27.71
3635 31.37
2700 26.77
2601 29.67
2313 26.51
2819 29.33
2941 25.63
3270 26.84
2364 25.91
3732 27.43
2126 26.01
3174 25.68
2094 25.30
3872 26.01
2011 26.04
3259 25.96
2745 26.90
4907 27.14
2164 27.11
2700 27.95
2437 27.65
4744 28.04
2054 28.57
3168 28.67
2762 28.88
5140 29.92
2340 29.69
2375 29.73
2076 28.34
8033 31.03
419 32.22
1511 29.81
2569 27.92
3051 29.82
2885 29.00
3628 29.47
2542 29.23
3705 30.05
2153 29.51
2561 29.20
2729 27.99
3137 28.63
2800 28.38
2719 28.57
3085 27.77
3515 29.19
2721 28.82
3316 28.76
2666 28.45
3543 29.34
2198 29.11
2687 28.65
2666 28.16
3357 28.60
2054 28.98
3029 28.02
2211 28.36
3355 27.94
2343 27.97
2985 27.70
2351 28.14
7644 33.85
1454 32.41
1228 33.33
2357 30.75
2881 30.41
3057 29.58
2914 29.32
2843 28.55
3324 29.26
2685 28.60
2843 28.96
2664 28.48
3107 28.70
2699 28.43
3453 28.17
2319 27.65
3020 28.33
2435 27.79
3191 27.46
2548 27.49
3301 27.65
2110 27.27
2869 27.27
3068 26.58
3145 27.26
2633 26.85
2833 27.44
2882 27.48
3246 26.99
2932 27.33
2509 27.27
3179 27.04
7519 33.78
1411 32.18
1751 31.51
2026 31.10
2855 30.61
3278 28.85
3070 29.61
3331 28.56
2775 29.87
2813 29.08
3223 28.90
2417 28.30
