7243 28.24
1024 28.05
3300 25.47
3535 24.36
3550 26.78
2912 25.54
3738 25.39
3027 24.68
4414 25.23
3034 25.15
4126 24.80
2910 24.69
4113 25.70
3379 25.22
4080 24.95
3144 25.14
5193 25.63
2753 25.22
3873 24.71
2642 24.52
4369 25.07
2675 24.13
3671 24.24
3165 23.82
3936 24.96
2971 24.53
3989 23.98
3158 23.10
4297 24.17
2506 23.53
3607 23.60
2882 23.53
9203 26.48
1314 25.63
2919 24.72
2301 24.36
3489 25.14
3283 24.05
3702 24.71
3271 23.85
4458 24.44
2955 24.10
4031 23.80
2777 23.60
4792 23.62
2693 23.63
3697 23.43
2950 23.68
4708 23.73
3192 23.91
3981 23.65
2590 23.50
5101 23.61
2610 23.85
4564 24.12
3104 24.43
5435 23.96
2559 24.24
3403 24.78
2880 23.85
4433 24.37
3096 24.02
3822 24.09
2883 23.93
9880 25.87
1154 27.32
2792 25.29
2772 24.83
3778 25.09
2541 24.71
3734 24.32
3175 23.68
4467 24.38
3425 23.46
3943 23.37
2741 23.41
4649 23.38
3138 23.68
3995 23.73
2944 23.84
5308 24.12
3087 24.27
3787 24.61
3074 23.98
5255 24.67
3117 24.76
3924 25.16
2933 24.74
4972 25.45
3310 24.79
3748 24.84
3285 24.59
4713 25.19
3201 24.74
4045 25.28
3183 24.77
9069 26.14
773 27.59
2572 24.81
2409 24.31
3712 24.46
3009 23.41
3667 23.09
3190 22.84
3847 23.41
2866 22.79
3777 22.80
3231 21.83
3874 22.51
2674 22.68
3692 22.11
3362 22.02
3867 22.42
2980 22.04
3845 21.97
3137 21.94
4442 22.04
2802 21.82
3314 22.13
3302 21.98
4673 21.97
2997 21.76
4010 22.25
3832 22.20
5537 22.19
3401 22.92
3996 23.09
3481 22.95
8435 27.29
1199 27.99
2564 26.68
2879 25.22
3637 26.47
2995 25.68
3506 25.95
2909 25.42
3770 26.55
3736 25.00
4239 25.58
3572 25.01
4508 26.12
3302 25.84
4567 25.29
2807 24.86
4286 25.64
3129 24.59
3924 24.69
2808 24.24
4730 24.68
2649 24.26
3724 23.97
3208 23.82
4711 24.19
3858 24.64
5157 25.40
3156 26.24
5256 25.78
3492 26.03
4678 26.36
2320 25.67
7476 27.62
722 28.07
2397 26.36
2380 25.00
3973 24.94
2729 24.29
3698 23.48
3081 23.15
4069 23.97
2916 23.67
4431 24.00
3612 24.24
6031 24.71
3664 24.98
5257 25.08
3087 24.94
5703 26.48
3112 25.53
3229 27.67
2888 26.74
4857 27.76
2960 26.67
3393 27.81
3029 26.79
5565 27.42
2882 26.81
3708 27.46
2810 26.33
5190 26.18
2706 25.07
3434 26.38
2774 25.89
8327 22.68
1328 29.75
3329 27.80
2824 26.68
4633 29.02
2789 26.16
2865 27.93
3111 24.41
3635 27.36
3453 24.40
3396 26.04
3352 24.26
4139 26.52
2903 24.38
4059 24.26
2223 24.41
4507 25.01
2661 24.41
4379 24.60
3152 25.32
5447 26.52
2973 25.84
3101 27.18
2986 26.46
5123 27.53
2924 27.10
3639 27.97
3354 27.66
6110 28.44
2805 28.32
2995 28.22
2312 27.59
9703 29.49
472 29.99
1665 28.90
3248 26.40
3993 27.70
3139 27.68
4191 28.24
3011 27.97
4433 28.73
2949 28.17
3107 27.89
3045 27.12
3760 27.55
3457 27.04
3375 27.19
3664 26.66
4240 27.86
3377 27.53
3978 27.33
3219 27.43
4289 27.92
2651 27.90
3098 27.51
3414 26.73
4120 27.23
2697 27.19
3726 26.61
2603 27.17
4202 26.54
3193 26.54
3438 26.59
3252 26.88
9197 32.48
1738 31.31
1431 32.27
2731 29.59
3736 29.02
3915 28.19
3463 28.08
3469 27.19
4073 27.93
2968 27.23
3218 27.42
3395 27.20
3588 27.47
3391 27.09
4142 26.91
2674 26.52
3988 26.91
3036 26.46
3732 26.39
3342 26.20
3991 26.37
2208 26.05
3679 25.87
3800 25.29
3886 26.08
2968 25.86
3756 26.21
3424 26.19
3812 25.72
3528 26.05
3158 26.18
3951 26.00
8902 32.52
1777 31.04
2048 30.36
2434 29.87
3528 29.48
3483 28.01
3606 28.21
4132 27.25
3307 28.75
3698 27.62
3642 27.81
3227 26.93
