9114 35.02
1471 34.06
4421 31.59
4600 30.59
4145 30.12
4170 30.12
4706 29.94
4275 29.90
4667 29.74
4355 29.86
4146 29.91
4531 29.92
4273 29.92
4082 29.83
4617 29.64
4227 29.54
5116 29.53
3961 29.72
4642 29.26
4848 29.39
4592 29.38
4511 29.48
4510 29.20
4979 29.52
4386 29.49
4723 29.76
4357 29.62
4884 29.20
4557 29.52
4863 29.59
4678 29.62
4486 29.60
10594 32.96
2644 32.26
3350 31.75
3748 31.31
4556 30.20
4377 30.32
4207 30.39
4512 30.11
4653 29.86
4529 30.05
4758 29.77
4325 30.20
4649 29.84
4634 29.75
4388 30.05
4356 30.22
4693 30.15
4596 29.87
4563 29.88
4532 29.70
4623 29.81
4475 29.58
4690 29.35
4426 29.64
4469 29.68
4672 29.54
4458 29.78
4563 29.78
4620 30.00
4612 30.08
4570 29.90
4643 29.89
11240 32.27
1303 34.38
3365 32.54
4132 31.42
4006 31.03
4723 30.11
4381 29.91
4307 29.86
4549 29.99
4181 30.11
4312 30.06
4653 29.89
4180 29.93
4523 29.84
4621 30.00
4235 30.13
4266 30.10
4294 29.86
4455 29.62
4280 29.89
4316 30.02
4695 29.55
4552 29.72
4282 29.74
4581 29.83
4782 29.50
4638 29.58
4598 29.85
4451 29.94
4910 30.00
4619 29.87
4773 29.72
11901 32.10
1274 33.85
3214 32.49
3991 31.50
4189 30.91
4526 30.25
4616 30.23
4136 30.32
4381 30.35
4459 30.24
4367 30.25
4432 30.18
4521 29.81
4642 29.74
4137 30.02
4448 30.08
4731 30.04
4660 30.03
4491 29.99
4418 29.78
4395 29.88
4743 29.48
4672 29.60
4674 29.65
4484 29.51
4261 29.46
4576 29.39
4598 29.17
4415 29.34
4718 29.20
4396 29.35
4530 29.46
12512 31.36
1284 33.48
3426 31.57
4233 30.68
4452 30.27
4355 29.91
4410 29.83
4283 29.77
4334 30.02
4500 29.75
4194 29.80
4605 29.76
4459 29.44
4660 29.49
4440 29.43
4547 29.53
4402 29.51
4638 29.60
4463 29.41
4378 29.50
4681 29.19
4483 29.32
4486 29.32
4580 29.09
4446 29.22
4413 29.10
4600 29.09
4423 29.13
4639 29.20
4425 29.06
4716 29.26
4472 29.11
12732 30.96
788 33.97
3166 31.56
4223 30.30
4755 29.66
4488 29.51
4574 29.49
4503 29.43
4487 29.26
4604 29.31
4558 29.31
4624 29.17
4513 29.20
4531 29.12
4481 29.12
4662 29.13
4513 29.27
4546 29.11
4522 29.15
4614 29.07
4616 29.12
4566 29.22
4620 29.17
4415 29.28
4708 29.21
4780 29.11
4487 29.27
4530 29.14
4582 29.30
4420 29.42
4649 29.36
4549 29.34
10824 32.85
783 34.50
3775 31.65
3309 31.80
4223 30.80
5065 29.77
4318 29.81
4479 29.66
4391 29.69
4391 29.62
4369 29.51
4310 29.53
4504 29.49
4333 29.48
4610 29.35
4391 29.39
4556 29.44
4483 29.41
4454 29.46
4628 29.17
4533 29.23
4367 29.44
4279 29.44
4465 29.24
4239 29.37
4877 28.87
4145 29.31
4578 29.11
4823 28.76
4666 29.00
4225 29.10
4716 29.04
12686 31.57
923 34.08
3649 31.46
4010 30.90
4072 30.48
4842 29.69
4608 29.65
4299 29.52
4556 29.72
4346 29.83
4642 29.57
4401 29.57
4712 29.33
4675 29.42
4468 29.39
4542 29.28
4709 29.19
4534 29.32
4623 29.24
4453 29.28
4435 29.32
4728 29.12
4577 29.07
4624 29.20
4501 29.12
4629 29.14
4485 29.40
4510 29.10
4341 29.13
4347 29.17
4491 29.22
4226 29.10
11707 32.19
827 34.16
3509 31.50
3734 30.82
4472 29.79
4492 29.29
4457 29.14
4419 29.09
4324 29.04
4308 29.10
4378 29.04
4243 28.93
4253 29.02
4374 28.90
4179 28.88
4490 28.65
4802 28.40
4290 28.86
4966 28.18
4123 28.62
4969 28.12
4386 28.52
4492 28.66
4654 28.44
4440 28.42
4670 28.24
4428 28.41
4598 28.32
4667 28.23
4214 28.39
4939 28.12
4560 28.45
11960 31.99
1066 33.15
3714 31.24
3947 30.16
4615 29.62
4579 29.30
4504 29.17
4369 29.02
4327 28.95
4432 28.88
4455 28.87
4594 28.97
