1600 51.00
12 51.00
54 51.00
544 45.72
641 44.03
287 45.62
622 43.70
526 43.17
674 42.69
167 44.83
516 42.80
676 42.46
349 43.13
624 42.18
675 41.67
202 44.26
588 42.01
490 41.76
643 41.20
586 41.13
628 40.98
405 41.56
636 40.31
418 41.60
696 40.95
471 41.84
619 40.90
659 40.72
488 41.44
649 40.98
559 40.68
648 40.65
950 50.96
437 44.96
541 44.99
621 43.99
525 43.45
524 43.24
653 42.66
579 42.30
467 42.37
709 41.94
460 42.63
475 42.51
663 41.93
589 41.68
454 42.18
564 41.88
603 41.42
650 40.77
439 41.48
644 41.06
590 41.42
644 40.47
626 40.90
470 41.37
593 40.87
685 40.55
527 41.57
642 41.02
543 41.44
644 41.20
672 40.99
573 40.92
932 50.82
401 45.81
662 44.59
587 44.27
584 43.78
597 43.12
572 42.72
479 42.51
600 41.93
352 41.93
633 41.49
606 41.46
621 41.27
415 41.96
586 41.18
653 41.12
454 41.46
688 40.90
514 41.01
496 41.55
557 41.10
699 40.33
474 40.81
555 40.52
588 40.42
677 40.30
588 40.81
575 40.57
564 40.84
664 40.68
640 40.41
592 40.65
1134 49.32
392 45.65
410 45.09
647 44.17
492 43.99
626 42.71
677 42.67
537 42.54
573 42.09
616 41.77
410 42.02
626 41.42
672 41.02
485 41.78
474 41.84
598 41.24
604 41.15
629 40.82
572 41.07
670 40.75
447 40.85
676 40.70
587 40.69
624 40.61
606 40.15
568 39.50
663 39.40
503 39.87
632 39.94
667 39.49
476 40.32
700 39.90
1497 47.61
312 44.32
321 44.22
455 43.08
511 43.00
594 42.05
594 41.81
600 41.38
516 41.90
652 41.17
505 41.28
648 40.91
613 40.49
474 40.45
639 40.24
483 40.69
642 40.43
521 40.23
677 40.11
562 40.29
632 39.93
453 40.39
697 40.08
562 39.97
706 39.98
512 40.03
654 40.15
599 40.14
536 40.08
626 39.73
590 39.61
689 39.70
1589 46.84
232 44.43
388 43.71
405 43.16
488 42.23
637 41.59
587 41.51
665 41.19
614 40.93
479 40.60
647 40.52
630 40.43
535 40.58
632 39.93
609 39.86
521 40.77
657 39.64
541 40.12
662 39.89
545 40.04
652 40.21
477 39.80
641 40.10
627 39.78
553 39.09
634 39.80
487 39.99
668 40.06
572 40.05
680 39.50
579 40.01
687 39.69
1519 47.52
205 44.51
321 44.12
520 43.41
493 43.27
647 42.19
622 41.93
627 41.53
551 41.48
586 41.05
646 40.89
492 40.96
561 40.59
637 40.16
515 40.81
659 40.20
455 40.80
666 39.93
503 40.47
651 40.12
481 39.84
702 39.90
455 40.16
707 39.56
479 39.95
672 39.86
445 39.74
643 39.68
582 39.55
627 39.36
601 39.41
703 39.13
1648 47.00
134 44.48
450 44.03
506 42.73
456 42.67
636 41.61
468 42.22
646 41.10
598 41.18
705 40.76
471 40.88
631 40.40
513 40.43
589 40.37
663 39.95
466 40.41
695 39.88
420 40.02
678 39.61
500 39.78
703 39.35
510 39.75
694 39.34
538 39.93
626 39.37
533 39.54
535 39.52
664 39.38
539 39.38
639 39.12
568 39.02
708 38.99
1611 47.11
156 44.30
342 43.37
417 42.88
619 42.25
552 41.30
601 41.39
713 40.69
468 40.95
551 40.24
651 39.91
338 39.71
658 39.56
553 39.55
543 39.45
679 39.43
384 39.96
696 39.20
435 39.02
655 39.09
487 38.61
769 38.59
470 39.27
648 38.77
616 38.67
513 38.78
681 38.59
451 38.63
692 38.28
494 38.60
688 38.19
516 38.34
1559 47.31
438 43.95
340 43.77
402 43.10
504 42.58
570 42.15
596 41.49
585 41.05
658 40.35
596 40.35
505 40.24
566 40.39
