2566 46.24
128 44.52
1378 41.00
1353 39.93
1082 38.93
1074 38.88
1413 37.99
1375 37.55
1576 37.12
910 37.77
1281 37.26
1577 36.80
940 37.40
1435 36.73
1574 36.40
961 36.90
1429 36.67
1406 36.49
1593 35.88
1349 36.48
1375 36.43
1313 36.43
1415 35.68
1501 36.22
1318 36.29
1458 36.41
1469 36.01
1608 35.66
1336 36.04
1528 36.15
1400 36.26
1342 36.28
3296 42.52
870 39.32
961 39.34
916 39.33
1528 37.70
1291 37.80
1479 37.29
1440 37.07
1212 36.97
1638 36.80
1409 36.94
1281 36.99
1468 36.66
1513 36.54
1237 36.78
1337 37.10
1490 36.43
1569 36.39
1238 36.58
1565 36.08
1444 36.51
1501 36.19
1462 36.23
1252 36.23
1427 36.25
1441 36.18
1354 36.33
1619 36.07
1408 36.45
1421 36.67
1511 36.35
1403 36.46
3623 41.51
667 39.43
1020 38.91
1154 38.61
1403 37.88
1186 37.76
1322 37.38
1485 36.82
1440 36.77
1200 37.14
1493 36.53
1311 36.59
1498 36.13
1263 36.68
1373 36.46
1539 36.28
1028 36.96
1561 36.16
1322 36.30
1246 36.47
1426 36.26
1511 36.08
1315 36.37
1394 36.14
1297 36.37
1605 36.11
1515 36.04
1354 36.39
1484 36.11
1426 36.52
1531 36.21
1403 36.11
3538 41.89
738 39.49
992 39.10
1262 38.43
1031 38.52
1279 37.69
1518 37.41
1322 37.40
1299 37.19
1437 36.81
1374 36.63
1566 36.43
1443 36.15
1183 36.58
1219 36.66
1441 36.66
1605 36.36
1284 36.65
1573 36.15
1479 36.14
1240 36.24
1477 36.13
1463 36.11
1490 36.06
1420 36.01
1435 35.92
1506 35.76
1352 35.47
1469 35.71
1547 35.70
1336 35.83
1567 35.67
3884 40.97
294 41.06
992 38.73
1363 37.86
1083 37.99
1630 36.81
1386 36.61
1323 36.62
1176 36.84
1440 36.37
1159 36.44
1555 36.27
1360 36.02
1405 36.21
1538 35.92
1263 35.97
1543 35.86
1250 36.20
1617 35.72
1210 36.03
1578 35.56
1368 35.87
1385 35.81
1540 35.47
1305 35.85
1469 35.68
1568 35.49
1153 35.80
1628 35.39
1223 35.54
1539 35.68
1444 35.49
3699 41.20
552 39.03
1022 38.26
1092 37.94
1276 37.30
1264 36.74
1602 36.48
1277 36.51
1356 36.32
1370 36.04
1522 35.96
1421 36.03
1209 35.98
1445 35.77
1592 35.57
1210 35.92
1499 35.83
1568 35.50
1213 36.06
1524 35.59
1304 35.97
1488 35.68
1428 35.76
1507 35.52
1415 35.65
1586 35.59
1398 35.68
1405 35.91
1459 35.90
1416 35.89
1622 35.56
1409 35.98
3783 41.25
318 40.13
777 39.16
1203 38.32
1731 37.36
1237 37.30
1248 36.91
1490 36.54
1292 36.31
1264 36.45
1538 35.97
1164 36.10
1579 36.02
1122 36.26
1525 35.76
1307 35.98
1376 36.06
1627 35.34
1300 35.79
1593 35.29
1184 35.85
1435 35.80
1538 35.47
1310 35.70
1316 35.58
1595 35.07
1167 35.67
1514 35.40
1495 35.06
1280 35.51
1411 35.32
1625 35.06
3625 41.71
567 39.35
809 39.00
1337 38.05
1310 37.50
1197 37.08
1291 37.18
1617 36.20
1191 36.56
1599 36.06
1306 36.09
1556 35.84
1258 36.02
1584 35.68
1269 35.88
1517 35.73
1433 36.03
1275 35.88
1523 35.44
1247 35.80
1471 35.55
1575 35.35
1329 35.45
1304 35.73
1466 35.52
1391 35.59
1332 35.74
1494 35.37
1361 35.52
1403 35.42
1387 35.55
1493 35.11
3773 41.38
524 39.31
729 38.85
1157 37.97
1512 36.98
1221 36.67
1511 36.13
1344 35.94
1175 35.91
1488 35.34
1286 35.64
1431 35.23
1341 34.96
1560 35.12
984 35.73
1475 35.18
1422 34.98
1544 34.86
1231 35.20
1578 34.61
1242 34.97
1606 34.53
1202 35.02
1645 34.64
1271 34.76
1607 34.43
1247 34.82
1488 34.60
1472 34.42
1212 34.55
1584 34.38
1374 34.61
3628 41.70
824 38.62
1036 38.10
866 37.92
1023 37.93
1439 37.02
1344 36.69
1650 35.79
1194 35.83
1491 35.35
1208 35.76
1509 35.54
