3009 35.41
50 36.24
1757 28.40
1419 26.15
1720 28.69
1322 26.32
1396 26.32
1269 25.52
1522 26.12
1234 25.45
1491 24.79
1227 23.60
1727 24.92
1087 23.78
1527 23.09
780 24.62
1716 24.06
1142 23.04
1578 22.99
1475 22.66
1819 23.98
1322 22.29
1738 22.06
1280 21.55
1822 22.62
1164 21.50
1683 20.68
1193 21.24
1728 22.22
1349 21.24
1848 21.60
1315 21.59
2959 32.74
754 29.97
1598 27.92
1401 25.98
1787 27.96
1466 25.80
1520 26.02
1228 24.97
1794 26.13
1263 24.56
1662 23.89
1442 23.12
1718 23.77
1290 22.18
1463 23.36
1287 22.56
1728 23.45
1533 22.27
1750 21.92
1157 21.43
1652 21.95
1141 21.77
1632 21.04
1452 20.84
1708 21.42
1334 20.44
1445 21.06
1492 20.83
1899 21.36
1009 21.20
1835 20.51
1331 20.52
3354 31.13
836 27.82
1321 28.40
1164 25.57
2002 26.13
1277 25.10
1511 25.07
1419 23.79
1680 25.84
1379 23.58
1774 23.64
1290 22.24
1631 23.60
1427 22.73
1500 23.26
1385 23.01
1879 24.52
1327 22.31
1786 22.56
1306 21.18
1668 23.00
1427 21.81
1909 21.56
976 22.26
2013 21.69
1015 22.70
1788 21.98
1336 21.23
1800 22.79
1276 21.80
1693 22.02
1444 20.83
3539 30.86
748 28.82
1114 27.15
1570 24.68
1740 26.08
1338 24.08
1593 23.91
1338 22.87
1574 24.89
1486 23.39
1481 23.26
1565 22.04
1699 23.54
1405 22.96
1742 22.02
1221 21.85
1805 22.89
1286 21.87
1646 21.29
1280 21.37
1740 21.39
1320 20.99
1700 20.39
1389 19.49
1699 20.62
1269 19.56
1400 20.06
1489 19.71
1853 20.32
1114 19.50
1659 19.28
1484 18.30
3539 30.45
980 27.70
866 28.05
1664 24.74
1727 26.34
1527 24.73
1567 24.82
1432 23.10
1621 25.91
1371 23.86
1660 24.46
1403 22.79
1704 24.43
1575 22.48
1746 22.24
1311 21.64
1844 22.14
1197 21.63
1722 21.53
1213 20.89
1832 21.70
1194 21.02
1512 20.72
1125 20.92
1744 21.56
1262 21.40
1790 20.53
1256 20.51
1894 21.33
1313 20.84
1806 20.05
1245 21.16
3557 30.44
654 27.89
1255 27.48
1482 25.01
1720 26.83
1405 24.15
1598 23.67
1294 23.11
1766 24.02
1424 22.56
1592 22.84
1499 21.63
1809 22.90
1212 21.54
1448 21.27
1333 20.66
1621 21.40
1308 21.01
1723 20.65
1022 21.06
1852 20.34
1233 20.97
1856 20.27
1276 19.75
1799 20.86
1196 19.64
1579 19.14
1135 19.55
1811 20.16
1273 19.40
1709 19.20
1668 18.75
3558 30.40
844 27.14
1158 26.46
1365 24.94
1730 25.99
1473 24.12
1538 24.09
1407 22.46
1748 23.81
1389 22.54
1500 22.69
1278 21.04
1644 22.72
1391 21.43
1465 21.85
1222 21.92
1655 22.64
1404 21.14
1716 21.48
1312 21.34
1719 22.41
1338 21.56
1730 20.97
1377 21.36
1979 22.44
1119 22.15
1724 21.43
1466 21.17
1823 22.79
1291 21.54
1597 21.17
1496 20.94
3499 30.82
849 27.94
915 28.77
1785 24.84
1697 26.98
1501 24.34
1614 24.42
1297 23.34
1690 24.97
1337 22.84
1424 22.78
1382 22.06
1698 23.67
1406 22.58
1623 22.52
1450 21.74
1809 22.64
1265 21.02
1629 21.78
1430 20.77
1873 22.21
1154 21.09
1658 21.18
1414 20.35
1838 21.59
1370 20.56
1672 21.37
1309 19.91
1795 21.47
1101 20.89
1748 20.29
1696 19.55
3538 30.79
825 28.32
931 28.03
1652 25.19
1707 26.60
1455 24.53
1546 24.87
1393 23.16
1814 24.85
1409 23.31
1513 23.41
1417 21.70
1606 23.17
1437 21.55
1557 21.99
1201 21.45
1735 22.20
1359 20.83
1380 20.74
1428 20.66
1722 21.84
1438 21.89
1654 21.51
1334 21.51
1928 22.41
1260 21.48
1789 20.24
1304 21.19
1843 21.34
1389 20.95
1633 20.76
1605 19.64
3540 30.58
1197 26.89
939 27.77
1392 24.96
1696 26.35
1432 24.48
1627 24.49
1365 23.16
1802 24.37
1335 23.10
1436 23.42
1344 22.06
