3911 31.70
109 31.54
2461 25.12
1916 22.61
2478 25.16
1781 22.91
2114 22.76
1760 21.24
2268 22.43
1825 20.86
2142 20.79
1679 20.07
2345 21.43
1964 20.26
2245 20.13
1316 20.58
2337 20.04
1823 20.42
2327 19.93
2090 20.13
2723 20.31
1664 20.02
2543 18.80
1770 18.70
2596 19.04
1829 19.18
2313 18.68
1827 19.13
2494 19.75
1939 19.12
2529 19.11
2414 18.26
4313 28.70
1158 25.41
2021 24.60
2018 22.15
2517 23.77
2118 22.17
2307 22.52
2041 21.21
2439 23.05
1980 21.30
2388 20.72
1821 19.99
2439 20.98
1962 20.07
2183 20.07
1757 20.01
2614 20.23
1968 18.72
2456 18.63
1890 17.63
2304 18.56
1835 18.29
2016 18.66
2333 17.83
2569 18.69
1812 17.37
2036 17.94
2198 17.24
2494 18.62
1985 18.35
2550 18.26
2018 17.69
4849 27.20
1287 24.16
1596 24.47
2025 21.72
2541 23.23
2025 21.47
2174 21.60
2060 20.99
2499 22.73
1978 20.84
2602 20.13
1846 19.88
2325 20.53
2124 19.68
2238 20.34
1979 20.32
2749 21.07
1805 19.69
2500 19.27
2169 18.90
2372 19.99
2121 19.75
2467 18.82
2103 18.22
2744 19.11
1902 18.58
2312 18.61
2248 18.06
2758 19.32
1966 18.94
2272 19.09
2054 18.67
5061 26.75
892 25.24
1617 23.54
2381 20.89
2519 22.44
2004 20.75
2117 20.81
1994 19.58
2143 21.60
2152 20.42
2350 20.35
2188 19.07
2573 19.95
2036 19.65
2453 19.34
1791 18.86
2661 19.61
1833 18.72
2340 18.56
2042 17.97
2486 18.82
1889 17.88
2343 18.30
2090 16.82
2484 17.90
1906 17.01
2115 17.54
2165 17.46
2641 17.44
1529 17.10
2315 17.08
2362 16.06
5089 26.67
1645 23.59
1254 24.24
2067 21.46
2539 22.19
2073 21.17
2150 21.07
2239 19.91
2239 22.37
2023 20.68
2388 20.57
2163 19.65
2474 20.53
2191 19.44
2463 19.41
2080 18.57
2485 19.52
1872 18.64
2509 18.83
1827 18.10
2611 18.93
1903 17.79
2072 18.37
1762 17.68
2549 18.27
1949 18.01
2452 18.29
2123 17.19
2759 18.16
1836 18.34
2462 18.90
2153 17.77
5115 26.56
1257 23.69
1392 24.11
2212 21.12
2413 23.21
2103 20.58
2214 20.48
2002 19.72
2446 20.81
2051 19.47
2367 19.33
1912 18.74
2564 19.32
1819 18.80
2009 18.81
2200 17.38
2309 18.86
1782 18.23
2438 17.83
1819 18.47
2567 18.33
1891 17.55
2549 17.03
2129 17.17
2643 17.46
1672 17.15
2306 16.75
1762 16.92
2522 17.12
2091 17.13
2090 17.70
2522 15.88
5173 26.41
1210 23.15
1508 24.07
1882 21.35
2492 22.13
2138 20.02
2183 20.12
2138 18.94
2350 20.17
2075 19.24
2283 19.17
1856 18.21
2348 19.01
2026 18.13
2082 18.66
1928 18.36
2319 19.15
2102 18.84
2557 18.09
1821 18.10
2554 19.19
1989 18.68
2460 19.38
1956 18.51
2730 19.94
2115 18.89
2415 19.45
2094 18.95
2790 19.93
2291 18.21
2082 19.18
2133 18.07
5037 27.00
1412 24.12
1469 24.64
1937 21.85
2563 22.62
2041 20.63
2209 20.37
1990 19.58
2532 20.56
1927 19.68
1956 20.60
2062 19.65
2539 20.18
1831 20.36
2341 19.81
2177 18.43
2421 20.18
1905 18.62
2392 18.55
2131 17.98
2606 18.57
1838 18.42
2224 18.83
2244 18.30
2558 19.51
2144 18.51
2387 18.60
2080 18.00
2473 19.44
1859 17.88
2403 17.67
2498 16.69
5067 26.89
1290 24.06
1379 24.18
2059 21.84
2609 22.38
2115 20.84
2313 21.08
2141 19.71
2605 21.31
1924 19.77
2069 19.83
2188 18.80
2312 19.71
1983 18.35
2325 18.43
1817 18.12
2519 18.70
1947 18.28
2035 18.48
1765 18.21
2645 18.47
1990 18.96
2437 19.35
2096 18.59
2729 19.46
1914 18.58
2418 18.55
2059 18.09
2621 18.96
1942 18.20
2464 18.22
2183 17.20
5092 26.48
1184 23.68
1453 23.85
2220 21.09
2467 22.48
1893 20.90
2148 20.71
2105 19.30
2270 20.86
2077 19.20
2116 19.28
2071 18.56
