4794 29.14
798 26.11
3140 22.72
2229 20.68
3161 22.61
2320 20.74
2764 20.45
2445 18.89
2874 20.08
2476 19.22
2794 18.46
2413 17.91
3089 18.84
2453 18.20
2913 17.90
2008 18.47
2995 18.44
2354 18.19
3175 17.71
2711 17.10
3390 18.42
2528 17.22
3397 17.18
2263 16.98
3427 17.16
2370 16.60
3133 16.45
2492 17.02
3310 17.26
2751 17.15
3201 17.17
3020 16.05
5540 25.88
1418 23.55
2662 21.97
2679 19.79
3250 21.50
2582 19.73
2948 19.93
2826 18.61
3291 20.18
2579 18.88
3093 18.67
2490 17.43
3080 19.09
2557 17.64
2804 17.73
2751 17.34
3289 18.08
2695 17.15
3339 16.62
2393 16.21
2857 16.97
2493 16.48
3014 16.23
3030 15.93
3413 16.56
2334 15.27
2824 15.65
2741 16.11
3343 16.31
2600 16.03
3427 16.41
2351 16.16
6380 24.36
1609 21.19
1939 22.51
2991 19.25
3105 20.98
2625 19.35
2901 19.83
2815 18.62
3193 20.32
2835 18.59
3428 18.33
2418 17.45
3115 18.33
2766 17.91
2987 18.39
2449 18.12
3577 18.73
2295 18.14
3335 16.94
2808 16.79
3057 17.63
2665 17.64
3115 17.00
3012 16.54
3448 17.34
2358 17.48
3114 16.87
2986 16.15
3431 17.73
2866 16.55
3290 16.68
2719 16.82
6585 24.05
1227 21.40
2013 20.84
3048 18.68
3280 19.87
2698 18.58
2984 18.66
2491 17.24
3047 19.51
2763 18.24
2920 18.23
2819 17.08
3180 19.05
2584 17.36
3281 17.12
2424 16.70
3384 17.63
2598 16.68
3160 16.32
2647 16.19
3424 16.63
2452 15.56
3237 15.54
2623 15.59
3181 15.79
2575 15.70
2779 15.87
2758 15.11
3479 16.29
2495 14.94
2830 15.03
2971 14.58
6549 24.02
1774 21.05
1607 22.51
3061 19.13
3111 20.20
2566 19.07
2799 18.95
2882 18.07
2930 19.57
2735 18.56
3178 18.73
2738 17.10
3202 18.78
2776 17.57
3183 17.57
2668 16.83
3373 17.58
2680 16.86
3235 16.77
2673 15.97
3427 16.83
2598 16.69
2768 16.63
2434 16.12
3285 16.78
2415 16.71
3410 16.13
2462 16.17
3600 16.91
2451 16.52
3216 16.52
2866 16.19
6696 23.95
1384 21.69
1880 21.24
3126 18.77
3055 20.31
2792 18.37
2988 18.44
2626 17.22
3244 18.59
2888 17.22
2977 17.43
2602 16.58
3282 17.55
2391 16.56
2836 16.34
2701 15.90
3003 16.55
2576 16.57
2923 16.50
2517 15.78
3336 16.23
2964 15.57
3413 15.72
2557 15.30
3605 15.75
1965 15.50
3061 14.99
2324 14.94
3316 15.59
2483 15.09
3154 15.23
3154 14.24
6617 23.98
1221 21.05
1979 20.49
3085 18.94
3295 19.54
2697 18.37
2931 18.48
2881 17.02
3048 18.56
2693 17.34
3013 17.46
2416 16.69
3120 17.52
2557 16.93
2682 16.57
2713 16.45
3079 17.29
2713 16.90
3017 17.00
2742 16.72
3468 17.40
2582 16.98
3138 16.65
2762 16.76
3575 17.49
2490 17.54
3155 17.05
2902 16.68
3467 17.79
2698 16.51
3125 16.81
2802 16.52
6500 24.33
1516 22.16
1732 22.27
2901 19.15
3339 20.17
2905 18.62
2976 18.46
2643 17.61
3004 18.76
2873 17.49
2902 17.52
2755 16.81
3122 18.72
2724 17.09
2953 17.43
2839 16.46
3257 17.55
2832 16.34
3029 17.16
2654 16.57
3450 17.16
2525 17.10
3228 16.62
2688 16.20
3437 17.23
2670 16.91
3317 16.98
2408 16.45
3333 16.98
2684 16.28
3306 15.95
3158 15.34
6631 24.24
1522 21.71
1672 22.15
2994 19.02
3103 20.36
2747 19.06
2887 19.02
2945 17.93
3272 19.04
2874 17.91
2851 17.68
2621 16.74
3156 17.69
2568 16.47
3207 16.79
2351 16.17
3076 17.19
2492 16.30
2593 16.30
2716 15.96
3280 17.05
2793 16.12
3247 17.18
2708 16.54
3642 17.90
2389 16.47
3336 16.42
2559 16.24
3234 17.39
2714 15.98
3046 16.27
3354 15.64
6564 24.03
1665 21.05
1598 21.78
3052 18.92
3159 19.96
2595 18.51
2819 18.51
2841 17.59
3013 18.73
2783 17.28
2771 17.51
2702 16.56
