5318 27.81
1197 23.78
3704 20.98
2716 19.36
3707 21.15
2755 19.37
3193 18.98
2797 17.51
3292 18.84
2941 17.53
3194 17.47
2879 16.59
3506 17.69
2955 16.79
3620 16.50
2143 17.03
3280 17.58
3000 16.69
3709 16.56
3135 16.21
4150 17.18
2774 16.42
3910 16.48
2663 15.89
4105 16.10
2920 15.54
3524 15.42
3091 15.65
4042 16.05
3049 15.90
3769 15.69
3520 15.26
6547 24.29
1629 21.77
2831 20.66
3225 18.63
3612 20.39
3158 18.37
3376 18.80
3006 17.59
3747 19.21
3060 17.47
3536 17.60
2874 16.46
3789 17.63
2942 16.55
3191 16.68
3315 15.82
3749 17.03
3307 15.79
3843 15.68
2597 15.41
3528 15.56
2880 15.43
3399 14.93
3407 14.88
3886 15.73
2784 15.34
3392 14.99
3145 15.27
3690 15.59
3362 14.98
4030 14.92
3012 14.88
7321 23.16
1828 20.20
2126 20.84
3647 18.30
3572 19.89
3122 18.50
3380 18.66
3450 17.32
3770 18.96
3177 17.45
3917 17.13
3002 16.47
3659 17.37
3062 16.85
3492 16.68
2888 16.68
4081 17.66
2931 16.27
3822 16.58
3014 16.08
3681 16.74
3064 16.03
3500 16.16
3691 15.24
4116 16.04
2916 15.44
3572 15.74
3458 15.32
3970 16.20
3046 15.70
3742 15.41
3215 15.38
7584 22.89
1302 20.92
2589 19.66
3451 17.61
3858 18.44
3097 17.54
3354 17.51
2827 16.68
3532 17.94
3220 17.05
3267 17.15
3504 16.15
3577 17.48
3267 16.44
3772 16.35
2962 15.35
3872 16.60
2957 15.62
3622 15.77
2931 14.78
3792 15.66
3046 14.98
3800 14.76
2959 14.73
3866 14.85
2878 14.38
3256 14.89
3110 14.70
3942 14.78
2681 14.69
3561 14.34
3631 13.57
7645 22.71
1992 19.94
2007 20.82
3282 18.68
3581 19.23
3011 17.81
3311 17.77
3414 17.01
3456 18.44
3191 17.78
3707 17.35
2995 16.52
3711 17.81
3332 16.52
3637 16.28
3295 15.55
3674 16.71
2950 15.82
3771 15.53
3193 14.79
3837 16.00
2952 15.10
3115 15.42
2823 15.39
3813 15.61
2840 15.51
3826 15.13
3257 15.17
4116 16.14
3016 15.60
3874 14.76
2985 15.26
7740 22.70
1524 20.10
2366 19.88
3321 18.37
3104 19.70
3234 17.74
3545 17.22
3175 16.43
3766 17.69
3049 16.76
3368 16.57
3195 15.73
3907 16.48
2972 15.71
3069 15.66
3382 15.12
3488 15.99
3049 15.38
3469 15.24
3141 15.10
3926 15.43
2868 15.32
3775 14.80
3298 14.42
3951 14.81
2649 14.73
3467 14.51
2620 15.07
3942 14.64
2756 14.66
3381 14.45
3939 13.28
7565 22.80
1697 20.38
2162 20.23
3067 18.06
3567 18.93
3144 17.43
3375 17.49
3302 16.24
3587 17.42
3152 16.41
3545 16.19
3262 15.48
3695 16.16
3021 15.68
3274 15.53
2941 15.50
3567 16.35
2884 15.93
3869 15.63
2855 15.83
3953 15.86
3006 15.78
3975 15.52
2609 15.83
4126 16.56
2589 16.60
3726 16.38
3434 14.92
3975 16.94
2787 15.97
3632 15.82
3521 15.04
7475 23.08
1838 20.55
2281 20.65
3336 18.58
3580 19.35
3228 17.66
3454 17.60
3137 16.47
3587 17.82
3108 16.64
3251 16.81
3324 16.21
3666 17.35
3382 16.11
3366 16.53
3430 15.25
3678 16.32
3211 15.61
3441 15.88
3227 15.60
3909 16.44
3387 15.32
3466 15.71
3214 15.25
4099 15.93
2884 16.07
3778 15.29
2983 15.37
3701 16.01
3067 15.61
3853 15.17
3409 14.54
7527 22.98
2235 20.46
2053 21.05
2935 18.69
3506 19.56
3160 18.30
3468 18.06
3305 16.92
3784 18.16
2761 16.95
3118 16.99
3246 15.85
3483 17.08
3081 15.80
3761 15.76
3197 15.57
3751 15.82
2836 15.41
2960 15.98
3150 15.22
3983 16.23
3177 15.96
3719 16.22
3491 15.58
4186 16.39
2594 16.24
3717 15.90
3314 15.49
3732 16.33
3246 15.67
3582 15.11
3710 14.79
7642 22.63
2027 20.08
1788 20.68
3571 17.69
3560 19.03
2955 17.54
3163 17.67
3414 16.34
3588 17.87
3226 16.84
3228 16.88
3066 15.64
