5827 35.10
1855 36.94
5739 31.16
7035 27.98
7521 30.43
6037 27.31
5652 28.91
4215 28.89
7462 28.76
6477 26.43
6343 28.30
4282 28.22
7927 27.02
4034 29.47
6925 26.59
4508 26.70
7908 28.93
6132 24.81
6678 25.39
4771 25.34
7076 26.11
6522 23.85
6376 26.15
4595 25.93
7920 25.79
6513 23.96
6556 25.33
3941 25.61
7923 25.00
6576 23.45
6534 25.47
4340 26.11
10418 26.43
4784 25.47
6339 25.59
5690 24.42
6903 26.04
4409 25.21
6717 24.93
4740 24.80
7692 24.78
7291 22.38
5925 24.75
4640 25.20
8045 24.37
7092 22.50
7732 23.67
6989 22.54
10672 26.05
4597 25.16
6331 25.42
5450 24.13
7373 25.72
6833 23.27
7845 24.35
7562 22.94
8364 25.21
6782 23.65
6107 25.88
6618 24.46
7971 26.39
6466 24.27
6125 26.32
6645 24.28
11113 26.57
4060 26.61
6687 25.49
5440 24.55
6782 25.91
7220 23.71
6569 25.99
6975 24.15
7779 26.01
6707 23.91
7913 24.54
7319 24.02
8407 26.06
6821 24.83
7725 25.59
7125 24.92
11016 27.02
4863 27.48
6473 27.22
5383 26.54
7591 27.02
4502 28.59
7026 27.23
5027 27.89
8196 27.24
6799 24.83
7764 25.86
6967 24.61
8840 26.26
7174 25.38
8520 26.04
7239 25.97
11041 27.31
5187 28.52
7129 28.96
5348 28.90
8467 29.06
6945 27.20
6977 28.93
7041 26.69
8805 28.45
6477 26.62
6625 28.52
4280 29.39
8552 27.63
6758 26.56
6575 28.42
4823 28.74
11184 27.86
5036 28.84
7642 29.49
5365 29.49
8918 29.82
6716 28.13
7992 29.18
6987 27.44
