6371 34.25
2036 36.72
6009 30.99
8089 27.23
8427 29.49
6642 26.41
6184 27.82
4774 27.97
8167 28.01
7420 25.63
6942 26.99
4666 27.36
8873 26.23
4446 27.37
7866 25.84
5087 25.96
8942 28.06
6613 24.60
7305 25.30
5151 24.85
7743 25.35
7432 23.15
7007 25.24
5167 24.77
8746 25.01
7255 23.03
7318 24.26
4684 24.80
8778 24.05
7535 22.88
6816 24.99
4933 25.42
11577 25.62
5086 25.12
7116 24.61
6474 23.26
7548 25.36
4976 24.65
7407 23.77
5306 24.09
8335 24.05
7784 21.90
6726 24.34
5075 24.63
9305 23.45
7468 22.00
8864 22.54
7707 21.81
12413 24.91
4799 24.75
7111 24.01
5903 23.27
8358 24.58
7851 22.53
8473 23.53
8090 22.22
9149 24.16
7427 22.99
6602 25.29
7231 23.56
8820 25.37
7373 23.24
6614 25.97
7602 23.38
12154 25.92
4517 25.43
7177 24.72
5957 23.53
7510 25.26
7750 23.16
7385 24.93
7912 23.42
8461 25.34
7458 23.23
8532 23.96
8018 23.33
9260 25.37
7371 24.00
8668 24.85
7758 24.31
12107 26.18
5352 26.07
7186 26.33
5870 26.10
8484 26.03
7455 24.15
7190 26.89
7368 24.54
8700 26.80
7178 24.62
7043 26.49
5388 26.37
8974 26.31
7877 24.71
9498 25.56
7719 25.24
12168 26.54
5687 27.30
7742 27.90
5629 28.59
9392 28.13
7582 26.38
7737 28.35
7847 26.04
9557 28.08
7329 25.98
7106 28.00
4632 29.00
9528 27.26
7259 26.04
7206 27.60
5279 28.42
12200 27.11
5612 27.77
8284 28.21
5767 29.27
9992 29.14
7136 27.65
8845 27.91
7898 26.50
