6656 33.82
2074 35.44
6397 30.41
8612 26.89
8620 29.20
7198 26.17
6328 27.65
5146 27.37
8419 27.91
7407 25.54
7380 26.61
4846 27.26
9365 26.00
4776 27.26
8198 25.68
5308 25.46
9440 27.62
6826 24.34
7726 24.65
5404 24.14
8102 24.73
7896 22.64
7214 24.95
5526 24.23
9405 24.44
7632 22.67
7429 23.76
5005 24.08
8914 23.80
7869 22.46
7272 24.45
5008 25.04
12153 25.24
5360 25.08
7570 24.20
6301 23.45
8117 24.76
5074 24.13
7900 23.58
5506 23.66
8799 23.43
7953 21.63
7148 23.62
7774 21.66
8772 23.65
7754 21.89
8881 22.79
8144 21.63
13149 24.52
5175 23.84
7584 23.60
5863 23.17
9090 23.84
8137 21.99
8703 23.24
8410 21.95
9932 23.68
7637 22.87
7122 25.16
7564 23.19
9376 24.78
7399 22.82
7016 25.03
7806 23.13
12757 25.55
4791 25.04
7443 24.59
6292 23.39
7782 24.81
8643 22.66
7630 24.70
8266 22.77
8719 24.84
7711 22.97
8747 23.73
8551 23.08
9704 24.89
7815 23.79
9020 24.63
8073 23.85
12435 25.99
5701 25.86
7516 25.91
6261 25.22
8735 25.81
5107 26.90
8173 25.59
5445 26.50
9350 26.07
7838 23.89
9049 24.77
7986 23.34
10035 25.62
8139 24.48
9805 25.03
8444 24.68
12746 26.19
6017 26.71
8346 27.44
5836 28.43
9657 27.64
8087 26.01
8226 27.74
8071 25.70
10055 27.37
7523 25.69
7421 27.48
4834 28.45
9875 26.66
7952 25.60
7451 27.33
5375 28.30
12701 26.79
5916 27.38
8545 28.10
6308 28.46
10363 28.31
7630 26.96
9420 27.68
8216 26.22
