7346 32.65
2409 34.86
7206 29.55
9465 25.51
9980 27.86
8164 24.65
7316 26.50
5870 26.11
9589 26.86
8471 24.50
8522 25.65
8334 24.14
10274 25.12
8138 23.78
8317 25.18
5839 24.95
10933 26.40
7494 23.40
8809 23.13
6252 23.14
9320 23.77
8592 22.00
8252 23.76
6218 23.52
10582 23.52
8888 21.95
8388 23.18
5413 23.58
10373 22.88
8874 21.63
7969 23.86
5872 23.87
14019 24.16
6111 23.91
8639 22.97
7481 22.13
9264 23.39
5675 23.16
8897 22.23
6217 22.70
10035 22.52
9307 20.73
7686 22.80
6124 22.66
10734 22.17
9328 20.59
10498 21.24
9134 20.42
15096 23.49
5816 22.96
8800 22.30
6790 22.29
9819 23.28
9177 21.36
10109 22.25
9638 20.94
10837 22.94
9147 21.65
7854 24.32
8747 22.16
10101 24.07
8549 22.36
7895 24.13
8899 22.10
14628 24.56
5804 23.51
8724 23.07
6723 22.32
9064 23.90
9551 21.77
8517 23.70
9221 21.86
9773 23.90
9153 22.10
10473 22.58
9681 22.18
11715 23.47
8811 22.65
10757 23.45
9145 22.86
14213 25.06
6315 24.93
8716 24.46
6863 24.36
10052 24.72
8855 22.57
8675 25.28
8810 23.17
10560 24.87
8311 23.22
8432 24.72
6523 24.90
10788 24.70
8894 23.66
10799 24.30
9235 24.12
14384 25.28
6735 26.02
9482 26.25
6864 27.06
11637 26.49
8915 25.21
9012 27.05
9101 24.86
11368 26.26
8430 24.77
8731 26.30
8949 24.35
10705 26.17
8989 24.86
8067 26.61
6362 26.99
14356 25.89
6811 26.69
9705 27.19
6996 27.45
11943 27.32
8645 25.90
10406 26.56
9372 25.46
