7773 32.01
2635 33.74
7898 28.87
10446 24.85
10927 27.14
8717 24.09
7888 25.80
6275 25.66
10222 25.85
9159 23.86
9079 24.87
8893 23.38
11107 24.72
8714 23.38
9190 24.49
6410 24.31
12065 25.65
7914 22.86
9567 22.75
6653 22.63
10016 23.38
9530 21.54
8697 23.34
6857 22.65
11159 23.04
9478 21.29
8940 22.66
6009 22.77
10899 22.39
9949 21.05
11252 21.53
9675 20.74
15436 23.47
6274 23.53
8819 22.74
7778 21.70
9810 22.70
6565 22.43
9500 21.82
6973 21.88
10514 22.11
9900 20.15
8820 21.78
9466 20.31
10681 22.15
9464 20.59
10626 21.39
10009 20.17
15325 23.42
6458 22.74
9221 22.13
7303 21.89
10597 22.72
9761 20.94
10630 21.73
10235 20.50
11490 22.37
9859 20.98
8563 23.13
9460 21.58
10905 23.48
9508 21.49
8263 23.47
9523 21.64
15603 24.05
6078 23.11
9545 22.35
7367 21.78
9640 23.56
10370 21.20
8830 23.61
10006 21.47
10745 23.37
9899 21.48
11370 22.19
10209 21.69
11551 23.51
9370 22.36
11094 22.89
9911 22.47
15358 24.38
6914 24.34
9300 24.07
7471 23.62
10577 23.75
6412 25.20
9821 23.90
7054 24.50
11536 24.08
9680 22.42
11000 23.02
10525 21.85
12326 23.74
10115 22.64
11791 23.61
10056 23.36
15850 24.58
7006 25.76
10359 25.38
7051 26.79
12406 25.62
9636 24.64
9698 26.40
9861 24.15
12462 25.74
9042 24.31
9093 25.90
6211 26.25
12024 25.27
9523 24.18
9094 25.97
6873 26.23
15454 25.34
7304 25.88
10357 26.54
7674 27.00
12783 26.65
9313 25.68
11289 25.98
9977 24.81
