8102 31.66
2664 34.28
8194 27.90
10860 24.50
11232 27.15
9032 23.88
10179 24.10
9568 22.88
10124 26.30
9149 23.88
9276 24.86
9424 23.30
11013 24.71
9300 23.11
9488 24.42
6205 24.26
12499 25.36
8286 22.58
10054 22.30
6616 22.38
10416 23.23
9865 21.20
8960 23.14
7332 22.30
11436 22.85
10040 21.11
9354 22.37
6220 22.54
11410 22.26
10059 20.79
8728 22.86
6710 22.73
15935 23.22
6865 22.99
9514 22.42
8529 21.01
10078 22.57
6747 22.08
9785 21.53
7178 21.70
10895 21.76
10296 19.97
9007 21.71
9884 20.18
11088 21.71
9638 20.42
11176 20.89
10243 19.98
16230 22.95
6596 22.46
9592 21.77
8037 21.24
10910 22.45
10309 20.63
11106 21.44
10920 20.11
12185 22.07
9997 20.88
8674 23.03
9797 21.48
11643 22.69
9552 21.21
8510 23.32
9872 21.28
16286 23.75
6187 22.93
9873 22.09
7653 21.58
10076 23.48
10722 20.88
9031 23.23
10451 21.12
10892 23.24
10336 21.31
11645 21.86
10774 21.43
12784 22.73
9565 22.11
12073 22.31
10666 21.83
16040 24.11
7098 24.23
9531 23.69
7683 23.51
10917 23.61
6664 24.58
10507 23.64
10413 22.07
11211 24.33
9804 22.41
11377 22.98
10355 21.91
12510 23.69
9883 22.77
11964 23.39
10467 23.01
16211 24.37
7343 25.11
10696 25.03
7443 25.79
12865 25.16
9869 24.31
10073 25.87
10270 23.93
12665 25.40
9359 23.77
9634 25.55
10124 23.50
12069 25.21
10030 23.74
9113 25.89
6977 26.58
16075 25.06
7635 25.34
10784 26.16
7546 26.64
13337 26.22
9633 25.10
11554 25.59
10490 24.59
