1605 51.00
582 51.00
875 51.00
661 51.00
939 51.00
606 51.00
745 51.00
499 51.00
948 50.56
507 50.98
862 50.50
542 49.96
989 49.93
513 49.49
776 48.35
565 46.54
1222 51.00
574 44.34
848 44.66
635 44.93
892 44.69
578 47.12
910 44.68
640 43.94
1090 43.88
645 44.58
1001 43.65
574 43.37
1116 42.88
694 43.95
1009 43.72
668 44.35
1203 51.00
764 43.70
707 46.47
919 42.37
932 45.21
558 46.86
889 43.68
655 43.18
1084 43.41
600 42.97
939 42.81
668 42.67
1147 42.86
647 45.35
931 42.12
721 42.28
1143 51.00
1017 41.27
931 43.40
691 42.70
1016 45.42
895 42.87
824 47.56
586 46.01
994 45.77
707 44.08
983 44.54
708 44.32
1055 45.50
663 44.94
942 42.15
705 45.66
1274 50.96
948 41.59
960 43.77
629 44.68
990 45.16
875 43.99
870 47.36
625 47.09
1025 46.04
670 43.04
905 43.74
789 42.37
1166 44.04
1011 42.88
1030 45.31
959 42.95
1486 50.46
699 45.77
875 47.20
660 46.40
999 47.35
870 44.98
897 48.22
673 47.24
1046 47.86
911 45.40
926 46.37
830 45.23
1076 48.07
927 45.13
1118 47.02
910 45.63
1565 50.57
740 48.31
1040 50.01
867 46.06
1267 50.49
853 47.28
1081 48.88
805 48.11
1105 49.94
666 47.20
889 48.19
687 47.96
1175 48.38
825 47.93
1051 48.20
747 47.54
1656 50.45
724 49.21
1119 49.24
761 49.55
1331 50.79
741 48.76
1057 50.04
824 48.43
