8319 31.39
2712 33.82
8473 27.55
11570 24.21
11559 26.75
9391 23.64
10562 23.87
10119 22.49
10257 25.84
9832 23.66
9371 24.91
6566 24.94
11381 24.35
6529 24.53
10291 23.71
7374 23.33
13180 25.02
8398 22.38
10461 22.30
7107 21.92
10850 22.93
10172 20.79
9326 22.82
7683 22.09
12044 22.50
9944 20.91
9830 22.02
6444 22.39
11853 22.03
10446 20.53
12045 21.06
10224 20.30
16432 23.00
6880 22.98
9315 22.56
8945 20.96
10451 22.15
6985 21.84
10199 21.32
7456 21.45
11638 21.24
10446 19.83
9383 21.49
6908 21.83
12443 21.15
10708 19.65
11932 20.28
10919 19.50
16135 22.99
7089 22.13
9678 21.74
8398 21.11
10914 22.33
10830 20.37
11548 21.17
11031 20.09
12543 21.59
10430 20.72
9321 22.58
10244 21.24
11859 22.63
10097 21.02
8793 23.29
10141 21.14
17088 23.37
6273 22.69
10070 22.14
8274 21.11
10351 22.78
10684 20.68
9859 22.57
10405 21.07
11473 22.81
10580 20.91
12130 21.40
11265 21.04
13258 22.59
10059 21.80
12273 22.25
11089 21.72
16393 23.94
7653 23.66
9991 23.20
7733 23.41
11494 23.21
6701 24.52
10650 23.44
7498 23.84
12294 23.53
10353 22.02
11718 22.53
11148 21.41
13159 23.02
10682 22.25
12643 23.07
11051 22.50
16732 24.13
7638 24.98
10884 24.97
7797 25.52
13303 25.01
10472 23.98
10264 25.87
10534 23.91
13039 25.31
9572 23.88
9980 25.43
10526 23.12
12282 25.16
10103 23.49
9543 25.65
7362 25.89
16725 24.74
7736 25.31
10988 25.95
8026 26.39
13754 26.05
9987 24.74
12090 25.45
10743 24.32
