9304 30.25
3144 32.40
10181 26.39
12813 23.20
13156 25.53
11192 22.51
12370 22.80
11481 21.72
13906 23.81
11331 22.27
10249 23.94
7490 24.01
13728 22.78
7234 23.95
12561 22.04
8073 22.68
15410 23.90
9925 21.37
11586 21.40
8322 21.06
12000 21.97
11873 19.87
10872 21.64
8455 21.38
13869 21.49
11678 20.02
11037 21.31
7441 21.58
13663 20.90
11897 19.63
13675 20.01
11696 19.35
18742 21.98
8408 21.17
10699 21.22
9388 20.37
12495 21.05
7758 21.21
11354 20.37
8357 20.62
13143 20.45
12232 18.87
10186 20.60
7888 20.69
14160 20.24
12309 18.87
13796 19.47
12513 18.73
18423 21.98
8685 20.94
11195 20.82
8669 20.61
13225 21.05
12366 19.44
13389 20.28
12528 19.25
14550 20.83
11446 19.90
10427 21.74
11732 20.39
13415 21.71
11340 20.29
10097 21.71
11478 20.20
19239 22.41
7186 21.86
11648 20.94
8954 20.59
11592 21.70
12347 19.99
10962 21.49
12199 20.08
13306 21.61
12039 20.23
13765 20.67
12589 20.31
15330 21.50
11453 20.70
13755 21.17
12565 20.78
18926 22.81
8973 22.55
11249 22.31
9170 22.16
13063 22.26
7606 22.94
12576 21.84
12079 20.83
13865 22.63
11374 21.29
13448 21.54
12552 20.74
14849 22.10
11372 21.66
14205 22.09
12247 21.86
19029 23.16
9301 23.81
12766 23.76
8501 25.01
14858 24.18
12008 22.95
11452 24.77
12009 22.91
14747 24.45
10961 22.84
11043 24.62
7612 25.01
14399 23.92
11964 22.67
10876 24.46
8438 24.86
18966 23.79
8960 24.27
12840 24.34
8908 25.59
15452 24.94
11613 23.79
13780 24.37
12393 23.41
