10291 29.23
3553 32.13
11504 25.21
14396 22.28
14950 24.64
12270 21.79
13902 21.99
12872 20.84
15329 22.85
12765 21.51
11263 23.31
8660 23.04
15293 22.06
8106 22.99
14006 21.36
9084 21.76
17529 22.86
10792 20.64
13056 20.55
9227 20.23
13464 21.17
13416 19.07
11912 20.79
9548 20.54
15432 20.71
13258 19.17
12372 20.46
8215 20.71
14995 20.18
13595 18.89
15468 19.37
13663 18.56
21847 21.01
8973 20.70
12422 19.98
10435 19.59
14327 20.03
8564 20.36
12953 19.45
9229 19.88
14750 19.58
13746 18.18
11553 19.71
8741 20.09
15902 19.21
14177 18.13
15640 18.75
14011 18.15
21228 21.11
9666 20.23
12250 20.06
10311 19.96
14121 20.60
14012 18.86
15115 19.40
14509 18.56
15899 20.06
13787 19.13
11258 21.48
13046 19.80
14710 21.01
12703 19.56
10904 21.28
9168 21.12
22256 21.46
8196 20.88
13750 19.88
9831 19.71
13735 20.63
14291 19.05
15508 19.51
14592 18.81
14402 20.83
13257 19.57
14569 20.25
14057 19.68
15247 21.42
12753 20.24
14716 20.85
13733 20.34
21805 21.77
10267 21.48
12518 21.37
10209 21.31
15353 21.23
13375 19.81
12404 21.64
13542 20.24
15753 21.63
12701 20.46
14373 21.07
13486 20.22
15951 21.60
13420 20.79
15447 21.46
13618 21.02
21135 22.42
10778 22.54
14257 22.97
9314 24.40
16457 23.32
13447 22.15
12640 24.15
13502 22.13
16059 23.70
12598 22.22
12406 23.56
13398 21.65
15098 23.48
13252 22.08
11731 23.95
9550 24.05
21000 23.02
10170 23.32
14167 23.71
9934 24.55
17558 23.66
12887 23.01
15612 23.31
13770 22.54
