10558 29.06
3577 31.58
11819 25.00
14882 22.10
15507 24.26
12906 21.38
13998 21.83
13661 20.55
15921 22.51
12989 21.29
11706 22.95
8777 22.79
15662 22.00
8403 22.62
14119 21.22
9624 21.41
18123 22.59
11069 20.43
13430 20.21
9349 20.06
13745 20.85
14050 18.85
12275 20.80
9644 20.39
15864 20.50
13683 19.04
12384 20.21
8808 20.29
15634 19.95
14080 18.53
15845 19.03
14006 18.52
22459 20.83
9389 20.38
12568 20.02
10754 19.56
14725 19.94
8771 20.04
13369 19.22
9420 19.66
15597 19.26
13741 18.07
11599 19.55
9295 19.65
16629 19.01
14249 17.98
15906 18.53
14527 17.96
21583 21.02
9883 20.00
12742 19.99
10421 19.69
14780 20.34
14312 18.71
15381 19.26
14384 18.52
16381 19.85
13954 18.97
11348 21.12
9591 21.17
15712 20.53
13800 19.13
11425 20.91
13785 19.36
22190 21.48
8733 20.82
12823 20.11
10746 19.44
14047 20.62
14263 19.02
12130 20.64
14067 19.34
14967 20.56
13945 19.21
15573 19.74
14326 19.45
15402 21.28
12997 20.03
15144 20.61
14521 19.95
22500 21.57
10528 21.42
12977 21.25
10320 21.12
15461 21.05
8702 21.77
14645 20.73
14342 19.67
15824 21.36
13409 20.23
15572 20.48
14201 19.77
17369 20.98
13043 20.70
16209 21.23
14081 20.78
21732 22.25
10909 22.32
14716 22.69
9579 24.01
16987 23.15
13720 21.97
12886 23.99
13742 21.80
16725 23.16
12991 22.01
12773 23.49
13838 21.45
15434 23.39
13464 21.79
11998 23.79
9603 24.00
21783 22.79
10415 23.18
14665 23.25
10381 24.21
18080 23.48
13213 22.80
15943 23.11
14428 22.22
