10983 28.80
3612 31.44
12248 24.83
15310 21.83
15951 24.08
12933 21.33
14732 21.52
13567 20.45
16190 22.43
13297 21.14
12109 22.58
9178 22.47
16012 21.71
8803 22.29
14633 20.89
9653 21.21
18501 22.44
11439 20.37
13931 19.88
9421 20.01
14207 20.53
14178 18.76
12372 20.58
10360 20.03
16104 20.38
14135 18.88
12746 20.12
9024 20.27
15933 19.82
14325 18.45
15705 19.02
14124 18.40
23116 20.61
9597 20.30
12883 19.69
11432 19.14
15053 19.80
8864 19.90
13483 19.09
10142 19.31
15665 19.14
14364 17.94
11718 19.55
9521 19.43
16915 18.79
14630 17.82
16487 18.34
15491 17.80
22207 20.77
10060 19.99
13378 19.70
10153 19.61
15680 20.11
14629 18.44
15728 19.02
14819 18.38
16650 19.70
14278 18.86
11831 20.92
9539 20.96
16078 20.39
14352 18.85
11671 20.72
14127 19.16
23630 21.02
8542 20.60
13768 19.55
10567 19.27
13934 20.34
14693 18.82
12502 20.51
14670 18.99
15269 20.35
14378 19.01
16072 19.55
14899 19.24
18057 20.18
12968 19.81
16230 20.10
14790 19.64
22936 21.39
10863 21.15
13256 20.94
10529 21.01
15964 20.80
9190 21.64
14829 20.47
14178 19.83
16507 21.09
13560 20.02
16070 20.33
14985 19.63
17723 20.87
13442 20.56
16677 20.98
14572 20.55
22392 22.05
11084 22.14
15104 22.37
10095 23.61
18191 22.69
13436 21.97
13343 23.72
14281 21.57
16994 23.08
13432 21.66
13080 23.17
13910 21.42
15777 23.12
13915 21.71
12265 23.54
10091 23.36
22908 22.39
10471 22.98
15281 22.93
10551 24.32
18365 23.39
13552 22.63
16467 22.98
14424 22.07
