11748 28.17
4098 31.35
12998 24.33
16295 21.27
17094 23.51
14295 20.71
15733 20.96
15285 19.87
17561 21.83
14295 20.59
12952 22.19
9978 21.88
17101 21.22
9592 21.70
15478 20.58
10449 20.66
20238 21.82
12320 19.74
14721 19.67
10461 19.43
15458 20.08
15317 18.35
13202 20.21
11097 19.69
17477 19.73
15128 18.47
14114 19.65
9190 19.68
16939 19.30
15682 17.97
17432 18.47
15466 17.92
24907 20.06
11005 19.45
13475 19.26
12333 18.69
15901 19.29
9658 19.38
14859 18.69
10452 19.10
17105 18.59
15339 17.49
12845 18.93
10092 18.94
18003 18.43
15746 17.51
18134 17.90
15974 17.43
24067 20.14
10979 19.40
14281 19.20
11235 19.04
16326 19.68
15726 18.07
16995 18.63
16569 17.84
17900 19.26
15686 18.34
12160 20.56
10560 20.49
17363 19.90
15490 18.52
12373 20.16
15421 18.70
25130 20.51
9627 19.83
14851 19.07
11267 18.88
15617 19.70
15634 18.32
13359 19.93
15948 18.48
16711 19.77
15220 18.61
16580 19.46
16300 18.86
19157 19.84
14361 19.27
17914 19.57
15883 19.26
24765 20.87
11825 20.57
14653 20.33
11194 20.63
17096 20.35
9716 21.05
15429 20.18
10983 20.92
18540 20.24
15051 19.31
17745 19.52
16557 18.96
19398 20.11
14810 19.84
18653 20.07
15791 19.99
24214 21.52
12121 21.59
15809 22.05
11144 22.89
19199 22.00
14684 21.40
14538 23.06
15095 21.25
18117 22.48
14573 21.11
14331 22.53
14951 21.01
17027 22.60
15312 20.95
13301 22.96
11141 23.01
23966 22.07
11604 22.50
16302 22.65
11187 23.94
19733 22.98
14726 22.03
17536 22.50
15678 21.66
