12902 27.35
4453 29.84
14547 23.62
18371 20.54
18712 22.81
15658 20.15
17709 20.26
16374 19.33
18905 21.27
16181 19.94
18403 20.06
16692 19.19
17035 21.26
10251 21.45
15591 20.49
12262 19.95
22912 21.02
12895 19.55
16297 18.84
11580 18.84
16835 19.54
16819 17.80
14167 19.55
12113 19.14
18869 19.27
16550 17.87
15100 19.05
10789 19.14
18815 18.78
16326 17.69
18408 18.09
16441 17.50
27113 19.41
12399 18.83
15613 18.50
12427 18.43
17649 18.64
10713 18.72
16111 18.19
12369 18.41
18834 18.10
16845 16.99
13768 18.40
11524 18.34
18679 18.13
17695 16.96
19882 17.54
17815 17.05
25994 19.62
12688 18.80
15720 18.66
11845 18.77
18734 18.88
16829 17.64
18365 18.10
17720 17.43
19949 18.58
16643 17.98
13492 19.77
11687 19.87
19382 19.14
16471 18.06
13827 19.58
16773 18.23
27409 19.92
11019 19.18
15641 18.70
12940 18.34
16765 19.12
17024 17.88
14575 19.30
16965 18.04
17882 19.35
16974 18.03
18879 18.59
18112 18.20
20939 19.21
15740 18.76
19067 19.07
17499 18.64
26812 20.21
12977 20.07
15996 19.76
12124 20.00
18438 19.72
10903 20.39
17485 19.39
17030 18.55
18815 20.07
16471 18.95
18765 19.26
17905 18.59
20692 19.68
16080 19.40
19668 19.78
17314 19.43
25319 21.19
13082 21.03
16367 21.69
12407 22.40
19910 21.84
16670 20.62
15868 22.34
16974 20.56
19546 22.03
15923 20.58
15198 22.00
16484 20.31
18434 21.98
16489 20.51
14577 22.52
11915 22.49
26489 21.42
13510 21.71
17796 22.10
12192 23.02
21546 22.14
15868 21.37
19453 21.57
17087 21.02
