13457 26.99
4568 28.89
15716 23.11
18937 20.14
19561 22.63
16429 19.84
18653 19.93
17174 19.02
19948 20.95
16756 19.75
14604 21.22
11500 21.11
19214 20.36
11035 20.88
17718 19.56
12439 19.71
23971 20.65
14003 19.20
16661 18.70
12533 18.48
17607 19.06
17769 17.43
14588 19.31
13182 18.69
19456 19.03
17552 17.57
15884 18.81
11353 18.86
19924 18.48
17280 17.38
19023 17.91
17321 17.30
28192 19.10
12984 18.59
16075 18.45
13150 18.31
19263 18.24
10952 18.69
17534 17.85
11554 18.45
19869 17.71
17561 16.68
14784 18.12
11815 18.21
20471 17.67
18122 16.82
20529 17.22
18938 16.73
27611 19.20
12857 18.70
16700 18.48
12676 18.58
19145 18.75
17873 17.37
19123 17.81
18651 17.19
20758 18.35
17253 17.71
14043 19.64
12520 19.52
19874 19.00
17426 17.88
14018 19.39
12186 19.46
28308 19.65
11659 18.97
17521 18.17
13439 18.17
17202 18.98
18400 17.63
19769 18.04
18779 17.44
17620 19.29
17255 18.03
19010 18.59
18447 18.13
21046 19.27
16598 18.53
19596 18.84
18377 18.43
27933 19.99
13610 19.75
16931 19.50
12220 19.82
19540 19.37
11007 20.16
18074 19.13
12295 19.91
20855 19.41
17353 18.53
20136 18.69
19077 18.24
21970 19.18
17016 18.97
21142 19.29
18438 19.26
26531 20.87
13627 20.88
17964 21.01
12519 22.19
20685 21.39
17235 20.45
16437 21.88
17235 20.47
20397 21.71
16602 20.28
15837 21.79
11315 22.21
20268 21.25
17666 20.05
15439 21.93
12609 21.96
27545 21.13
13608 21.52
18266 21.72
13078 22.67
22586 21.95
16809 21.06
20294 21.42
17924 20.66
