14283 26.42
4925 28.96
16703 22.49
20026 19.77
20743 21.96
17716 19.35
20074 19.44
19107 18.47
21462 20.38
18271 19.21
20395 19.35
18767 18.51
18554 20.52
11143 20.79
17206 19.75
13752 19.18
25701 20.13
14441 18.84
17691 18.31
13686 18.10
18604 18.76
18427 17.17
15949 18.88
13554 18.46
20066 18.73
18678 17.28
16949 18.46
12394 18.50
19977 18.37
18261 17.10
20420 17.54
18951 16.84
30489 18.68
13469 18.45
17631 17.97
13423 18.00
20131 17.88
11595 18.29
18022 17.58
13502 17.90
20218 17.57
19289 16.36
15407 18.03
12650 17.96
21873 17.35
20390 16.46
21195 17.04
20680 16.41
29055 18.85
14099 18.29
17230 18.25
13284 18.32
19946 18.49
18850 17.05
19714 17.70
20207 16.85
22395 18.04
18526 17.34
14374 19.36
13273 19.21
21457 18.65
18486 17.48
14792 19.11
12835 19.16
29865 19.30
13283 18.46
18048 17.91
14162 17.86
19301 18.39
19059 17.26
21031 17.59
20042 17.08
18571 19.07
17957 17.71
19913 18.28
20094 17.72
22407 18.84
17952 18.09
21095 18.52
19590 18.16
27888 19.98
14090 19.59
17527 19.27
13271 19.39
20273 19.09
11848 19.77
19021 18.94
13107 19.65
21968 19.03
18885 18.11
21221 18.42
20876 17.84
23041 18.84
18068 18.67
22354 18.88
19582 18.83
28220 20.39
13973 20.73
19314 20.56
13337 21.69
21946 21.06
18768 19.88
17005 21.83
18550 20.01
21794 21.21
17550 19.86
16818 21.28
18334 19.71
19907 21.38
17979 19.93
16440 21.57
13259 21.59
28021 21.05
14772 21.04
18321 21.64
14191 22.20
22690 21.87
18075 20.58
21322 21.00
19299 20.26
