14772 26.11
5205 28.35
17510 22.24
20721 19.48
21625 21.58
18533 19.15
20828 19.16
19453 18.35
22399 20.09
19151 18.92
21253 19.09
19604 18.20
18967 20.35
11829 20.31
18269 19.32
13940 19.22
26939 19.82
15114 18.55
18342 18.04
14353 17.94
19954 18.26
18932 17.06
16360 18.62
14343 18.19
21278 18.40
19294 17.11
17165 18.36
12829 18.32
20383 18.13
19549 16.86
20925 17.32
19969 16.65
29992 18.77
14143 18.24
17942 17.94
14245 17.83
20110 17.91
12887 18.10
18203 17.60
13766 17.81
20654 17.54
19615 16.28
16147 17.73
13212 17.77
21936 17.34
20905 16.24
22842 16.80
20421 16.37
30850 18.50
14359 18.10
17895 18.00
14221 17.99
21620 18.07
19478 16.89
20891 17.42
20426 16.65
23548 17.63
19070 17.25
15141 19.19
13602 19.09
23090 18.20
19241 17.36
14980 18.99
13831 18.76
31022 19.05
13883 18.27
18778 17.74
14622 17.70
20170 18.22
19800 17.22
21739 17.46
20794 16.93
19520 18.78
19060 17.48
20336 18.12
20463 17.65
23087 18.62
18755 17.85
21837 18.31
20104 17.94
30958 19.22
15038 19.19
18239 18.90
13950 19.04
22243 18.56
11706 19.67
20756 18.35
13057 19.49
24320 18.42
19034 17.96
22471 18.03
21996 17.49
24038 18.66
18903 18.36
23229 18.68
20335 18.65
30020 19.95
15567 20.04
19099 20.46
14053 21.38
23776 20.41
18888 19.65
17649 21.23
19036 19.71
22692 20.86
18126 19.68
17531 20.95
19032 19.49
20662 21.14
18915 19.73
16535 21.53
13831 21.39
30108 20.47
15948 20.48
19414 21.10
14654 21.86
24774 21.18
18837 20.30
22458 20.66
20006 20.03
