15157 25.92
5360 28.23
17729 22.01
21121 19.29
21929 21.39
18866 18.98
21106 19.15
20055 18.14
22607 20.02
19436 18.80
21799 18.91
19984 18.07
18994 20.32
12138 20.30
18642 19.33
14402 19.07
27447 19.65
15264 18.47
18707 18.01
14390 17.83
20109 18.14
19745 16.84
16439 18.58
14516 18.10
21482 18.28
19815 16.95
17603 18.26
13112 18.21
20973 18.07
19711 16.74
21247 17.24
20073 16.57
30854 18.60
14447 18.14
18220 17.88
14506 17.66
20591 17.78
13157 18.02
18649 17.41
14226 17.75
21502 17.30
20609 16.10
15808 17.83
13358 17.71
22271 17.27
21372 16.20
23379 16.73
20953 16.28
31178 18.42
14698 18.04
19019 17.72
13833 18.01
22012 17.96
19973 16.80
21919 17.17
20898 16.55
23965 17.55
19354 17.15
15594 19.01
14052 18.91
23135 18.18
19924 17.14
15017 18.99
14117 18.75
31891 18.88
13790 18.19
19067 17.62
15184 17.53
20222 18.13
20360 17.05
22038 17.38
21208 16.84
20053 18.69
19153 17.39
20722 18.06
21093 17.46
23170 18.59
19309 17.70
22223 18.20
20586 17.84
30964 19.22
15409 19.08
18649 18.79
14384 19.06
22264 18.55
12057 19.58
21190 18.29
20347 17.58
22119 18.97
19086 18.03
20669 18.54
21846 17.69
23739 18.69
18973 18.38
23019 18.72
20376 18.58
30518 19.80
15651 20.01
19838 20.28
14090 21.23
24364 20.30
19157 19.67
18090 21.16
19507 19.63
22743 20.83
18828 19.48
17911 20.81
19631 19.18
20870 21.00
19441 19.54
16907 21.35
13980 21.23
30132 20.47
16509 20.29
20118 20.93
14648 21.71
25139 21.02
18812 20.32
22863 20.52
20644 19.83
