15625 25.74
5445 28.42
17956 21.93
21535 19.26
22470 21.16
19512 18.76
21257 19.08
20229 18.10
22871 19.93
19413 18.82
22135 18.86
20389 18.03
19660 20.17
12517 20.07
18897 19.30
14497 18.97
27878 19.54
15701 18.32
19134 17.82
14607 17.78
20594 18.04
20275 16.70
16481 18.61
14765 18.03
21803 18.16
20241 16.85
17976 18.15
13321 18.15
21006 18.02
20282 16.64
21818 17.13
20486 16.50
32404 18.32
14670 18.03
18259 17.82
15035 17.50
21038 17.68
13124 17.97
19115 17.32
14541 17.69
21555 17.25
21335 15.98
15978 17.80
13537 17.64
22679 17.12
22209 16.02
23107 16.63
22960 16.09
31472 18.37
14868 18.00
18870 17.72
14254 17.91
22592 17.89
20261 16.70
22344 17.04
21260 16.47
24211 17.46
19977 17.00
15980 18.91
13808 19.00
24006 18.02
20076 17.12
15444 18.81
14076 18.74
32299 18.78
14408 18.02
19382 17.56
15070 17.49
21180 18.00
20590 16.94
22328 17.26
21277 16.78
20308 18.59
19826 17.24
21364 17.87
21320 17.40
23814 18.49
19732 17.68
22334 18.16
20743 17.82
31559 19.10
15633 19.04
19120 18.74
14421 18.90
22529 18.46
12621 19.30
21398 18.22
20742 17.52
22402 18.88
19345 17.91
20957 18.41
21804 17.63
24562 18.52
19295 18.31
23222 18.62
21073 18.40
29912 20.01
15772 20.04
20082 20.31
14368 21.06
23364 20.49
20120 19.44
18521 21.07
19554 19.56
23420 20.76
19057 19.34
18313 20.82
20003 19.18
20865 20.93
19602 19.40
17574 21.05
14282 21.04
30794 20.34
16601 20.20
20386 20.85
15182 21.68
25887 20.81
19339 20.06
23382 20.28
20829 19.71
