16647 25.15
6043 27.36
19086 21.43
23454 18.64
24560 20.80
20864 18.29
23173 18.49
22298 17.51
24664 19.42
21142 18.37
23733 18.39
22128 17.59
20861 19.70
13369 19.73
19973 18.84
16292 18.49
30605 18.95
17107 17.92
20579 17.46
15622 17.43
21792 17.67
22208 16.30
17444 18.28
15894 17.60
23406 17.80
21932 16.52
19534 17.70
14229 17.82
22679 17.57
22458 16.23
23890 16.74
21678 16.21
34539 17.91
16344 17.55
19051 17.44
16197 17.15
23065 17.19
13810 17.58
21271 16.72
15391 17.29
24085 16.63
23017 15.67
24355 15.89
24385 15.41
25756 16.53
22718 15.99
25589 16.20
22699 15.97
34069 17.87
16604 17.44
19903 17.45
15368 17.62
24467 17.44
22467 16.34
24094 16.76
22691 16.21
25219 17.21
21258 16.68
17407 18.47
15298 18.57
25011 17.80
21763 16.73
16673 18.45
15572 18.31
34524 18.38
15128 17.80
21345 17.03
16201 17.18
21898 17.67
22328 16.58
24438 16.91
23371 16.42
21198 18.33
21354 16.93
22646 17.53
22764 17.03
25323 18.04
21496 17.31
24299 17.73
22546 17.38
34180 18.56
18089 18.41
19470 18.55
15458 18.50
24229 17.97
13397 18.98
22479 17.90
15181 18.82
26616 17.87
21930 17.30
25486 17.45
24130 17.05
26855 17.97
21064 17.86
25576 18.11
23063 17.92
33453 19.23
17528 19.50
20856 20.03
15332 20.57
26339 19.77
21232 19.10
19735 20.63
20955 19.16
24654 20.25
20281 18.99
19684 20.27
21228 18.64
22911 20.36
21074 19.03
18661 20.59
15337 20.67
33137 19.79
18092 19.81
21970 20.35
15833 21.24
27676 20.34
20877 19.54
24794 19.83
22324 19.40
