17356 24.84
6368 26.60
19660 21.19
24302 18.43
25133 20.53
21460 18.09
24360 18.24
22670 17.34
25636 19.14
22365 18.00
24867 18.15
22980 17.40
21503 19.56
13547 19.51
20596 18.61
16817 18.22
32141 18.65
17484 17.76
21325 17.33
16428 17.20
23349 17.31
23307 16.09
24133 16.76
13476 18.04
25284 17.40
22403 16.38
20301 17.48
14601 17.73
23554 17.28
23020 16.15
24478 16.67
23046 16.06
36428 17.55
17130 17.27
20733 17.07
15944 17.17
25007 16.76
13632 17.61
22475 16.57
15779 17.12
24850 16.48
23775 15.52
25134 15.84
24960 15.35
26988 16.30
23578 15.83
25420 16.19
25029 15.72
35320 17.65
16612 17.47
20735 17.27
16008 17.42
24635 17.33
23288 16.18
25031 16.58
24645 16.01
26625 17.02
21733 16.58
17381 18.47
15798 18.36
26160 17.61
23104 16.62
16659 18.42
16023 18.21
35515 18.17
15653 17.71
21982 16.94
16707 17.04
23039 17.55
23930 16.36
25594 16.73
23446 16.34
21903 18.19
21739 16.86
23161 17.44
24116 16.78
26034 17.93
21915 17.10
25321 17.54
22972 17.30
35325 18.34
18565 18.25
20446 18.28
15969 18.38
24828 17.85
13908 18.76
22976 17.72
15983 18.53
27304 17.73
22527 17.11
25739 17.32
25521 16.83
27920 17.80
21774 17.69
26724 17.83
23859 17.80
32829 19.34
18616 19.17
21474 19.94
15738 20.50
27287 19.61
21805 18.93
20044 20.48
21679 18.93
25524 19.99
21032 18.75
20225 20.09
21492 18.68
23815 20.03
21571 18.81
19330 20.26
16005 20.35
33972 19.59
18726 19.55
22460 20.19
16415 21.12
28705 20.15
21894 19.39
25748 19.74
23008 19.17
