17633 24.70
6488 26.47
20130 20.96
24769 18.36
25530 20.41
22104 17.98
24431 18.19
23193 17.27
25837 19.05
22498 17.97
25227 18.10
22989 17.32
22411 19.29
13884 19.50
21070 18.59
16765 18.23
32529 18.57
17798 17.74
21723 17.25
16635 17.14
23941 17.25
23506 16.02
24708 16.67
13695 18.04
25032 17.50
23462 16.25
20090 17.47
15186 17.52
23709 17.28
23159 16.11
24992 16.49
23522 16.00
35904 17.65
17011 17.38
20947 17.00
16702 16.96
24344 16.93
14590 17.44
21970 16.50
16458 16.99
24993 16.47
24067 15.48
25678 15.67
25535 15.27
27488 16.15
23658 15.79
25852 16.13
25779 15.64
35937 17.53
17195 17.34
21544 17.12
15790 17.37
24877 17.21
23638 16.09
25904 16.45
25564 15.83
27169 16.90
21900 16.57
18076 18.28
15578 18.31
26086 17.52
23469 16.57
17280 18.29
16286 18.11
36278 18.06
15791 17.65
22310 16.82
16833 16.93
23379 17.41
23508 16.30
25881 16.66
25525 16.05
28054 16.90
22708 16.50
26111 16.76
25109 16.58
28758 17.30
21282 17.18
17926 19.19
16045 18.99
35885 18.23
18262 18.33
23058 17.77
16562 18.15
25305 17.83
14087 18.70
23627 17.64
16121 18.55
27338 17.66
23389 16.95
26374 17.22
26025 16.74
28190 17.74
22511 17.50
27057 17.84
24253 17.68
34854 18.93
19509 18.89
21548 19.83
16251 20.29
28213 19.42
21880 18.88
20403 20.30
22110 18.76
26233 19.77
21510 18.75
20457 20.09
22034 18.52
24214 20.00
21996 18.62
19533 20.28
16626 20.17
34770 19.45
18836 19.46
22474 20.19
16965 20.82
29060 19.97
22167 19.25
26341 19.60
23208 19.11
