17931 24.56
6591 26.05
20558 20.87
25385 18.16
25844 20.29
22607 17.92
25098 18.03
23581 17.16
26595 18.98
23092 17.85
25712 18.00
23638 17.17
22258 19.28
14501 19.29
20999 18.50
17235 18.16
33328 18.41
17789 17.67
21744 17.15
17009 16.96
24077 17.20
22870 16.08
19383 17.69
17052 17.27
26524 17.19
23805 16.09
20138 17.47
15534 17.47
24905 16.97
23966 16.02
25443 16.42
24765 15.83
37209 17.41
17617 17.22
20644 17.10
16889 16.92
24956 16.76
14806 17.26
22141 16.49
16527 16.97
24489 16.54
24674 15.44
25860 15.70
26140 15.18
27416 16.23
24395 15.71
26657 16.02
26403 15.53
36684 17.39
17014 17.34
21073 17.19
16233 17.28
25402 17.16
24058 16.03
26215 16.38
25625 15.82
27257 16.85
22591 16.46
18190 18.28
15886 18.34
26788 17.47
23717 16.47
17551 18.21
16271 18.08
36980 17.92
16620 17.41
22255 16.84
17241 16.88
23325 17.31
24418 16.25
26395 16.60
25547 16.09
28238 16.86
23218 16.44
26703 16.66
25367 16.54
29607 17.20
21928 17.14
26996 17.19
24083 17.05
36230 18.17
18837 18.22
21244 18.16
16382 18.30
25472 17.72
14678 18.54
24055 17.53
16369 18.49
27615 17.64
23508 16.91
26599 17.18
26169 16.71
28593 17.66
22595 17.44
27561 17.70
24532 17.59
33499 19.20
19416 18.97
21867 19.71
16607 20.24
27925 19.47
22521 18.71
20844 20.25
22200 18.73
26650 19.73
21897 18.57
20491 19.93
14975 20.17
25493 19.58
23048 18.29
20106 20.11
16827 20.00
34955 19.40
19864 19.35
22866 20.02
17150 20.93
29776 19.83
22566 19.22
26743 19.36
24016 18.93
