18174 24.43
6697 25.93
20889 20.71
25808 18.07
26450 20.06
23015 17.75
25187 17.95
23912 17.05
27316 18.86
22720 17.86
26221 17.87
23921 17.14
22269 19.30
15367 19.03
21386 18.38
17570 18.04
34143 18.26
18116 17.60
22074 17.03
17306 16.86
24587 17.04
23478 15.90
19743 17.61
17404 17.13
26685 17.08
24319 16.03
20464 17.36
15774 17.41
25008 16.96
24061 15.90
25834 16.33
24994 15.79
37870 17.29
17585 17.18
21421 16.93
17149 16.84
25264 16.66
15234 17.21
22772 16.46
16402 16.93
24780 16.45
24870 15.36
18815 16.94
16347 16.80
26348 16.28
25379 15.55
28169 15.84
26273 15.56
36578 17.41
18567 16.98
21823 17.09
16232 17.30
25524 17.12
24516 15.97
26886 16.28
25712 15.80
27602 16.78
24175 16.24
17530 18.39
16724 18.09
26401 17.43
24186 16.45
17685 18.13
16604 17.98
37662 17.80
16858 17.39
22558 16.76
17404 16.82
23996 17.21
24707 16.19
26607 16.51
25864 15.98
28709 16.76
23384 16.43
27195 16.54
26100 16.40
30180 17.09
22246 17.07
27376 17.08
24661 16.94
36418 18.14
19205 18.09
21496 18.10
16794 18.16
25887 17.62
14867 18.48
24298 17.42
16679 18.39
27870 17.56
23714 16.84
27167 17.00
27011 16.56
29154 17.57
22782 17.40
27998 17.64
24693 17.54
34787 18.97
19508 18.97
22384 19.61
16720 20.14
28501 19.28
22702 18.69
21136 20.06
22650 18.64
26605 19.69
21999 18.49
21331 19.74
22740 18.29
24944 19.80
22553 18.45
20360 20.07
17045 20.04
35314 19.33
19901 19.22
23303 19.98
17506 20.79
29860 19.77
22590 19.05
26093 19.67
24047 18.89
