19331 23.91
7320 25.40
22385 20.35
27666 17.61
28016 19.60
24895 17.34
27907 17.52
25490 16.75
29334 18.42
24316 17.60
27639 17.54
25805 16.78
22822 19.11
16316 18.75
22633 17.99
19045 17.64
37212 17.72
20547 17.01
24188 16.62
17286 16.87
26013 16.73
25623 15.69
20360 17.39
18135 16.94
28391 16.68
25910 15.79
21141 17.09
17480 16.93
26315 16.65
25797 15.62
27466 16.03
26416 15.51
41065 16.66
20423 16.48
24915 16.20
16713 16.83
27639 16.18
16444 16.85
24823 16.02
17453 16.72
27791 15.91
26891 15.00
28828 15.19
27697 14.98
30743 15.67
25611 15.47
29261 15.66
28335 15.31
38649 17.04
20769 16.59
22373 16.96
16880 17.13
28392 16.52
25948 15.68
27880 16.02
27773 15.53
30040 16.33
25074 16.05
18750 18.07
17810 17.79
29050 16.92
25812 16.13
18310 17.96
18079 17.63
41684 17.12
18038 17.06
24415 16.39
18662 16.60
26677 16.62
26816 15.84
28412 16.13
27904 15.78
29965 16.57
25184 16.12
28219 16.37
27326 16.21
30779 16.91
24138 16.64
19804 18.57
17171 18.65
39120 17.61
20036 17.90
24968 17.32
18219 17.72
27558 17.31
16260 18.10
25537 17.13
25509 16.51
26783 17.82
24305 16.83
26411 17.27
27285 16.54
29930 17.43
24527 17.12
28910 17.48
25997 17.28
38343 18.29
21260 18.58
23300 19.29
18199 19.78
30256 18.94
24210 18.27
22096 19.69
17388 19.79
29981 18.98
23534 18.10
22964 19.33
24358 17.90
26143 19.40
23921 18.16
21658 19.62
18497 19.65
38006 18.82
21311 18.89
23899 19.73
18600 20.11
31832 19.39
24071 18.73
28753 18.93
25468 18.50
