19673 23.79
7472 25.41
22634 20.20
27891 17.58
28390 19.58
25065 17.30
28441 17.39
27213 16.57
29665 18.36
25258 17.42
27562 17.48
25568 16.75
24456 18.80
15778 18.82
22893 17.98
19382 17.51
37599 17.62
21226 16.89
24304 16.56
17799 16.71
26194 16.68
25656 15.62
20774 17.31
18385 16.89
27722 16.85
26849 15.64
21554 17.04
17485 16.91
25780 16.78
26647 15.51
27925 15.94
27066 15.44
41791 16.50
20752 16.48
25232 16.09
17202 16.72
27926 16.14
16667 16.78
25325 15.93
17551 16.65
28916 15.82
27414 15.00
29150 15.15
27797 14.93
30837 15.63
26055 15.40
29905 15.60
28688 15.28
41346 16.48
21799 16.38
25250 16.34
15966 17.23
31261 16.16
25465 15.75
29434 15.83
27750 15.52
30691 16.24
25685 15.97
18763 18.12
17744 17.73
29440 16.88
25993 16.16
18868 17.84
18089 17.62
40443 17.31
19631 16.81
23794 16.56
19124 16.46
26295 16.72
27004 15.84
28780 16.09
27849 15.73
30227 16.53
25979 16.05
29185 16.29
27673 16.20
31291 16.81
25028 16.52
29468 16.66
27657 16.50
39645 17.51
21195 17.63
22111 17.85
18569 17.74
29129 16.95
16191 18.10
25989 17.00
18264 17.96
30612 16.97
24939 16.58
29136 16.61
28314 16.27
31349 17.06
25363 16.97
29964 17.25
27224 17.02
37255 18.51
21079 18.53
23782 19.26
18100 19.71
29849 18.99
24609 18.20
22707 19.58
17596 19.74
30456 18.83
23581 18.09
23349 19.19
24482 17.84
26590 19.31
24373 18.08
21897 19.57
18792 19.50
38692 18.70
21488 18.83
24481 19.61
18966 20.05
31992 19.29
24734 18.63
29300 18.86
26095 18.41
