20019 23.65
7615 25.10
22978 20.13
28393 17.48
28709 19.39
26022 17.17
28881 17.30
27674 16.48
30060 18.28
26081 17.28
27956 17.39
26283 16.67
24189 18.82
16380 18.67
22991 17.88
19945 17.40
37941 17.56
21557 16.81
24669 16.48
18105 16.60
26197 16.63
26766 15.43
27496 16.07
16050 17.23
28319 16.71
27111 15.56
21800 16.95
17451 16.86
26808 16.54
26583 15.44
28287 15.88
27454 15.34
42531 16.38
22161 16.17
25353 16.08
17139 16.74
28546 16.05
16749 16.78
25915 15.84
17573 16.64
29014 15.76
27587 14.91
29406 15.11
29523 14.68
31168 15.61
26793 15.35
30329 15.56
29159 15.25
39902 16.80
20953 16.46
22866 16.79
17859 16.97
28972 16.44
27192 15.51
28989 15.85
28084 15.47
30840 16.23
26421 15.89
18885 18.06
18034 17.69
29863 16.82
25910 16.11
19380 17.71
18616 17.49
41259 17.17
19313 16.80
25588 16.30
18494 16.61
26807 16.64
27288 15.78
28967 16.05
28589 15.67
30287 16.50
26556 15.99
29570 16.26
28188 16.11
31988 16.79
25319 16.51
29564 16.67
28128 16.42
40231 17.40
21531 17.52
22472 17.78
18540 17.71
29457 16.86
16490 17.99
26546 16.91
18501 17.85
30464 16.94
25858 16.42
29677 16.49
28996 16.16
31814 16.98
25407 16.89
30415 17.16
27330 17.00
37673 18.42
21547 18.43
24245 19.20
18239 19.68
30535 18.87
24932 18.11
23071 19.47
24587 18.16
29409 19.12
24117 17.98
23052 19.29
17114 19.52
29458 18.73
25464 17.69
22424 19.41
18983 19.42
38986 18.63
21885 18.71
25119 19.45
18978 19.91
32967 19.19
24934 18.48
29569 18.80
26591 18.32
