20570 23.42
7956 24.74
23931 19.86
28990 17.39
29528 19.32
26694 16.97
29314 17.25
28346 16.36
30799 18.09
26960 17.11
28898 17.22
26990 16.49
24861 18.68
16788 18.44
23528 17.81
20419 17.22
39485 17.26
21747 16.80
25262 16.44
18796 16.46
28931 16.25
27548 15.32
28873 15.76
16249 17.18
29220 16.53
27984 15.46
22864 16.83
17541 16.89
28224 16.41
27643 15.30
29258 15.72
28396 15.28
43606 16.20
22728 16.09
26287 15.94
17315 16.64
30822 15.63
16911 16.67
26558 15.68
18970 16.31
30162 15.55
28121 14.85
30059 15.04
30211 14.60
32517 15.37
27528 15.23
30940 15.47
30283 15.10
41021 16.59
21527 16.40
23569 16.67
18520 16.79
29406 16.37
28380 15.33
30009 15.73
28741 15.36
31995 16.06
27089 15.77
19197 17.92
18956 17.42
30359 16.70
26450 16.01
20014 17.53
19256 17.33
42604 16.92
20022 16.65
24953 16.29
20564 16.26
26896 16.60
28098 15.62
30078 15.91
29121 15.55
31536 16.27
27361 15.87
30768 16.09
28858 15.99
32527 16.61
26515 16.30
30395 16.50
28769 16.27
41258 17.21
22252 17.35
22726 17.73
19334 17.44
30153 16.68
16900 17.87
26821 16.79
19096 17.71
31646 16.72
26670 16.29
31034 16.32
29317 16.12
32857 16.78
26490 16.75
31509 16.96
27848 16.86
38597 18.26
22052 18.30
24883 19.04
18828 19.58
31436 18.69
25960 17.98
23883 19.41
25575 17.97
29434 19.03
25157 17.86
23528 19.15
17573 19.39
28834 18.93
26340 17.60
23358 19.23
19148 19.26
40098 18.46
22628 18.56
25766 19.34
19678 19.84
33320 19.07
25707 18.31
29388 18.82
26702 18.25
