20885 23.29
8049 24.71
24252 19.75
29198 17.24
30123 18.98
27726 16.86
29930 17.06
28507 16.32
31126 17.97
26604 17.03
29162 17.08
27438 16.40
25549 18.46
17427 18.31
23814 17.76
20654 17.19
40049 17.18
22328 16.72
26138 16.11
19000 16.41
29158 16.16
28356 15.16
29226 15.68
16454 17.13
29740 16.41
27889 15.49
23194 16.70
18277 16.70
28507 16.33
28319 15.21
29448 15.68
28694 15.22
42749 16.36
21706 16.26
22846 16.55
20156 16.18
28883 15.90
17472 16.52
27684 15.59
18754 16.37
29917 15.61
28924 14.74
30903 14.95
30402 14.53
32786 15.37
27571 15.24
32110 15.30
29512 15.11
42020 16.39
21704 16.38
24589 16.48
18360 16.72
30718 16.19
28460 15.27
30445 15.68
29350 15.26
32585 15.97
27173 15.77
19797 17.83
18727 17.49
30988 16.65
27021 15.97
20376 17.52
19374 17.33
42911 16.85
20527 16.58
25479 16.28
20111 16.29
27554 16.48
28597 15.57
29842 15.96
29431 15.48
25346 17.38
27083 16.02
28371 16.54
28689 16.10
30374 17.13
26382 16.33
29713 16.68
28377 16.35
39455 17.55
21884 17.49
23976 17.55
19442 17.46
28749 16.96
17520 17.73
26884 16.80
19915 17.57
30737 16.91
28338 16.09
31378 16.32
30409 15.97
32805 16.82
27128 16.64
31734 16.88
28494 16.79
39505 18.12
22279 18.24
24965 18.94
19606 19.31
31325 18.64
26402 17.86
24216 19.37
25898 17.92
30083 18.93
25529 17.74
24068 19.12
25985 17.56
27308 19.10
25639 17.77
23408 19.08
19889 19.12
40509 18.38
22749 18.57
26249 19.26
19831 19.77
33600 18.97
26108 18.26
29822 18.70
27277 18.12
