21317 23.12
8428 24.45
24834 19.59
30245 17.00
30684 18.88
28211 16.71
30789 16.98
29789 16.11
31809 17.88
27248 16.93
30688 16.88
29174 16.18
33246 16.99
27768 16.30
21640 18.13
19789 17.37
41569 16.93
22455 16.63
27072 15.99
19862 16.22
30111 16.03
28470 15.13
29795 15.60
16787 17.02
31449 16.18
28462 15.34
23942 16.60
18893 16.52
28999 16.15
28418 15.21
29542 15.68
29335 15.15
44417 16.16
24216 15.89
26992 15.86
18312 16.46
30224 15.76
17798 16.48
27684 15.63
19077 16.32
30251 15.55
29283 14.64
31157 14.91
31368 14.40
32627 15.37
29637 14.93
33118 15.17
31264 14.92
42230 16.36
22009 16.30
24812 16.39
19182 16.55
31569 16.08
29482 15.18
31404 15.52
30142 15.12
32984 15.89
28167 15.65
19792 17.72
19590 17.33
31811 16.47
27864 15.84
20611 17.34
20457 17.15
44006 16.65
21136 16.43
26355 16.10
20334 16.19
28092 16.40
29993 15.36
31145 15.74
30258 15.41
32739 16.08
28832 15.62
32096 15.87
30503 15.77
34058 16.34
26767 16.21
21154 18.30
19290 18.07
40532 17.36
23727 17.07
26838 16.94
20209 17.24
29661 16.81
18123 17.56
27452 16.75
20376 17.40
31794 16.75
29433 15.93
32088 16.22
31420 15.83
33524 16.69
27950 16.51
32814 16.76
29073 16.68
40828 17.90
22987 18.12
25547 18.80
20171 19.08
32740 18.40
26793 17.76
24818 19.17
26546 17.73
30711 18.75
26001 17.57
24755 18.89
18301 19.18
30976 18.35
27479 17.34
23952 18.99
20238 18.99
41744 18.19
23795 18.29
26632 19.16
20751 19.48
34561 18.79
26636 18.18
30577 18.58
27934 17.99
