21721 22.97
8589 24.31
25007 19.51
30865 16.89
31247 18.72
28660 16.59
31577 16.76
30088 16.07
32033 17.77
28713 16.76
31002 16.84
28592 16.25
26107 18.34
18076 18.13
24816 17.47
21380 17.04
42161 16.84
23533 16.49
26799 16.01
20626 16.17
29980 16.04
28724 15.11
30620 15.47
17060 16.99
31716 16.16
29158 15.23
23946 16.51
19106 16.50
29098 16.14
29117 15.10
30446 15.54
29713 15.05
45243 16.03
24345 15.84
28128 15.71
18095 16.49
31227 15.65
17626 16.52
27917 15.61
19117 16.32
30875 15.46
29607 14.58
31293 14.86
31697 14.34
33305 15.28
29988 14.88
32876 15.21
31497 14.87
45919 15.79
23384 16.04
30510 15.62
26760 15.42
28815 16.43
27877 15.42
29559 15.80
29538 15.24
31085 16.23
28431 15.59
20876 17.58
20117 17.26
30775 16.65
29589 15.62
29948 15.98
31623 15.48
44293 16.62
22062 16.30
24137 16.40
20255 16.27
28117 16.35
29146 15.46
22271 17.15
19488 17.08
32511 16.15
29665 15.50
32122 15.86
31402 15.67
34879 16.27
28045 16.07
32546 16.19
30157 16.02
43100 16.92
24860 16.89
29254 16.56
17954 17.75
31430 16.49
18008 17.53
28258 16.60
20465 17.40
32842 16.50
28944 15.98
32096 16.14
31852 15.79
34268 16.56
28009 16.49
32747 16.78
29580 16.61
41240 17.81
23266 18.07
26327 18.72
20238 19.14
32947 18.30
27185 17.71
25146 19.10
26869 17.67
31115 18.71
26360 17.55
25215 18.82
27333 17.29
28472 18.87
26971 17.53
23901 19.08
20416 18.97
42284 18.08
23798 18.27
26978 19.04
21096 19.42
34913 18.75
27091 18.10
30836 18.52
28377 17.90
