3792 40.57
1114 41.18
2995 36.84
3632 33.31
3504 36.70
3184 33.30
3219 34.38
2234 35.06
3883 34.60
2469 34.16
3663 33.05
2311 34.61
4235 32.53
2239 34.04
3689 32.38
2342 31.49
4113 35.17
3314 30.45
3769 30.61
2483 31.50
3783 31.42
2218 32.81
3573 31.12
2629 31.84
4175 31.28
3512 28.46
3450 30.18
2333 30.59
4222 29.50
3644 29.01
3682 31.95
2270 32.09
5044 32.52
2674 31.56
3239 31.55
3036 30.98
3570 32.00
2492 31.03
3543 30.10
2637 31.46
4159 29.96
3668 28.31
3376 31.77
2497 31.96
4470 29.87
3544 27.86
3317 30.93
2615 30.80
5582 31.21
2501 30.33
3635 30.30
2933 28.57
3870 30.56
3709 28.30
4123 29.28
3830 28.70
4518 30.44
3617 29.66
3504 32.36
3522 30.32
4342 32.98
3462 29.51
3395 31.13
3511 29.48
5622 32.32
2318 32.32
3459 30.97
2861 31.31
3608 31.99
2619 33.76
3911 31.49
3861 28.93
4225 32.50
3675 29.34
4305 29.80
4042 28.72
4532 31.38
3750 30.03
4357 30.40
3933 30.30
5784 32.49
2523 33.15
3457 32.75
2886 33.35
3879 33.09
2568 33.86
3845 32.92
3806 30.54
4260 33.30
3552 29.79
4014 31.68
3738 30.29
4309 33.36
3703 31.72
4569 32.11
3795 31.46
5928 32.79
2805 33.36
3950 34.23
2827 34.06
4549 34.25
3714 32.32
3876 34.18
3779 32.28
4564 34.87
3454 32.27
3583 33.81
2385 34.06
4470 33.19
3695 32.28
3730 33.66
2586 34.21
6142 33.27
2636 34.01
4265 34.68
2942 34.55
5010 35.73
3417 33.82
4222 34.87
3661 33.06
