4224 39.07
1281 39.50
3547 35.50
4330 32.09
3976 34.96
3915 31.82
3718 32.97
2707 33.04
4663 33.16
2894 33.15
4349 31.81
2724 31.96
5045 30.89
2674 32.82
4576 30.46
2759 30.39
4917 33.39
3712 29.41
4156 29.53
2996 29.38
4398 29.82
2769 31.94
4441 29.65
2897 30.01
5099 29.46
3985 27.21
4173 28.33
2776 29.16
5116 28.30
4292 27.11
4338 29.59
4069 27.48
5991 30.74
2959 30.40
3819 30.03
3559 28.99
4234 30.57
3048 28.92
4209 28.19
2960 29.67
5134 28.72
4352 26.39
3951 29.07
3094 31.15
5220 28.68
3999 26.60
4066 29.14
3092 28.44
6603 29.82
3034 28.83
4230 28.88
3475 28.58
4576 29.43
4440 26.85
4813 28.28
4617 26.90
5257 29.00
4380 27.59
4179 29.75
4173 28.71
5090 31.20
4138 28.02
4085 30.59
4158 27.90
6982 30.29
2565 30.57
4054 29.45
3499 28.80
4198 30.70
4618 27.47
4353 30.29
4272 27.75
5052 30.04
4249 27.85
4326 30.33
4567 28.05
5366 30.10
4349 28.55
5015 29.39
4563 28.91
7051 30.79
3028 31.54
4107 31.24
3464 31.02
4758 31.55
3077 32.29
4644 31.63
4349 29.22
5195 31.70
4197 28.82
4905 29.91
4292 29.14
5108 31.53
4415 29.74
5394 30.58
4537 30.01
6850 31.42
3437 31.84
4481 33.28
3360 33.23
5426 32.95
4385 30.84
4570 32.98
4637 30.70
5298 33.44
4087 31.04
4172 32.72
2789 32.71
5273 32.16
4450 30.49
4311 32.10
2955 32.09
7354 31.47
3132 32.53
5086 33.29
3542 33.10
5998 34.13
4027 32.03
4972 33.21
4517 31.71
