5386 36.10
1718 37.79
4870 32.66
6553 28.61
6731 31.15
5380 28.46
5015 29.98
3969 29.58
6420 30.00
4052 29.48
6089 28.75
3899 28.69
7230 28.05
3506 28.97
6218 27.60
4027 27.07
7004 29.97
5361 26.05
6084 26.45
4024 25.90
6504 26.88
5989 24.67
5664 27.05
4020 26.68
7099 26.74
5734 24.56
5849 25.78
3663 26.07
7063 25.51
6081 24.44
5831 26.21
3895 27.27
9097 27.45
4080 26.68
5573 26.67
5387 25.10
5973 27.34
4129 26.14
5995 25.35
4295 25.90
6950 25.97
6335 23.48
5625 25.41
5874 23.96
7271 25.71
5640 23.91
5662 25.70
4022 26.07
9428 27.00
4366 26.24
5807 26.41
5097 24.52
6538 26.84
6192 23.97
6781 25.39
6505 23.89
7346 26.45
6231 24.25
5508 27.11
6119 25.21
7014 27.85
5945 25.24
5471 27.37
6048 25.09
9510 27.78
3920 27.48
5955 26.42
4819 26.02
6009 27.33
6376 24.79
5868 26.89
6249 25.14
6771 27.19
6354 25.03
7125 25.74
6628 24.79
7402 27.04
6135 25.52
7074 26.53
6412 26.07
10010 27.79
4263 28.92
5846 28.12
4805 27.73
6939 27.83
3968 29.61
6393 28.42
4331 28.91
7652 27.88
5906 26.13
6110 28.37
6120 25.98
7951 27.48
6408 26.16
7595 27.15
6509 26.58
10078 28.07
4397 29.51
6502 29.95
4756 29.34
7841 29.76
6266 27.63
6262 30.02
6378 27.69
7956 29.68
5694 27.62
5899 29.33
3754 29.96
7520 28.92
6143 27.73
5899 29.70
4186 29.65
10022 28.69
4448 29.62
6822 30.06
4858 30.58
8215 31.05
5899 28.95
7032 29.98
6377 28.38
