11687 32.73
323 35.59
2734 33.30
3949 30.33
4709 28.46
5300 28.77
5493 29.17
3903 29.27
3831 28.99
5032 28.29
3554 27.90
3487 27.76
4576 26.99
3865 27.41
4516 26.76
3551 26.47
4588 26.20
4462 25.71
4586 25.77
4687 26.31
4359 25.81
3868 25.60
5132 25.55
4595 26.33
4631 26.87
5514 26.92
3930 27.10
5270 27.27
3635 26.99
4258 26.93
4811 25.88
4636 26.68
12221 32.18
1323 31.17
2865 29.91
3786 28.85
4226 28.67
5353 28.27
4712 28.33
5057 27.97
3964 28.68
3926 28.06
3483 27.49
3719 27.84
4576 27.25
4578 27.95
4478 26.91
5007 28.60
6204 28.28
4509 28.77
3751 28.35
4573 28.28
5646 28.65
5236 28.98
4279 28.88
4114 28.78
4123 28.22
4870 27.87
5024 28.45
5144 28.09
5252 28.70
5274 29.57
4432 29.17
4531 29.58
9171 34.90
1887 35.52
1647 34.17
2655 31.05
4318 29.29
4399 28.67
5179 28.10
3466 29.44
3664 29.47
4227 27.47
4033 26.92
3874 29.28
5031 28.28
5013 29.16
5029 29.06
4162 28.98
4502 29.45
3011 29.39
5834 28.35
4822 29.61
4716 28.36
3968 28.52
4648 29.20
5989 29.16
4120 29.74
5087 29.29
4876 28.90
4099 29.72
4517 29.49
3447 29.29
4344 29.26
4570 29.19
12431 32.46
2083 31.71
2001 32.09
2756 30.01
4935 29.53
5098 29.53
2345 29.18
4243 28.32
3919 27.75
4579 27.75
4176 28.44
4682 27.73
3981 27.41
4619 26.46
4248 27.15
4019 28.53
4403 27.26
4440 28.17
4618 27.39
4598 26.83
4386 26.76
4193 27.84
4671 28.60
4207 27.61
4259 28.33
4880 27.38
4541 28.30
5093 28.49
4710 28.35
3529 28.08
4632 27.14
5384 27.25
12472 33.02
1023 32.69
2215 32.19
4020 30.39
4175 29.27
3888 28.99
3890 28.32
3717 28.15
4438 27.53
4439 27.52
4817 27.17
4567 27.74
5170 28.61
6192 29.50
4342 29.72
3035 29.27
4567 28.93
6134 29.22
3966 30.11
3324 29.33
4757 28.36
4450 29.12
5253 29.70
4271 28.33
5109 28.80
4062 28.56
4808 28.24
4204 28.14
5218 27.92
5413 28.55
3982 28.67
3760 28.39
12278 32.97
1162 34.51
1609 32.97
3527 31.27
4920 30.48
4746 30.18
3571 30.22
4683 29.14
4408 29.48
4335 29.20
4672 28.59
4074 29.08
4326 29.23
4329 28.55
4347 29.53
5199 28.97
3640 29.98
4257 29.79
4309 29.06
4690 28.74
4660 29.55
4969 29.59
4294 29.57
4403 29.88
4547 29.21
4634 29.32
5140 29.87
4819 30.18
4669 30.71
4452 30.05
4077 29.38
4722 29.50
12667 33.64
1009 36.59
3488 33.82
2763 33.58
3771 32.08
3519 31.69
4355 30.85
4404 30.13
4345 30.40
4292 29.90
3820 29.91
4438 29.82
4865 29.80
4184 29.41
4286 29.05
4515 28.58
4133 29.89
5438 30.29
4736 29.86
4064 29.59
3884 29.49
4536 29.56
4753 29.09
4661 29.93
4678 29.87
4747 29.70
5328 29.71
4679 30.20
4889 30.07
4574 29.87
3797 29.96
4302 29.65
12732 34.48
896 36.39
2008 33.35
3510 32.37
4302 32.25
4323 31.85
3822 31.17
4363 30.42
4969 30.62
4485 30.21
4048 29.88
4652 30.03
4426 30.39
4784 30.92
4633 30.41
4442 30.55
4464 30.58
4720 30.09
4709 29.47
3759 29.48
4320 29.79
5371 29.86
4389 30.17
4718 29.50
4204 29.71
4581 29.61
4695 30.38
5102 29.97
3666 29.55
4873 29.69
5329 29.70
4181 29.87
12465 35.08
822 34.74
2566 33.71
2841 33.57
4735 31.47
3736 31.67
3913 31.22
4320 30.42
4355 30.19
4801 29.56
3902 30.40
4878 30.01
4336 29.94
4260 30.07
4697 29.58
3473 30.30
4685 30.54
5172 30.71
4588 30.91
4745 31.20
4223 31.20
4832 31.62
4880 31.08
4122 31.59
4697 31.72
4778 31.87
3985 32.04
4207 31.96
4620 31.05
4563 31.15
4969 30.75
4555 31.10
12950 35.21
545 37.13
2211 35.28
3443 34.23
3989 33.01
4248 31.83
4351 31.30
4794 30.15
3681 30.82
4269 30.89
5046 30.41
4665 31.04
