12615 31.94
607 36.01
3084 32.21
4865 28.57
3709 28.69
5295 28.27
5747 28.51
5226 28.75
4509 28.03
4275 27.78
4694 26.87
3957 26.71
5445 26.16
3692 27.01
4991 26.11
4111 25.61
5292 25.33
4613 25.38
5263 25.15
4747 25.75
5236 24.91
3513 25.87
5572 24.43
4958 25.60
5755 25.82
5325 26.34
4604 25.95
5831 26.48
4058 26.31
5084 26.15
4789 25.67
5232 25.59
12787 31.68
2190 30.71
2962 29.41
3322 28.54
4435 27.96
5539 27.57
5557 27.55
5222 27.45
4764 27.30
4493 27.00
3741 26.79
4019 26.91
4350 26.75
5866 26.86
3947 27.13
5855 27.55
6890 27.84
4477 27.98
4570 27.14
5183 27.51
6263 28.07
6054 28.55
5107 28.65
4128 27.97
4048 27.23
5045 27.58
5559 27.85
5251 27.45
5425 28.10
5693 28.34
4567 29.12
4536 28.67
10785 33.59
1678 34.48
3561 30.64
2693 30.81
4229 28.03
5411 27.57
4146 27.58
4751 28.14
4248 28.29
4130 26.92
5062 26.45
4360 27.87
5826 26.98
5051 28.87
5985 28.20
4105 28.15
5430 28.86
4174 27.78
6554 27.79
4887 29.13
5307 28.20
4653 27.40
4741 28.63
6103 28.85
5176 29.42
4906 28.64
5141 28.46
5217 28.89
5205 28.32
3365 28.95
5166 28.46
5132 28.44
12396 32.49
1499 32.28
2666 30.80
3376 30.17
4725 29.44
5030 28.24
3743 28.24
4313 27.41
4248 27.26
4533 27.07
4956 27.41
5409 26.36
3192 27.54
4600 26.53
4886 26.31
5047 27.83
4366 26.72
4810 27.24
4889 26.33
5210 26.31
4357 26.08
4566 27.36
5317 27.17
4491 26.00
5333 27.22
4712 26.58
5478 27.70
5311 28.17
5332 27.85
3993 27.51
4946 26.89
5515 26.86
13795 32.06
861 32.66
3314 31.22
3213 30.31
3641 29.38
4549 28.61
4763 27.47
4750 26.62
4338 27.21
5068 26.79
4962 26.62
5033 27.10
5891 28.02
6290 29.03
4581 28.96
3418 28.03
4721 28.23
6533 28.78
5137 29.03
3264 28.76
5007 27.12
5077 27.86
5389 27.96
5091 27.62
5641 27.53
4075 26.96
5726 27.65
4542 27.07
5706 27.21
5959 28.23
4525 27.69
4047 27.76
13683 31.91
943 34.39
1770 33.21
4353 30.40
4943 30.10
5162 29.39
4074 29.48
4958 28.66
5025 28.07
4772 28.48
4689 28.48
4745 28.92
4629 28.36
4688 27.79
4978 29.28
5472 29.08
3925 29.37
4759 28.52
4558 28.57
5272 28.18
4887 28.49
5691 28.61
4538 29.00
5007 29.11
4554 28.76
5323 28.41
5753 29.21
5417 29.58
5192 29.77
4694 29.36
4413 28.99
5269 28.86
13277 33.15
1323 35.96
3324 33.91
2892 33.37
4259 31.63
4548 30.55
5634 29.44
4166 29.57
4405 30.05
4730 28.80
4621 28.92
4666 29.30
5222 29.04
4847 28.41
4369 28.46
4805 28.09
4743 29.09
5791 29.26
5399 29.40
4308 28.61
4319 28.85
5181 28.45
4939 28.78
5296 29.56
5317 29.40
5158 28.79
5457 29.41
5679 29.42
5280 29.57
3449 30.01
4496 29.56
4772 29.06
14289 33.35
1002 35.33
2270 32.63
3506 32.60
5039 31.70
4691 30.88
4293 30.68
4635 30.28
5965 29.85
4897 29.84
4353 29.86
4921 29.36
5420 29.53
4731 30.56
5025 30.12
4624 30.05
5230 29.95
4735 29.76
5167 28.71
4167 28.64
4747 29.15
5295 29.59
5382 29.29
4473 29.45
4697 29.09
5458 28.70
5019 29.91
4714 29.57
4662 28.86
5087 29.45
5586 29.19
4623 29.32
13869 33.89
784 34.22
2142 33.63
3972 32.44
4046 31.61
4883 30.85
4667 30.16
4892 29.56
4264 29.55
4953 29.24
4609 29.71
4910 29.69
5031 29.40
5070 29.44
4333 29.35
4833 29.57
5531 29.47
5136 30.56
5022 30.52
5030 30.54
4585 30.66
4972 30.99
5319 30.80
4986 30.57
5631 30.65
5661 31.02
4908 31.00
4117 31.39
4865 30.93
4852 30.79
4669 30.74
4708 30.59
14227 34.22
704 36.44
2344 34.45
4798 32.78
3533 32.76
4808 31.14
4625 30.57
4702 29.81
4371 29.73
4706 30.25
5155 30.48
4913 30.34
