7401 36.93
207 40.35
1419 37.27
2941 33.36
2839 32.73
2984 32.96
2397 33.05
2586 32.96
2590 31.36
2776 30.92
3002 30.49
2387 30.82
2686 30.66
2386 30.16
2910 29.18
2641 29.47
3267 28.65
1998 29.80
3001 29.25
2652 29.79
3029 28.80
2966 28.74
2667 29.48
2887 29.59
2385 30.03
3323 29.45
2295 29.99
3235 30.51
2905 29.66
2434 30.21
3331 28.63
3162 29.51
7794 36.51
1175 35.64
1496 33.74
2097 33.02
2514 32.27
3416 31.50
2757 31.90
2585 31.99
3139 30.93
2150 31.27
2014 30.47
2885 30.36
2540 30.68
3145 30.61
2905 29.44
2738 31.54
3561 31.58
2745 30.54
2259 30.93
3256 30.58
3049 31.25
3466 31.70
2600 32.05
2244 31.63
3013 30.65
2542 31.60
3486 31.52
3236 31.29
3031 31.44
3299 31.96
3042 32.14
3039 31.97
6709 37.76
848 37.98
1779 36.41
1846 35.49
2454 32.93
2504 32.64
2704 31.63
2346 32.53
2999 32.21
2681 30.67
2390 30.17
1939 32.64
3278 30.96
2874 32.64
2696 32.76
2744 31.34
2388 32.73
2696 31.27
3068 31.91
3381 31.86
2382 31.70
3236 30.45
2317 30.96
3576 31.64
2687 31.65
2803 32.47
2793 31.82
3209 31.13
3053 31.72
2472 31.37
2910 31.68
3188 31.52
7960 36.53
1729 35.48
1642 35.03
2010 33.82
2231 33.83
2389 32.77
3194 31.89
2118 31.65
2634 30.98
2680 30.90
2747 31.77
2728 30.75
2527 30.75
2591 30.23
2820 29.99
2244 31.58
2780 30.99
2078 31.64
2881 30.57
2893 30.09
3061 30.31
2375 31.08
2800 31.63
2781 30.31
2498 31.20
2809 29.26
2711 31.03
3056 31.39
3092 31.14
2436 31.16
2831 30.51
3279 30.32
8172 36.84
509 36.16
1801 35.16
2210 34.06
2901 32.63
2713 31.72
2623 31.62
2170 31.39
2690 30.78
3035 30.48
2899 30.11
2534 30.95
2952 32.08
3456 31.41
2353 32.33
2776 31.47
2978 31.57
3356 31.83
2174 32.73
3052 31.62
2636 31.32
2887 31.37
2866 31.92
2834 31.83
2794 31.45
2808 30.91
3094 30.85
2502 31.58
3334 30.83
3218 30.94
2733 31.18
2656 30.73
8156 36.65
444 37.30
1039 36.79
2222 35.43
2756 34.48
3511 32.52
2841 32.91
2482 32.76
2936 32.55
2699 32.75
2353 33.12
2720 32.06
2827 32.63
3021 31.70
2389 32.44
3186 32.06
2213 32.73
2916 32.69
2765 32.62
3086 31.83
2777 32.26
3053 33.00
2957 31.95
2730 32.75
2671 32.07
2958 31.98
2896 32.67
2958 33.23
2907 33.33
2830 33.01
2944 32.52
2898 32.57
8359 37.37
582 38.64
1435 37.96
2284 35.90
2306 35.35
2530 34.67
3064 33.87
2857 33.30
2434 33.72
2752 33.11
2391 32.93
2773 33.32
3065 32.69
2957 32.00
2098 32.32
2810 32.00
2536 33.01
3197 33.46
3225 33.16
2616 32.51
2500 32.54
3030 32.29
2676 32.24
2950 32.97
3146 32.57
2894 32.80
3190 32.46
2667 33.29
3011 32.98
3022 32.97
2945 32.11
3137 31.91
7734 38.81
540 39.05
2027 36.48
1895 35.43
3048 35.50
2401 34.86
2216 34.16
2795 33.71
2771 33.94
2911 33.36
2954 32.99
2263 33.40
2845 33.36
2508 33.97
2891 33.30
2857 33.02
3078 33.35
2670 32.86
2922 32.37
2669 31.98
2610 32.48
2708 32.85
3297 32.74
2683 32.73
2812 32.28
2776 32.58
3128 32.85
2785 32.80
2765 32.18
2794 32.71
3195 32.44
2593 32.58
8458 38.40
864 38.13
1626 36.95
1667 36.36
2233 35.31
2509 34.80
2757 34.10
3139 33.60
2404 33.29
2608 32.94
2671 33.22
3034 33.02
2721 32.63
3163 32.79
2271 33.17
3010 32.57
2272 33.85
2746 33.99
3135 33.52
2629 34.07
2811 33.61
2674 33.98
3230 33.65
2888 33.47
2729 33.66
3300 34.11
2654 34.19
2914 33.87
3052 33.32
2448 33.75
3241 33.18
2891 33.52
7933 39.23
471 40.00
1983 37.38
2118 36.76
1932 36.69
3265 34.37
2843 34.34
2260 33.87
3050 33.12
2271 33.82
3144 33.31
2433 34.09
