6402 35.62
1092 36.84
5583 31.18
9568 31.12
6842 31.22
5140 30.74
7148 30.26
7863 29.56
8011 30.17
7619 29.11
7375 30.89
6702 29.54
9168 30.98
5819 30.10
7892 30.34
6995 29.91
9626 33.48
5196 31.34
6800 31.84
5155 31.84
7091 32.28
5045 32.10
7367 31.61
7295 30.58
8955 31.82
7564 31.26
9100 31.59
6753 30.93
8660 32.44
6151 31.15
10258 34.38
8023 34.04
8887 33.66
4598 32.89
6743 32.74
5860 32.99
8008 33.71
6419 32.28
6507 33.81
4694 33.69
8240 33.47
6779 31.80
6996 33.33
6850 31.66
7762 33.46
6339 32.14
8209 32.77
7248 31.95
10853 33.55
5637 33.42
8001 33.87
7612 33.51
9208 36.76
7157 35.47
7548 35.90
7753 35.00
7612 36.40
6020 34.58
6824 36.26
3906 36.37
7921 35.74
5969 34.15
6099 35.74
5083 35.54
11026 35.21
4821 34.98
7228 34.74
4929 34.26
7830 34.57
7352 33.70
7106 34.20
5265 34.69
10065 36.53
7277 35.93
8161 35.65
10018 36.91
7690 35.76
4363 34.80
6620 34.88
8538 34.62
10945 33.12
4775 33.86
7418 33.16
4523 34.55
8894 34.02
7629 33.63
7769 34.33
8014 34.47
8594 33.25
4026 34.16
7111 32.19
5283 32.66
7931 32.29
7361 32.41
7288 32.46
4852 33.50
11405 31.39
7032 31.91
8121 32.89
7330 33.19
8941 32.47
5382 32.23
7614 32.97
7101 31.79
8717 33.12
6484 31.88
6968 33.05
4354 33.01
8112 32.91
6933 31.35
11390 35.18
7303 34.45
9553 31.87
6978 32.85
8133 32.38
6673 32.23
8726 34.27
6849 32.97
7409 34.28
6456 32.63
8373 34.36
5745 32.86
6928 34.12
4253 34.51
8058 33.95
7170 32.51
7857 33.35
7655 32.72
11245 32.65
5700 33.16
8156 32.99
4411 34.94
9041 33.75
6461 32.41
7009 33.45
6875 32.11
8619 33.61
6482 32.56
8651 33.62
6704 32.71
9260 34.11
6478 32.88
6885 34.43
4486 34.63
11046 30.70
6185 32.10
7236 32.34
5070 32.59
8960 31.82
6006 30.69
