7305 34.38
1187 35.83
6590 30.05
11273 29.95
8010 30.09
5926 29.74
8555 29.18
9184 28.55
9044 29.24
8863 28.14
8334 30.05
7553 28.69
10590 30.04
6882 28.88
9162 29.36
8068 29.03
11279 32.14
5976 30.40
7797 30.95
5799 30.85
8269 31.02
5885 31.00
8511 30.67
8424 29.51
10662 30.69
8461 30.24
10542 30.66
7605 30.02
10153 31.46
7060 30.05
11905 33.09
9690 32.73
9945 32.79
5405 31.89
7758 32.00
6683 31.91
9238 32.73
7468 30.95
7449 32.68
5496 32.46
9553 32.45
7973 30.61
7803 32.47
7677 30.67
8991 32.36
7395 31.08
9616 31.59
8152 30.94
12386 32.46
6791 32.32
9590 32.66
8876 32.27
10576 35.59
8227 34.28
8984 34.69
9026 33.90
8746 35.21
6993 33.56
7984 35.07
4601 35.45
9091 34.63
6917 33.18
7057 34.70
5843 34.44
12116 34.47
5810 33.63
8202 34.00
5749 33.31
8908 33.77
8432 32.90
8295 33.16
5929 33.85
11255 35.52
8409 34.70
9215 34.39
11146 35.91
8780 34.63
4506 34.40
7729 33.71
9860 33.53
12202 32.21
5806 32.69
8425 32.16
5259 33.43
9918 32.97
8829 32.47
8755 33.19
9323 33.13
9930 32.06
4869 32.82
8138 31.18
5989 31.58
8999 31.24
8467 31.11
8293 31.27
5732 32.03
13046 30.27
8233 30.91
9481 31.74
8142 32.37
9142 32.42
6956 30.75
8286 32.05
8207 30.89
9278 32.34
7597 30.73
7961 31.89
5016 31.90
9140 31.61
8104 30.23
13199 33.73
8386 33.27
10760 30.79
8325 31.61
9372 31.16
7598 31.13
10045 33.12
7805 31.80
8226 33.23
7671 31.28
9596 33.17
6809 31.66
7954 32.77
5000 33.46
9221 32.71
8258 31.52
9065 32.16
8838 31.67
13021 31.43
6699 32.07
9371 31.85
7591 31.49
9840 32.98
7580 31.46
7799 32.39
7981 31.19
9447 32.75
7625 31.51
10099 32.64
7659 31.76
10401 32.88
7594 31.77
8086 33.33
4934 33.77
12863 29.51
7137 30.97
8420 31.16
5901 31.57
10117 30.75
7199 29.75
