8576 32.89
1535 34.39
8076 28.80
13123 28.84
9623 28.82
7133 28.61
9947 28.12
10985 27.48
10866 27.99
10406 27.23
9693 29.05
9139 27.46
12303 28.90
7935 27.93
10909 28.31
9479 28.15
13409 30.72
7138 29.44
8995 29.79
6938 29.66
9682 30.05
6926 29.69
10137 29.49
9799 28.49
12042 29.76
9956 29.27
12248 29.44
9135 28.96
11740 30.37
8278 28.95
13808 31.85
10739 31.77
12488 30.97
6596 30.54
9460 30.71
7739 31.10
11416 31.18
8600 29.75
8879 31.52
6192 31.43
11832 30.93
8867 29.80
9097 31.13
9101 29.50
10594 30.98
8699 29.86
11462 30.41
9537 29.75
14614 31.08
8015 31.31
11364 31.70
10074 31.41
12423 34.20
9499 33.10
10542 33.50
10635 32.66
10351 33.79
8409 32.25
9187 33.81
5474 34.15
10796 33.36
8208 31.82
8375 33.32
6840 33.24
14656 32.72
6807 32.54
10039 32.20
6867 32.01
10546 32.38
9951 31.57
9651 31.94
7150 32.71
13700 33.88
9922 33.31
11141 33.06
13693 34.18
10216 33.38
6095 32.33
8991 32.63
11514 32.31
14640 30.56
7025 31.39
10338 30.88
6081 32.38
11587 31.70
10482 31.23
10298 32.07
10828 31.87
11190 31.15
5793 31.49
9387 30.12
6884 30.44
10385 30.09
10021 29.96
9636 30.14
6785 30.99
15148 29.09
9828 29.66
11236 30.35
9729 30.96
11924 30.19
7882 29.46
9841 30.72
9713 29.63
10999 31.05
9146 29.52
9418 30.63
5843 30.84
10650 30.44
9690 29.06
15678 32.26
10120 31.66
12325 29.71
9833 30.39
10506 30.28
8656 30.12
11640 31.88
9295 30.55
9766 32.04
9122 30.15
11214 31.96
8023 30.43
8961 31.79
6045 32.05
10278 31.38
9804 30.24
10588 30.99
10428 30.42
14808 30.33
7999 30.79
10630 30.62
6301 32.31
11871 31.40
8930 30.13
9291 31.00
9452 29.94
11514 31.30
9213 30.04
11700 31.41
9157 30.39
12353 31.52
8965 30.51
9081 32.26
6014 32.26
15548 28.18
8429 29.71
9671 29.99
7069 30.21
11966 29.40
8693 28.50
