9571 31.99
1741 32.90
9333 28.00
14699 27.96
10533 28.23
8398 27.88
10827 27.57
11656 27.07
12051 27.43
12089 26.47
13731 27.07
10128 26.49
13338 28.47
8859 27.17
12028 27.74
10653 27.42
15219 29.78
7637 28.70
10247 28.88
7419 28.91
11414 28.96
7548 29.16
11423 28.71
10917 27.90
13946 28.69
11246 28.50
13509 28.87
9894 28.16
13007 29.59
9487 28.16
14972 31.18
11996 31.12
14137 30.01
7402 29.66
11060 29.76
8374 30.42
12544 30.48
9713 28.99
9541 30.73
7522 30.48
12730 30.27
10055 29.11
10039 30.56
10124 28.97
11821 30.33
9818 28.87
12166 29.99
10789 29.09
16408 30.18
8979 30.63
12309 31.04
11051 30.58
13801 33.34
10373 32.44
11631 32.66
12002 31.64
11668 32.93
9526 31.50
10385 32.97
6039 33.26
12061 32.55
9198 30.99
9182 32.60
7695 32.39
16824 31.54
7831 31.57
11541 31.37
7362 31.46
12272 31.20
10953 30.87
11293 30.76
8011 31.87
15108 33.12
10927 32.49
12396 32.18
14445 33.61
11272 32.52
6181 32.11
10467 31.78
12682 31.44
16380 29.64
8116 30.56
11788 29.99
6864 31.63
12722 31.13
11697 30.40
11249 31.34
12081 31.08
12397 30.38
6464 30.64
10453 29.43
7823 29.71
11457 29.46
11280 29.11
10713 29.34
7584 30.37
17118 28.21
10932 28.86
12356 29.63
10958 30.12
13314 29.22
8920 28.73
10841 30.03
10623 28.87
12538 30.20
10054 28.76
10307 29.90
6681 29.90
11886 29.65
10768 28.24
17024 31.53
11090 30.88
13917 28.85
11005 29.58
11568 29.52
9808 29.39
12828 31.09
10320 29.67
11125 30.80
10165 29.25
12187 31.05
9215 29.48
10234 30.86
6783 31.45
11858 30.69
10879 29.42
12024 30.01
11529 29.51
16887 29.30
9239 29.83
11823 30.06
10396 29.30
12315 31.11
10266 29.26
9632 30.68
10400 29.14
11721 31.07
10226 29.48
12591 30.71
10412 29.57
13080 30.96
10003 29.79
9924 31.43
6883 31.26
17198 27.42
9504 28.70
10804 29.16
7873 29.48
13454 28.75
9911 27.73
