9851 31.70
1773 32.83
9556 27.74
15191 27.67
11047 27.90
11615 26.32
10458 27.70
11536 27.12
12530 27.14
11954 26.28
10747 28.26
10624 26.57
14091 27.97
9295 26.85
12551 27.46
11240 27.05
15772 29.48
8037 28.43
10603 28.63
7702 28.90
11612 28.73
7862 28.93
11692 28.62
11291 27.65
14403 28.62
11656 28.20
13938 28.71
10215 28.00
13493 29.40
9651 27.99
16180 30.58
12878 30.58
13606 30.32
7487 29.52
10822 29.77
9076 30.12
12459 30.47
9964 28.78
9995 30.62
7703 30.21
12970 30.12
10730 28.77
10455 30.35
10525 28.57
12125 30.12
10046 28.81
12560 29.73
11249 28.96
16933 29.92
9782 30.17
12579 30.90
11425 30.47
14386 33.00
10750 32.13
11915 32.42
12181 31.52
12044 32.67
9623 31.33
10884 32.61
6219 33.18
12277 32.30
9529 30.86
9546 32.42
7981 32.22
16772 31.62
7922 31.48
11350 31.41
7882 31.12
12172 31.31
11470 30.60
11035 30.77
8573 31.59
15380 32.86
11477 32.13
12833 31.86
14792 33.41
11724 32.27
6332 31.69
10756 31.32
13171 31.18
16984 29.40
8408 30.36
12197 29.73
6981 31.46
13217 30.72
12150 30.17
11552 31.12
12395 30.89
12754 30.13
6774 30.38
10826 29.15
8186 29.52
11870 29.20
11616 28.85
11234 28.99
7845 30.00
17585 27.98
11331 28.72
12370 29.66
11224 29.93
14015 28.98
9258 28.49
11156 29.83
11079 28.61
12876 30.02
10493 28.50
10717 29.63
6614 29.89
12282 29.29
11245 28.03
17574 31.31
11434 30.68
14337 28.59
11300 29.39
12145 29.30
9893 29.11
13321 30.79
10817 29.36
11490 30.56
10440 29.11
12922 30.85
9449 29.32
10374 30.58
7116 31.15
12319 30.49
11334 29.20
11806 30.00
12138 29.30
17493 29.03
9427 29.63
12116 29.65
10661 29.04
13366 30.51
10415 29.25
10377 30.24
10869 28.96
12960 30.44
10479 29.16
13206 30.36
10546 29.32
13925 30.51
10093 29.64
10643 31.16
6815 31.26
17839 27.12
9886 28.48
11052 29.04
8266 29.14
13779 28.43
10307 27.48
