10517 31.09
1877 32.32
10477 27.28
16498 27.08
11716 27.50
12239 26.03
11265 27.28
12317 26.76
13232 26.56
13088 25.94
11472 27.89
11382 26.23
14747 27.66
10241 26.52
13333 27.14
11953 26.61
17042 28.91
8616 27.97
11540 28.16
8219 28.24
12279 28.47
8194 28.65
12336 28.30
12017 27.22
14740 28.40
12660 27.81
15018 28.13
11387 27.56
13851 29.17
10601 27.50
17195 30.12
13438 30.16
14774 29.67
7968 29.16
11448 29.29
9515 29.73
13373 30.02
10771 28.38
10657 30.07
8121 30.01
13793 29.88
11503 28.21
10994 30.02
11071 28.26
12726 29.77
10689 28.56
13456 29.32
11995 28.39
17960 29.49
10457 29.76
13406 30.40
12104 29.97
15165 32.53
11603 31.61
12949 31.86
13445 30.79
13010 32.06
10527 30.78
11545 32.22
6756 32.64
13220 31.82
10112 30.39
10332 31.79
8401 31.84
18447 30.76
8692 30.81
12775 30.68
8094 30.70
13439 30.68
11977 30.20
11923 30.30
9258 31.09
16190 32.47
12199 31.68
13642 31.39
15790 32.92
12393 31.80
6961 31.31
11472 30.98
13978 30.78
18166 28.85
9065 29.82
12989 29.32
7430 31.12
14154 30.30
12857 29.73
12261 30.62
13212 30.43
13364 29.70
7315 29.91
11682 28.77
8673 29.02
12612 28.78
12486 28.35
12045 28.61
8354 29.67
18868 27.50
12069 28.30
13567 28.93
11770 29.58
14575 28.75
9926 28.07
11872 29.44
11926 28.20
13387 29.67
11215 28.09
11272 29.23
7262 29.22
12952 28.95
12008 27.60
18471 30.90
12303 30.15
15931 27.83
12088 29.00
13236 28.76
10512 28.72
13965 30.33
11465 28.97
11565 30.44
11112 28.60
13278 30.50
10389 28.83
11292 30.12
7401 30.74
12669 30.10
11954 28.83
12791 29.43
12646 28.89
18494 28.59
10345 29.09
13090 29.27
11347 28.66
13515 30.44
11273 28.63
10418 29.96
11572 28.64
13019 30.44
11203 28.86
13832 30.09
11581 28.87
14419 30.35
11050 29.15
11277 30.80
7339 30.74
19097 26.65
10529 28.09
13807 27.43
10971 27.36
14265 28.27
10738 27.12
