11987 30.07
2310 31.29
12233 26.38
18354 26.33
13068 26.88
13792 25.41
12419 26.66
14039 26.08
14819 25.96
14687 25.35
16900 25.73
13093 25.20
15744 27.26
11703 25.86
14211 26.77
13342 26.11
19186 27.98
9741 27.30
12892 27.34
9142 27.63
14426 27.44
9122 28.03
14113 27.31
13569 26.54
17103 27.40
14371 27.04
16316 27.68
12071 27.03
15499 28.31
11854 26.72
18806 29.32
15092 29.39
16408 28.89
9343 28.11
13005 28.68
10677 29.02
14840 29.25
12149 27.55
11697 29.34
9299 29.20
15380 29.01
12672 27.63
12400 29.26
12587 27.62
14144 29.11
12208 27.58
14986 28.60
13405 27.68
21188 28.18
12601 28.73
13968 30.12
12477 29.73
17177 31.52
13478 30.59
14660 30.95
14980 30.07
14516 31.13
11703 30.01
12854 31.36
7779 31.74
14834 30.91
11411 29.52
11498 31.01
9527 30.98
20450 29.90
10206 29.94
14006 30.03
9195 30.00
15214 29.65
13941 29.20
13838 29.25
10100 30.47
18862 31.21
13979 30.63
15743 30.32
18205 31.70
14787 30.43
8482 29.94
12884 30.08
15692 29.77
20538 27.90
10485 29.01
14690 28.59
8301 30.30
15465 29.49
14036 29.15
13985 29.77
14735 29.57
15079 28.84
8498 28.95
13418 27.72
9578 28.36
14038 27.98
13929 27.62
13499 27.87
9526 28.70
21265 26.66
13808 27.55
15215 28.22
13079 28.82
16218 27.96
11111 27.26
13120 28.66
13338 27.47
15015 28.85
12707 27.27
12500 28.52
8244 28.43
14626 28.06
13782 26.63
20040 30.15
13535 29.41
18599 26.81
13552 28.16
15350 27.62
12213 27.74
16187 29.10
12418 28.32
13164 29.50
12617 27.82
14995 29.55
11724 27.96
12632 29.32
8333 29.90
14476 29.17
13447 28.02
14408 28.67
14163 28.17
20521 27.79
11604 28.31
14462 28.55
13092 27.70
14964 29.70
12712 27.81
11916 29.13
13074 27.84
14578 29.41
12761 28.01
15611 29.19
12778 28.17
16325 29.30
12612 28.37
12182 30.02
8415 29.73
21509 25.83
12096 27.21
15724 26.64
12443 26.62
15947 27.49
12214 26.43
