13207 29.35
2542 30.50
13272 25.92
19827 25.79
14246 26.43
15293 24.84
13636 26.16
15075 25.63
16196 25.52
16164 24.83
18477 25.18
14019 24.80
16826 26.80
12982 25.23
15887 26.13
14546 25.66
20756 27.38
10815 26.70
14002 26.87
9763 27.20
15493 27.02
9959 27.56
15435 26.80
14647 26.14
18499 26.86
15740 26.51
17344 27.21
13314 26.56
16310 27.88
13192 26.24
21002 28.48
17200 28.43
17076 28.59
10089 27.82
13800 28.28
11721 28.54
15844 28.81
13328 27.06
12979 28.84
9671 28.89
16516 28.56
13775 27.09
13297 28.78
13808 27.05
15208 28.68
13168 27.14
16086 28.09
14514 27.28
22046 27.93
12700 28.53
16174 29.13
14568 28.62
18490 30.83
14493 30.05
15689 30.44
15936 29.53
15534 30.66
12815 29.48
14084 30.85
8173 31.20
15998 30.46
12501 28.93
12293 30.54
10326 30.41
22194 29.30
11024 29.32
15766 29.19
9857 29.46
16416 29.10
15031 28.72
14994 28.70
10950 29.86
20103 30.66
15199 30.09
16995 29.80
19812 31.06
15758 29.92
9396 29.37
14164 29.66
16923 29.24
22246 27.31
11338 28.49
15650 28.05
9219 29.77
16667 28.97
15197 28.59
14929 29.28
15806 28.98
16367 28.27
9153 28.46
14221 27.19
10733 27.70
15891 27.14
15340 26.95
15016 27.10
10227 28.17
23220 26.07
14919 27.07
15924 27.91
13537 28.46
15483 28.42
8686 28.84
14927 27.81
14702 26.90
15705 28.46
13982 26.73
13534 27.89
8857 27.94
15838 27.67
14723 26.28
21334 29.62
14772 28.81
20262 26.23
15018 27.54
16551 27.13
13025 27.27
17637 28.47
13430 27.84
14093 29.01
13734 27.19
16289 28.97
12676 27.34
13492 28.79
9088 29.34
15501 28.69
14611 27.56
15536 28.08
15514 27.58
22975 26.96
12709 27.74
15514 27.99
14195 27.22
15899 29.24
13711 27.32
12855 28.57
14257 27.32
14994 29.23
13818 27.54
16786 28.71
14156 27.59
16995 28.86
13955 27.73
13104 29.45
9088 29.02
23370 25.33
13361 26.56
16989 26.12
13746 26.12
16829 27.15
13349 26.06
