13999 28.95
2875 30.66
13971 25.54
20701 25.49
15119 25.99
15876 24.59
14164 25.93
16094 25.32
16903 25.18
16905 24.57
19287 24.99
14894 24.54
17488 26.57
13557 24.93
16063 26.09
15534 25.39
21912 26.99
11822 26.37
14576 26.55
10038 26.95
16245 26.65
10620 27.18
16290 26.61
15462 25.80
19459 26.62
16549 26.19
18324 26.89
13924 26.24
17118 27.56
13799 25.92
21019 28.57
16821 28.56
20238 27.35
11325 27.03
15351 27.76
11651 28.35
17935 27.93
13717 26.75
13274 28.51
10663 28.27
18085 27.85
14371 26.71
13874 28.51
14503 26.72
16076 28.25
14133 26.73
16964 27.76
15396 26.98
23903 27.31
14364 27.92
16054 29.17
13947 28.88
19285 30.60
14829 29.83
16289 30.26
16480 29.33
16815 30.08
13516 29.12
14797 30.48
8721 30.82
17466 29.73
13285 28.48
12689 30.22
11124 30.06
24146 28.59
12150 28.80
16627 28.85
10303 29.25
18092 28.47
15905 28.26
16063 28.27
11329 29.65
20627 30.38
15954 29.63
17118 29.65
19809 31.01
16729 29.44
9292 29.41
14986 29.11
17664 28.90
22933 27.14
12281 28.13
16588 27.77
9612 29.49
17248 28.78
15960 28.25
15644 28.91
16623 28.64
17082 27.92
9721 27.95
15431 26.84
10992 27.53
16553 26.87
16152 26.52
15638 26.82
10657 27.99
23573 25.97
14603 27.17
17820 27.12
15979 27.46
18702 26.90
12934 26.43
14406 27.84
15263 26.74
16426 28.07
14739 26.34
14032 27.52
9632 27.65
16298 27.24
15378 26.00
22143 29.30
15383 28.46
22012 25.68
15509 27.29
17457 26.79
13521 27.03
18436 28.22
14187 27.51
14701 28.73
14509 26.79
17196 28.65
13369 27.04
13932 28.50
9663 28.96
16351 28.31
15303 27.21
16278 27.78
16344 27.21
23945 26.64
13616 27.41
16288 27.72
14269 27.18
16760 28.91
14647 27.00
13194 28.36
14957 26.99
16425 28.47
14559 27.19
17803 28.31
14693 27.24
18124 28.38
14737 27.47
13414 29.13
9807 28.60
24741 24.93
14018 26.29
17155 26.16
14014 25.97
18086 26.66
14446 25.59
