14333 28.75
2918 30.30
14441 25.42
21063 25.36
15392 25.95
16568 24.50
18103 24.72
18588 24.57
16443 25.22
17018 24.59
14055 26.61
14916 24.82
18729 26.21
13631 24.95
17119 25.69
15713 25.38
22503 26.79
12183 26.02
14960 26.36
10250 26.82
16740 26.46
10891 27.13
16453 26.47
15674 25.74
19968 26.46
16852 26.08
18582 26.72
14512 26.03
17903 27.43
14045 25.79
22040 28.10
18306 27.92
19120 27.74
11334 27.13
15590 27.66
11976 28.21
17663 28.07
14338 26.52
13462 28.44
10942 28.16
18047 27.87
14825 26.59
14250 28.33
14678 26.63
16521 28.06
14294 26.56
17460 27.66
15590 26.78
24744 27.03
14560 27.79
16112 29.12
14400 28.64
19785 30.47
15174 29.72
16676 30.09
16651 29.19
16341 30.22
13934 28.98
14972 30.37
9063 30.61
17567 29.75
13615 28.40
13264 30.04
11196 29.91
24060 28.65
11924 28.83
17248 28.67
10632 29.00
17398 28.67
16277 28.21
16208 28.16
11690 29.50
21114 30.19
16234 29.55
17584 29.45
20483 30.67
17003 29.31
9572 29.14
15221 29.00
18174 28.67
23366 27.03
12859 27.92
16807 27.68
9661 29.37
17701 28.53
16402 27.98
16026 28.70
17136 28.44
17658 27.76
10010 27.93
15487 26.77
11404 27.28
17134 26.74
16376 26.44
16001 26.64
10933 27.72
25002 25.53
16281 26.55
17708 27.20
14858 27.87
18688 26.98
12889 26.54
14920 27.71
15618 26.55
16744 27.88
15009 26.25
14558 27.41
9733 27.40
16919 27.19
15965 25.76
22600 29.15
15682 28.35
22498 25.52
15967 27.14
17808 26.62
14023 26.86
18817 28.06
14505 27.37
15070 28.57
14828 26.71
17246 28.55
13830 26.89
14752 28.30
9548 29.02
16545 28.18
15749 27.01
16850 27.58
16523 27.16
24380 26.46
13833 27.20
16448 27.61
14656 26.93
17300 28.71
14992 26.80
13796 28.12
15299 26.89
16665 28.35
14922 26.95
18004 28.14
15325 27.02
18693 28.22
14957 27.36
13979 29.06
9867 28.58
25471 24.72
14649 26.15
17364 26.03
14138 25.93
18485 26.47
14670 25.53
