16033 27.93
3321 29.04
16141 24.83
23514 24.67
16727 25.45
18173 23.88
19619 24.32
20258 24.10
18566 24.60
18610 24.07
15570 26.11
16357 24.29
20152 25.75
15412 24.41
18813 25.21
17007 24.79
24846 26.11
13615 25.59
16770 25.64
11353 26.33
18867 25.76
16973 25.23
15686 26.66
16761 25.45
22308 25.79
18045 25.65
20211 26.17
15977 25.57
18828 26.97
15636 25.31
23536 27.55
19875 27.40
21567 26.89
12603 26.49
16898 27.14
13175 27.66
19961 27.20
15701 25.98
14789 27.79
11920 27.76
19940 27.22
16354 26.06
15326 27.80
16354 26.04
17519 27.69
15629 26.06
18992 27.06
17273 26.28
26726 26.47
16235 27.19
18222 28.37
15401 28.11
21678 29.69
17063 28.95
18198 29.35
18677 28.43
17994 29.47
15168 28.34
16624 29.68
9903 29.97
18870 29.07
15034 27.78
14608 29.41
12212 29.40
27097 27.70
13363 28.18
18898 28.12
11456 28.60
19998 27.81
18028 27.52
18184 27.53
12805 28.94
22721 29.57
18032 28.76
19094 28.85
22075 30.03
17617 29.05
11237 28.38
16397 28.58
19617 28.13
26681 26.00
14218 27.31
18219 27.13
10817 28.78
18892 27.98
17901 27.44
17445 28.14
18618 27.82
18446 27.42
11099 27.23
17080 26.22
12617 26.82
18150 26.36
18240 25.82
17764 26.04
11793 27.19
26656 25.12
18011 26.01
19261 26.70
16658 27.13
20399 26.44
14843 25.73
15961 27.39
16972 26.08
18161 27.35
16324 25.70
16032 26.80
10785 26.83
18113 26.64
17277 25.26
24180 28.62
16902 27.75
25780 24.64
17708 26.47
18041 26.64
14563 26.57
19505 27.85
16632 26.52
16353 27.97
16156 26.15
19005 27.87
15152 26.32
15391 27.73
11152 28.14
17800 27.60
17185 26.48
18265 26.87
18413 26.43
26516 25.88
15489 26.63
18280 27.04
16045 26.45
18205 28.23
16505 26.14
15268 27.45
16732 26.23
18251 27.84
16351 26.45
19753 27.57
16577 26.49
20200 27.59
16631 26.71
15061 28.44
11014 27.81
27884 24.12
16343 25.56
19141 25.52
15487 25.43
19890 26.07
16256 24.99
