16332 27.76
3544 28.98
16603 24.68
24026 24.54
17069 25.28
18146 23.88
16267 25.13
18508 24.55
19266 24.37
19502 23.79
21866 24.16
17503 23.74
19352 25.88
15876 24.28
18182 25.29
17775 24.59
25380 25.92
13988 25.47
17260 25.62
11508 26.11
19065 25.73
12003 26.67
18203 25.89
17406 25.15
22233 25.83
18795 25.45
20804 26.00
16544 25.38
19062 26.85
16033 25.11
24204 27.40
20015 27.27
22268 26.65
13140 26.43
17305 27.01
13407 27.55
20497 27.02
15795 25.87
15315 27.66
12166 27.52
20083 27.10
16907 25.81
15901 27.64
16707 25.95
17729 27.60
16139 25.93
19471 26.95
17839 26.10
27486 26.28
16622 27.10
18417 28.28
15880 27.95
22039 29.58
17264 28.88
18117 29.39
18817 28.44
18034 29.45
15719 28.19
16696 29.61
10177 29.81
19724 29.05
15337 27.68
14580 29.42
12595 29.23
27570 27.55
14171 27.82
18790 28.06
11918 28.37
20344 27.67
18334 27.41
18480 27.39
13005 28.75
22981 29.53
18488 28.61
19682 28.69
22319 29.87
18100 28.84
11428 28.12
16922 28.32
20196 27.89
26295 26.15
14802 27.17
18511 27.04
10897 28.76
19508 27.85
18384 27.33
17722 28.05
18883 27.70
18835 27.27
11528 27.01
17306 26.16
12891 26.67
18280 26.24
18615 25.62
18203 25.89
12175 27.15
27179 25.02
18474 25.89
20175 26.38
17962 26.70
20356 26.40
15101 25.67
16322 27.18
17451 25.95
18674 27.23
16787 25.55
16237 26.73
10958 26.75
18689 26.51
17574 25.14
24393 28.48
17358 27.61
26151 24.55
17943 26.39
19759 25.91
15681 26.20
20849 27.21
16113 26.67
17061 27.79
16662 26.01
19123 27.79
15690 26.08
15927 27.60
11200 27.99
18082 27.38
17586 26.32
18654 26.74
18876 26.23
27097 25.72
15997 26.46
19490 26.58
16952 26.13
18456 28.15
16734 26.05
15395 27.31
17121 26.13
17854 27.95
16644 26.36
19994 27.43
17172 26.32
20516 27.51
17146 26.53
15350 28.33
11405 27.71
28644 23.94
16694 25.40
19649 25.30
15813 25.33
20335 25.93
16511 24.89
