16829 27.54
3584 29.02
16958 24.62
24237 24.44
17401 25.15
18880 23.66
20593 24.02
21384 23.84
19117 24.49
19442 23.86
22262 24.14
17512 23.79
20155 25.78
15976 24.13
18622 25.35
18128 24.57
25965 25.78
13922 25.47
17504 25.40
11956 26.00
19389 25.60
12315 26.49
18471 25.73
17958 25.00
22375 25.76
19059 25.33
21741 25.76
16856 25.25
19525 26.71
16318 25.02
24409 27.28
20762 27.13
22629 26.54
13472 26.33
17613 26.86
13746 27.42
20843 26.92
16253 25.69
15604 27.51
12438 27.44
20551 26.91
17225 25.72
16148 27.51
16975 25.86
18340 27.39
16427 25.76
19707 26.83
18139 25.95
28220 26.12
17022 26.93
18745 28.17
16307 27.79
22544 29.41
17941 28.63
19000 29.10
19601 28.14
18979 29.12
16052 28.07
17093 29.46
10347 29.64
20286 28.71
15521 27.47
14762 29.22
13252 28.97
27991 27.45
14447 27.74
19203 27.88
12221 28.35
20783 27.51
18879 27.26
18963 27.20
13341 28.69
23579 29.34
18932 28.46
19808 28.56
22893 29.72
18457 28.65
11818 28.06
17225 28.09
20617 27.73
26877 25.99
15207 26.99
18731 26.88
11423 28.48
19578 27.82
18776 27.20
18101 27.87
19316 27.53
19352 27.08
12017 26.90
17428 26.05
13142 26.54
18866 26.12
18905 25.50
18525 25.79
12597 27.02
27787 24.86
18731 25.76
20410 26.28
18189 26.64
21634 26.05
15414 25.52
16582 27.11
17715 25.83
19068 27.10
17141 25.46
16583 26.56
10880 26.72
18904 26.29
18192 25.01
24881 28.35
17854 27.45
26460 24.44
18254 26.24
19803 26.06
15700 26.11
19883 27.68
17586 26.17
17003 27.69
17198 25.87
19357 27.70
16032 25.99
16248 27.48
11423 27.86
18694 27.29
17854 26.18
18844 26.62
18945 26.20
27850 25.55
16291 26.21
19260 26.72
16575 26.25
19278 27.95
16916 26.02
15693 27.25
17485 26.03
19227 27.51
17033 26.19
20372 27.33
17299 26.26
20962 27.32
17354 26.40
15888 28.14
11580 27.58
29107 23.85
17142 25.30
20137 25.19
16375 25.14
20546 25.86
16305 24.90
