2295 47.77
493 48.22
1056 44.13
2202 43.05
1472 42.54
1118 41.94
1783 41.43
1532 40.30
1901 41.93
1651 40.89
1800 41.63
1153 42.26
2317 41.83
1382 41.14
1878 40.99
1630 41.14
2206 47.49
1282 43.30
1626 44.61
1214 43.59
1700 44.98
1141 43.60
1698 43.01
983 43.69
2141 43.05
1811 41.97
2011 43.26
1851 42.34
2373 43.56
1447 42.30
2698 47.03
1923 46.70
2155 47.26
1042 46.20
1466 46.52
1300 45.30
1911 46.12
1670 44.14
1803 46.55
1555 44.66
1963 46.61
1491 44.81
1745 46.48
1560 44.88
2035 46.07
1486 44.82
2088 45.55
1462 44.74
2797 46.18
1326 46.27
1926 46.80
1678 46.13
2287 49.01
1770 48.14
2075 48.98
1817 47.98
2144 49.18
1368 48.18
1673 49.67
1020 49.57
1957 49.12
1578 47.92
1874 49.34
1439 47.67
2852 48.15
1160 48.67
1909 48.53
1248 48.66
2035 48.11
1736 48.03
1953 48.21
1220 49.21
2497 50.01
1678 49.42
1856 49.89
2496 49.83
1779 50.00
1058 49.72
1699 49.31
2018 48.47
2744 46.27
1040 48.91
1589 47.51
1374 48.17
2206 47.78
1654 47.25
1924 47.72
1950 47.52
1945 48.22
1301 47.99
1610 47.01
1337 47.66
1901 47.13
1652 46.41
1736 46.85
1208 46.88
2911 44.79
1500 46.03
2029 47.29
1711 46.75
2214 47.02
1537 46.28
1903 47.76
1641 45.99
2293 47.06
1482 46.12
1802 47.01
1307 47.31
1970 46.65
1718 45.71
3006 49.03
1819 48.79
2237 45.76
1397 47.54
1490 47.66
1431 47.24
2259 47.94
1723 46.75
2004 48.39
1608 47.76
2218 48.36
1465 47.31
1758 48.88
1491 47.07
2002 48.22
1590 47.15
1653 48.94
1717 47.20
2780 46.10
1343 47.17
2047 47.01
1277 48.86
2235 47.71
1563 46.84
1701 47.64
1593 46.30
1996 47.71
1569 46.58
1954 48.26
1571 47.10
2293 48.36
1567 47.64
1824 48.51
1239 48.63
2792 44.18
1556 46.67
1710 46.91
1104 47.35
2069 45.38
908 46.64
