17771 27.19
3831 28.47
17746 24.39
24891 24.28
18020 24.91
15612 24.52
18215 24.58
20669 23.97
20411 24.16
20932 23.49
23092 23.87
18886 23.43
20419 25.61
16833 23.94
19463 25.04
18711 24.36
26879 25.52
15041 25.09
17874 25.39
12331 25.96
20317 25.32
18409 24.69
16986 26.21
18547 24.88
24109 25.23
19679 25.15
22973 25.45
17496 24.99
19883 26.55
17037 24.78
25221 27.09
21434 26.87
24050 26.14
14610 25.96
17994 26.80
14302 27.14
21679 26.71
16907 25.61
15900 27.42
13193 27.14
21543 26.74
17907 25.52
16675 27.34
17844 25.56
18777 27.14
17101 25.58
20605 26.60
18954 25.73
29270 25.85
19277 26.26
18429 28.38
16410 27.79
23682 28.98
19245 28.14
19936 28.77
20516 27.82
19891 28.74
16726 27.75
17652 29.21
10842 29.37
21183 28.39
16412 27.18
15604 28.92
13398 28.75
29014 27.15
15398 27.45
19794 27.73
12891 28.00
22926 27.01
19577 26.90
20022 26.80
13717 28.46
24193 29.09
19587 28.16
19649 28.65
23325 29.58
19539 28.27
12432 27.70
18066 27.83
20573 27.71
28319 25.61
16077 26.70
19477 26.68
11857 28.16
20236 27.58
19615 26.93
18990 27.62
20022 27.29
19939 26.84
12601 26.61
18339 25.73
13888 26.28
19533 25.89
19612 25.24
19420 25.54
12994 26.77
29138 24.54
19594 25.51
21296 26.02
18932 26.35
21978 25.92
16218 25.31
16973 26.82
18562 25.50
20044 26.84
18068 25.21
17081 26.38
11629 26.39
19553 26.12
18872 24.80
25548 28.13
18886 27.00
27546 24.17
19040 26.02
21326 25.47
16529 25.82
22169 26.78
17186 26.29
17572 27.38
17944 25.63
20092 27.41
16868 25.66
17140 27.19
11806 27.65
19934 26.78
18563 25.94
20270 26.22
19572 25.98
29923 25.02
17143 25.98
19830 26.46
16745 26.18
19923 27.63
17868 25.69
16087 26.88
18306 25.73
19700 27.27
17828 25.96
21403 27.05
18097 25.92
21932 27.07
17897 26.18
16477 27.95
12060 27.30
30158 23.62
18084 25.01
20855 24.97
16774 25.02
21259 25.59
17429 24.64
