18262 27.00
3954 28.25
18094 24.17
25996 24.00
18537 24.83
19847 23.42
21711 23.72
22591 23.53
20312 24.17
20612 23.53
23437 23.80
18947 23.41
21017 25.51
17101 23.95
19631 24.95
19089 24.27
27509 25.37
15092 25.05
18682 25.20
12517 25.86
21798 25.05
18989 24.50
16999 26.20
18625 24.88
24766 25.10
19930 25.10
23252 25.37
17927 24.93
20278 26.42
17310 24.73
25452 26.98
21670 26.76
25070 25.84
14862 25.79
18545 26.59
14578 27.11
22090 26.54
17430 25.32
16423 27.23
13246 27.12
21793 26.62
18261 25.34
17211 27.26
18070 25.43
19120 27.02
17533 25.41
21105 26.45
19313 25.68
29564 25.76
18039 26.62
19985 27.78
17103 27.51
23979 28.88
18947 28.25
20269 28.60
20408 27.79
20500 28.63
17021 27.57
17926 29.11
11366 29.23
20936 28.34
16952 27.04
16015 28.81
13634 28.62
29505 27.01
15578 27.33
20322 27.56
13035 27.87
23010 26.81
20510 26.68
20805 26.65
13868 28.39
24707 28.93
20007 28.05
21127 28.12
24078 29.27
19966 28.18
12531 27.60
18397 27.72
21885 27.33
28679 25.51
16252 26.62
20093 26.60
11915 28.15
20814 27.39
20130 26.79
19141 27.53
20376 27.14
20433 26.72
12832 26.52
18580 25.60
14305 26.11
19703 25.82
20238 25.10
19816 25.42
13257 26.62
29588 24.44
19945 25.37
21400 26.00
17845 26.68
23159 25.64
16866 25.20
17176 26.77
19010 25.41
20167 26.74
18395 25.10
17468 26.35
12017 26.30
19872 26.05
19100 24.73
25752 28.02
19340 26.85
28647 23.90
19311 25.88
21925 25.33
16945 25.70
22256 26.74
17537 26.09
18381 27.19
18088 25.53
20429 27.29
17102 25.62
17784 27.11
11887 27.55
20383 26.76
18873 25.86
20301 26.08
20107 25.88
30294 24.89
17492 25.96
20137 26.32
17415 25.90
20163 27.57
18008 25.67
16463 26.85
18649 25.65
20046 27.12
18246 25.83
21706 26.85
18402 25.86
22540 26.98
18281 26.10
16779 27.83
12242 27.19
30805 23.48
18360 24.92
21503 24.86
17133 24.89
21633 25.52
17761 24.53
