18678 26.84
4170 27.99
18488 24.12
26169 23.97
18597 24.79
20396 23.29
22104 23.61
23333 23.38
20631 24.02
20981 23.48
23806 23.70
19469 23.28
21066 25.40
17461 23.76
19928 24.85
19702 24.08
28126 25.22
15368 24.95
18839 25.11
12938 25.66
22179 24.98
19570 24.39
17174 26.16
18920 24.77
25138 24.96
20406 24.94
22904 25.40
18225 24.84
21354 26.24
17567 24.61
25789 26.88
22053 26.66
25646 25.67
15124 25.76
18737 26.47
14963 26.92
22503 26.44
17693 25.23
16651 27.04
13701 26.93
22112 26.47
18695 25.31
17353 27.12
18474 25.34
19747 27.07
17826 25.37
21506 26.36
19623 25.52
30205 25.59
20121 26.01
19940 27.76
17071 27.55
24413 28.73
19290 28.13
20803 28.46
20943 27.66
20746 28.53
17280 27.52
18394 28.95
11389 29.14
21804 28.23
17018 26.94
16089 28.64
14096 28.52
30055 26.84
15975 27.19
20573 27.49
13296 27.80
23482 26.71
20801 26.54
20906 26.56
14420 28.21
24830 28.81
20479 27.89
20673 28.36
23895 29.33
20486 27.96
13032 27.42
19633 27.41
21604 27.39
29432 25.32
16586 26.49
20368 26.48
12149 28.02
21145 27.26
20365 26.68
19431 27.38
20812 27.02
20890 26.59
12928 26.39
19096 25.49
14450 26.02
20007 25.71
20640 24.94
20301 25.25
13588 26.44
31097 24.13
20291 25.31
21513 25.94
18102 26.60
23816 25.36
16885 25.08
17578 26.58
19340 25.31
20567 26.58
18809 24.97
17845 26.14
12283 26.10
20391 25.96
19489 24.55
26200 27.90
19811 26.71
29163 23.79
19947 25.74
21264 25.50
17329 25.61
23123 26.50
17901 26.01
18520 27.09
18332 25.41
21046 27.10
17361 25.50
17636 26.92
12306 27.38
20791 26.54
19284 25.67
20832 26.02
20140 25.73
31122 24.72
18069 25.74
20431 26.19
17720 25.84
20546 27.42
18715 25.59
16743 26.82
18973 25.52
20253 27.10
18531 25.64
22088 26.72
18581 25.75
22764 26.76
18844 25.93
16904 27.66
12705 27.01
31465 23.36
18874 24.79
21715 24.72
17396 24.71
22082 25.29
18468 24.27
