21454 25.91
10825 24.35
22049 23.16
29669 23.11
20453 24.28
17489 23.93
21014 23.81
23316 23.29
23610 23.33
24072 22.74
26654 23.02
22078 22.69
22915 24.86
19704 23.25
22354 24.25
21858 23.62
31151 24.45
19211 23.98
20188 24.66
14564 25.17
24188 24.50
21793 23.86
18879 25.56
20955 24.23
27044 24.50
22394 24.45
26375 24.60
21388 24.02
22565 25.82
19832 24.03
26736 26.62
24149 26.04
31552 24.26
18314 24.86
20496 25.93
16596 26.37
24876 25.75
19838 24.67
18370 26.48
15446 26.31
25146 25.81
20480 24.73
19245 26.44
20589 24.69
21638 26.39
20268 24.66
23637 25.75
21854 24.94
33908 24.78
22480 25.39
21967 27.15
18850 26.85
27499 27.89
21474 27.44
22964 27.77
23197 26.92
22997 27.73
19479 26.75
20375 28.19
12984 28.30
24148 27.49
19151 26.24
17398 28.02
16218 27.67
34528 25.78
19107 26.20
25144 26.20
18730 26.03
24897 26.27
22274 26.16
22410 26.08
16056 27.51
28415 27.71
22502 27.23
25132 26.94
27650 28.15
23098 27.09
14753 26.62
21404 26.77
23864 26.61
33739 24.28
19366 25.73
22452 25.87
19506 25.38
21557 27.12
21918 26.21
20982 26.89
22900 26.31
22277 26.11
15147 25.55
21398 24.81
16029 25.43
22425 25.02
22088 24.48
22662 24.60
15459 25.78
33884 23.50
22763 24.63
24190 25.21
20136 25.88
26749 24.77
19248 24.48
19426 26.07
21471 24.72
21946 26.05
20997 24.33
19243 25.56
14216 25.41
22370 25.27
22089 23.93
28637 27.13
21802 25.99
32234 23.14
22141 25.06
24991 24.52
19457 24.85
25576 25.80
20120 25.33
20367 26.48
20487 24.80
23120 26.49
19641 24.82
19198 26.34
14259 26.55
22610 25.92
21537 25.03
23329 25.29
22738 25.08
34260 24.00
20381 25.01
23986 25.19
20495 24.97
26637 25.60
19334 25.19
19465 25.77
21049 24.84
22867 26.18
20805 25.04
24110 26.08
21294 24.98
25290 26.12
21125 25.22
18990 27.02
14164 26.33
35124 22.61
21389 24.12
24271 24.10
19498 24.24
24073 24.85
20311 23.79
