2481 46.31
488 47.68
1351 42.29
2727 41.29
1820 41.78
1328 40.75
2141 40.02
1877 38.54
2174 40.97
1955 39.30
2251 40.34
1242 40.73
2756 40.16
1650 39.43
2266 40.20
2096 38.81
2524 45.32
1495 42.06
1953 42.18
1505 41.69
2067 43.40
1384 42.15
2248 41.57
1927 40.03
2406 41.83
2142 40.93
2611 41.20
1980 41.15
2785 41.78
1760 41.26
3225 45.05
2230 44.92
2693 44.71
1166 43.10
1851 44.25
1498 43.12
2365 44.39
1871 41.97
2045 44.36
1846 42.29
2404 44.24
1909 42.70
2140 44.36
1904 42.62
2509 44.05
1895 42.92
2543 43.84
1711 42.73
3310 44.34
1453 44.16
2274 44.63
1584 45.85
2750 47.69
2275 46.34
2426 47.41
2298 45.97
2492 47.71
1574 46.13
1966 47.55
1262 47.65
2334 47.08
1936 45.28
2309 47.27
1685 45.28
3451 45.94
1282 46.01
2374 46.43
1375 46.33
2559 46.05
1974 45.18
2398 45.92
1275 47.30
2865 49.05
2055 47.96
2327 47.76
2906 48.38
2163 48.28
1333 48.00
1965 47.47
2459 46.42
3382 44.14
1193 46.77
1893 44.94
1429 45.46
2734 45.52
1968 45.03
2358 45.29
2409 45.33
2634 44.53
1314 45.52
2200 43.35
1453 44.21
2454 43.62
2084 43.61
2304 44.21
1534 44.64
3482 42.94
1688 43.33
2581 44.01
2057 43.95
2712 44.48
1847 43.53
2402 44.96
1974 43.42
2622 44.89
1797 43.29
2206 44.62
1350 44.95
2389 44.20
2129 43.27
3532 46.81
2290 45.97
2679 43.87
1759 44.77
1829 45.55
1742 44.67
2723 45.67
1982 44.64
2434 46.12
1843 44.69
2610 46.00
1612 44.64
2008 45.86
1387 46.31
2406 45.62
1935 43.82
2140 46.37
2137 44.77
3314 44.09
1527 44.73
2439 44.61
1374 46.31
2764 44.98
1881 44.24
2095 44.87
1981 43.80
2456 44.98
1916 44.07
2573 44.85
2012 44.57
2861 45.45
1887 44.43
2247 45.88
1552 46.61
3344 42.35
1813 44.00
2229 44.30
1234 45.25
2588 43.02
1548 42.61
