22180 25.63
11426 24.09
22870 22.98
30464 22.96
21136 24.01
18633 23.65
21366 23.62
24217 23.12
24525 23.11
24965 22.52
27648 22.83
22895 22.48
23806 24.67
20388 23.09
23036 24.09
22749 23.39
32525 24.14
19715 23.91
20912 24.56
15035 24.99
25403 24.19
22370 23.66
19628 25.35
21742 23.92
28056 24.29
23400 24.24
26659 24.54
22010 23.89
23149 25.60
20498 23.81
27640 26.36
24979 25.79
32555 24.04
19010 24.66
21087 25.84
17529 26.08
25561 25.60
20619 24.42
19001 26.30
15996 26.17
25529 25.71
21470 24.52
19786 26.29
21221 24.57
22155 26.16
20791 24.49
24459 25.54
22929 24.65
34964 24.53
23437 25.17
22969 26.93
19349 26.68
28167 27.67
22298 27.20
23724 27.56
23902 26.74
23874 27.52
20400 26.51
20629 28.08
13514 28.16
24981 27.27
19943 26.00
18188 27.78
16440 27.48
34794 25.75
19856 26.01
25889 26.01
19708 25.76
25753 26.15
22814 25.93
23150 25.88
17127 27.25
27899 27.92
22916 27.09
23699 27.34
26892 28.39
23737 26.86
15614 26.39
22698 26.37
24559 26.39
34868 24.05
19925 25.51
23604 25.62
20320 25.15
21820 26.99
22813 26.00
21751 26.63
23705 26.13
22968 25.94
15757 25.37
22106 24.62
16796 25.17
22885 24.88
23011 24.26
23432 24.36
15964 25.61
35724 23.12
23641 24.41
25285 24.86
22552 25.25
25838 24.90
18896 24.55
20034 25.79
22368 24.51
23407 25.77
21656 24.17
20310 25.29
14514 25.25
23088 25.11
22624 23.78
30910 26.55
23320 25.59
32396 23.10
22936 24.83
24374 24.58
20022 24.70
27004 25.37
21299 24.94
20836 26.20
21561 24.55
23934 26.30
20479 24.61
19999 26.14
14499 26.43
23635 25.69
22204 24.83
23921 25.10
23611 24.81
35840 23.71
20833 24.77
23640 25.26
20319 25.03
23312 26.56
21510 24.71
19420 25.78
21855 24.62
23316 26.11
21374 24.89
25139 25.87
22086 24.83
25486 25.92
22069 24.98
19684 26.76
14937 26.08
36131 22.42
22356 23.87
25146 23.84
20070 24.06
25043 24.56
20912 23.71
