22745 25.45
11994 24.04
23364 22.87
30717 22.91
21372 23.98
18917 23.53
21892 23.52
24496 23.04
24711 22.95
25363 22.45
28037 22.71
23492 22.42
23834 24.61
20661 23.02
23545 23.97
23002 23.31
32980 24.04
20037 23.78
21225 24.47
15246 24.80
25879 24.06
22909 23.57
19826 25.27
22039 23.88
28333 24.19
23824 24.14
27660 24.31
22521 23.74
23553 25.55
20662 23.80
28099 26.23
25990 25.61
33823 23.75
19281 24.59
24731 24.93
21335 24.94
25101 25.77
20793 24.42
18889 26.33
16414 26.04
25861 25.60
21796 24.37
20095 26.13
15133 26.39
24904 25.41
21286 24.27
25919 25.14
23158 24.56
35558 24.43
23892 25.03
23253 26.79
19706 26.54
28758 27.52
22717 27.09
23980 27.43
24475 26.61
24054 27.44
20632 26.46
21335 27.90
13520 28.07
25369 27.12
20389 25.89
18689 27.66
16444 27.48
36252 25.41
20463 25.85
25635 26.07
18802 25.93
26801 25.92
23271 25.86
23561 25.81
17226 27.19
29429 27.46
23515 26.89
24228 27.23
27188 28.26
25292 26.46
15719 26.27
23193 26.21
25164 26.27
35483 23.92
20336 25.41
23842 25.58
20821 25.05
22214 26.92
23017 25.87
22179 26.49
24031 26.00
23564 25.80
15938 25.29
22335 24.55
17075 25.10
23279 24.79
23144 24.21
23908 24.27
16404 25.47
36297 22.99
24065 24.34
25934 24.73
22852 25.17
26476 24.84
19032 24.48
20558 25.73
22677 24.40
23395 25.71
21960 24.11
20857 25.15
14849 25.22
23200 24.96
23145 23.65
31105 26.44
22762 25.70
33023 22.96
23608 24.67
26283 24.20
20386 24.58
26577 25.47
21119 24.97
21518 26.08
21783 24.43
24258 26.15
20760 24.50
20320 26.00
14912 26.28
23819 25.61
22655 24.73
24305 24.99
24102 24.72
36301 23.58
21624 24.71
25195 24.89
21551 24.72
27870 25.27
20300 24.87
20623 25.48
22073 24.56
24438 25.91
21769 24.77
25511 25.76
22295 24.80
26221 25.79
22347 24.94
19702 26.72
15347 25.95
36671 22.31
22574 23.78
25504 23.75
20619 23.93
25428 24.47
21471 23.60
