23226 25.33
12319 23.84
23711 22.79
30972 22.83
21786 23.90
19208 23.49
21944 23.52
24951 22.92
24983 22.93
25852 22.35
28726 22.60
23767 22.33
24159 24.52
21233 22.89
23640 23.95
23568 23.10
33487 23.93
20391 23.65
21566 24.39
15561 24.78
26036 23.98
23222 23.50
20342 25.20
22479 23.82
29020 24.07
24192 24.06
27527 24.33
22744 23.72
23759 25.43
21047 23.76
28473 26.14
26371 25.47
33165 23.90
19791 24.43
25979 24.62
22426 24.68
25114 25.73
21079 24.34
19346 26.17
16517 25.98
25046 25.80
22109 24.38
20432 26.19
15301 26.19
25274 25.31
21422 24.19
26555 25.09
23451 24.50
35690 24.40
24304 24.96
23595 26.62
20105 26.38
29033 27.42
23127 26.94
24397 27.33
25042 26.48
24642 27.32
21041 26.32
21593 27.83
13795 27.97
25911 27.05
20753 25.82
18654 27.59
17068 27.32
36847 25.28
20674 25.74
26053 25.97
19168 25.80
27123 25.78
23783 25.72
23961 25.67
17688 27.04
29741 27.37
23805 26.76
24577 27.07
27611 28.16
25650 26.34
15857 26.16
23528 26.05
25536 26.10
36119 23.78
20876 25.28
24117 25.47
21158 24.92
22493 26.82
23628 25.72
22483 26.47
24462 25.94
23703 25.70
16349 25.19
22847 24.43
17225 25.02
23675 24.66
23726 24.10
24545 24.17
16556 25.39
37008 22.88
24361 24.24
26542 24.65
23174 25.11
27465 24.51
19603 24.29
20680 25.61
23133 24.26
24105 25.59
22357 23.97
21021 25.02
15232 25.06
23815 24.95
23402 23.58
31375 26.40
23173 25.62
35123 22.54
23834 24.62
25959 24.16
20978 24.46
26323 25.56
21277 25.00
21651 26.01
22316 24.27
24271 26.06
21073 24.40
21157 25.86
14884 26.27
24086 25.52
23112 24.58
24658 24.85
24230 24.64
36461 23.54
22152 24.64
24390 25.10
21094 24.79
24156 26.37
22035 24.56
19930 25.60
22556 24.45
23912 25.94
22312 24.65
25908 25.68
22822 24.67
26515 25.70
22754 24.79
20068 26.60
15537 25.90
37530 22.14
23258 23.67
25923 23.67
20129 24.02
26055 24.34
21644 23.50
