24141 25.05
13284 23.59
24747 22.54
32462 22.52
22390 23.74
19838 23.32
22887 23.29
25648 22.77
25915 22.76
26439 22.16
29397 22.43
24742 22.14
30592 23.08
21358 22.69
28075 23.05
24871 22.82
34660 23.71
20873 23.58
21941 24.27
15932 24.67
27008 23.81
23929 23.36
20734 25.07
22857 23.71
29491 23.93
24852 23.84
28899 24.02
24082 23.37
24287 25.28
21748 23.50
29274 25.98
27218 25.25
34304 23.66
20902 24.26
27054 24.41
23428 24.46
25549 25.60
21929 24.10
19888 25.93
17329 25.69
25623 25.62
22807 24.19
21286 25.82
22844 24.17
23531 25.76
22076 24.12
26017 25.17
24298 24.32
36940 24.15
25040 24.82
24433 26.44
20682 26.19
30800 26.86
25155 26.44
26351 26.85
26148 26.18
26377 26.81
21578 26.17
22186 27.62
14399 27.78
26793 26.71
21249 25.61
19226 27.33
17757 27.05
37905 25.06
21637 25.54
27103 25.73
19848 25.64
28001 25.65
24403 25.56
24733 25.48
18130 26.91
30359 27.18
24644 26.56
25137 26.89
28328 27.95
26664 26.10
16730 25.94
24358 25.96
26309 25.95
37358 23.56
21489 25.14
24688 25.28
21923 24.73
23082 26.63
24049 25.60
23032 26.23
25107 25.71
24745 25.48
16978 24.97
23492 24.23
17967 24.83
24557 24.41
24392 23.88
24585 24.11
17546 25.16
38014 22.69
25251 24.04
27368 24.41
23740 24.90
27558 24.49
20069 24.25
21531 25.45
23749 24.14
24752 25.41
22974 23.82
21821 24.91
15667 24.96
24725 24.79
24137 23.38
31850 26.21
23880 25.40
36992 22.19
24769 24.41
26133 24.21
20403 24.56
28733 24.87
22759 24.52
22431 25.78
23003 24.11
25699 25.88
21860 24.18
21032 25.72
15784 25.97
25461 25.43
23656 24.49
25227 24.72
24990 24.48
38694 23.11
22705 24.47
26574 24.53
22189 24.53
29082 24.99
21397 24.62
21376 25.24
23172 24.24
25502 25.65
22825 24.49
26797 25.49
23697 24.38
27282 25.50
23609 24.60
20579 26.39
16275 25.64
39076 21.87
23811 23.56
26198 23.63
21627 23.64
26523 24.22
22472 23.30
