25102 24.80
14347 23.38
25685 22.36
32866 22.42
23414 23.48
20403 23.15
23558 23.18
26514 22.61
26447 22.62
27390 22.03
30219 22.30
25380 22.02
25439 24.21
22680 22.51
25389 23.56
25020 22.84
35729 23.48
21564 23.42
23026 24.11
16337 24.42
27690 23.68
24824 23.14
21747 24.85
24101 23.39
30387 23.76
25690 23.69
29755 23.81
24890 23.22
25266 25.09
22642 23.30
29912 25.80
28040 25.05
35717 23.37
21440 24.11
28079 24.15
24154 24.27
26466 25.42
22656 23.90
20653 25.76
17548 25.64
26440 25.47
23524 23.97
21971 25.68
16484 25.87
26231 24.99
23208 23.87
28226 24.70
24802 24.15
38627 23.83
25904 24.59
25022 26.30
21179 26.08
31046 26.86
25362 26.32
26669 26.72
26893 25.99
27386 26.59
22699 25.84
22568 27.45
15050 27.48
27633 26.53
22041 25.40
19732 27.17
18292 26.89
38784 24.87
22568 25.35
27893 25.54
20616 25.44
28255 25.46
25319 25.30
25626 25.27
18616 26.72
31321 26.95
25454 26.32
26198 26.69
29211 27.70
27366 25.90
17402 25.68
24956 25.76
26980 25.73
38644 23.32
22535 24.89
26560 24.92
21445 24.81
23832 26.39
25030 25.41
23714 26.08
25668 25.54
20561 26.68
18487 24.49
22302 24.74
18777 24.64
22884 24.86
25282 23.67
25045 24.03
17939 25.01
38881 22.52
26168 23.82
28216 24.20
24625 24.71
28365 24.31
21053 23.98
22081 25.27
24351 23.96
25214 25.20
23906 23.56
22729 24.63
16187 24.75
24817 24.61
25017 23.13
32866 25.98
24700 25.16
37862 22.03
25405 24.20
26881 24.03
21585 24.28
29051 24.86
22709 24.54
23057 25.59
23525 23.90
25882 25.64
22658 23.99
22159 25.46
16210 25.79
25524 25.15
24591 24.22
26431 24.43
26280 24.12
38542 23.13
23687 24.21
26181 24.67
22352 24.50
31664 24.47
23304 24.19
21689 25.14
24038 24.08
25520 25.51
23662 24.27
27452 25.28
24111 24.20
27917 25.28
24366 24.38
21446 26.13
17006 25.39
39819 21.74
24639 23.34
27700 23.29
21549 23.65
27253 23.98
23197 23.10
