25951 24.53
15182 23.21
26232 22.28
33288 22.38
24145 23.26
21179 22.98
24309 23.01
27239 22.42
27217 22.47
28168 21.86
30770 22.11
26351 21.81
26300 24.03
23160 22.45
25932 23.39
25889 22.65
36923 23.23
22220 23.29
23781 23.91
17131 24.27
28179 23.54
25557 23.00
22218 24.69
24281 23.32
31360 23.54
26545 23.48
30773 23.60
25597 23.10
25615 24.93
23341 23.15
30828 25.56
28921 24.83
37484 23.04
22416 23.92
27433 24.27
23925 24.35
27269 25.17
23338 23.81
21349 25.57
18195 25.48
28487 24.95
24335 23.81
22414 25.50
23996 23.90
24627 25.43
23712 23.74
27558 24.84
26021 23.93
39553 23.67
26535 24.42
26013 26.13
21872 25.89
32377 26.52
26632 26.06
27910 26.42
27910 25.76
27960 26.43
22864 25.79
23372 27.22
15453 27.28
28162 26.31
22936 25.20
20472 26.96
18949 26.71
40022 24.65
23195 25.16
28556 25.37
21267 25.25
29402 25.32
25816 25.17
26247 25.11
19175 26.54
32317 26.73
26222 26.10
26736 26.47
29889 27.48
28234 25.71
18151 25.54
25749 25.58
27804 25.53
39851 23.10
23314 24.69
27468 24.72
22056 24.65
24515 26.25
25730 25.20
24481 25.88
26587 25.34
26141 25.12
18409 24.57
25052 23.85
19075 24.52
26148 24.06
26016 23.50
26027 23.82
18401 24.87
40038 22.31
26897 23.70
28858 24.06
25203 24.56
30288 23.86
21957 23.78
28370 23.65
27007 23.33
24826 25.28
24490 23.43
22525 24.64
16842 24.51
25887 24.39
25625 23.10
33347 25.87
25464 24.96
39429 21.73
26074 24.06
27475 23.85
22664 23.97
30137 24.59
23646 24.29
23635 25.38
24087 23.79
26794 25.47
23261 23.82
23051 25.31
16508 25.66
26299 25.01
25134 24.05
27074 24.25
26916 23.99
39664 22.92
24605 23.98
28125 24.17
24202 24.06
31083 24.63
22702 24.26
22406 24.92
24748 23.85
26738 25.22
24309 24.14
28085 25.11
24975 24.04
28959 25.12
24957 24.21
22167 25.99
17519 25.26
41178 21.48
25336 23.16
28464 23.15
22356 23.43
28246 23.81
23733 23.01
