2692 45.05
474 46.88
1720 40.57
3228 39.86
2234 40.59
1419 39.75
2469 38.32
2376 37.27
2500 39.57
2285 37.56
2488 38.61
1449 39.25
3184 38.83
2083 38.31
2610 38.51
2413 37.53
3007 43.76
1860 40.51
2274 40.87
1772 40.68
2415 41.33
1531 40.34
2688 39.93
2357 38.19
2698 40.45
2581 39.31
3130 39.87
2236 39.28
3272 40.71
2043 39.15
3667 43.97
2706 43.66
3159 43.19
1356 42.02
2202 42.08
1698 41.53
2803 41.93
2126 41.20
2360 42.74
1522 42.92
2921 42.21
2172 40.77
2377 42.06
1630 42.71
3079 41.96
2243 41.05
2879 41.32
2238 40.64
3824 43.02
1577 42.41
2606 42.84
1907 43.51
3213 46.04
2551 44.40
2912 45.73
2746 44.08
2859 46.05
1815 44.09
2290 45.82
1420 45.68
2735 45.24
2176 43.79
2608 45.24
2057 43.48
3809 44.99
1609 44.31
2568 44.65
1593 44.56
2722 44.29
2299 43.59
2401 43.70
1627 44.43
3367 47.29
2476 46.28
2743 45.85
3594 46.76
2520 46.69
1340 46.53
2308 45.82
2784 44.53
3942 42.64
1325 44.64
2284 42.96
1647 43.70
2976 43.65
2559 42.69
2733 43.34
2709 43.14
2602 44.11
1642 42.93
2355 42.55
1714 42.69
2621 42.87
2481 41.97
2537 42.78
1681 43.18
4085 41.39
2043 41.62
2882 42.62
2557 42.29
2931 43.00
2055 41.56
2783 42.84
2266 41.48
3184 42.74
2185 41.54
2692 42.57
1951 41.29
2901 42.34
2273 41.25
4001 45.17
2649 44.10
3245 42.06
2167 42.62
2358 42.37
1924 42.90
3191 43.91
2245 42.83
2856 43.96
2041 42.88
3074 44.07
1827 42.54
2454 44.00
1709 44.34
2817 43.83
2202 42.23
2473 44.65
2434 42.69
3804 42.79
1695 43.29
2754 43.34
1659 44.52
3138 43.54
2141 42.37
2578 42.94
2146 41.75
3086 43.26
2073 42.27
2827 44.22
2318 42.47
3314 43.73
2171 42.88
2486 44.53
1715 44.66
3928 40.60
1981 42.38
2693 42.19
1512 43.14
3083 41.33
1908 40.81
