26564 24.39
15718 23.06
26673 22.18
33890 22.29
24392 23.18
21628 22.88
24557 22.95
27691 22.35
27677 22.38
28550 21.81
31131 22.04
26918 21.69
26641 23.95
23421 22.38
26338 23.36
25840 22.66
37461 23.15
22579 23.22
24062 23.80
17740 24.22
28389 23.51
25908 22.92
22461 24.60
24769 23.25
31726 23.47
27028 23.39
31275 23.53
26044 23.03
26156 24.90
23810 23.09
30858 25.52
29589 24.72
38952 22.75
22622 23.83
27900 24.20
24018 24.29
27838 25.09
23753 23.73
21603 25.54
18309 25.39
28886 24.86
24783 23.65
22999 25.45
24381 23.80
24886 25.26
24030 23.74
27796 24.76
26371 23.86
40067 23.55
26954 24.32
27215 25.74
22633 25.67
32226 26.61
26604 26.06
27875 26.45
27943 25.72
28540 26.31
23940 25.54
23526 27.20
15854 27.19
28171 26.27
23039 25.11
21015 26.85
19289 26.58
40630 24.54
23590 25.09
30101 25.04
22553 24.97
29480 25.30
26271 25.08
26685 24.99
19487 26.48
32560 26.68
26794 26.03
27183 26.41
30300 27.41
28502 25.66
18493 25.44
26026 25.52
28166 25.45
40249 23.01
23645 24.61
27957 24.62
22403 24.56
24768 26.15
26098 25.09
24816 25.77
26885 25.24
21594 26.42
19364 24.27
23367 24.22
20013 24.26
23987 24.63
26487 23.42
26225 23.77
18893 24.73
40422 22.25
27395 23.55
29706 23.91
25612 24.45
30523 23.85
22358 23.69
28716 23.60
27422 23.27
25500 25.20
24792 23.38
22807 24.62
16989 24.44
26426 24.34
26062 22.96
33732 25.74
26157 24.83
38411 21.93
26281 23.97
29720 23.43
23168 23.85
29844 24.71
23900 24.23
24084 25.30
24401 23.69
26846 25.39
23698 23.73
23102 25.21
17393 25.49
26260 24.96
25626 23.97
27626 24.14
27542 23.86
40442 22.76
24777 23.95
27167 24.37
23658 24.17
32799 24.29
24219 23.90
22791 24.89
25266 23.78
26723 25.22
24974 23.99
28462 25.07
25324 23.96
29226 25.01
25373 24.12
22257 25.93
17626 25.13
41692 21.40
26069 23.04
28207 23.20
22789 23.29
28790 23.70
24166 22.94
