29405 23.70
18842 22.41
29370 21.67
36687 21.74
27139 22.60
23350 22.46
26831 22.41
29817 21.91
29454 22.02
30750 21.34
25251 23.38
26356 21.79
30562 23.12
26100 21.90
29950 22.63
28548 22.07
40594 22.54
26721 22.43
30869 22.48
26238 22.33
27409 23.67
26901 22.73
24028 24.21
26923 22.82
32237 23.38
28637 23.06
32387 23.27
28203 22.62
28363 24.33
25864 22.62
33131 24.96
32021 24.16
41383 22.32
25235 23.29
31791 23.39
27236 23.60
29685 24.66
25852 23.28
23030 25.09
20495 24.81
31064 24.44
26823 23.21
24673 24.98
19054 24.98
29674 24.32
26511 23.14
31490 23.97
28580 23.40
44625 22.74
29724 23.79
28280 25.54
24082 25.29
35493 25.87
28934 25.48
30231 25.91
30314 25.16
30499 25.74
25414 25.15
25881 26.55
17297 26.65
30795 25.70
25393 24.60
22527 26.36
20598 26.07
43720 23.94
26029 24.52
32813 24.48
24500 24.49
31634 24.83
28791 24.53
29086 24.50
21356 25.95
34648 26.16
29092 25.44
28992 25.82
32349 26.85
30964 25.00
20874 24.70
27813 25.03
30460 24.86
44112 22.32
26268 24.00
30250 24.06
24328 24.08
26748 25.65
28409 24.55
26964 25.17
29120 24.66
23581 25.80
21507 23.70
25175 23.72
22061 23.72
25859 24.15
28758 22.86
28606 23.23
21010 24.22
43757 21.67
29985 23.02
31999 23.42
27773 23.97
33047 23.29
24765 23.16
30605 23.19
29977 22.78
26820 24.72
27081 22.88
24972 24.06
18853 23.97
28157 23.86
28349 22.52
36761 25.04
29581 24.02
41980 21.32
28962 23.41
31571 22.94
25603 23.27
31013 24.36
26306 23.61
25731 24.76
18628 25.26
29976 24.60
26029 23.21
25699 24.58
18734 24.94
29652 24.16
28296 23.29
30274 23.54
29905 23.33
45245 21.88
27360 23.38
29539 23.86
25334 23.80
34219 23.90
25659 23.63
25294 24.29
27294 23.30
28961 24.77
27033 23.46
30649 24.48
27487 23.42
31709 24.48
27765 23.61
24273 25.38
19489 24.63
45678 20.74
28537 22.54
30761 22.65
24673 22.93
30764 23.23
26444 22.39
