30121 23.56
19320 22.32
29316 21.62
36763 21.66
27403 22.52
24132 22.32
27128 22.33
30289 21.83
30678 21.79
30775 21.36
34062 21.54
29615 21.21
36086 21.98
26578 21.73
33510 21.95
29844 21.87
40869 22.48
26482 22.51
31290 22.44
27142 22.21
27308 23.66
27160 22.71
24438 24.15
27034 22.79
32550 23.29
29154 22.96
32694 23.17
28763 22.51
29031 24.24
26156 22.59
33852 24.96
31923 24.16
42882 22.07
25599 23.22
32136 23.34
27420 23.59
29870 24.60
26149 23.18
23405 24.94
21031 24.72
31081 24.43
27316 23.13
24869 24.88
19494 24.96
29825 24.25
26876 23.06
32087 23.89
28981 23.32
45087 22.66
29939 23.72
29878 25.15
24881 25.11
35713 25.81
29038 25.46
30326 25.85
30507 25.09
31321 25.64
26360 24.94
26049 26.52
17585 26.56
31185 25.65
25799 24.53
22884 26.32
20943 26.07
44248 23.82
26457 24.45
33005 24.42
24809 24.42
32373 24.72
29074 24.46
29326 24.45
21517 25.87
35116 26.05
29566 25.31
29509 25.75
34087 26.41
31697 24.92
20843 24.70
28234 24.94
30894 24.79
44613 22.22
26638 23.93
30516 23.96
24886 24.00
27295 25.58
28715 24.46
27129 25.12
29476 24.57
23935 25.70
21817 23.60
25868 23.67
22095 23.72
26113 24.12
29232 22.80
29045 23.16
21230 24.16
44210 21.61
30208 22.95
32490 23.35
27977 23.90
33908 23.16
24915 23.11
31356 23.01
30167 22.75
27819 24.63
27651 22.75
24861 24.02
19430 23.83
28416 23.80
28921 22.43
37348 24.95
29782 23.95
41092 21.47
29331 23.34
31940 22.86
25866 23.19
33039 23.94
26455 23.61
26221 24.69
18616 25.21
31475 24.30
26278 23.13
25616 24.50
19366 24.83
29631 24.09
28087 23.35
30472 23.44
30288 23.22
45985 21.77
27770 23.27
30028 23.77
25781 23.70
34680 23.80
26137 23.54
25316 24.28
27857 23.21
28850 24.70
27337 23.41
30129 24.62
27974 23.35
31953 24.36
28223 23.50
24546 25.29
20017 24.55
46150 20.67
28985 22.45
31235 22.59
25107 22.85
30973 23.18
26895 22.34
