31678 23.21
20711 21.98
31078 21.31
38226 21.46
28351 22.32
25138 22.11
28057 22.18
31059 21.66
31052 21.65
32656 21.00
35581 21.27
31107 20.94
37461 21.73
28089 21.46
34633 21.78
31183 21.63
42486 22.20
27658 22.27
32482 22.23
27993 22.03
28312 23.50
28060 22.46
25942 23.84
28178 22.55
33623 23.06
30388 22.70
34045 22.94
29888 22.27
29672 24.01
27326 22.36
34757 24.69
33210 23.89
45075 21.68
26846 23.00
33156 23.09
28470 23.33
30833 24.36
26917 23.00
24826 24.69
21542 24.56
32356 24.15
28354 22.91
25965 24.61
28243 23.00
28114 24.55
27904 22.85
31570 23.93
30176 23.08
46781 22.36
31184 23.49
29194 25.33
25361 24.99
37106 25.53
30424 25.15
31346 25.54
32315 24.72
32352 25.37
27422 24.68
27373 26.26
18330 26.39
32175 25.43
26692 24.25
23692 26.07
21825 25.81
45729 23.58
27831 24.18
34780 24.11
26359 24.10
33218 24.56
28933 24.48
30565 24.17
22535 25.65
36326 25.74
31175 24.90
31146 25.43
34885 26.17
31859 24.87
22072 24.43
29174 24.72
32313 24.48
46303 21.94
27857 23.67
31725 23.73
25932 23.74
27877 25.34
29399 24.41
27848 24.93
30631 24.32
24477 25.50
22901 23.33
26825 23.47
23153 23.49
27301 23.80
30282 22.56
29999 22.92
22122 23.91
47138 21.12
31374 22.75
33641 23.15
28964 23.65
34928 22.92
26497 22.81
32189 22.85
30947 22.54
28824 24.35
28450 22.60
26146 23.79
19931 23.73
29385 23.58
30034 22.15
38587 24.66
31181 23.65
42799 21.17
30358 23.12
33691 22.57
27012 22.95
33138 23.95
26976 23.49
27333 24.46
19489 24.94
31339 24.31
27257 22.94
26774 24.25
20147 24.64
30757 23.85
29107 23.16
31743 23.19
31294 23.03
47756 21.49
29241 22.99
31086 23.53
26632 23.50
36083 23.53
27059 23.30
26541 24.04
28932 22.94
30115 24.44
28614 23.13
31202 24.33
29682 23.05
33220 24.15
29309 23.28
25342 25.06
21071 24.27
48031 20.37
30168 22.21
32808 22.36
26530 22.58
32231 22.87
27707 22.15
