3212 42.76
622 43.99
2022 38.40
4138 37.70
2936 37.74
2099 36.91
3319 36.15
3247 35.34
3222 37.40
3071 35.64
3213 36.83
1846 37.79
4172 36.62
2489 36.51
3505 36.22
3251 35.53
3939 41.13
2002 38.08
3043 38.15
2371 37.79
3170 38.54
2149 38.40
3358 37.77
3317 36.19
4283 37.87
3105 37.12
4132 37.35
3065 36.93
3989 38.68
2699 36.93
4887 40.99
3563 40.90
3944 41.07
1874 39.64
2727 39.98
2588 38.86
3521 39.91
2832 38.94
2982 40.66
1812 40.80
3964 40.54
2897 38.55
2966 40.00
2812 38.26
3630 39.80
2843 38.84
3605 39.11
2923 38.22
4895 40.62
2339 39.64
3456 40.61
3261 39.80
4202 43.16
3337 41.76
3409 42.49
3701 41.39
3715 43.13
2478 41.46
2976 43.07
1905 42.88
3579 42.53
2713 41.20
2950 42.59
1887 42.66
4943 42.52
1997 41.92
3234 41.35
2175 40.94
3620 41.77
3129 40.76
3133 40.60
2018 41.72
4214 44.69
3175 43.19
3553 42.96
4500 44.19
3237 43.64
1718 43.25
2802 42.56
3813 41.56
4916 40.65
1628 41.80
3092 40.34
2082 41.13
3973 41.13
3288 40.42
3573 40.90
3487 41.25
4002 40.28
1687 41.36
3066 39.18
2179 39.52
3802 39.35
3323 39.26
3059 39.90
2132 40.25
5172 38.85
2716 39.29
3731 39.64
3454 39.90
3713 40.41
2613 38.85
3450 40.17
3121 38.67
3971 40.13
2860 38.87
3190 39.89
1833 40.48
3768 39.77
2998 38.30
5281 42.32
3397 41.67
4053 39.80
2761 40.33
3155 39.76
2327 40.47
4129 41.34
2819 40.22
3458 41.52
2711 40.10
3882 41.65
2461 39.97
3144 41.03
1815 41.58
3587 40.73
2914 39.26
3399 41.45
3088 40.12
5046 40.07
2284 40.21
3409 40.11
2196 41.35
4044 40.52
2974 39.54
3252 40.38
3045 39.06
3879 40.72
2766 39.47
3926 40.66
2822 39.98
4187 41.57
2713 40.12
3268 41.50
2048 41.68
4910 38.21
2691 39.40
3665 39.33
1906 40.59
4065 38.98
2657 38.34
