3497 41.89
648 43.20
2466 37.11
4674 36.91
3211 36.94
2309 36.28
3644 35.35
3582 34.64
3678 36.47
3402 34.87
3526 36.08
2129 36.86
4606 35.93
2887 35.67
3867 35.12
3501 34.96
4467 40.15
2402 37.31
3286 37.83
2799 37.02
3442 38.02
2312 37.84
3727 36.86
3647 35.48
4502 36.90
3725 36.33
4562 36.58
3217 36.58
4606 37.49
2806 36.54
5361 40.09
3997 39.67
4261 40.39
2211 38.59
3117 39.19
2692 38.19
3902 39.53
3166 37.91
3192 39.62
2057 39.70
4272 39.21
3179 37.76
3347 39.37
3148 37.43
3995 39.02
3114 37.80
4048 38.15
3292 37.25
5419 39.66
2548 38.94
3800 39.54
3685 38.73
4625 42.29
3638 41.00
3830 41.53
4066 40.54
4038 42.29
2753 40.24
3375 42.00
2058 41.98
3916 41.48
2937 40.05
3231 41.49
2320 41.44
5452 41.55
2282 40.66
3648 40.55
2363 39.93
3927 40.80
3517 39.62
3414 39.85
2473 40.69
5012 42.93
3640 42.04
4051 41.74
4940 43.36
3806 42.24
1955 41.18
3171 40.89
4395 40.44
5329 39.83
1909 40.96
3503 39.43
2148 40.41
4229 40.44
3720 39.37
3741 40.06
3950 40.15
4279 39.47
2066 39.73
3416 38.35
2671 38.40
4007 38.70
3677 38.32
3454 38.71
2352 39.34
5806 37.80
3009 38.45
4074 38.98
3783 38.85
4283 39.49
2708 37.97
3938 39.11
3519 37.82
4369 39.45
3223 37.87
3395 39.22
2038 39.46
4157 38.58
3351 37.45
5765 41.44
3782 40.58
4583 38.72
3167 39.25
3724 38.99
2276 40.07
4559 40.41
3322 39.19
3898 40.71
3087 39.06
4248 40.63
2663 39.16
3557 40.02
1985 40.66
4073 39.75
3403 38.20
3310 40.72
3584 39.25
5575 39.08
2542 39.13
4006 39.25
2150 40.62
4561 39.64
3215 38.22
3620 39.22
3367 38.01
4410 39.77
3071 38.74
4254 39.61
3235 38.92
4504 40.70
3133 38.92
3554 40.79
2198 41.04
5471 37.20
2968 38.32
3825 38.60
2239 39.03
4444 37.90
2866 37.29
