3820 41.07
701 41.71
2668 36.45
5258 36.04
3566 35.99
2358 35.62
4129 34.45
4026 34.06
3886 35.79
3691 34.22
4075 35.00
3569 34.12
5054 35.28
3143 34.60
4147 34.71
3810 34.47
4957 39.22
2494 36.54
3704 36.56
2944 35.89
3851 37.40
2558 36.52
3996 36.15
4012 34.76
4926 35.97
4052 35.66
5050 35.91
3514 35.82
4939 36.76
3232 35.61
5679 39.62
4240 39.14
5054 38.74
2471 38.07
3615 38.22
2931 37.27
4435 38.14
3278 37.17
3619 38.57
2466 38.67
4698 38.33
3606 36.63
3538 38.32
2370 38.56
4640 37.65
3468 36.77
4775 37.06
3638 36.75
6110 38.66
2799 37.85
4248 38.60
4100 37.91
5183 41.48
4003 40.10
4197 40.83
4374 39.81
4481 41.45
3170 39.57
3509 41.33
2304 41.29
4435 40.83
3401 39.12
3483 40.81
2446 40.94
6006 40.68
2445 39.87
3964 39.75
2559 38.76
4464 39.89
3942 38.75
3846 39.11
2626 39.88
5326 42.56
3949 41.49
4380 41.11
5529 42.21
4077 41.60
1807 41.30
3461 40.15
4924 39.45
5746 39.14
2164 39.77
3785 38.45
2445 39.32
4685 39.43
4123 38.52
4207 39.12
4424 39.24
4711 38.67
2125 39.24
3890 37.54
2913 37.84
4587 37.56
4139 37.44
3886 37.60
2468 38.71
6347 36.93
3292 37.43
4545 37.96
4232 37.73
4474 38.46
2283 39.46
4312 38.10
3778 37.13
4903 38.21
3603 36.89
3844 38.21
2155 38.79
4731 37.98
3691 36.60
6227 40.67
4156 39.67
5000 37.76
3590 38.39
4046 37.97
2618 39.00
5028 39.49
3610 38.20
4161 39.48
3439 38.02
4742 39.55
3033 38.08
4002 39.29
2015 40.04
4509 39.11
3822 37.45
3534 39.85
3963 38.25
6034 38.45
2850 38.53
4196 38.29
2562 39.69
4763 38.99
3595 37.67
3820 38.70
3779 37.05
4790 38.88
3522 37.59
4746 38.58
3554 37.95
5004 39.73
3419 38.28
3807 39.65
2496 39.77
5986 36.34
3203 37.45
4142 37.53
2613 37.88
4922 37.11
3160 36.32
