4070 40.27
720 40.93
2865 35.46
5891 35.26
3883 35.16
2899 34.43
4497 33.88
4338 33.17
4174 35.33
4105 33.39
4477 34.46
3896 33.36
5581 34.81
3433 34.27
4521 34.13
4065 34.06
5454 38.37
2783 35.78
4008 35.88
3210 35.39
4173 36.28
3071 35.71
4581 35.47
4380 34.26
5617 35.34
4372 34.92
5500 35.12
3860 35.02
5433 36.09
3524 34.97
6179 38.74
4732 38.24
5412 38.19
2692 36.89
3902 37.46
3366 36.48
4816 37.49
3587 36.51
3899 37.84
2705 37.78
5088 37.76
3991 35.98
4079 37.57
3754 35.94
4803 37.33
3746 36.13
4954 36.68
4010 36.13
6595 37.91
3021 37.47
4521 37.99
4621 37.32
5515 41.00
4218 39.47
4468 40.13
4790 38.85
4790 40.54
3441 38.86
3837 40.35
2519 40.23
4813 39.98
3668 38.29
3703 39.98
2701 40.01
6589 39.87
2824 39.04
4395 38.92
2882 38.15
4634 38.94
4190 37.96
4255 38.53
2947 38.96
6253 40.95
4465 40.12
4992 40.04
6114 41.49
4721 40.11
2238 39.67
3890 39.24
5289 38.73
6301 38.27
2310 38.83
4410 37.47
2660 38.65
5295 38.67
4466 38.00
4557 38.44
4773 38.53
5220 37.79
2486 38.51
4268 36.72
3001 37.21
4899 36.85
4519 36.91
4302 36.99
2661 38.07
6880 36.12
3716 36.73
4855 36.95
4776 36.98
4885 37.77
3413 36.21
4473 37.39
4134 36.13
5223 37.45
3889 36.01
4109 37.23
2498 37.61
5143 37.04
4048 35.48
6914 39.67
4567 38.84
5310 37.23
3681 37.99
3882 38.21
3032 38.26
5444 38.66
3919 37.57
4639 38.76
3715 37.21
5135 38.72
3228 37.33
3954 38.39
2577 38.58
4752 38.14
4170 36.60
3985 38.95
4286 37.37
6530 37.64
3113 37.66
4512 37.42
2824 39.22
5225 38.41
3955 36.69
4124 37.83
4072 36.38
5261 38.22
3867 36.92
5172 37.96
3958 37.28
5611 38.42
3692 37.54
4260 38.82
2652 38.97
6539 35.50
3624 36.61
4841 36.77
2506 37.66
5281 36.32
3507 35.26
