4329 39.57
774 40.54
3248 34.78
6343 34.50
4278 34.47
3121 33.95
4705 33.25
4697 32.71
4569 34.42
4322 32.87
4848 33.78
4259 32.92
6041 34.13
3637 33.36
4879 33.32
4557 33.08
5966 37.51
2980 35.37
4327 35.26
3526 34.64
4501 35.57
3178 35.19
4877 34.59
4737 33.53
5890 34.72
4730 34.51
5922 34.66
4233 34.55
5917 35.54
3819 34.31
6625 38.11
5113 37.57
5917 37.42
2981 36.29
4192 36.34
3633 35.83
5225 36.90
3988 35.70
4350 37.43
2880 37.40
5531 37.04
4279 34.96
4391 36.61
4220 35.01
5283 36.63
4033 35.45
5396 36.00
4497 35.35
7217 37.11
3439 36.61
5082 37.21
4778 36.85
6024 40.22
4597 38.79
4934 39.30
5263 38.32
5139 39.78
3770 38.08
4219 39.62
2678 39.54
5290 39.10
3958 37.94
4024 39.29
3000 39.29
7109 39.08
3177 38.23
4574 38.22
3085 37.77
5192 38.32
4578 37.47
4509 37.61
3313 38.13
6596 40.26
4870 39.45
5319 39.38
6783 40.46
5183 39.30
2483 38.97
4211 38.55
5701 38.03
6890 37.41
2714 38.18
4491 36.73
3019 37.71
5717 37.96
4841 37.12
5119 37.67
5044 37.98
5575 37.02
2564 37.78
4711 35.89
3239 36.65
5322 36.11
4866 35.88
4683 36.28
2989 37.07
7328 35.57
4164 35.97
5243 36.45
5122 36.23
5426 37.13
3647 35.68
4887 36.78
4563 35.50
5608 37.13
4250 35.40
4529 36.68
2624 37.09
5450 36.37
4518 34.78
7460 39.00
4850 38.16
5856 36.37
4323 36.81
4816 36.52
3240 37.66
5885 37.98
4246 36.68
5143 38.08
4081 36.34
5433 38.31
3509 36.76
4284 37.74
2681 38.09
5349 37.58
4651 35.97
4997 36.91
5093 36.16
7228 36.64
3689 36.83
4878 36.82
2989 38.09
5941 37.49
4039 36.29
4511 36.97
4447 35.64
5734 37.33
4186 36.19
5614 37.33
4270 36.44
6061 37.80
4001 36.78
4421 38.21
2943 38.04
7153 34.68
3891 36.05
4874 35.90
3102 36.48
5840 35.45
3884 34.53
