4892 38.25
889 39.06
3888 33.66
7399 33.33
4969 33.14
3884 32.82
5419 32.46
5582 31.57
5258 33.70
5183 31.73
5334 32.90
4994 31.91
6523 33.36
4427 32.52
5638 32.37
5251 32.25
7122 36.11
3318 34.08
4986 34.22
4052 33.42
5271 34.73
3573 34.27
5547 33.76
5501 32.39
6697 33.93
5590 33.37
6821 33.66
4728 33.16
6596 34.48
4607 33.31
7904 36.59
6035 36.24
6523 36.54
3379 35.17
4976 35.04
4143 34.90
5957 35.81
4717 34.60
4975 36.12
3248 36.36
6306 35.94
5006 34.07
5095 35.57
4817 33.86
5961 35.65
4656 34.42
6271 34.93
5111 34.19
8312 35.84
4153 35.55
6166 36.00
5746 35.71
6931 39.00
5370 37.56
5884 38.20
5913 37.25
5884 38.60
4288 36.99
5253 38.19
2808 38.66
5944 38.05
4524 36.61
4738 38.03
3451 38.13
8157 37.85
3741 36.93
5362 37.15
3571 36.57
5856 37.05
5551 36.12
5330 36.45
3728 37.07
7184 39.58
5506 38.41
6123 38.11
7472 39.44
5414 38.88
2623 38.36
4942 37.46
6527 37.01
7920 36.14
3296 36.53
5321 35.85
3287 36.90
6640 36.70
5716 35.80
5763 36.64
6009 36.74
6459 35.73
2968 36.50
5416 34.54
3833 35.17
6116 34.72
5632 34.62
5592 34.86
3481 35.94
8574 34.04
5071 34.49
6219 35.01
5599 35.41
6784 34.82
4082 34.37
5859 35.16
5219 34.18
6656 35.36
4896 34.35
5216 35.48
3019 35.64
6171 34.93
5074 33.62
8590 37.68
5584 36.82
6792 34.90
5019 35.48
5510 35.11
3846 36.38
6789 36.62
4976 35.40
5632 36.72
4845 35.22
6395 36.84
4222 35.37
5110 36.58
3110 36.93
6145 36.17
5322 34.90
5897 35.81
5814 35.15
8139 35.56
4079 35.73
5752 35.60
3580 36.76
6616 36.20
4895 34.61
5284 35.70
5161 34.32
6483 36.25
4876 34.91
6496 36.05
4954 35.05
6976 36.38
4585 35.47
5281 36.92
3444 36.86
8489 32.93
4574 34.78
5516 34.83
3676 35.19
6675 34.21
4402 33.36
