5211 37.65
843 38.70
4179 33.01
7817 32.87
5433 32.80
4131 32.25
5909 31.80
5935 31.33
6396 32.02
5914 30.99
5773 32.54
5305 31.41
7444 32.58
4550 32.07
6094 32.11
5580 31.61
7545 35.54
3505 34.02
5364 33.86
4194 33.34
5640 34.33
4207 33.31
5854 33.29
5714 32.25
7420 33.14
6006 32.76
7156 33.22
5300 32.74
7160 33.96
4776 32.84
8441 36.01
6486 35.80
6911 36.00
3738 34.69
5250 34.62
4574 34.58
6290 35.49
5036 34.12
5195 35.75
3600 35.54
6653 35.34
5465 33.52
5560 35.28
5077 33.52
6354 35.16
5053 34.06
6768 34.42
5303 33.89
8933 35.22
4300 35.06
6684 35.35
5892 35.09
7403 38.50
5535 37.16
6010 37.69
6409 36.67
6311 38.14
4804 36.18
5442 37.88
3032 38.29
6588 37.47
4906 35.77
4919 37.44
3811 37.46
8787 37.25
3913 36.49
5700 36.50
3900 36.03
6265 36.36
5836 35.58
5669 35.89
4109 36.45
8260 38.21
5928 37.82
6469 37.68
7768 39.08
6268 37.60
3271 36.86
5248 36.69
6949 36.43
8711 35.19
3615 36.00
5738 34.96
3543 36.34
7152 35.79
6284 35.08
6124 35.97
6454 36.08
6947 35.17
3140 35.78
5873 34.04
3973 34.71
6519 34.10
6055 34.03
5764 34.24
3888 35.17
9146 33.44
5576 33.83
6679 34.48
5870 34.98
7104 34.38
4545 33.58
6062 34.74
5583 33.63
7175 34.92
5136 33.76
5678 34.90
3222 35.49
6585 34.51
5518 33.17
9112 37.12
5957 36.33
7256 34.31
5299 34.95
5997 34.60
3898 35.87
7292 35.92
5342 34.81
5991 36.19
5199 34.35
6767 36.26
4511 34.78
5272 35.74
3462 36.28
6615 35.52
5729 34.29
6232 35.12
6094 34.51
8695 34.94
4464 35.07
6048 35.03
3738 36.28
7141 35.70
5187 34.32
5729 35.24
5625 33.91
6808 35.65
5192 34.40
6946 35.51
5391 34.63
7430 35.80
5101 34.82
5513 36.28
3545 36.49
8696 32.71
4921 34.21
5896 34.33
3937 34.77
7176 33.81
4745 32.74
