5788 36.65
980 37.86
4849 32.07
8825 31.85
6070 32.04
4555 31.53
6647 30.95
6814 30.43
7186 31.02
6645 29.95
6739 31.54
5692 30.35
8208 31.61
5214 30.89
7018 30.99
6494 30.40
8665 34.43
4826 31.96
5880 33.14
4683 32.28
6434 33.46
4482 32.85
6593 32.34
6493 31.30
8040 32.47
6629 32.07
8097 32.41
6069 31.67
7815 33.20
5452 31.88
9510 35.13
7287 34.93
7831 34.94
4173 33.74
5903 33.60
5089 33.71
7065 34.62
5745 33.06
5905 34.68
4029 34.75
7496 34.43
6198 32.43
6036 34.35
5953 32.53
6991 34.28
5710 33.00
7534 33.42
6219 32.77
9693 34.60
4835 34.25
7060 34.69
6673 34.40
8304 37.44
6543 36.06
6915 36.59
7240 35.62
7123 36.96
5275 35.41
6206 36.68
3446 37.08
7134 36.51
5607 35.04
5535 36.52
4276 36.50
9841 36.20
4537 35.42
6474 35.61
4474 35.18
7016 35.47
6665 34.70
6384 34.83
4696 35.60
9149 37.31
6635 36.73
7273 36.56
8867 37.86
6964 36.65
3807 35.89
6021 35.84
7673 35.47
9835 34.07
4118 34.85
6792 34.01
3908 35.64
7903 34.75
6777 34.40
7111 34.86
7309 34.98
7913 34.05
3738 34.88
6581 32.98
4512 33.67
7272 33.04
6557 33.20
6578 33.25
4287 34.15
10304 32.37
6250 32.84
7328 33.72
6592 33.97
7242 34.35
5352 32.58
6692 34.06
6380 32.71
7560 34.29
6000 32.80
6123 33.91
3729 34.19
7248 33.52
6409 32.18
10315 36.02
6609 35.26
8437 32.95
6259 33.62
6842 33.57
5852 33.40
7937 35.16
6061 33.64
6704 35.18
5934 33.45
7644 35.19
4988 33.80
5947 34.90
3891 35.09
7148 34.87
6475 33.32
7004 34.27
6889 33.53
9844 33.85
4955 33.97
6971 33.91
4215 35.73
8041 34.53
5832 33.33
6289 34.20
6241 32.90
7821 34.42
5770 33.39
7879 34.44
6064 33.63
8348 34.85
5744 33.86
6346 35.35
3983 35.71
9846 31.71
5537 33.18
6584 33.28
4481 33.57
7986 32.75
5412 31.71
