6109 36.07
1058 36.93
5258 31.56
9340 31.47
6476 31.54
4924 31.05
7126 30.53
7621 29.87
7475 30.72
7035 29.57
6973 31.27
6276 29.98
8617 31.41
5574 30.61
7361 30.65
6731 30.32
9116 33.95
4994 31.70
6286 32.38
5042 31.86
6739 32.63
4654 32.19
7140 31.88
7027 30.89
8485 32.06
7325 31.65
8625 32.07
6531 31.06
8355 32.93
6013 31.38
9593 34.88
7727 34.43
8512 34.10
4412 32.94
6394 32.98
5267 33.29
7810 34.07
6049 32.59
6277 34.19
4216 34.16
7948 33.85
6523 32.14
6481 33.71
6257 32.16
7471 33.69
6021 32.39
8016 32.78
6619 32.39
10297 34.00
5406 33.73
7633 34.21
7301 33.86
8796 37.14
6822 35.64
7335 36.11
7500 35.27
7348 36.70
5685 34.90
6492 36.49
3676 36.97
7689 36.01
5904 34.52
5984 36.03
4435 36.10
10376 35.72
4677 35.23
6877 35.12
4702 34.64
7448 35.03
6940 34.26
6664 34.45
4986 35.00
9725 36.90
6978 36.32
7664 36.15
9270 37.51
7357 36.15
4064 35.32
6283 35.13
8243 35.02
10219 33.67
4415 34.38
7211 33.45
4199 35.01
8308 34.39
7263 33.88
7439 34.55
7682 34.70
8300 33.65
3798 34.31
6874 32.60
4974 33.23
7575 32.75
7014 32.75
6895 32.93
4420 34.00
10909 31.82
6578 32.30
7766 33.29
6937 33.50
8788 32.60
5241 32.49
7213 33.41
6704 32.10
8212 33.56
6243 32.28
6552 33.33
4095 33.65
7721 33.09
6525 31.69
10881 35.55
6969 34.79
8741 32.68
6392 33.52
7063 33.39
4921 34.33
8474 34.58
6437 33.29
7135 34.67
6257 32.99
7943 34.81
5311 33.43
6470 34.46
4189 34.83
7708 34.40
6736 32.86
7424 33.56
7426 33.11
10348 33.41
5215 34.00
7396 33.66
4521 34.82
8453 34.18
6219 32.79
6594 33.77
6558 32.50
7875 34.24
6140 32.99
8365 34.00
6399 33.16
8659 34.39
6037 33.34
6725 34.79
4201 35.14
10534 31.18
5895 32.53
6992 32.69
4752 33.15
8489 32.21
5572 31.20
