1087 51.00
268 51.00
386 51.00
359 50.93
705 50.67
261 51.00
753 50.56
646 50.26
887 50.52
553 50.32
678 50.67
527 50.71
794 50.76
432 50.65
699 50.46
542 50.46
926 51.00
404 50.58
665 50.70
360 50.92
698 50.87
441 50.96
664 50.72
421 50.59
810 50.53
392 50.89
693 50.41
471 50.48
794 50.45
526 50.06
621 50.24
307 50.62
1146 51.00
278 49.82
681 48.89
577 48.63
681 50.42
360 50.68
561 50.44
417 50.59
816 50.37
332 50.49
665 49.79
450 49.87
837 49.51
362 50.49
771 49.55
609 49.41
1152 51.00
270 50.96
598 49.73
386 49.37
646 49.32
629 48.47
884 49.16
381 49.40
947 49.61
451 49.21
648 49.81
403 49.56
893 49.83
710 48.63
744 49.55
826 49.43
1207 51.00
280 50.74
680 50.66
469 50.81
714 50.91
545 50.53
675 50.60
470 50.53
746 50.69
537 50.97
708 50.80
590 50.61
819 50.71
454 50.33
561 50.64
267 50.53
1141 51.00
136 50.91
569 49.30
735 47.53
517 50.91
381 50.39
630 50.30
311 49.90
700 50.48
423 49.73
651 49.58
387 48.63
807 49.29
304 50.08
692 48.81
309 49.79
1143 51.00
259 49.14
760 49.22
516 49.43
629 50.28
472 50.03
619 50.18
544 49.62
735 50.12
669 50.06
884 49.67
449 49.41
928 49.55
480 49.40
652 49.99
398 49.80
1188 51.00
162 51.00
584 48.82
505 47.73
622 49.86
408 49.56
747 48.79
402 49.65
854 48.95
292 50.24
780 48.59
709 49.37
949 49.57
724 49.24
798 50.05
592 49.34
1201 51.00
307 51.00
545 50.54
402 50.21
781 50.53
208 50.81
519 49.98
486 50.07
825 50.02
316 50.62
645 49.30
503 49.38
888 48.95
714 49.44
848 49.42
589 48.64
1206 51.00
372 50.93
574 51.00
465 51.00
668 51.00
361 50.64
