8893 41.67
1810 39.11
3629 38.37
7352 36.01
7315 38.36
7341 35.38
7759 35.02
5444 33.68
7555 36.28
7231 34.31
6955 34.45
2457 35.42
8770 35.61
5926 33.60
5600 34.65
4102 33.95
9946 40.26
5873 35.68
3915 37.37
7112 35.43
4766 38.46
5845 35.48
6112 35.65
4213 35.15
8035 36.10
6702 33.75
6946 34.12
2555 34.87
7926 34.73
7234 33.08
5027 34.60
4862 33.75
11308 38.17
4996 34.61
3833 35.32
7663 32.93
4835 36.44
7901 33.95
7985 34.43
6966 32.93
7239 35.50
7044 33.39
7323 33.60
1921 35.15
7181 34.33
3757 33.97
7055 32.82
8063 32.33
11038 38.82
5148 35.15
4143 36.32
6966 33.49
7332 35.01
3237 34.91
7446 33.60
3390 33.61
8608 34.28
7009 32.56
7793 32.97
6506 31.83
7404 33.33
6291 31.83
6513 32.41
3738 32.50
10725 38.60
6024 34.02
4649 35.68
6837 33.27
4625 37.40
7810 33.56
8042 34.10
6676 33.04
7018 35.35
6718 33.06
7458 33.26
6540 32.68
7841 34.93
6511 33.28
5618 34.31
3665 34.26
11277 39.26
5491 35.20
7494 34.51
3146 34.55
6063 35.64
5639 33.99
6444 34.12
3218 34.26
8083 33.79
3656 33.76
7089 32.79
3822 32.78
8531 32.99
7185 31.75
8029 31.80
6582 31.11
11070 38.31
5227 34.57
7408 33.97
3264 34.05
5915 36.35
5706 33.88
7892 33.58
6984 32.40
7102 34.34
7391 32.42
8469 33.38
5998 32.56
7643 33.82
7174 32.86
4347 34.50
5303 32.96
10983 38.72
5422 34.94
4442 35.60
7054 33.71
3950 37.19
6707 34.18
6421 34.55
7207 32.52
6742 35.04
7484 32.90
7220 32.81
2863 33.78
7562 33.50
3939 32.97
8901 33.33
6313 31.90
11080 37.34
5022 34.84
4911 36.16
7127 33.82
7546 35.90
6924 33.70
7933 33.72
6723 32.53
7443 34.86
6911 33.16
3830 34.68
6066 32.90
7238 33.30
7178 32.18
5375 33.81
4175 33.21
10893 37.62
5545 33.31
3905 35.35
7469 33.83
5632 37.27
7754 33.85
