10590 40.42
2407 38.13
4061 37.50
8186 34.99
8385 37.02
8586 34.15
8456 33.99
6632 32.44
8658 35.14
8128 33.26
8287 33.22
2694 34.34
10091 34.40
7036 32.44
6149 33.41
5010 32.78
11546 39.24
6563 34.79
4836 36.28
8351 34.29
5086 37.36
7356 34.18
9209 33.80
7532 32.68
8004 35.10
8017 32.85
8286 33.22
2567 34.15
9299 33.71
7997 32.16
6035 33.49
5341 32.59
13057 37.14
5892 33.49
4595 34.48
8277 32.07
5527 35.35
8975 32.85
9036 33.48
7475 32.07
8291 34.59
8213 32.28
8321 32.51
2340 33.96
9612 32.95
7648 31.60
5857 32.69
5768 32.74
12802 37.79
6318 34.14
5094 35.07
8434 32.25
8358 34.05
3988 33.77
8280 32.58
4234 32.71
9635 33.07
8266 31.42
9220 31.90
7382 30.81
8026 32.41
3343 32.52
8683 30.86
5150 30.77
12999 37.28
6078 33.12
5585 34.33
7337 32.07
5936 35.59
8807 32.26
9230 32.71
7912 31.65
9438 33.73
7391 31.73
8447 32.33
7579 31.51
8580 33.98
7440 32.29
6458 33.31
4399 33.01
12888 38.36
6277 34.33
8548 33.59
4010 33.51
7212 34.78
5665 33.23
7597 33.18
4090 33.22
9145 32.83
4110 32.77
8911 31.59
3749 32.18
9972 32.02
7899 30.96
5717 32.32
5577 31.48
12735 37.37
6460 33.55
4276 34.78
8467 32.22
5045 35.60
7999 32.73
7300 33.21
4832 32.90
7293 33.66
5785 32.50
9836 32.58
7795 31.43
8034 33.09
8979 31.82
8813 32.20
7282 30.95
12590 37.80
5687 34.25
8061 33.64
4012 33.62
5867 35.51
6914 33.05
7579 33.18
3685 33.02
7727 33.67
6109 32.37
7222 31.85
5794 31.40
9408 32.03
8026 30.32
10499 32.08
6949 30.78
13181 36.01
5464 33.89
5704 35.08
7466 32.85
8899 34.76
8613 32.28
8544 33.02
7295 31.65
8419 33.85
7822 32.06
4708 33.69
7217 31.81
8707 32.39
8094 31.20
6027 32.91
4940 32.22
12465 36.63
6400 32.14
8340 32.50
5692 33.08
7337 36.00
8760 32.72
