11119 40.05
2175 38.02
4538 36.92
8701 34.52
8649 36.69
9279 33.74
8881 33.61
6801 32.02
9113 34.62
8453 32.85
8269 32.75
3280 33.59
10435 34.24
7781 31.93
6246 33.31
6492 32.17
12014 38.91
7849 34.21
4062 36.78
8515 34.23
5687 37.14
6922 34.11
7526 34.13
4742 33.82
7975 35.21
6013 33.44
7583 33.40
4935 32.70
9519 33.48
8682 31.86
9407 32.05
7837 31.18
13725 36.81
5110 33.50
4304 34.40
9193 31.64
5986 35.00
9196 32.73
9409 33.21
7694 31.74
9078 34.17
7944 32.01
5369 33.56
7166 31.74
9466 32.69
7780 31.29
6813 31.97
4720 32.92
13300 37.48
4907 34.35
6553 34.24
7939 31.97
6055 34.83
8043 32.49
8284 32.92
8396 31.34
8547 33.73
8566 31.70
9512 32.12
7437 31.03
8330 32.81
3367 32.81
8868 31.09
5378 30.81
13046 37.28
6851 32.76
5300 34.56
8300 31.84
5873 35.89
9185 32.16
7893 33.28
8728 31.81
8715 34.04
7993 31.75
8806 32.00
8039 31.36
9199 33.44
7998 31.95
6952 33.01
4430 32.66
13490 38.02
6423 33.97
9004 33.16
4106 33.10
3827 36.63
9353 32.79
8359 33.48
8575 31.89
8111 33.70
8488 31.75
9204 32.11
7584 30.92
8277 33.01
8140 31.49
5829 32.60
5956 31.80
12681 37.38
7344 33.09
8340 33.16
4594 32.73
6325 35.37
7654 32.68
9326 32.48
8264 31.16
8819 33.11
8003 31.41
10215 32.22
7083 31.29
8725 32.72
8545 31.66
5673 33.09
5874 31.78
13116 37.49
6526 33.87
6212 34.15
7457 32.57
4817 35.82
8114 32.81
7748 33.12
8653 31.18
7973 33.64
8440 31.57
5543 32.53
6619 31.43
9698 32.06
7972 30.29
10697 31.87
7122 30.70
13896 35.64
5532 33.53
6026 35.02
7595 32.64
9153 34.26
8343 32.14
8923 32.50
7858 31.25
8815 33.35
8208 31.81
4708 33.24
7049 31.58
9125 31.91
8357 30.86
6708 32.37
4895 32.01
13789 35.92
5682 31.92
6031 32.85
8725 32.03
7267 35.85
9020 32.37
