12220 39.35
2536 37.11
4578 36.44
9542 33.86
9215 36.20
9581 33.17
9533 33.06
7769 31.50
9532 34.17
9045 32.37
9522 32.15
3106 33.17
11372 33.27
7878 31.46
7322 32.42
5589 31.79
13260 38.26
7262 33.88
5598 35.50
8573 33.56
6680 36.34
6907 33.65
8135 33.50
5469 33.17
10192 34.07
8971 31.72
9160 32.11
3427 32.88
10535 32.54
9000 31.12
7295 32.43
5552 31.93
14846 36.24
6492 32.61
5558 33.65
8997 31.17
6292 34.43
10054 32.07
10311 32.60
8450 31.09
9418 33.59
8973 31.45
9262 31.67
2986 32.92
10838 32.01
8475 30.70
6830 31.67
6547 31.92
14384 36.92
5018 33.90
7477 33.67
7929 31.58
7071 34.03
8123 32.01
8419 32.52
5273 32.26
10030 32.74
9269 31.00
10092 31.35
8646 30.23
9203 32.01
8277 30.16
7887 31.06
5516 30.66
14760 36.38
6549 32.30
6484 33.14
8113 31.04
8021 35.15
9277 31.72
10041 32.03
8783 31.04
10654 33.23
8103 31.15
5272 32.96
6565 31.97
10887 32.91
8524 31.29
7892 32.37
4272 32.23
14706 37.43
6884 33.48
9987 32.60
4380 32.66
7353 34.05
8327 31.98
7973 32.50
4762 32.35
10233 32.09
4894 32.02
9563 30.94
4369 31.37
11259 31.20
8929 30.12
6574 31.25
6237 30.73
14273 36.44
7449 32.52
5350 33.81
9205 31.32
5927 34.71
9115 31.72
8110 32.45
5647 32.03
9870 32.15
9246 30.52
11081 31.43
8358 30.41
9090 31.97
9562 30.94
6029 32.55
6331 31.10
14274 36.86
7212 33.25
5566 34.06
9124 31.92
5595 35.09
8067 32.39
8850 32.38
9072 30.60
8821 33.15
9165 31.03
6032 32.06
7194 30.85
10422 31.48
8599 29.73
11930 31.38
7365 30.06
14245 35.43
6408 33.16
9364 33.43
4925 32.90
8356 34.86
9611 32.03
10009 32.36
8485 31.02
9472 33.15
8926 31.51
5167 33.00
7627 31.34
9379 31.70
9180 30.51
7401 32.11
4934 31.51
14076 35.71
7151 31.11
9434 31.40
6542 32.08
8411 35.16
9766 31.83
