15551 37.57
2622 35.78
6491 34.35
11477 32.18
10897 34.48
12030 31.54
11914 31.38
9586 29.81
11998 32.71
11352 30.83
11457 30.69
3996 31.67
13612 31.92
9747 30.00
9167 30.99
6844 30.51
16508 36.63
10304 32.04
6271 34.16
10736 32.03
8724 34.52
7656 32.21
10340 31.74
6644 31.55
12505 32.39
10971 30.09
11310 30.36
4541 31.12
12652 30.84
11635 29.45
8531 30.76
7588 30.15
18201 34.68
7990 31.20
6873 31.94
10877 29.66
8415 32.71
12046 30.62
12360 31.10
10695 29.63
11610 32.10
10958 29.89
11543 30.07
4004 31.23
13067 30.41
10672 29.09
8570 30.17
8188 30.48
17834 35.28
8359 31.74
7895 32.49
10107 30.06
11950 31.69
5826 31.27
11383 30.19
6733 30.29
13007 30.60
11120 29.06
12692 29.48
10478 28.43
11711 29.95
10140 28.44
9390 29.28
7767 28.68
18146 34.80
7961 30.91
7806 31.97
9845 29.73
9075 33.44
11710 29.99
12407 30.29
10832 29.49
13117 31.74
10050 29.63
11118 29.73
10849 29.20
12002 31.80
10044 30.04
9492 31.14
6310 30.73
18150 35.87
8115 32.04
11874 31.16
5871 30.86
9876 32.60
8143 30.97
10222 30.88
6262 30.81
12541 30.50
6345 30.21
11525 29.49
6129 29.83
14136 29.64
11256 28.56
11997 28.74
11488 27.85
17963 34.79
7871 31.35
11134 30.79
6389 30.57
8862 32.76
9482 30.33
9155 30.88
8629 29.97
11924 30.58
11098 28.85
13740 29.79
10472 28.85
11051 30.38
11713 29.36
8084 30.80
7603 29.82
17455 35.39
8713 31.82
8301 32.05
9596 30.58
7139 33.69
9703 30.87
10199 31.10
6057 30.75
12350 31.28
11250 29.32
11618 29.19
5442 29.97
13384 29.97
10865 28.09
14603 29.93
9490 28.66
18134 33.53
7809 31.63
11501 32.01
6106 31.59
10565 33.13
11839 30.37
12205 30.77
10688 29.51
11434 31.65
11116 29.91
6752 31.46
9035 29.83
11426 30.14
11667 28.92
9469 30.54
5919 30.29
18225 33.70
7708 29.93
11685 29.77
8861 30.21
11076 33.51
11429 30.24
