17135 36.83
2981 35.16
7019 33.80
11989 31.56
12483 33.83
12862 30.88
12655 30.73
10905 29.07
13433 31.74
12251 29.99
12891 29.78
4552 31.05
15117 31.20
10709 29.28
9871 30.20
7949 29.78
18142 35.90
11007 31.42
7059 33.31
11504 31.40
9162 34.01
8922 31.43
11286 31.25
6986 30.97
13603 31.80
11861 29.47
12154 29.72
5322 30.45
13848 30.36
12680 28.81
9575 30.27
7957 29.68
19989 33.95
8420 30.78
7651 31.30
11888 28.87
9778 31.84
13262 29.81
13738 30.20
11443 28.86
13104 31.27
11775 29.17
12258 29.37
4794 30.57
13795 29.87
11991 28.33
9618 29.40
8805 29.92
19398 34.57
9327 31.16
8399 32.06
10920 29.42
9447 32.04
10534 29.87
11357 30.34
7711 30.02
13178 30.76
12463 28.90
13823 29.24
11341 28.18
12688 29.64
11203 28.14
10275 29.01
8218 28.47
19868 34.07
8588 30.16
8321 31.09
10984 28.94
9326 32.48
12849 29.13
13392 29.65
12206 28.63
14028 30.51
11330 28.73
12281 28.76
12102 28.38
13679 30.91
11208 29.26
10701 30.21
6333 30.19
19925 35.12
9047 31.30
12739 30.51
6945 30.15
9704 32.30
10118 30.16
11125 30.39
6728 30.28
13455 30.10
7112 29.83
12443 28.95
6966 29.24
15072 29.09
12242 28.04
8834 29.47
8428 28.80
19435 34.21
9482 30.46
7935 31.38
11600 29.19
8784 32.29
10712 29.75
13530 29.60
12095 28.25
12112 30.34
11947 28.47
14614 29.46
11290 28.50
12406 29.75
12621 28.94
8800 30.42
8262 29.31
19222 34.66
9289 31.33
9206 31.45
10616 29.94
8682 32.11
10375 30.08
11316 30.14
6411 29.94
13246 30.33
12630 28.41
8571 29.54
9872 28.44
14450 29.03
11830 27.29
16175 29.15
10639 27.96
19892 32.84
8327 31.15
12922 31.20
6607 30.82
11707 32.56
12809 29.75
13336 30.24
11923 28.77
12441 31.24
12320 29.35
12678 29.43
4319 30.61
13791 29.43
6227 30.05
14089 28.82
5683 29.75
19803 33.01
8620 29.09
9676 30.03
12228 29.35
14128 31.79
11458 29.37
