17731 36.53
3033 35.03
7142 33.73
13557 31.12
12264 33.74
13305 30.69
13127 30.52
11357 28.83
13447 32.02
12532 30.02
12905 29.76
4966 30.96
14876 31.04
6120 30.70
12530 29.41
8060 29.46
18666 35.67
9922 31.42
8140 32.72
11654 31.07
10287 33.58
13056 30.09
13826 30.32
11444 29.24
12697 31.58
6345 30.97
11570 29.82
8599 29.29
13254 30.25
12955 28.67
9871 30.02
8551 29.42
20541 33.74
8762 30.43
7771 31.15
11993 28.78
9748 31.85
13516 29.72
13798 30.14
11983 28.68
13553 31.05
12507 28.96
12761 29.23
4631 30.46
14476 29.71
12100 28.31
9861 29.30
9001 29.88
19968 34.37
9480 30.94
8792 31.70
11029 29.23
10112 31.81
10484 29.74
11704 30.10
7898 29.82
13927 30.62
12577 28.67
14029 29.09
11886 27.92
12859 29.64
11689 27.95
10556 28.84
8354 28.20
20422 33.83
8922 29.95
9261 30.69
10813 28.85
10270 32.32
13105 28.99
13803 29.51
12322 28.61
14460 30.63
11574 28.65
12428 28.83
12316 28.32
13346 30.85
11266 29.17
10962 30.12
6861 29.98
20574 34.93
9053 31.25
13237 30.33
7009 29.89
10618 31.86
9497 30.07
11543 30.04
7283 29.99
13742 29.83
7314 29.61
13026 28.69
6798 29.12
15204 28.98
12643 27.86
9417 29.13
8620 28.69
19990 33.97
9701 30.46
7951 31.18
12024 28.91
9391 32.26
10263 29.80
13849 29.40
12636 28.07
12770 30.31
12221 28.36
14914 29.33
11488 28.35
12903 29.72
13137 28.77
9018 30.36
8525 29.20
19601 34.50
9654 31.05
12706 30.47
7040 30.42
9993 31.77
9815 30.02
11663 29.90
6940 29.60
13751 30.04
12548 28.21
9322 29.18
9843 28.21
15156 28.79
12039 27.16
16470 28.96
11209 27.69
20448 32.59
8289 30.98
12962 31.16
7084 30.64
12652 31.87
12960 29.44
13743 29.81
11897 28.51
13657 30.56
12425 29.02
12819 28.99
4800 30.20
13964 29.06
6612 29.59
14663 28.50
6121 29.38
20472 32.77
8768 28.92
8509 30.30
12988 29.32
14142 31.86
12087 29.20
