18804 36.09
3338 34.64
8174 33.01
12717 30.94
13338 33.21
13935 30.25
13890 30.10
12078 28.43
14105 31.12
13241 29.37
13436 29.30
5499 30.37
15983 30.68
6283 30.30
13313 29.10
8326 29.22
19867 35.22
10110 31.22
8948 32.21
12159 30.68
10298 33.28
13844 29.79
14551 30.02
12211 28.79
13030 31.48
7481 30.50
11881 29.59
9064 29.03
13986 29.93
13833 28.33
10228 29.76
9394 29.10
21582 33.33
9167 30.08
8042 30.96
12663 28.35
10354 31.46
14257 29.23
14621 29.83
12533 28.32
14405 30.69
13100 28.58
13658 28.83
5060 30.10
15131 29.36
13108 27.87
10263 29.11
9703 29.49
21165 33.92
10111 30.53
9632 31.30
11325 28.92
10484 31.36
11497 29.31
12449 29.80
8161 29.53
14160 30.11
13653 28.22
14903 28.62
12517 27.60
13447 29.35
12213 27.63
11540 28.41
8572 27.94
21781 33.38
8827 29.63
9552 30.28
11643 28.41
10127 31.56
9804 29.38
12352 29.32
13846 28.06
15210 29.76
12635 27.99
13950 28.04
13727 27.55
17338 29.44
11516 28.44
11632 29.41
6797 29.53
21692 34.49
9580 30.81
13911 29.87
7847 29.58
11930 31.05
9416 29.72
12161 29.60
7851 29.44
14422 29.27
7992 29.01
13714 28.17
7950 28.46
16499 28.34
13572 27.42
14995 27.37
14027 26.70
21082 33.53
9459 30.09
13087 29.46
7942 29.26
10179 31.54
11464 29.14
11158 29.69
9954 28.78
14047 29.41
13622 27.60
16371 28.62
12552 27.67
12877 29.26
13727 28.32
10114 29.71
8674 28.78
20721 34.06
10132 30.73
13249 30.10
7660 30.04
9935 31.87
10589 29.72
12321 29.71
7231 29.37
14351 29.85
13530 27.95
9527 29.02
10406 27.91
16051 28.47
12550 26.86
17407 28.67
11908 27.38
21558 32.18
9298 30.38
13613 30.86
7273 30.39
13339 31.48
13424 29.11
14470 29.47
12583 28.21
14195 30.16
13081 28.61
7922 30.17
10741 28.59
13436 28.90
13859 27.63
11318 29.18
7685 28.97
21450 32.37
8962 28.45
9408 29.94
13442 28.94
14996 31.41
12607 28.87
