19920 35.66
3410 34.24
8003 32.72
13813 30.50
13939 33.01
14628 29.83
14737 29.55
12708 27.99
14982 30.89
14006 29.11
14765 28.92
5253 30.16
17082 30.37
12478 28.42
11314 29.50
9057 29.07
20810 34.81
12319 30.44
14271 30.54
7412 31.24
12608 32.30
8771 30.52
13066 29.94
8785 29.69
15385 30.38
8364 29.64
12902 28.79
9395 28.38
15152 29.08
14945 27.58
10908 29.09
9559 28.63
22889 32.88
9692 29.73
8613 30.36
13470 28.01
11389 30.82
15255 28.78
15552 29.24
13544 27.81
14780 30.34
13804 28.24
14263 28.39
5778 29.49
15851 29.08
13716 27.55
10981 28.68
9818 29.11
22197 33.52
10536 30.22
10478 30.84
11488 28.66
14513 30.08
8252 29.51
14022 28.69
9065 28.70
16040 28.89
7641 29.04
14815 28.11
7382 28.53
16483 28.06
14139 26.57
11850 27.77
9989 27.16
22662 33.00
9909 29.14
10267 29.98
11787 28.15
11812 31.33
14456 28.09
15107 28.55
14083 27.66
16017 29.71
13029 27.83
13904 28.03
14426 27.37
15310 30.07
12652 28.38
11919 29.49
8126 29.34
22307 34.27
10522 30.44
14337 29.73
7991 29.37
12664 30.86
9748 29.47
12689 29.22
8501 29.12
15092 28.99
8646 28.62
14137 27.94
8157 28.21
17342 28.04
14507 27.09
15599 27.17
14955 26.43
22398 33.08
9793 29.79
13443 29.14
8634 28.82
10752 31.13
11916 28.80
11855 29.29
10269 28.44
14624 29.06
14192 27.33
17324 28.21
13283 27.32
13686 28.88
14517 27.96
10233 29.36
9402 28.41
21876 33.64
10783 30.30
14101 29.65
8321 29.57
10647 31.45
11058 29.27
12832 29.21
8347 28.86
15158 29.43
14185 27.56
9756 28.68
11373 27.56
17010 28.04
13307 26.46
18261 28.31
12376 27.12
22697 31.79
9752 30.10
14236 30.42
7984 29.79
13277 31.40
14246 28.88
15180 29.23
13623 27.82
14302 30.20
14083 28.39
14640 28.32
5196 29.69
15570 28.40
7449 29.18
16082 27.87
7197 28.78
22653 31.93
9688 28.18
14404 28.15
11942 28.48
13710 31.57
14176 28.46
