20509 35.39
3528 33.95
8885 32.29
13946 30.23
13992 32.52
15393 29.53
14998 29.41
13459 27.83
15107 30.53
13966 28.86
14836 28.74
5909 29.63
17432 30.18
12915 28.22
11670 29.30
9213 28.93
21343 34.61
12565 30.23
14369 30.37
8112 30.90
15213 31.35
13699 28.69
15229 28.94
6031 30.27
16397 29.66
8509 29.17
13642 28.35
9726 28.05
16284 28.59
15049 27.28
10971 28.85
10143 28.19
23356 32.72
10123 29.55
9016 30.27
13454 27.84
11648 30.58
15373 28.60
15757 29.10
13848 27.65
15247 30.07
14067 28.03
14663 28.19
5810 29.48
16019 28.78
14269 27.34
11361 28.44
10374 28.98
22846 33.31
10826 29.99
10878 30.59
11607 28.51
14901 29.91
8400 29.33
14698 28.57
8990 28.73
16474 28.68
7797 29.07
15131 27.94
8112 28.21
17008 27.79
14431 26.39
12356 27.57
10096 27.02
23251 32.83
9963 28.94
10251 29.90
12381 28.00
14117 31.90
13942 28.34
15168 28.68
14496 27.69
16601 29.67
13105 27.79
14374 27.86
14115 27.43
15326 29.94
12845 28.25
12607 29.22
8071 29.17
23429 33.89
9854 30.42
14796 29.30
8521 28.97
12815 30.59
10022 29.24
12918 29.04
8834 28.91
15528 28.74
8627 28.50
14755 27.65
8347 28.06
17903 27.86
14526 26.93
16147 26.92
15453 26.19
22938 32.86
10219 29.55
13765 28.96
8688 28.68
10771 31.34
12432 28.63
15719 28.44
14320 27.14
14284 29.34
14070 27.44
16766 28.50
13589 27.40
14103 28.95
15018 27.88
10871 29.41
9051 28.39
22485 33.42
10867 30.19
14478 29.41
8446 29.45
11035 31.12
11479 29.03
13043 29.08
8477 28.73
15438 29.13
14862 27.31
10123 28.51
11563 27.44
17444 27.86
13730 26.28
18690 28.15
12698 26.92
21977 32.04
10476 29.99
14367 30.48
8319 29.81
13752 31.59
14866 28.72
15472 29.16
14101 27.75
14446 30.17
14389 28.35
14432 28.39
5795 29.55
15806 28.36
7582 29.07
15921 27.95
7666 28.54
23122 31.73
9714 27.94
10385 29.13
14180 28.39
16034 30.72
13884 28.24
