23118 34.40
3907 33.26
9951 31.64
18406 28.80
15889 31.76
16517 28.81
16579 28.60
15185 27.06
17290 29.98
16149 28.12
16565 28.14
6455 29.17
19593 29.14
7921 29.02
16141 27.71
10796 27.84
23980 33.65
14121 29.40
9825 31.30
14507 29.46
13202 31.67
16460 28.19
17430 28.56
14915 27.36
16238 29.88
8559 29.20
14396 28.15
11531 27.50
16960 28.38
16618 26.92
13319 28.23
10721 27.88
26286 31.75
11108 28.76
10942 29.14
14313 26.99
13347 29.64
17119 27.80
17794 28.21
15519 26.87
17201 29.25
15396 27.31
15989 27.49
7589 28.48
17997 28.06
15708 26.63
12991 27.75
16946 27.16
25610 32.34
11096 29.43
15501 28.98
9277 28.47
16847 28.97
10448 28.25
15902 27.68
11109 27.77
18080 27.95
9166 28.08
16904 27.15
9628 27.47
18917 27.05
15816 25.80
14146 26.84
11293 26.38
26066 31.92
11180 28.27
12659 28.72
13015 27.21
14203 30.41
15907 27.22
17354 27.68
16729 26.76
18483 28.74
15230 26.82
16581 27.04
17052 26.38
20715 28.26
13836 27.34
14021 28.24
9208 28.28
26248 32.97
11324 29.48
16558 28.53
10095 28.17
13892 29.91
11937 28.41
14349 28.40
10568 28.12
16742 28.12
10488 27.71
16181 27.13
9818 27.37
19876 27.16
16818 26.12
18376 26.16
17221 25.53
25552 32.00
11453 28.81
14982 28.20
10527 27.85
12423 30.15
13651 27.77
13572 28.41
12294 27.44
16632 28.25
16033 26.50
20022 27.27
15628 26.45
15351 27.98
16701 27.13
12731 28.41
9978 27.69
25292 32.51
11891 29.56
15842 28.78
10003 28.47
12853 29.96
12304 28.30
14732 28.12
9871 27.86
17124 28.34
16802 26.44
11670 27.69
12858 26.72
19511 27.05
15594 25.50
21033 27.36
14476 26.25
25759 30.66
11391 29.20
16066 29.51
9730 28.91
17698 29.53
15998 27.63
17766 27.89
16004 26.72
16688 28.89
15855 27.36
10250 28.77
12692 27.43
16270 27.61
16485 26.44
14162 27.88
9655 27.83
25972 30.76
10665 27.26
11891 28.24
15832 27.56
17982 30.04
15483 27.46
