23538 34.21
4669 32.86
10082 31.41
18713 28.72
15898 31.86
16888 28.68
17090 28.46
15424 26.94
17528 29.71
16536 27.93
16663 27.88
7175 28.84
20040 29.06
15029 27.22
13660 28.34
10647 28.04
24633 33.45
14121 29.19
16644 29.35
9617 29.90
14574 31.17
10578 29.18
14919 28.81
10818 28.31
17732 29.26
10016 28.54
15089 27.68
11603 27.24
17661 28.05
17159 26.67
12990 28.05
11663 27.60
26783 31.57
11453 28.57
10971 29.06
14635 26.90
13709 29.42
17343 27.69
17993 28.08
16098 26.66
17305 29.07
15717 27.14
16840 27.29
7412 28.49
18491 27.86
16393 26.39
12978 27.56
17198 27.06
26056 32.20
11524 29.23
15858 28.82
9203 28.34
17470 28.79
10577 28.15
16050 27.47
11592 27.54
18856 27.83
16502 26.46
18691 26.76
16523 25.87
17325 27.36
15234 26.03
14220 26.86
11596 26.37
26666 31.69
10852 28.25
12284 28.78
13692 27.02
14371 30.15
16669 26.98
17590 27.47
16586 26.67
18960 28.54
15620 26.70
16677 26.86
17499 26.21
21252 28.04
14281 27.09
14259 28.11
9551 28.09
25904 33.06
12685 29.21
16401 28.58
10306 28.09
14263 29.87
11821 28.34
14895 28.28
10337 28.09
17159 28.00
10724 27.54
16261 26.90
10534 27.12
19914 27.10
17738 25.99
18667 26.10
17810 25.41
26506 31.71
11152 28.71
15431 27.95
11075 27.57
12980 29.89
13638 27.62
14011 28.19
12330 27.33
17343 27.92
16622 26.21
20150 27.15
16198 26.27
15622 27.85
17186 26.94
12828 28.29
10727 27.42
24659 32.70
13751 29.15
15891 28.78
9781 28.64
12253 30.43
13123 28.21
15036 28.21
9849 27.89
17496 28.38
16781 26.52
11982 27.64
13137 26.68
19871 27.01
15713 25.44
21527 27.24
14792 26.17
26396 30.47
11437 29.06
16527 29.37
9689 28.69
18036 29.39
16357 27.48
18032 27.75
16262 26.57
17055 28.75
16193 27.19
10398 28.59
12948 27.25
16682 27.44
17133 26.22
14223 27.71
10081 27.58
26465 30.59
10836 27.13
12176 28.19
16041 27.43
18243 29.78
16170 27.24
