24027 34.05
4595 32.75
10782 31.06
18703 28.54
16416 31.34
17265 28.45
17204 28.22
15923 26.73
17715 29.42
16687 27.82
16993 27.58
7458 28.63
20623 28.76
15406 27.02
14113 28.12
10607 27.88
25312 33.23
14259 29.09
16973 29.18
10119 29.76
17569 30.33
16295 27.64
17822 27.86
15598 26.86
17463 28.99
9265 28.57
15020 27.53
12462 27.02
18011 28.02
17613 26.52
13279 27.95
11659 27.45
26584 31.63
12564 28.29
10828 29.14
15190 26.83
13923 29.43
17566 27.64
18302 27.93
16452 26.57
17709 29.04
16010 27.09
16870 27.23
8063 28.15
18610 27.86
16782 26.31
13441 27.48
17165 27.03
26783 32.00
11536 29.16
16245 28.67
9643 28.19
17668 28.73
10870 28.01
16445 27.32
12086 27.38
19281 27.75
16773 26.33
19246 26.65
16466 25.77
17528 27.30
15495 25.89
14650 26.77
11859 26.30
27257 31.50
11214 27.98
12273 28.79
14376 26.83
12965 29.84
12140 27.79
15457 27.77
17858 26.44
19148 28.07
16404 26.30
17375 26.42
17882 25.98
21235 27.85
15151 26.84
14499 27.93
10092 27.91
26192 32.97
13083 29.05
16735 28.41
10628 28.07
17648 29.18
16220 27.20
12428 28.49
11286 27.84
18341 27.46
10132 27.46
17491 26.54
9871 27.03
20716 26.77
17303 25.88
18969 25.92
18061 25.25
27040 31.56
11507 28.52
15956 27.73
11347 27.38
12853 29.89
14340 27.42
14150 28.09
12830 27.23
17853 27.80
16463 26.21
20732 26.96
16598 26.06
15784 27.72
17609 26.75
13012 28.15
11088 27.32
26313 32.17
12519 29.13
16628 28.34
10642 28.21
12974 30.05
12928 28.14
15294 28.01
10291 27.71
17940 28.24
17491 26.33
17952 26.27
9555 27.09
20270 26.86
16156 25.29
21896 27.10
15607 26.01
25875 30.66
12325 28.91
16794 29.43
9868 28.82
18361 29.41
16749 27.45
18280 27.71
16367 26.51
17491 28.64
16572 27.13
10701 28.53
12873 27.25
17169 27.36
17161 26.19
15178 27.59
9759 27.65
26956 30.42
11328 26.91
12088 28.17
16650 27.25
19320 29.86
16168 27.24
