24316 33.93
5220 32.38
11038 30.94
19300 28.35
16899 31.52
17463 28.37
17386 28.21
16195 26.66
18035 29.53
17080 27.71
17377 27.62
7643 28.62
20884 28.84
15815 27.02
14327 28.06
10803 27.89
25857 33.06
14439 29.00
11129 30.54
14974 29.00
14134 31.11
11180 29.06
15499 28.65
11005 28.25
18644 29.02
10601 28.29
15859 27.54
11980 27.14
19357 27.76
17760 26.43
19128 26.60
17740 25.81
27959 31.19
10757 28.52
11733 28.56
14958 26.70
14008 29.16
17886 27.42
18665 27.77
16771 26.49
18007 28.91
16581 26.86
17132 27.10
8332 28.08
19096 27.64
17109 26.18
13716 27.40
17415 26.91
27334 31.83
11624 28.99
16449 28.50
9916 27.98
17828 28.96
10903 28.08
16687 27.43
12098 27.40
19000 27.77
17160 26.26
19598 26.54
16633 25.69
17944 27.17
15650 25.86
15026 26.58
12024 26.17
27940 31.32
11387 27.82
12727 28.52
14466 26.65
14597 29.80
16928 26.73
18308 27.29
17461 26.37
19838 28.27
16295 26.42
17344 26.51
17971 25.96
18889 28.63
15326 27.12
14741 28.13
10197 28.02
26743 32.80
13272 28.94
16969 28.34
10847 27.94
14707 29.77
12475 28.15
15444 28.01
10623 27.85
18116 27.72
11070 27.36
17006 26.75
10894 26.93
20745 26.82
18497 25.69
19604 25.80
18600 25.16
27399 31.43
11659 28.36
16237 27.69
11350 27.30
13581 29.64
14122 27.33
14413 27.90
13177 27.04
17961 27.66
17005 25.99
21058 26.83
16936 25.95
16162 27.63
17707 26.68
13773 27.88
10776 27.24
27097 31.96
12386 29.10
16747 28.27
11360 27.97
13813 29.57
13030 27.92
15724 27.70
10521 27.53
18213 27.84
17935 26.08
12621 27.31
13984 26.27
20664 26.68
16756 25.03
22475 26.93
15801 25.81
26404 30.47
12323 28.82
17071 29.20
10226 28.60
18482 29.24
17259 27.26
18790 27.55
16809 26.38
17966 28.47
16877 26.99
10863 28.33
13362 27.04
17482 27.10
17555 26.03
15430 27.41
10128 27.48
27572 30.25
11397 26.84
12618 27.90
16852 27.13
19961 29.94
16467 27.27
