2634 50.78
399 50.80
1481 46.73
1077 46.72
1927 47.78
1658 45.48
1444 46.61
1089 46.00
2072 46.60
1618 45.05
1655 44.85
908 45.49
1893 45.90
1184 45.43
1658 44.69
943 44.83
1960 50.79
1907 44.01
1480 46.09
1043 46.14
1960 46.72
1582 44.73
1904 44.74
1424 43.74
1798 45.56
911 45.04
1703 44.26
1045 43.89
1923 44.49
1795 43.16
1276 44.60
1173 43.89
1868 49.59
2032 43.99
1396 45.51
1193 44.74
1614 47.24
2146 44.85
2039 45.56
1669 44.25
2195 46.49
1416 44.86
1337 46.28
1180 44.88
1850 45.29
1683 43.95
1361 45.22
993 45.45
2436 48.45
1569 44.17
1694 45.11
910 44.62
1976 44.90
1098 44.62
1718 44.09
796 43.63
2269 44.36
1580 43.10
1950 43.25
1593 42.00
1654 43.63
1026 43.54
1863 42.60
1024 42.81
2659 47.59
1422 43.54
1362 45.77
1375 43.95
1901 47.08
1826 44.24
2043 44.79
1540 44.09
1754 46.12
1782 43.97
2029 44.99
1411 44.15
2345 46.07
1477 45.12
1405 46.01
596 45.72
2646 48.12
1331 44.01
1152 45.35
1716 43.51
1194 46.65
1448 44.83
1644 44.63
1798 43.12
1580 44.89
994 44.37
1723 43.61
983 43.63
2048 43.80
1884 42.36
2055 42.23
1418 41.82
2789 46.95
808 43.83
918 45.73
1342 44.27
1568 46.24
2022 43.46
1512 44.98
1933 42.84
1457 45.25
2034 42.72
2108 43.87
1549 43.10
1967 44.74
1574 43.34
1144 44.61
1264 43.45
2712 47.18
1166 43.88
1042 44.51
1973 42.78
1241 45.92
1485 44.41
1649 44.43
1888 42.77
1572 44.47
1903 43.17
2010 42.99
1613 41.79
2281 44.14
1501 42.37
2043 43.48
569 43.74
2632 46.79
1124 45.90
1359 45.97
1604 44.25
1780 45.75
1784 43.39
1962 43.78
1341 42.89
2124 44.78
1671 43.33
1861 43.55
488 44.96
2000 43.69
1644 42.23
1281 43.71
1209 43.49
2706 46.98
870 44.53
1605 47.33
1281 45.39
2102 46.50
1709 44.21
