25707 33.53
5056 32.32
13499 30.08
19621 27.87
17515 31.17
17955 28.15
18438 27.88
16794 26.43
18647 29.17
18048 27.36
18169 27.35
8033 28.39
21667 28.55
16631 26.72
14376 27.85
11742 27.56
26740 32.76
15058 28.72
12025 30.19
15218 28.74
17997 30.12
17074 27.32
18642 27.55
16439 26.56
18608 28.56
9906 28.21
16164 27.16
13140 26.67
18612 27.49
18107 26.24
14738 27.39
12546 27.01
29027 30.88
12192 27.98
11903 28.45
16054 26.34
14551 28.95
18761 27.15
19657 27.43
17570 26.10
18638 28.49
17571 26.48
18137 26.75
8585 27.88
19562 27.37
18174 25.81
14452 27.12
18105 26.61
28347 31.52
12309 28.55
17239 28.25
10457 27.78
18429 28.33
12094 27.59
17528 27.06
12653 27.12
20329 27.40
17989 25.96
20630 26.22
17487 25.37
18790 26.86
16535 25.53
15162 26.37
12858 25.80
28867 30.98
11721 27.68
13217 28.19
15138 26.41
15382 29.63
17755 26.47
18660 26.95
18555 26.01
20580 27.78
16821 26.13
18214 26.35
18609 25.75
22531 27.44
15872 26.55
15844 27.53
10300 27.70
28181 32.33
13474 28.74
17992 27.96
11318 27.61
15371 29.33
12958 27.85
15905 27.70
11879 27.45
18309 27.46
11706 27.03
18067 26.36
11418 26.63
21588 26.55
19077 25.43
19796 25.71
19265 24.98
28487 31.14
12239 28.11
16834 27.41
11908 27.05
14143 29.28
14613 27.10
15215 27.65
13767 26.78
18652 27.41
17629 25.68
22053 26.58
17642 25.75
16727 27.38
18530 26.43
14445 27.60
11435 27.05
28128 31.63
12976 28.69
17409 27.96
11579 27.75
13652 29.39
14117 27.62
16239 27.50
11419 27.20
18677 27.66
18175 25.90
13574 26.97
13994 26.14
20894 26.69
17392 24.95
23294 26.76
16133 25.70
27451 30.16
12753 28.62
17490 29.02
10670 28.27
16849 29.72
18223 27.19
19227 27.61
17799 26.24
17887 28.63
18034 26.84
18066 26.90
7933 28.03
19550 26.85
18013 25.89
15798 27.25
10706 27.19
28632 29.91
11922 26.58
13546 27.53
17289 26.87
20052 29.18
17193 26.79
