26576 33.19
5588 31.86
12240 30.31
20552 27.74
18427 30.61
18695 27.81
19230 27.55
18035 26.07
18842 28.73
18481 27.07
19319 26.87
8660 27.94
22833 28.12
16602 26.53
15490 27.46
12369 27.25
27932 32.40
15285 28.45
12285 29.86
16177 28.35
18607 29.83
17944 27.02
19474 27.30
17949 26.21
18993 28.33
10538 27.97
16465 27.00
13985 26.42
19260 27.38
18802 25.99
15639 27.12
12770 26.90
30287 30.54
12564 27.76
12533 28.17
16735 26.03
14956 28.76
19868 26.84
20400 27.21
18232 25.89
19310 28.28
18149 26.27
18711 26.50
9359 27.54
20122 27.20
18222 25.73
15054 26.83
19176 26.35
29526 31.16
12586 28.47
17752 27.95
11336 27.39
19345 28.02
12260 27.37
18157 26.82
13326 26.86
20807 27.21
18804 25.70
20358 26.14
18482 25.20
19429 26.66
17194 25.37
16237 26.22
13166 25.73
29977 30.69
12238 27.39
14459 27.82
15105 26.21
16446 29.35
18038 26.19
20011 26.60
19021 25.76
21231 27.60
17538 25.90
18510 25.90
19367 25.51
19967 27.94
17005 26.48
16265 27.53
11699 27.43
29172 32.06
13792 28.36
18326 27.77
11962 27.37
19350 28.37
10530 28.04
17936 26.94
11764 27.10
20274 26.74
11990 26.66
19167 25.91
11964 26.31
22712 26.08
18955 25.32
20732 25.37
20114 24.69
30022 30.68
12522 27.83
17178 27.11
13165 26.64
14891 29.12
14560 27.03
16045 27.37
14279 26.54
19656 27.24
18169 25.51
22634 26.34
18563 25.46
17372 27.14
19036 26.18
14874 27.39
11963 26.83
28004 31.68
14931 28.33
17780 27.90
11966 27.71
15719 28.91
13192 27.63
17048 27.24
11835 26.89
19432 27.46
19365 25.63
13955 26.80
14626 25.94
22683 26.18
17822 24.64
24161 26.46
16901 25.44
29652 29.50
12516 28.36
18755 28.46
11309 27.88
20132 28.62
18723 26.66
20459 26.92
18700 25.78
18697 27.87
18386 26.40
12354 27.82
14379 26.62
18661 26.70
19147 25.51
16513 26.89
11458 26.88
29656 29.59
12403 26.25
13915 27.16
18190 26.59
21390 29.14
17881 26.60
