27093 33.03
5693 31.74
17461 28.88
21026 27.00
17989 30.57
19120 27.72
19270 27.55
18284 26.00
18921 28.60
18970 26.94
20144 26.76
8330 28.00
22678 28.06
9898 27.91
19057 26.70
12662 26.98
28534 32.23
15767 28.27
12950 29.87
16177 28.33
18932 29.60
18039 26.86
19947 27.05
18419 26.00
19388 28.21
10740 27.83
16971 26.85
14327 26.32
19788 27.27
19272 25.90
15380 27.10
13604 26.72
30700 30.39
12890 27.62
12813 28.20
16468 26.10
15363 28.50
19627 26.77
20610 27.07
18531 25.72
19813 28.15
18122 26.20
19027 26.32
9725 27.33
21285 26.87
19048 25.44
14630 26.76
19803 26.19
30191 30.96
12817 28.23
18364 27.74
11289 27.35
19687 28.01
12256 27.27
18536 26.66
13695 26.70
21181 27.15
19211 25.57
20698 26.02
18990 25.06
19952 26.60
17618 25.22
16304 26.12
13477 25.62
30801 30.47
11905 27.35
14968 27.55
15338 26.03
16726 29.05
18106 26.11
20134 26.33
19654 25.55
21707 27.45
17826 25.69
19127 25.90
19852 25.32
23930 26.99
17059 26.07
16727 27.11
11545 27.23
29609 31.93
14140 28.29
18659 27.63
12646 27.18
19541 28.21
11131 27.84
18068 26.82
11976 27.05
20695 26.60
12167 26.57
19601 25.79
11970 26.25
23469 25.87
20377 25.00
21805 25.03
20898 24.47
30340 30.55
12890 27.80
17582 27.01
13104 26.62
14977 28.83
15313 26.73
16436 27.19
14647 26.39
19800 27.09
18812 25.35
23177 26.18
19041 25.33
17746 26.95
19530 26.02
14945 27.32
12850 26.62
28521 31.52
14947 28.28
18166 27.75
12080 27.50
16096 28.70
13523 27.46
17436 27.05
12180 26.80
19612 27.25
19333 25.48
14696 26.60
14647 25.84
23006 26.02
18441 24.48
24717 26.35
17323 25.32
30310 29.30
12983 28.17
19108 28.28
11653 27.76
20334 28.35
19179 26.52
21033 26.76
19064 25.68
19021 27.73
18703 26.28
12402 27.69
14873 26.45
18974 26.51
18694 25.54
17220 26.69
11606 26.82
30318 29.41
12460 26.22
13513 27.33
18844 26.46
21043 28.82
18510 26.35
