28638 32.57
6215 31.30
12789 29.80
22079 27.15
19407 30.35
20447 27.28
20746 27.05
19471 25.57
20709 28.46
19653 26.66
20480 26.54
9331 27.55
23979 27.85
18481 26.07
16393 27.17
13487 26.89
30040 31.79
16455 27.91
19720 27.96
12719 28.39
20600 29.19
18915 26.55
21125 26.74
19445 25.66
20663 27.86
11306 27.54
17684 26.58
14940 26.02
20232 26.86
20646 25.44
16476 26.72
14514 26.32
32504 29.92
13099 27.37
13827 27.76
17562 25.64
16200 28.21
20917 26.38
21748 26.70
20026 25.34
20712 27.84
19403 25.78
19882 26.09
10690 26.99
22146 26.59
19574 25.25
16500 26.36
20510 25.90
31913 30.48
13441 27.89
19015 27.45
12255 26.86
20547 27.56
13447 26.80
19743 26.17
14398 26.33
22511 26.52
20274 25.17
22014 25.69
20163 24.75
20382 26.20
18856 24.84
17231 25.74
14297 25.24
32334 30.04
12995 26.82
15353 27.38
16721 25.69
17966 28.61
19490 25.65
20865 26.14
20886 25.21
23080 27.12
18746 25.42
20229 25.53
21431 24.96
25259 26.78
17745 25.87
17737 26.83
12057 26.98
31696 31.39
14640 28.02
19637 27.29
13552 26.78
20386 27.88
12006 27.42
18992 26.44
13243 26.58
21469 26.26
13290 26.16
20392 25.45
13093 25.90
24119 25.62
20964 24.76
22559 24.82
21625 24.26
31818 30.15
13696 27.33
18786 26.65
13753 26.31
15803 28.43
16644 26.31
16581 26.99
15677 26.07
20809 26.70
19968 24.98
23629 25.98
20443 24.99
18496 26.64
20604 25.77
16388 26.92
13152 26.39
30170 31.04
15967 27.85
19012 27.35
13433 27.09
20116 27.58
20395 25.68
15405 27.04
13409 26.38
22274 26.25
21004 24.91
14545 26.30
16178 25.35
24024 25.55
19083 24.13
26193 25.85
18458 24.89
30652 29.20
14571 27.75
19790 28.29
12337 27.50
21457 28.16
20406 26.19
21946 26.51
19887 25.38
20500 27.49
19602 26.00
13401 27.39
15205 26.30
20417 26.30
20505 25.10
17948 26.51
12209 26.66
31839 28.96
13137 25.87
19728 25.74
17872 26.11
22540 28.44
19378 26.00
