29285 32.38
6435 31.15
21534 27.80
21936 26.39
20132 30.11
20373 27.17
21003 26.93
19345 25.54
21405 28.10
19928 26.54
20846 26.35
9538 27.34
24744 27.59
18555 25.92
16857 26.92
13942 26.66
30453 31.65
16520 27.85
20055 27.87
12873 28.31
20849 29.08
19427 26.36
21748 26.69
19728 25.64
20652 27.82
11852 27.38
17968 26.48
14943 25.92
20844 26.71
20751 25.40
16818 26.56
14684 26.22
33085 29.77
13517 27.18
14949 27.49
17189 25.66
17090 28.02
21266 26.18
22034 26.58
20166 25.25
21762 27.57
19850 25.62
20399 25.84
10735 26.89
22733 26.39
20055 25.10
16813 26.27
20727 25.81
33271 30.10
13417 27.77
19336 27.27
13050 26.70
20768 27.41
13819 26.67
20257 26.09
14606 26.28
23235 26.38
20571 25.08
22361 25.63
20801 24.61
21352 26.20
18797 24.79
17789 25.66
14244 25.22
32912 29.87
13307 26.73
15638 27.32
16691 25.60
18511 28.70
19603 25.63
21434 25.98
20849 25.19
23647 27.20
19224 25.33
20289 25.55
21665 24.98
25601 26.78
18059 25.83
17979 26.82
12376 26.91
32507 31.18
14518 27.92
20051 27.08
14067 26.57
20721 27.79
12109 27.34
19369 26.32
13372 26.53
21955 26.16
13342 26.09
21009 25.27
13288 25.81
24745 25.49
20982 24.69
22999 24.69
22157 24.16
32468 29.97
14006 27.31
19007 26.54
14115 26.19
16102 28.37
16615 26.25
17123 26.80
15871 25.97
21261 26.57
20039 24.92
24122 25.86
20297 24.93
19078 26.52
20985 25.61
16939 26.74
13125 26.35
30671 30.91
16297 27.77
19226 27.31
13466 27.04
20653 27.55
20392 25.64
15685 26.93
13529 26.32
22912 26.20
21113 24.85
15076 26.19
16292 25.36
24452 25.54
19377 24.10
26510 25.77
18743 24.85
32494 28.71
14150 27.66
20073 27.94
12850 27.24
22237 28.06
20311 26.08
22117 26.38
20677 25.19
20864 27.41
19750 25.93
13865 27.28
15345 26.19
20938 26.26
20912 25.04
17834 26.49
12653 26.50
32471 28.79
13051 25.88
20060 25.59
18370 25.90
22847 28.13
19683 25.86
