29729 32.25
6663 31.02
12791 29.65
22916 26.90
20143 30.02
21085 27.03
21420 26.84
20623 25.31
21865 28.08
20441 26.39
21196 26.31
9609 27.39
24781 27.43
11300 27.32
20316 26.25
14259 26.44
31023 31.51
16948 27.70
13947 29.19
17791 27.61
20616 29.00
19836 26.26
22034 26.47
19889 25.44
21641 27.62
11636 27.30
18505 26.28
15782 25.71
20705 26.66
21499 25.26
17339 26.49
14494 26.27
33358 29.66
13981 27.10
14565 27.47
17794 25.46
16759 27.96
21745 26.11
22592 26.47
20617 25.11
21412 27.54
19697 25.65
20792 25.78
11126 26.71
22837 26.33
20413 25.00
16709 26.15
21165 25.67
33912 29.94
13602 27.68
19604 27.17
13441 26.55
20767 27.34
14505 26.52
20232 26.02
15574 26.13
23077 26.43
20306 25.09
22689 25.50
21097 24.51
21590 25.97
19540 24.66
17746 25.57
14746 25.08
33277 29.75
13625 26.64
15982 27.10
16605 25.55
19300 28.53
19842 25.53
21712 25.90
21507 25.03
23946 27.00
19742 25.20
20861 25.34
22169 24.74
25742 26.61
18935 25.62
18186 26.68
12757 26.75
32544 31.16
15329 27.75
20175 27.09
14141 26.55
20981 27.85
12573 27.32
19432 26.37
13541 26.54
22169 26.17
13808 26.04
20942 25.35
13716 25.74
24697 25.47
21622 24.59
23399 24.64
22132 24.10
33236 29.77
13951 27.18
19405 26.34
14594 26.02
16147 28.25
17021 26.16
17578 26.70
16160 25.85
21426 26.48
20639 24.79
24283 25.79
20707 24.84
19273 26.39
21381 25.47
17376 26.63
13165 26.25
31251 30.74
16252 27.70
19789 27.14
13678 26.91
20891 27.30
20892 25.44
16279 26.76
13813 26.16
23153 26.02
21505 24.69
15572 26.01
16570 25.17
25396 25.37
19461 23.99
27008 25.65
18982 24.71
33025 28.56
14705 27.51
20442 27.89
12907 27.24
22397 27.85
21049 25.92
22520 26.22
21128 25.06
21230 27.27
20284 25.80
13817 27.20
16015 26.04
20688 26.20
20433 25.02
19053 26.22
12735 26.40
33022 28.65
13340 25.75
20205 25.46
18944 25.75
22950 28.09
19887 25.78
