30061 32.14
7019 30.80
22046 27.56
23145 26.08
20852 29.77
21422 26.88
21730 26.70
20354 25.32
21948 27.84
20981 26.23
21679 26.15
9917 27.23
25387 27.30
11427 27.29
20718 26.11
14315 26.34
31649 31.33
17044 27.64
14289 28.91
18216 27.46
20895 28.84
19960 26.17
22360 26.36
20432 25.36
21643 27.49
11923 27.15
18896 26.23
15911 25.71
21817 26.63
21368 25.24
17581 26.42
14888 26.14
34257 29.46
14349 26.89
14427 27.14
18585 25.26
17664 27.66
21810 26.03
22940 26.33
20622 25.06
22842 27.19
20376 25.42
21028 25.59
11526 26.66
22863 26.25
20926 24.83
17075 26.06
21517 25.57
34354 29.82
14102 27.56
19789 27.13
13581 26.47
21131 27.25
14709 26.40
20700 26.00
15383 26.10
23334 26.26
20780 25.01
23490 25.32
21392 24.41
22137 25.91
19981 24.53
18266 25.50
14673 25.07
33645 29.68
13974 26.53
16059 26.86
17389 25.32
18926 28.10
20376 25.26
22466 25.68
22084 24.81
24433 26.84
19860 25.07
21336 25.23
22885 24.61
27386 26.71
18502 25.68
18041 26.67
12943 26.68
33051 31.02
15652 27.60
20657 26.93
13927 26.52
21309 27.64
12735 27.11
19943 26.20
13795 26.37
22554 26.03
13984 25.96
21178 25.27
14244 25.61
24941 25.46
22346 24.50
23692 24.58
22625 24.06
33772 29.65
14081 27.10
19529 26.31
14967 25.88
16193 28.43
17188 26.12
17578 26.72
16380 25.83
21895 26.52
20941 24.75
24921 25.79
20915 24.82
19727 26.44
21564 25.47
17784 26.60
13037 26.27
31586 30.65
16824 27.56
19887 27.03
14033 26.83
21163 27.23
21184 25.37
16825 26.59
13744 26.14
23595 25.93
22015 24.59
15907 25.91
16748 25.09
25256 25.24
20074 23.87
27487 25.57
19424 24.62
32188 28.81
15119 27.51
20709 27.86
13016 27.20
22544 27.90
21459 25.85
23242 26.14
21378 24.99
21369 27.28
20661 25.71
14012 27.10
16478 25.93
20900 26.08
20625 24.96
19403 26.10
12905 26.32
33507 28.50
13663 25.57
20632 25.43
19045 25.72
23419 27.98
20492 25.65
