30941 31.89
7604 30.48
22645 27.42
23953 25.88
21159 29.56
22002 26.67
22351 26.50
21313 25.05
22733 27.73
21267 26.08
22222 25.95
10694 26.92
25925 27.17
12024 27.06
21407 26.02
14683 26.22
32761 31.05
17343 27.46
14660 28.74
18744 27.22
21895 28.66
21336 25.89
23152 26.22
20727 25.19
22343 27.38
12756 26.88
19239 26.08
16400 25.50
22374 26.42
22046 25.05
18272 26.19
15359 25.97
34097 29.47
15880 26.52
16059 26.85
17969 25.20
18628 27.52
22460 25.84
23472 26.14
21671 24.80
23353 27.08
20910 25.28
21911 25.41
11888 26.42
23879 26.08
21331 24.73
17690 25.88
22376 25.37
34728 29.74
14687 27.37
20526 26.91
13871 26.33
22011 27.02
15002 26.28
21290 25.77
16314 25.86
23917 26.22
21441 24.86
24153 25.17
21918 24.23
23145 25.70
20323 24.40
18616 25.34
15944 24.80
35191 29.28
13908 26.43
17276 26.77
17284 25.26
19579 27.94
21208 25.06
22936 25.46
22560 24.66
24853 26.50
20803 24.80
21869 24.90
23162 24.38
28103 26.27
19272 25.37
19343 26.37
13452 26.51
34020 30.74
15950 27.42
21054 26.72
15243 26.20
21887 27.42
13361 26.89
20839 25.99
14215 26.16
23492 25.76
14811 25.71
21881 25.04
14881 25.38
25629 25.22
22972 24.26
24533 24.37
23446 23.88
34742 29.39
14913 26.88
19828 26.05
15728 25.65
17616 27.94
17225 25.99
18678 26.38
16782 25.60
22619 26.29
21564 24.53
25845 25.43
22096 24.53
20029 26.22
22714 25.21
23260 25.45
21608 24.35
32804 30.32
15924 27.60
19853 26.96
14430 26.65
16808 28.10
16805 26.43
19854 26.21
14461 25.95
22038 26.42
22432 24.73
17104 25.85
17312 25.02
26071 25.22
21120 23.68
28332 25.44
20052 24.49
33411 28.44
15513 27.29
21398 27.59
13883 26.93
23498 27.63
22110 25.65
23790 25.89
22079 24.80
22618 27.00
21287 25.55
14752 26.94
16720 25.79
21878 26.01
21229 24.87
19757 26.02
13319 26.18
34653 28.19
13994 25.36
21021 25.17
20260 25.39
24071 27.75
21042 25.41
