31559 31.73
7815 30.38
22897 27.22
24405 25.71
21685 29.23
22282 26.46
22404 26.34
21824 24.89
23653 27.61
21693 25.97
22485 25.86
10709 26.85
25683 27.00
13093 26.81
21448 25.91
15367 26.06
33163 30.91
17741 27.31
21726 27.13
14475 27.58
22324 28.20
21281 25.74
23665 25.91
21450 24.95
22311 26.98
13694 26.53
19514 25.84
17334 25.29
22881 26.08
22514 24.79
18724 25.99
15713 25.77
35817 29.04
14900 26.54
15829 26.78
18736 25.01
18952 27.31
22761 25.65
23913 26.02
22109 24.72
23593 26.98
21254 25.15
22077 25.34
12281 26.32
23717 25.98
22035 24.56
18054 25.76
22983 25.23
35942 29.41
14694 27.34
20670 26.75
14365 26.20
21822 27.04
15560 26.09
21826 25.62
16717 25.77
24286 26.02
21905 24.71
24478 25.01
22153 24.18
23348 25.54
20680 24.26
19357 25.13
15793 24.72
35728 29.13
14266 26.24
17785 26.54
17505 25.14
20150 28.00
21041 25.09
23343 25.55
22474 24.67
25086 26.38
21067 24.74
22551 24.83
23986 24.32
28210 26.08
19794 25.26
19391 26.29
14247 26.37
34944 30.54
15730 27.36
21545 26.60
15568 26.08
22045 27.32
13872 26.80
20866 25.94
14737 26.04
23477 25.69
15313 25.58
22361 24.96
14939 25.33
26037 25.08
23428 24.16
25041 24.25
23838 23.77
35237 29.24
14827 26.74
20326 25.92
15873 25.56
18464 28.03
16848 26.08
19092 26.33
17402 25.46
23416 26.34
21726 24.54
26038 25.47
22335 24.50
20560 26.26
23128 25.12
23458 25.42
21739 24.37
33269 30.19
15970 27.48
20211 26.80
14977 26.53
22094 26.82
13725 26.66
21633 25.51
14446 25.72
24130 25.68
22924 24.34
16986 25.59
17590 24.83
27906 24.69
20817 23.52
28960 25.19
20629 24.34
33868 28.31
15776 27.18
21773 27.49
14298 26.78
23650 27.50
22264 25.53
23704 25.88
22463 24.73
23236 26.91
21736 25.43
22304 25.45
11235 26.57
23059 25.73
22764 24.49
19895 25.91
13976 26.01
35047 28.07
14394 25.35
21364 25.12
20289 25.37
25138 27.57
21234 25.37
