32101 31.57
7772 30.23
23473 27.08
24900 25.57
22047 29.34
22711 26.40
23126 26.24
22031 24.83
23711 27.59
21837 25.92
23144 25.76
10817 26.77
26337 26.97
13036 26.76
21536 25.85
15973 25.95
33600 30.76
18000 27.17
22379 26.95
14608 27.47
22731 28.08
21709 25.59
24203 25.74
22258 24.78
22050 26.93
14315 26.37
19756 25.77
17925 25.17
23166 25.93
23108 24.66
18551 25.94
16222 25.58
36456 28.90
15077 26.52
15972 26.67
19295 24.87
19249 27.24
23088 25.57
24350 25.87
22592 24.56
23953 26.89
21357 25.10
22732 25.23
12454 26.23
24081 25.90
22395 24.49
18549 25.73
23386 25.15
36704 29.20
14447 27.36
21197 26.58
14640 26.06
22265 26.83
16282 25.91
22043 25.59
16739 25.69
24760 25.82
22040 24.60
24931 24.87
22624 24.06
23754 25.44
20845 24.20
19675 25.05
16013 24.63
36282 28.99
14302 26.18
18150 26.42
17754 25.01
20748 28.02
21489 24.98
23185 25.35
23294 24.54
25565 26.31
21517 24.66
22752 24.83
24148 24.21
27723 25.98
20866 25.02
20159 26.17
13784 26.33
35618 30.37
15778 27.35
21906 26.50
15899 25.98
22361 27.17
14008 26.66
21429 25.76
14577 26.03
24271 25.56
15075 25.54
22462 24.84
15646 25.16
26279 25.03
24010 24.03
25212 24.20
24797 23.62
35708 29.13
14911 26.64
20501 25.88
16594 25.39
18211 28.01
17472 25.94
19306 26.29
16984 25.51
23582 26.22
21862 24.43
26132 25.40
22609 24.39
21249 26.03
23114 25.10
23914 25.29
22555 24.18
33875 30.02
16057 27.47
20569 26.72
15018 26.46
22468 26.71
13597 26.63
22009 25.40
14833 25.65
24592 25.56
23325 24.23
17440 25.52
17665 24.79
28222 24.59
21352 23.41
29367 25.08
20618 24.29
34320 28.18
16157 27.02
22102 27.37
14573 26.63
24215 27.49
22559 25.46
24613 25.68
22649 24.62
23069 26.81
22052 25.32
15313 26.74
17147 25.65
23673 25.53
22782 24.38
19703 25.85
14657 25.89
35693 27.91
14384 25.20
21458 25.15
20578 25.29
25243 27.35
21629 25.17
