33100 31.25
8539 29.97
23897 26.91
25841 25.39
22457 29.16
23379 26.20
23694 26.05
22833 24.66
23785 27.32
22864 25.65
23904 25.46
11550 26.51
26594 26.80
13946 26.48
22286 25.66
16398 25.78
34661 30.50
18426 26.97
23079 26.75
15239 27.29
23579 28.14
22417 25.42
24851 25.64
22653 24.64
23029 26.74
14592 26.29
20200 25.62
18216 25.03
23157 25.91
24000 24.50
19785 25.78
16367 25.53
37327 28.65
15455 26.28
16379 26.51
20188 24.67
19553 26.93
23789 25.33
25088 25.67
23691 24.29
24502 26.68
22278 24.80
23376 25.00
13352 26.03
24731 25.79
22975 24.33
19249 25.47
23766 24.98
37744 28.94
14856 27.12
21672 26.40
15511 25.82
23039 26.67
16276 25.85
23123 25.39
16956 25.58
25932 25.78
22812 24.45
25435 24.76
23390 23.89
24106 25.29
21435 24.02
20012 24.82
17104 24.34
37220 28.78
14788 25.97
18961 25.87
18667 24.68
21205 27.84
22161 24.80
24204 25.38
24059 24.35
26399 26.12
22345 24.44
23542 24.64
24438 24.08
28788 25.81
21299 24.89
20449 26.02
14654 26.12
36524 30.13
16621 27.08
22359 26.32
16442 25.76
23012 27.05
14759 26.52
21499 25.67
15877 25.78
24733 25.42
16005 25.36
23082 24.69
15949 25.05
27370 24.82
24763 23.87
26019 23.97
25528 23.42
37053 28.82
15578 26.45
20963 25.65
17142 25.21
18327 27.41
19093 25.39
19503 26.01
18243 25.14
23568 25.87
23087 24.07
27287 25.03
23822 24.09
21529 25.69
23827 24.82
19395 26.01
15382 25.56
34990 29.76
17723 27.05
21905 26.38
15954 26.12
22922 26.57
23890 24.71
18197 26.10
15985 25.51
25807 25.37
23160 24.17
18115 25.37
18553 24.54
27772 24.70
22166 23.26
30172 24.91
21588 24.13
36675 27.59
16411 26.72
23148 26.99
15030 26.45
25509 27.06
23394 25.17
25205 25.47
23767 24.37
24036 26.59
22446 25.13
16136 26.49
17391 25.47
23406 25.49
22891 24.41
20979 25.60
15122 25.71
36806 27.65
14787 25.05
22232 24.85
21109 25.09
26370 27.20
22253 25.03
