34387 30.94
9282 29.47
24823 26.59
26684 25.10
23685 28.77
24000 25.94
24748 25.74
24308 24.30
24527 27.12
23840 25.37
25201 25.18
12022 26.35
28086 26.57
14581 26.35
24230 25.30
16572 25.66
36193 30.10
19611 26.61
23395 26.55
16909 26.84
24635 27.84
23732 25.09
25634 25.40
23711 24.42
24299 26.55
15390 26.08
20837 25.40
19088 24.73
24959 25.53
24758 24.29
20529 25.50
17342 25.29
39221 28.21
16018 26.06
18596 26.07
19716 24.59
20793 26.67
24727 25.04
26237 25.46
24367 24.12
25542 26.42
23261 24.63
24313 24.81
13999 25.79
25605 25.53
23925 24.07
20222 25.23
24731 24.72
38328 28.83
16938 26.59
22344 26.22
16591 25.58
23789 26.41
17244 25.59
23448 25.16
18353 25.24
26738 25.35
23851 24.14
26798 24.43
24774 23.57
25614 24.99
22721 23.73
20402 24.61
18135 24.10
38933 28.39
15535 25.73
19301 25.86
19039 24.53
22089 26.90
23310 24.27
25253 24.62
25751 23.83
28235 25.49
23148 24.07
25120 24.23
26202 23.70
30664 25.38
21955 24.61
21794 25.60
15532 25.84
37943 29.82
17381 26.78
23148 26.06
17982 25.46
23766 26.78
15524 26.19
22988 25.31
16084 25.54
26103 25.05
16686 25.09
23914 24.43
17087 24.72
28367 24.49
25718 23.61
27482 23.67
26253 23.17
38511 28.45
16264 26.09
22256 25.35
17580 24.99
24076 26.36
16640 25.50
21808 25.37
18688 24.79
27290 25.01
23886 23.66
30364 24.28
24667 23.75
22691 25.41
24860 24.54
20307 25.62
15766 25.28
36533 29.39
18988 26.62
22547 26.11
16983 25.80
19139 27.50
18243 25.90
21756 25.58
16635 25.30
24810 25.72
24762 24.05
19177 25.21
19182 24.35
27611 24.76
23063 23.18
31519 24.77
23257 23.79
37100 27.49
17559 26.44
23763 26.92
15487 26.34
26258 26.99
24602 24.94
26614 25.19
24813 24.13
24777 26.38
23658 24.86
17060 26.27
18052 25.31
24499 25.28
23810 24.18
22198 25.35
15484 25.56
38366 27.26
15695 24.72
23043 24.56
22482 24.73
27372 26.92
23153 24.73
