2872 50.00
618 47.77
2707 44.42
2534 42.63
2334 45.63
2621 43.19
2833 43.32
1895 42.24
2862 44.40
2110 42.75
1460 43.85
1948 42.52
2557 44.03
1231 43.15
2398 42.27
1155 42.38
2521 48.86
2407 43.29
1449 45.36
2385 43.57
1534 45.87
2379 43.36
2984 43.05
2316 42.02
2703 43.98
2245 42.01
1421 43.36
1947 41.82
2612 42.81
2414 41.24
1674 42.39
1638 41.67
3526 45.60
1372 42.35
1649 43.28
2544 41.01
1803 44.56
2829 41.52
2893 41.88
2217 40.74
2601 43.52
2480 41.16
2774 41.29
2031 40.42
2625 42.21
2360 40.71
1573 42.21
1507 41.68
3685 45.86
1564 42.50
1451 43.26
2681 40.86
2314 42.14
1414 41.58
2729 40.83
971 41.35
3068 41.03
2578 39.77
2868 40.26
2310 39.25
2316 40.97
1050 40.68
2734 39.62
1244 39.74
3633 45.70
2329 41.34
1514 43.77
2325 41.47
1980 44.45
2906 41.39
2906 41.84
2063 40.80
2943 42.57
2159 40.68
2609 41.41
2115 40.41
2814 43.10
2154 41.35
1765 42.32
1368 41.78
3748 46.05
1218 42.57
1685 42.53
2819 40.77
1487 44.67
2161 42.25
2187 42.47
2836 40.75
2215 42.37
2768 40.26
2870 40.86
2154 40.15
2362 41.74
1004 41.87
2720 40.46
1032 41.21
3932 44.78
1870 41.01
1297 43.01
2762 40.29
2449 42.44
2648 40.18
1692 41.73
1610 41.05
2838 40.92
2714 39.39
3046 40.36
2037 39.75
2662 41.01
2325 39.86
1607 41.05
1870 39.99
3702 45.50
1172 42.73
1968 42.01
2516 40.51
1462 43.68
2477 41.51
2316 41.79
2758 40.07
2558 42.12
2624 40.18
2735 40.23
876 40.92
3091 40.95
2494 39.33
2936 40.52
2027 39.42
3896 44.37
1313 42.12
1418 43.34
2779 40.80
1845 44.34
2698 41.08
2870 41.23
2278 40.18
2457 42.65
2527 40.66
2706 40.79
2179 39.80
2392 41.56
2487 40.09
1621 41.77
1755 40.79
3853 44.69
978 41.79
1261 44.43
1804 41.85
2660 44.45
2734 41.38
