34794 30.83
9840 29.34
24865 26.58
27105 25.03
23838 28.73
24770 25.81
24953 25.65
24591 24.21
25542 27.11
23927 25.38
25505 25.17
12072 26.32
28520 26.54
14610 26.29
24651 25.21
16448 25.61
36830 29.95
19606 26.47
24074 26.33
17022 26.75
24693 27.69
23826 25.02
26437 25.28
24281 24.30
24870 26.52
15281 26.08
21230 25.38
19251 24.73
25731 25.56
25166 24.23
20364 25.52
17667 25.22
39804 28.07
16155 26.01
18503 26.00
20403 24.45
20936 26.65
25306 24.95
26530 25.32
24459 24.07
26058 26.31
23589 24.47
24633 24.70
14477 25.62
26004 25.45
24493 23.91
20455 25.14
24980 24.66
39832 28.47
15709 26.77
22706 26.04
17467 25.37
23866 26.32
17739 25.43
23447 25.07
19090 25.07
27158 25.29
24319 24.05
27311 24.31
24922 23.53
25730 24.94
22975 23.68
21133 24.61
17971 24.09
39517 28.24
15797 25.64
20164 25.63
19395 24.43
22847 26.97
23370 24.25
25793 24.66
25873 23.83
28811 25.57
23030 24.09
24858 24.10
26484 23.62
31202 25.38
22302 24.58
21913 25.58
15687 25.76
38610 29.65
17287 26.73
23515 25.91
18117 25.35
24055 26.63
15980 26.09
23053 25.24
16934 25.41
25926 25.04
17159 24.96
24487 24.33
17045 24.72
28784 24.46
26239 23.52
27824 23.60
26817 23.12
39161 28.29
16475 26.03
22353 25.27
18088 24.89
24130 26.32
17529 25.35
22013 25.33
19091 24.75
27619 24.93
24060 23.62
29080 24.46
25066 23.70
22814 25.24
25446 24.41
20764 25.53
16065 25.28
37034 29.23
19138 26.56
22946 25.99
17254 25.73
19592 27.22
18776 25.76
22001 25.48
17205 25.18
25254 25.63
25172 23.92
19551 25.11
19526 24.23
28152 24.69
23531 23.06
31855 24.63
23425 23.72
37592 27.35
17901 26.29
24065 26.72
16094 26.13
26030 26.73
25180 24.78
26711 25.12
24803 24.09
25542 26.12
23978 24.75
16987 26.13
18863 25.12
25303 24.96
24260 24.02
22405 25.23
15844 25.36
39060 27.12
15670 24.71
23428 24.47
22788 24.65
28449 27.07
23425 24.79
