36835 30.29
10840 28.84
25994 26.15
29038 24.53
25026 28.30
26205 25.39
26503 25.27
26238 23.82
27099 26.48
25935 24.86
26891 24.73
13326 25.82
30096 26.11
15701 25.93
24844 25.08
18599 25.19
38846 29.49
20590 26.11
25436 26.02
17802 26.44
25860 27.35
25421 24.65
28275 24.82
25992 23.89
25524 26.00
17198 25.49
22004 24.98
20670 24.29
25769 25.16
26910 23.80
22347 25.02
19249 24.82
41710 27.61
17342 25.61
19110 25.74
21465 24.07
22085 26.09
26518 24.56
27867 24.91
26515 23.62
27333 25.85
24807 24.12
25996 24.30
15811 25.23
28580 24.82
25828 23.52
21364 24.83
26882 24.26
41907 28.02
17047 26.32
24203 25.65
18055 25.11
25030 25.92
19513 24.95
25268 24.60
20041 24.78
28567 24.87
25504 23.70
28838 23.96
26646 23.15
27144 24.55
23968 23.39
22796 24.20
19043 23.79
41492 27.76
16932 25.26
21410 25.33
20015 24.17
23478 26.47
24723 23.80
27283 24.21
27515 23.41
30457 25.06
24851 23.63
26453 23.78
28426 23.21
32735 24.87
24418 24.09
23165 25.27
16938 25.47
40973 29.14
17796 26.48
24813 25.52
19326 24.94
25333 26.31
17222 25.70
24018 24.93
18487 25.05
28214 24.54
17823 24.69
26072 23.92
18521 24.37
30497 24.05
27326 23.23
29135 23.25
28558 22.73
41286 27.80
17649 25.66
23213 25.02
19763 24.48
25500 25.92
18431 25.06
23244 24.95
20178 24.38
29058 24.64
25338 23.33
30871 24.10
26525 23.38
24346 24.91
26363 24.09
22198 25.20
17450 24.90
39088 28.73
19797 26.25
24180 25.62
18955 25.31
25421 25.99
25813 24.13
21259 25.30
17742 24.90
28503 24.63
26235 23.48
20750 24.64
21110 23.82
30498 24.02
24424 22.69
33901 24.12
24765 23.39
41140 26.52
18433 25.95
25938 26.21
17533 25.66
28710 26.16
25706 24.50
27654 24.76
26721 23.67
26240 25.81
25694 24.35
18326 25.76
19911 24.75
26432 24.67
25602 23.67
23956 24.87
17045 25.13
41281 26.58
16296 24.42
24651 24.10
24113 24.24
29263 26.37
25243 24.23
