38140 29.96
11737 28.50
26834 25.87
30350 24.25
26481 28.03
27041 25.17
27464 25.02
27242 23.59
28402 26.29
26522 24.71
27738 24.56
14118 25.63
32017 25.67
16600 25.70
26341 24.73
18926 25.00
40479 29.10
21432 25.85
25902 25.74
19328 26.06
26892 26.96
26556 24.32
29380 24.50
26977 23.59
27163 25.73
17532 25.34
23087 24.73
21408 24.05
27890 24.80
27825 23.54
22742 24.80
20069 24.56
43596 27.22
18015 25.35
19824 25.41
22677 23.76
27151 25.10
29368 23.78
31090 24.05
28060 23.09
29043 25.33
25619 23.81
19730 25.19
21364 24.32
28657 24.67
26408 23.35
22731 24.53
27820 24.00
43259 27.70
17821 26.01
25304 25.39
18935 24.84
25934 25.65
20171 24.71
26610 24.45
20429 24.65
29541 24.72
26632 23.45
30006 23.72
27692 22.93
28224 24.35
24944 23.18
23700 23.93
19925 23.51
43542 27.35
17379 25.07
21902 25.12
21306 23.87
26857 26.48
25360 23.66
27785 24.11
28365 23.23
30709 25.09
25959 23.45
27335 23.59
29439 23.02
33409 24.79
25459 23.91
24175 25.03
17900 25.20
42494 28.80
18818 26.17
25364 25.32
20652 24.69
26176 26.08
18240 25.53
24884 24.79
18901 24.89
28264 24.48
19666 24.36
26713 23.82
19115 24.19
31107 23.89
29047 22.95
30393 23.06
29543 22.55
42920 27.43
17850 25.49
24407 24.60
21088 24.15
25929 25.54
19789 24.63
23733 24.69
21396 24.09
30462 24.20
26645 22.99
31858 23.80
27999 23.06
25035 24.58
27723 23.84
23012 24.93
18637 24.62
40680 28.36
20201 26.06
24997 25.36
20106 25.01
26050 25.63
27214 23.78
22489 24.99
18318 24.68
29787 24.35
27690 23.16
21564 24.43
21310 23.76
31838 23.72
25567 22.44
35272 23.86
25947 23.15
41473 26.45
19775 25.64
26473 26.05
18233 25.49
28542 26.10
27309 24.24
28824 24.55
27776 23.46
27530 25.64
26517 24.18
27139 24.22
15636 25.24
27931 24.45
27492 23.29
24775 24.68
18016 24.87
42845 26.23
16703 24.28
25289 23.83
25499 23.93
31508 26.05
26095 24.02
