38532 29.87
12369 28.27
26976 25.89
30055 24.23
26891 27.91
27378 25.09
27991 24.93
27595 23.50
28006 26.00
27307 24.47
28419 24.36
14505 25.51
33117 25.39
26185 23.95
23491 25.15
19074 25.07
40901 29.00
21555 25.80
18853 27.01
23080 25.70
26985 26.94
26857 24.24
28958 24.55
27202 23.59
27845 25.76
17303 25.36
23969 24.57
21385 24.05
28310 24.77
28154 23.48
23174 24.75
20129 24.55
44225 27.08
18052 25.28
26596 24.16
19247 24.08
28406 25.23
28970 23.86
30839 24.16
28360 23.12
29561 25.27
25755 23.79
19866 25.13
21721 24.28
28714 24.68
26739 23.30
23492 24.45
28090 23.96
44308 27.48
17463 26.11
25652 25.23
19272 24.75
26297 25.52
20629 24.62
27164 24.30
20898 24.57
29856 24.62
26792 23.37
30379 23.60
28172 22.87
28780 24.26
25269 23.08
24341 23.92
19723 23.56
44011 27.23
17633 24.98
22181 25.02
21590 23.78
24859 26.20
25642 23.50
28112 23.85
29485 22.99
30734 24.87
26942 23.23
28415 23.31
29940 22.89
34108 24.46
25872 23.74
24956 24.83
17983 25.15
43119 28.66
18809 26.10
25987 25.22
20926 24.62
26571 25.94
18587 25.33
24786 24.68
19663 24.73
28527 24.38
19765 24.27
26953 23.69
19840 24.05
31521 23.83
29329 22.85
30948 22.94
30338 22.42
43461 27.31
18324 25.38
24398 24.58
21188 24.09
26745 25.59
19382 24.72
24337 24.61
21951 23.98
30637 24.32
27084 22.98
32198 23.82
28297 23.05
25625 24.64
28012 23.78
23525 24.94
18538 24.63
41327 28.22
20386 25.97
25502 25.27
20204 24.95
26873 25.63
27285 23.73
22433 24.94
18884 24.62
29980 24.42
27934 23.13
21543 24.40
22415 23.55
32004 23.70
26140 22.30
35734 23.77
26548 23.06
42011 26.35
19748 25.67
26885 25.93
18336 25.45
28915 26.01
27534 24.17
29490 24.41
28136 23.34
27514 25.57
26877 24.09
27420 24.16
15886 25.17
28024 24.43
27874 23.23
24933 24.61
18912 24.75
43459 26.12
16798 24.20
25494 23.89
25478 23.95
30832 25.80
26597 23.83
