3103 49.23
852 47.29
2991 43.54
2983 41.85
2629 45.26
3102 42.36
3220 42.53
2196 41.34
2961 43.63
2550 41.52
1777 43.09
2228 41.51
3096 42.95
1239 42.77
2839 41.19
1352 41.37
3111 47.55
2814 42.15
1415 44.66
2916 42.41
2624 44.12
3236 41.45
3362 41.63
2303 40.95
2952 42.64
1030 42.20
2841 40.66
1582 40.56
3177 41.05
2834 39.93
1831 41.37
2168 39.95
4314 44.49
1095 41.96
2142 41.26
2890 39.45
1848 42.82
3337 40.32
3369 40.73
2616 39.45
2905 41.84
2930 40.01
3155 39.78
2483 38.98
2838 40.92
2720 39.33
1921 40.51
1696 40.66
4236 45.04
1989 41.81
1452 42.80
3285 39.81
1313 43.32
3224 40.61
2617 41.55
3146 39.39
2826 42.21
3022 39.83
3263 40.13
2365 39.24
2791 40.95
1058 40.93
3174 39.29
1317 39.75
4208 44.76
2543 40.10
1719 42.54
2685 40.38
2079 43.52
3270 40.18
3358 40.67
2295 39.51
3263 40.97
2524 39.62
1908 41.61
1578 40.68
3615 41.11
2457 39.63
1996 40.66
1974 39.81
4296 45.28
2419 40.91
1222 42.61
2396 40.59
1691 42.96
2979 40.51
2563 41.06
3171 39.42
2741 41.06
3117 39.51
3226 39.77
2397 38.84
2880 40.51
2897 39.29
1638 40.97
2223 39.39
4391 44.24
2150 40.10
2969 40.06
1362 39.89
2127 42.48
2605 40.14
3329 40.06
2780 38.95
2914 40.89
3126 39.05
3322 39.73
2221 39.23
3235 40.35
2745 39.35
1553 40.54
2511 39.11
4301 44.68
2236 40.65
2998 40.32
1055 41.05
1952 42.47
2721 40.20
2641 40.38
3059 38.66
2774 40.76
3080 39.01
3189 38.93
2594 37.89
3043 39.73
2887 38.10
3282 39.61
855 40.98
4347 43.82
2192 40.60
1584 42.81
3097 39.95
1829 43.16
2150 40.95
2650 40.97
1479 40.36
2791 41.68
3347 39.78
3355 39.78
2630 38.99
2571 40.70
3004 39.39
3246 39.78
2464 38.75
4328 44.02
1694 40.50
1670 41.43
3037 39.60
2338 43.78
3043 40.32
