3789 47.53
858 44.95
4046 42.39
3882 40.24
3594 43.51
3606 40.96
3982 40.81
2648 39.46
3840 41.67
3093 39.99
1906 41.19
3169 39.45
3831 41.48
1344 41.08
3744 39.39
1547 39.66
4289 45.56
3483 40.23
1637 43.00
3830 40.73
2003 43.91
3374 40.68
4261 40.41
3277 39.27
3599 41.51
3501 39.43
3693 39.53
948 40.58
4086 40.31
3464 38.46
2281 39.89
2700 38.81
5576 42.90
2388 38.98
1830 40.53
3886 37.96
2199 41.48
2637 39.66
3662 39.47
3736 37.77
3574 40.44
3716 38.46
3941 38.37
3160 37.27
3661 39.12
3559 37.74
1956 39.29
2691 38.77
5372 43.52
2984 39.79
1502 41.56
4022 38.57
3465 39.82
1858 39.45
3713 38.49
1509 38.80
4384 38.76
3391 37.59
3951 37.90
3302 36.73
3408 38.26
1440 38.42
3917 37.05
1968 36.80
5270 43.46
2833 39.21
2143 40.80
3648 38.41
2319 41.93
4274 38.46
4154 39.06
3291 38.02
3446 39.94
3539 37.83
4025 38.41
3090 37.78
3584 40.17
3507 38.37
2448 39.57
2300 38.92
5160 44.15
3326 39.87
3614 39.59
1538 39.64
2723 41.04
3296 38.90
3046 39.51
1705 39.46
4189 39.00
3583 37.53
4027 37.69
3194 37.01
3327 38.54
1592 38.79
3583 37.66
1904 37.62
5719 42.60
2668 38.83
3990 38.48
1576 38.52
2774 40.52
3303 38.16
4176 38.05
3539 37.01
3444 38.82
3787 37.22
4172 38.00
3080 37.05
3523 38.55
3670 37.46
2040 39.03
3034 37.45
5345 43.38
1232 41.04
3268 39.16
3045 38.26
2111 41.45
3668 38.82
3297 39.36
3918 37.34
3398 39.65
3770 37.73
3823 37.53
1332 38.41
4344 38.40
3423 36.50
4334 37.88
2978 36.60
5496 42.24
2236 39.46
2041 41.31
3921 38.41
2240 41.77
2850 39.33
3385 39.21
1817 39.02
3467 39.95
4077 38.03
4246 38.04
3180 37.31
3463 38.70
3689 37.57
4011 37.86
3095 37.03
5448 42.46
2241 38.32
2036 40.56
3718 38.73
3219 42.30
3733 38.81
