5188 45.33
1052 42.76
2595 41.52
4779 39.17
4718 41.63
5089 38.66
5195 38.51
3574 37.22
4980 39.83
4283 37.91
2363 39.47
3993 37.64
4792 39.23
2060 38.58
4558 37.38
2390 37.23
6040 43.52
4057 38.55
2375 41.00
4603 38.62
2676 41.71
4420 38.72
5311 38.38
4349 37.27
4733 39.68
4510 37.31
4680 37.76
1382 38.68
5243 38.16
4588 36.55
3082 38.12
3397 36.92
7344 41.11
3069 37.57
2384 38.70
5045 36.11
3005 39.51
3525 37.93
4523 37.75
2373 37.83
5442 38.25
4749 36.21
4894 36.44
4096 35.41
4638 37.25
4430 35.67
2989 36.92
3289 36.80
7054 41.84
2851 38.65
2466 39.39
5216 36.30
4709 37.85
2260 37.77
4830 36.79
2077 36.76
5648 37.00
4458 35.62
5146 35.79
4190 34.92
4674 36.51
4386 34.75
3508 35.77
3131 34.94
6924 41.60
3969 37.12
2450 39.40
4843 36.58
3364 40.29
5231 36.68
4198 37.91
4865 36.27
4538 38.79
4517 36.26
4974 36.76
4065 36.03
4804 38.41
4386 36.56
3659 37.49
2134 37.47
7236 42.12
3674 38.16
2302 39.22
3626 37.30
3121 39.55
4412 37.06
4118 37.44
4910 35.84
4281 37.74
2254 37.16
4890 36.29
1966 36.79
5486 36.52
4723 35.24
4918 35.43
4318 34.60
7106 41.17
3254 37.48
4925 37.10
1959 37.05
3452 39.52
4410 36.60
5246 36.66
4464 35.43
4446 37.47
4868 35.54
5511 36.36
3931 35.63
4585 37.08
4680 35.84
2731 37.47
3816 35.91
6990 41.67
3644 37.85
2313 38.77
5083 36.96
2442 39.79
4670 37.00
4107 37.68
4891 35.55
4178 37.98
4915 36.02
4907 35.73
1649 36.73
5434 36.39
4551 34.65
5747 36.22
3953 34.95
7005 40.53
3214 37.75
4796 37.72
2085 37.83
3756 39.36
3604 37.44
4481 37.27
2183 37.26
5472 37.42
4775 35.96
4985 35.93
4192 34.98
4537 36.57
4525 35.28
3330 37.27
2833 36.18
7121 40.66
3587 36.15
2478 38.92
4936 36.71
4402 40.54
4983 37.02
