7388 43.02
1410 40.80
2940 39.68
6328 37.31
6289 39.62
6474 36.59
6560 36.48
4709 35.01
6313 37.65
5796 35.74
6000 35.57
2092 36.47
7582 36.94
5095 34.93
4587 35.91
3519 35.22
8115 41.59
5348 36.75
3208 38.66
6055 36.66
3928 39.81
5258 36.61
6811 36.22
5470 35.16
6084 37.69
5865 35.31
6237 35.51
1841 36.80
6953 36.13
5886 34.55
4079 35.75
4306 34.88
9617 39.30
4180 35.56
3278 36.77
6592 34.07
4029 37.45
6707 35.18
7013 35.57
5385 34.39
6055 36.79
6126 34.52
6264 34.79
4927 33.80
6316 35.47
5652 33.87
3816 35.04
4511 34.97
9264 40.00
4813 36.26
3219 37.57
6404 34.67
3490 37.88
6199 35.06
5549 35.79
6089 34.05
6036 36.68
6296 34.55
6761 34.89
5297 33.77
6006 35.64
2202 35.66
6476 33.85
3368 33.85
9064 39.78
5150 35.20
3316 37.65
5980 34.69
4645 38.79
6605 34.99
6828 35.49
5286 34.50
7104 36.78
5062 34.47
3754 36.47
3646 35.71
7547 35.94
5173 34.54
5037 35.34
2508 35.50
9052 40.68
4871 36.42
6689 35.82
2420 35.92
5526 36.80
4218 35.38
5610 35.18
2968 35.40
6821 34.92
2994 34.85
6502 33.81
2734 34.22
7263 34.13
5905 33.15
4247 34.37
3856 33.59
9068 39.64
4845 35.55
6538 35.12
2756 35.35
5202 37.32
4606 35.11
6851 34.68
6003 33.42
5813 35.18
6501 33.45
7310 34.45
5103 33.57
6286 34.77
6138 33.75
3517 35.48
4891 33.90
9344 39.80
4625 36.10
4108 36.48
5742 34.82
3343 38.12
5857 35.10
5478 35.59
6192 33.75
5618 36.02
6148 34.01
3638 35.25
4899 33.69
6710 34.58
5901 32.70
7689 34.28
5388 32.83
9556 38.38
4000 35.93
6233 36.02
3031 35.93
5222 37.64
3890 36.03
5959 35.49
2931 35.67
7063 35.72
6159 34.17
6481 34.11
6063 32.88
5507 34.96
5840 33.66
4607 35.22
3535 34.45
9220 38.87
4777 34.32
6303 34.64
3452 35.58
5529 37.86
6585 34.81
