8330 42.10
1616 39.70
3433 38.73
6890 36.47
6929 38.79
7303 35.77
7108 35.67
5324 34.10
7097 36.82
6554 34.87
6669 34.65
2469 35.75
8209 35.93
5713 34.04
5106 35.05
4284 34.11
9341 40.67
5550 36.15
3886 37.94
6539 35.82
4382 39.02
5852 35.87
7687 35.39
6253 34.08
6672 36.79
6809 34.38
6791 34.56
2099 35.73
7402 35.05
3084 35.48
7249 33.73
3427 34.38
10802 38.49
4936 34.85
3737 35.74
7058 33.30
4580 36.79
7682 34.16
7738 34.69
6140 33.49
6842 35.85
6760 33.60
7032 33.81
5837 32.82
7040 34.60
6807 32.98
4146 34.50
4791 34.34
10409 39.23
4300 36.05
4800 36.07
6507 33.71
4429 36.69
6692 34.30
5952 34.99
3345 34.65
7755 35.12
6855 33.29
7367 33.77
6126 32.54
6647 34.28
2691 34.36
7295 32.74
3719 32.79
10227 39.00
5672 34.60
3840 36.93
6468 33.88
5176 37.92
7418 34.18
7702 34.65
6261 33.56
7826 35.72
5751 33.65
4203 35.37
4222 34.78
8041 35.06
5931 33.65
6189 34.24
2499 34.75
10710 39.60
5161 35.49
7455 34.84
3049 34.75
5533 36.20
5492 34.29
6111 34.52
3388 34.63
7679 34.13
3232 34.21
7238 33.01
3027 33.64
8337 33.38
6685 32.29
7181 32.37
6380 31.54
10622 38.57
4940 34.94
6830 34.41
3285 34.31
5410 36.27
5851 33.89
7514 33.71
6726 32.46
6538 34.53
6959 32.68
8063 33.67
5968 32.71
6893 33.94
6800 33.11
4165 34.69
5346 33.16
10199 39.12
5410 35.31
6854 34.87
2834 35.40
5127 36.89
5693 34.37
6173 34.44
3224 34.40
7904 34.68
6590 32.91
6872 32.77
2885 33.65
6690 33.90
4338 32.73
8457 33.34
6261 31.99
10585 37.64
4786 35.08
6944 35.38
3316 35.02
5891 36.96
7346 34.23
7552 34.44
6341 33.17
6835 35.50
6925 33.48
7007 33.65
1827 34.97
7613 33.71
6768 32.64
5190 34.27
3771 33.65
10403 37.98
5210 33.60
3718 35.53
7398 34.06
5198 37.99
7446 34.28
