9993 31.49
3919 29.72
6908 28.45
11615 29.50
9533 29.66
5720 29.07
5861 28.86
8350 28.75
6661 28.89
6734 28.91
6933 29.08
6935 28.73
6748 28.68
6549 28.83
8123 28.21
8161 28.56
11985 31.66
5599 30.49
7238 29.86
6980 29.44
6866 29.30
7415 29.53
6699 30.07
7022 30.06
8591 29.78
8803 30.10
8229 30.03
8075 29.65
7899 29.30
6938 29.79
14251 31.24
9335 32.90
9111 33.50
5841 31.46
6620 31.66
7516 31.62
6339 31.69
6512 31.59
6590 31.57
7227 31.10
6534 31.45
7036 30.93
6973 31.00
6654 30.97
7053 30.90
6754 31.30
8810 30.70
7744 31.01
12222 32.58
6432 32.54
7030 32.82
8644 32.52
10727 32.98
10122 32.79
9950 33.61
8652 33.62
5399 33.58
6881 33.71
6491 33.82
6493 33.35
6124 33.10
7020 32.79
6942 32.82
6908 33.03
12185 34.39
6320 33.01
7021 32.87
6796 32.15
7087 31.82
8497 32.68
8288 32.56
7115 32.96
12133 33.77
9781 33.38
7811 33.17
13281 34.26
9680 33.37
5130 33.18
6797 32.91
9801 33.51
12491 31.87
6324 32.27
5722 32.57
6704 32.22
7859 32.44
9056 32.29
6799 32.51
9545 33.10
8472 32.59
5626 31.88
6496 31.31
6817 31.08
6975 30.39
7687 31.50
8338 31.17
6793 31.31
13210 30.12
8090 30.84
8291 31.08
8140 32.35
6914 31.93
6571 31.33
7442 31.31
7239 31.61
6974 31.68
6924 31.47
6591 30.97
7145 29.98
6801 30.17
7432 30.52
14174 33.13
8644 32.87
10204 31.27
7973 31.94
7156 31.85
7111 31.72
7911 32.05
7645 31.84
7056 31.93
6966 31.42
7293 31.60
6659 31.73
6747 31.54
6593 31.44
7111 31.40
8065 31.54
8148 31.30
8280 31.66
12909 31.44
6861 31.72
6681 31.48
7414 31.71
7864 31.69
7394 31.62
6527 31.20
7530 31.42
6583 31.71
7343 31.59
8589 31.66
8061 31.36
8446 31.35
8545 31.13
8187 31.19
6847 31.52
12816 29.51
7627 30.41
7427 30.65
6888 30.62
6040 30.30
7073 29.79
