11967 30.10
4856 28.35
8227 27.53
13179 28.54
11159 28.57
6972 28.27
7326 27.69
10621 27.39
8203 27.93
8138 28.10
7630 28.28
7978 27.84
7784 27.79
7670 27.80
8721 27.85
9384 27.78
14507 30.09
6774 29.61
8410 28.55
8408 28.39
8501 28.31
8890 28.48
8093 29.02
9319 28.44
10095 28.45
10438 28.87
10098 29.03
9542 28.61
9623 28.06
7675 28.98
16492 30.13
10774 31.82
10783 32.09
6713 30.55
8106 30.38
8514 30.65
7335 30.73
7882 30.29
8007 30.26
8142 30.03
8071 30.11
8120 30.05
7939 30.08
7971 29.89
8338 30.00
8212 30.07
10209 29.89
9094 29.91
14265 31.29
7917 31.32
7694 31.96
9107 32.11
11651 32.32
11152 32.08
10853 32.89
9695 32.82
6501 32.44
7989 32.64
7844 32.52
7805 32.01
7654 31.61
7775 31.83
7832 31.70
8388 31.87
14231 33.08
7260 32.13
7436 32.38
7871 31.37
8262 30.75
10852 31.02
10249 31.19
8832 31.71
14452 32.34
11954 31.81
9450 31.64
16061 32.75
10523 32.66
5982 32.41
8001 31.81
11371 32.36
14493 30.60
7648 31.03
7003 31.35
8251 30.97
9161 31.44
10506 31.29
8002 31.38
10997 32.00
9737 31.44
5784 31.75
7568 30.32
7506 30.26
7643 29.60
9356 30.20
9703 30.08
7908 30.08
15625 28.85
10342 29.40
10209 29.59
10894 30.26
8054 30.56
7740 30.11
8687 30.18
8468 30.53
8025 30.57
8112 30.24
7504 29.84
7934 28.96
8101 28.94
8737 29.35
16728 31.62
10555 31.33
11709 30.10
9272 30.72
8455 30.59
7610 31.00
8702 31.25
7862 31.52
8161 30.69
8427 30.24
8282 30.68
7693 30.68
7932 30.47
7639 30.48
8225 30.33
9822 30.08
9411 30.24
9687 30.55
15157 30.15
8179 30.66
7611 30.63
8415 30.90
8669 31.00
8387 30.70
7766 29.99
8532 30.47
7828 30.52
8454 30.66
9604 30.83
9541 30.11
10042 30.25
10008 30.07
9662 30.06
7711 30.44
15262 28.26
9569 28.73
9559 28.81
8564 29.18
7174 29.05
8194 28.77
