13612 29.17
5520 27.67
9559 26.73
15219 27.48
13218 27.49
8124 27.38
7601 27.01
10860 27.27
8737 27.50
8773 27.62
9002 27.36
8554 27.38
8782 27.20
8236 27.38
9665 27.28
10473 27.28
16120 29.30
7609 28.71
9239 27.96
9305 27.67
9285 27.58
10033 27.80
8775 28.45
10258 28.00
11260 28.00
11479 28.26
11120 28.28
10227 28.17
10579 27.61
8461 28.34
18271 29.29
12077 30.90
11797 31.42
7675 29.52
9030 29.84
9265 30.06
8203 29.99
8599 29.70
8540 30.05
9186 29.40
8805 29.53
9526 29.18
9271 29.20
8732 29.27
9144 29.35
8741 29.43
11199 29.17
10218 29.28
16470 30.12
9225 30.50
8978 30.93
10765 30.81
12701 31.68
12188 31.40
12120 32.16
10665 32.02
7216 31.70
8669 32.01
8582 31.97
8536 31.42
8006 31.24
9042 30.96
9044 30.91
9007 31.25
15539 32.32
8053 31.48
8893 31.35
8965 30.57
8833 30.19
11207 30.70
11030 30.66
9174 31.41
14972 32.04
12462 31.51
9987 31.31
16708 32.37
12348 31.40
6862 31.23
9468 30.79
13118 31.16
15934 29.84
8585 30.26
7897 30.52
8619 30.49
10302 30.53
11603 30.48
8820 30.73
12113 31.25
10837 30.71
6476 30.92
8161 29.77
8262 29.46
8747 28.75
10244 29.56
10843 29.34
8781 29.48
17350 28.04
11482 28.62
11580 28.86
12936 29.08
10860 28.68
8447 29.38
9461 29.43
9408 29.73
9238 29.80
8792 29.74
8265 29.04
9076 28.22
9164 28.21
10096 28.44
18367 30.88
11609 30.57
13250 29.21
10313 30.01
9313 29.95
8952 29.85
10053 30.14
9354 30.40
8761 30.18
8897 29.94
8925 30.05
8563 30.04
8808 29.71
8492 29.79
9101 29.54
10947 29.35
10342 29.52
11204 29.53
16601 29.39
9028 29.88
8432 29.97
9273 29.98
9810 30.11
9206 30.05
8670 29.32
9477 29.72
8472 29.82
9500 29.87
11016 29.90
10373 29.39
11068 29.48
11092 29.37
10776 29.32
8613 29.53
16361 27.78
9959 28.47
9424 28.89
9065 28.79
8267 28.19
9080 28.11
