14081 28.90
5893 27.29
9814 26.50
15654 27.32
13430 27.33
8495 27.11
8122 26.70
10812 27.16
9151 27.30
8904 27.44
9095 27.33
8593 27.28
9324 26.90
8472 27.06
11155 26.60
10695 26.94
16708 29.01
7870 28.58
9747 27.65
9402 27.58
9381 27.58
10550 27.57
8939 28.31
9364 28.37
11468 27.85
11549 28.32
11129 28.37
10514 27.99
11049 27.45
8696 27.98
18913 28.99
12460 30.76
12128 31.20
7683 29.58
9491 29.51
9635 29.80
8363 29.72
9026 29.50
9279 29.47
9145 29.29
9356 29.22
9540 29.16
9532 29.09
8740 29.29
9454 29.06
9020 29.25
11336 29.15
10519 29.03
16281 30.25
9150 30.38
9064 30.80
11179 30.58
12930 31.46
12583 31.15
12448 31.93
11169 31.89
7260 31.59
9093 31.67
8826 31.66
8883 31.22
8677 30.74
8989 30.83
8970 30.90
9702 30.95
16621 31.67
8244 31.22
9089 31.17
9351 30.37
9105 30.07
11705 30.26
11327 30.48
9605 31.03
15346 31.81
12740 31.34
10339 31.06
17200 32.12
12691 31.17
7144 31.08
9307 30.68
12870 31.32
16757 29.49
8833 30.02
8215 30.23
9033 30.17
10508 30.35
12019 30.25
9253 30.46
12509 31.01
11173 30.49
6920 30.45
8478 29.52
9087 28.98
8809 28.60
10614 29.45
11195 29.21
7890 29.95
17985 27.80
11997 28.39
11944 28.66
13148 28.83
11293 28.42
8782 29.16
9772 29.38
9745 29.61
9501 29.50
9160 29.46
8510 28.89
9407 27.98
9297 28.05
10097 28.43
18838 30.62
11462 30.65
14382 28.60
11326 29.39
10002 29.35
9096 29.63
9625 30.30
9175 30.45
9436 29.63
9094 29.81
9065 29.82
8992 29.60
8992 29.60
8924 29.57
9382 29.36
11291 29.14
10647 29.26
11028 29.61
17812 28.85
10058 29.20
9060 29.49
9840 29.66
9967 30.06
9302 29.87
8659 29.29
9444 29.69
9119 29.55
9470 29.67
11246 29.74
10692 29.08
11636 29.22
11571 29.17
11036 29.15
8902 29.35
17594 27.23
11034 27.77
11022 27.80
9695 28.21
8139 28.07
9421 28.00
