14606 28.60
6285 26.85
10690 26.16
17060 26.75
14132 27.06
8581 26.98
8409 26.61
11284 27.09
9267 27.16
9285 27.35
9151 27.27
9363 26.86
9421 26.82
8869 26.82
11449 26.61
10922 26.94
16569 29.13
8301 28.23
9949 27.52
9653 27.48
9743 27.46
10682 27.36
9457 28.16
10720 27.63
11936 27.62
12099 27.95
11772 28.02
10738 27.90
11352 27.25
9041 27.80
19252 28.91
13166 30.30
12421 30.98
8040 29.38
9722 29.50
9795 29.66
9096 29.47
8868 29.28
9288 29.30
10154 28.94
8883 29.49
9719 28.79
9418 28.98
9365 28.79
9899 28.92
9595 28.96
12005 28.77
10575 28.96
16784 29.96
9505 30.25
9332 30.70
11584 30.34
13404 31.25
12894 30.93
12826 31.73
11518 31.59
7796 31.20
9317 31.57
9014 31.51
8860 31.12
8736 30.69
9579 30.57
9103 30.73
9958 30.74
16566 31.77
8721 30.95
9372 31.03
9577 30.22
9395 29.81
12062 30.23
11714 30.25
9813 30.94
15838 31.60
13075 31.10
10691 30.84
17711 31.92
13053 31.00
7302 30.94
10062 30.35
14011 30.76
16489 29.61
8661 30.24
8216 30.30
9627 29.86
10477 30.27
12232 30.04
9544 30.23
12794 30.80
11533 30.25
7656 29.89
9083 29.04
8943 28.98
9235 28.41
10894 29.12
11528 28.90
9402 29.06
18587 27.56
12339 28.26
12259 28.46
13406 28.66
10878 28.63
8777 29.05
10113 29.15
9956 29.43
9804 29.31
9427 29.17
8801 28.61
9681 27.79
9717 27.76
11026 28.03
19739 30.23
12772 29.71
13602 29.01
10983 29.60
9803 29.47
9756 29.26
10648 29.75
9966 29.96
9275 29.58
10156 29.14
9599 29.48
9119 29.50
9391 29.30
9156 29.24
9618 29.14
11524 28.94
11218 29.00
11363 29.33
17847 28.87
9694 29.42
8928 29.44
9930 29.51
10283 29.73
9934 29.49
9116 28.88
10096 29.31
9023 29.48
10120 29.33
11839 29.41
10798 29.06
11952 29.03
11829 29.04
11502 28.89
8426 29.79
18227 26.97
11621 27.52
11478 27.56
9917 28.13
8655 27.87
9596 27.82
