15661 28.08
6733 26.45
11589 25.82
17916 26.40
15885 26.39
9852 26.34
8225 26.53
12287 26.61
9661 26.82
9912 26.93
10342 26.72
10114 26.57
9528 26.55
9377 26.75
10731 26.72
11869 26.58
18303 28.36
8746 27.84
10408 27.36
10506 27.06
10512 27.07
11249 27.22
10013 27.90
11477 27.21
12652 27.19
12907 27.54
12562 27.60
12026 27.31
11930 26.83
9557 27.61
20531 28.31
13950 29.85
13117 30.52
8451 28.79
10289 29.02
10391 29.18
9490 29.14
9489 28.86
9686 29.04
10676 28.51
9762 28.85
10150 28.62
10212 28.52
9826 28.63
10511 28.54
10025 28.55
12762 28.44
11614 28.44
18631 29.12
10424 29.70
10159 30.10
12169 29.94
13830 30.89
13719 30.55
13712 31.28
12028 31.19
8294 30.69
10032 31.17
9811 30.96
9682 30.47
9085 30.32
10065 30.12
9795 30.25
10608 30.33
18087 30.97
8681 30.85
9549 30.78
9825 30.02
10336 29.38
12686 29.74
12601 29.85
10281 30.62
16677 31.20
13920 30.68
11301 30.47
18531 31.48
13898 30.45
7963 30.37
10525 29.96
14783 30.25
17543 29.17
9150 29.81
8741 29.92
9628 29.72
11495 29.78
13067 29.65
10133 29.80
13621 30.33
12173 29.83
7419 30.02
9788 28.59
9588 28.56
9729 27.97
11454 28.71
12232 28.56
10094 28.51
19333 27.27
12116 28.27
12232 28.51
11457 29.78
10041 29.31
9846 28.56
10773 28.69
10548 29.02
10116 29.04
10120 28.74
9648 28.07
10027 27.44
10471 27.37
11652 27.73
20941 29.75
13693 29.28
14243 28.64
11693 29.15
10434 29.11
10147 28.94
11346 29.23
10273 29.45
10135 28.94
10054 29.06
10101 29.17
9608 29.08
10274 28.81
9513 28.94
10373 28.69
12294 28.51
11822 28.66
12074 28.89
18890 28.38
10359 29.02
9461 29.10
10724 29.14
10869 29.36
10450 29.21
9929 28.52
10510 29.01
9725 29.11
10646 29.06
12181 29.14
11498 28.77
12309 28.80
12372 28.72
11941 28.72
9823 28.92
19505 26.50
12112 27.18
11968 27.24
10794 27.64
9342 27.38
10213 27.58
