16236 27.82
7004 26.33
11789 25.71
18187 26.21
16525 26.12
10198 26.15
8727 26.19
12378 26.54
10228 26.70
10161 26.87
10111 26.79
10047 26.53
10091 26.39
9895 26.40
12504 26.08
11696 26.33
18851 28.11
8970 28.01
10998 26.99
10492 26.95
10566 27.08
11801 26.88
10099 27.50
11808 27.04
12844 27.13
13186 27.49
12672 27.47
12372 27.14
12166 26.79
9813 27.33
21187 28.14
14116 29.75
13824 30.20
8972 28.45
10635 28.82
10682 29.02
9658 28.91
9925 28.78
9900 28.73
10961 28.39
10810 28.28
10441 28.29
10358 28.45
10132 28.41
10585 28.43
10759 28.31
13116 28.30
11902 28.29
19204 28.94
10824 29.57
10080 30.08
12267 29.87
14296 30.75
14057 30.38
13964 31.12
12440 31.07
8600 30.57
10295 30.97
10166 30.75
9792 30.42
9270 30.16
10400 29.96
10075 30.08
10936 30.12
18567 30.76
9451 30.34
10128 30.48
9884 29.85
10643 29.12
13100 29.65
12804 29.62
10647 30.41
16952 31.01
14268 30.49
11819 30.20
18872 31.30
13413 30.76
6999 31.15
10158 30.20
13598 30.90
18975 28.52
10421 29.10
9066 29.54
10387 29.30
11463 29.67
12839 29.77
9995 29.93
14120 30.11
12362 29.71
7557 29.90
10078 28.33
9975 28.37
10023 27.84
11783 28.57
12641 28.42
10435 28.32
19954 27.08
12418 28.12
12491 28.31
11865 29.61
10232 29.01
9851 28.50
11112 28.43
10717 28.76
10401 28.90
10314 28.48
9634 27.96
10740 27.22
10765 27.21
11788 27.46
21356 29.58
13302 29.44
15731 27.99
12841 28.52
11364 28.54
10203 28.80
10740 29.51
10411 29.51
10511 28.74
10391 28.80
10768 28.74
9818 28.91
10438 28.65
9818 28.80
10592 28.46
12700 28.30
12052 28.55
13016 28.53
19312 28.27
10577 28.82
9759 28.88
10954 29.03
11220 29.24
10500 29.00
10406 28.18
11656 28.39
10173 28.80
10764 28.86
12522 28.95
12150 28.37
13054 28.43
12913 28.40
12618 28.31
9771 28.67
19877 26.38
12721 26.96
12355 27.03
10874 27.49
9486 27.31
10495 27.30
