19065 26.68
8491 25.39
12977 25.10
17882 26.39
15287 26.57
9276 26.58
10789 25.59
14763 25.71
12635 25.77
13741 25.51
11443 25.99
11560 25.78
11393 25.87
11141 25.73
14165 25.41
13541 25.68
21452 27.14
10637 26.84
12046 26.33
12585 25.90
12516 26.28
12923 26.42
11738 26.78
13637 26.20
14717 26.34
15048 26.65
14613 26.71
14105 26.38
14434 25.86
11107 26.79
23227 27.41
16962 28.43
15529 29.28
10423 27.61
11786 28.21
12246 28.26
11221 28.10
11436 27.89
11282 28.04
12291 27.75
12627 27.44
11994 27.62
11795 27.75
11586 27.65
12131 27.59
11924 27.54
14930 27.47
13578 27.44
21872 27.93
13045 28.43
11914 28.94
13819 29.00
15971 29.92
15917 29.49
15681 30.23
14183 30.18
9967 29.65
11323 30.18
11673 29.84
11264 29.49
10829 29.23
11329 29.29
11770 29.18
12305 29.33
21007 29.75
10894 29.47
11494 29.59
11245 29.00
12296 28.24
15014 28.72
14606 28.80
12152 29.60
18905 30.17
16167 29.56
13238 29.35
21050 30.37
15221 29.79
8316 29.95
11631 29.32
15479 29.95
21555 27.51
13480 27.66
11776 27.90
12519 28.05
13492 28.55
15053 28.65
11944 28.73
15711 29.26
14116 28.76
9816 28.18
11100 27.61
11409 27.45
11526 26.92
13468 27.66
14258 27.66
11650 27.51
23043 26.11
15493 26.85
15376 27.08
16710 27.21
13660 27.21
11575 27.39
13234 27.41
13054 27.62
11924 27.88
11757 27.74
11542 26.96
11772 26.49
12338 26.37
13437 26.58
24257 28.44
16610 27.92
16468 27.61
13633 28.14
12268 28.04
12032 27.84
13192 28.20
12216 28.37
12748 27.62
12202 27.90
11892 28.01
11500 27.97
11748 27.88
11512 27.80
12014 27.76
14700 27.31
14325 27.39
14455 27.75
22991 26.91
13166 27.51
11635 27.71
12472 27.98
12598 28.45
12276 28.11
11735 27.41
13427 27.53
11378 27.96
12184 28.00
13987 28.15
13088 27.88
14642 27.78
14587 27.79
14247 27.64
11283 27.85
23054 25.37
14551 26.15
14191 26.23
12597 26.70
10524 26.57
12068 26.56
