20468 26.22
9370 24.95
13954 24.88
19354 25.79
17034 25.96
10398 26.11
10833 25.36
15691 25.33
13033 25.55
13421 25.56
12653 25.62
11627 25.60
12545 25.45
11496 25.57
14888 25.30
14169 25.61
22464 26.83
11307 26.44
12746 25.94
12856 25.94
12814 25.89
13831 26.05
12158 26.58
14212 26.14
15471 26.16
15659 26.52
14979 26.54
14311 26.28
14864 25.66
11687 26.46
23944 27.19
18448 27.90
16241 28.91
10677 27.58
13124 27.68
12456 28.12
11831 27.80
11785 27.66
12063 27.71
12879 27.35
12439 27.60
12886 27.21
12798 27.20
11983 27.51
13247 27.16
12252 27.34
15543 27.18
13903 27.32
23010 27.59
13710 28.13
12518 28.64
14481 28.73
16959 29.51
16659 29.19
16291 29.95
14808 29.82
10543 29.23
11989 29.87
12347 29.47
11641 29.19
11429 28.90
12477 28.74
12068 28.97
12893 29.04
22919 29.00
11410 29.15
12067 29.29
11735 28.73
12698 28.00
15556 28.42
15373 28.52
12856 29.19
19679 29.85
16877 29.26
14120 28.95
21988 30.08
16007 29.43
8707 29.76
12103 29.03
16261 29.60
22925 27.11
14212 27.38
12387 27.65
13217 27.80
13961 28.29
15800 28.28
12476 28.42
16001 29.04
14844 28.42
9330 28.50
12038 27.14
12011 27.19
12055 26.70
15661 26.62
15614 26.98
12052 27.24
24279 25.74
16431 26.48
15986 26.85
17553 26.92
14090 26.93
12224 27.07
13833 27.11
13572 27.35
12557 27.65
12352 27.51
11693 26.78
12543 26.20
12815 26.12
14129 26.36
25144 28.14
17653 27.46
17243 27.27
14205 27.81
12883 27.73
12017 27.83
12849 28.31
12284 28.33
12774 27.56
12274 27.79
12826 27.60
11902 27.68
12387 27.43
12010 27.58
12579 27.32
15092 27.16
14552 27.32
15479 27.32
24111 26.54
14020 27.15
13650 26.89
13614 27.52
13577 27.92
13213 27.67
12822 26.81
13734 27.38
12066 27.62
12859 27.76
14663 27.89
13751 27.57
15311 27.45
15247 27.44
14852 27.39
12220 27.48
24549 24.98
16809 25.37
16071 25.55
14891 25.66
12028 26.03
12611 26.19
