21650 25.84
9381 24.84
13848 24.82
19415 25.80
16981 26.02
10566 26.03
11488 25.19
16714 25.07
13725 25.32
14056 25.32
12666 25.68
12582 25.35
12550 25.35
12563 25.17
15356 25.14
14840 25.39
23505 26.49
11858 26.15
13566 25.79
12868 25.63
13135 25.93
14130 25.94
13033 26.16
14570 25.99
16244 25.87
16277 26.20
15561 26.23
15592 25.90
15884 25.26
12390 26.17
24778 26.93
20113 27.24
16527 28.79
11289 27.25
13685 27.46
13062 27.79
12363 27.49
12359 27.40
12360 27.35
13808 26.96
13504 27.00
13147 26.99
12863 27.21
12842 27.10
13331 27.14
12928 26.92
16458 26.93
14663 27.04
24067 27.25
14379 27.84
14120 27.90
15184 28.25
17431 29.34
17451 28.88
16876 29.64
15540 29.50
11176 28.93
13460 29.30
12412 29.37
12415 28.88
11852 28.64
13036 28.52
12535 28.79
13730 28.72
23949 28.64
11913 28.86
12611 29.00
12395 28.38
13327 27.73
16288 28.17
16211 28.21
13291 29.01
20440 29.54
17436 28.97
14104 28.92
21686 30.22
15495 29.66
10418 28.74
12121 28.88
17031 29.17
24023 26.74
15091 27.07
13115 27.24
13695 27.55
14736 27.98
16693 27.97
12913 28.23
16774 28.72
15481 28.16
9759 28.13
12750 26.85
12517 26.94
12669 26.42
16351 26.35
16337 26.70
12585 26.98
24649 25.66
15945 26.69
15683 27.00
17164 26.95
13288 27.38
12572 26.92
13610 27.18
13638 27.34
13425 27.20
12948 27.18
12208 26.62
13320 25.86
13241 25.91
14914 26.04
26381 27.76
18429 27.15
18255 26.90
15114 27.51
13381 27.45
12271 27.67
13476 27.94
12973 27.98
13175 27.21
12872 27.48
13070 27.44
12686 27.40
12947 27.23
12762 27.19
12971 27.17
15469 26.98
15199 26.98
15534 27.35
25123 26.26
14669 26.88
14231 26.59
14388 27.16
15330 27.21
13419 27.45
12685 26.87
13423 27.45
12658 27.50
13366 27.46
15555 27.58
14282 27.39
15990 27.26
15956 27.15
15690 27.11
12547 27.27
25648 24.69
17863 25.03
16938 25.29
15585 25.41
12573 25.68
13260 25.94
