22142 25.66
9733 24.58
14491 24.66
19983 25.62
17262 25.84
11873 25.60
11955 24.87
17026 25.01
14732 24.93
14679 25.09
13414 25.36
12708 25.26
12781 25.27
12692 25.17
15589 25.02
15025 25.30
24074 26.30
12072 26.16
13599 25.62
13646 25.52
14109 25.55
14404 25.85
13199 26.23
14693 25.83
16635 25.81
16625 26.15
15925 26.21
15140 26.01
15923 25.34
12890 25.96
25046 26.84
21102 26.94
16739 28.74
11580 27.17
13915 27.36
13322 27.65
12691 27.35
13170 27.08
12890 27.26
13767 27.00
13199 27.10
13794 26.74
13753 26.91
12940 27.04
13684 26.96
13182 26.76
16811 26.86
14969 26.91
24631 27.08
14741 27.73
14471 27.76
15499 28.14
17852 29.08
17840 28.76
17250 29.51
15933 29.35
11210 28.85
12872 29.41
13225 29.10
12568 28.79
12046 28.46
13385 28.35
12951 28.47
14022 28.55
24417 28.49
12287 28.69
12931 28.95
12595 28.28
13739 27.49
16575 28.02
16585 28.06
13723 28.85
20631 29.44
17933 28.80
13822 29.11
21930 30.06
16104 29.43
10443 28.77
12459 28.74
17433 28.99
24532 26.59
15444 26.86
13347 27.06
14260 27.41
14818 27.91
16905 27.83
13402 28.02
17293 28.56
15759 28.01
10018 28.03
12985 26.73
12773 26.80
13007 26.26
16592 26.18
16815 26.46
12959 26.79
26048 25.24
17587 26.12
17366 26.42
18622 26.50
15014 26.60
12601 26.90
14134 27.03
13785 27.24
13185 27.29
13299 26.90
12652 26.33
13597 25.74
13703 25.78
14983 25.94
27509 27.43
18539 27.08
18472 26.86
14479 27.71
13414 27.50
13663 27.04
14588 27.42
13744 27.59
14296 26.89
13937 26.93
13436 27.27
12913 27.26
13175 27.15
12920 27.10
13490 26.87
16023 26.79
16301 26.60
16385 26.99
25579 26.12
15017 26.73
14406 26.51
14809 26.99
15694 27.04
13750 27.38
12970 26.70
13652 27.39
12822 27.39
13847 27.34
15588 27.39
15527 26.76
16806 26.98
16517 26.81
16079 26.86
12817 27.04
26186 24.54
18496 24.92
17417 25.09
15912 25.29
12758 25.61
13566 25.83
