22841 25.42
9600 24.69
14917 24.51
21431 25.15
18847 25.39
12901 25.16
11768 24.85
16229 25.17
13204 25.50
13010 25.59
13212 25.45
13332 25.09
13226 25.08
12999 25.03
16420 24.90
15495 25.14
24653 26.15
12410 26.16
13910 25.64
13720 25.40
13661 25.70
14745 25.77
13682 26.11
15253 25.62
16905 25.69
16993 25.99
16491 26.06
16224 25.57
16471 25.06
12873 26.09
25725 26.73
21207 26.88
17319 28.49
11640 27.12
13876 27.31
13920 27.46
12778 27.20
12960 27.12
13149 27.13
14155 26.69
13514 26.91
14283 26.68
14160 26.74
13712 26.79
14124 26.82
13174 26.82
16955 26.73
15410 26.76
25093 26.93
14838 27.61
13655 28.07
15768 28.11
18199 28.90
18125 28.59
17684 29.34
16158 29.17
11437 28.79
14152 28.92
13095 29.04
12783 28.61
12601 28.32
13610 28.19
13716 28.24
13976 28.47
24744 28.38
12619 28.54
12999 28.78
12993 28.18
14192 27.36
17026 27.81
16950 27.93
15072 28.28
22093 28.90
19432 28.22
16268 28.00
24701 29.06
18492 28.41
11105 28.24
13752 28.16
18210 28.70
24971 26.44
15833 26.73
13432 27.05
14486 27.23
15237 27.79
17332 27.73
13726 27.88
17302 28.47
16108 27.88
10315 27.81
13137 26.57
13412 26.61
13278 26.12
16126 26.42
16678 26.64
13245 26.70
26613 25.10
18119 25.96
17587 26.24
18950 26.29
15644 26.37
13454 26.60
15260 26.62
14771 26.89
13769 27.07
13389 26.91
13405 26.00
13696 25.70
14001 25.69
15343 25.83
27784 27.35
19180 26.87
18915 26.68
15568 27.24
14154 27.13
12698 27.38
13299 28.05
13722 27.66
13984 26.99
13356 27.22
13753 27.22
13006 27.14
13642 26.86
13100 26.99
13742 26.83
17016 26.40
16545 26.52
16508 26.93
26300 25.94
15481 26.52
14846 26.37
15003 26.94
16215 26.93
13844 27.30
13033 26.67
14225 27.15
13028 27.21
14270 27.13
16129 27.30
14867 27.06
16778 26.94
16653 26.95
16359 26.88
13103 26.96
26618 24.42
18764 24.80
17996 25.01
16361 25.15
12980 25.53
13923 25.75
