2392 46.66
685 44.96
1274 42.55
2008 43.82
1498 43.71
1024 41.96
1157 41.73
1227 40.80
1268 39.74
1327 41.05
1471 40.22
1435 40.27
1578 40.70
1285 41.22
1245 41.20
1397 41.87
2384 46.14
1099 43.77
1475 42.51
1515 41.88
1300 41.49
1381 41.31
1410 41.27
1412 40.64
1609 41.25
1884 41.18
1829 41.10
1797 41.90
1693 41.14
1628 41.60
3039 44.66
1739 46.35
2070 47.72
1064 45.71
1262 45.34
1234 44.60
1402 44.07
1474 44.11
1484 44.79
1334 44.09
1188 44.67
1556 44.60
1393 44.40
1407 44.32
1498 44.21
1509 44.57
1676 44.11
1537 44.04
2697 46.63
1239 46.74
1275 46.91
1530 46.80
2165 47.48
1898 47.43
2015 47.99
1712 47.49
1338 47.98
1511 47.30
1298 48.31
1360 47.73
1493 47.56
1547 47.89
1670 47.61
1473 47.11
2681 49.14
1092 49.33
1483 48.60
1376 47.71
1495 47.50
1699 47.48
1584 47.29
1468 47.41
2793 48.16
2026 49.02
1370 47.89
2620 49.55
1857 48.98
1212 49.29
1326 49.47
1826 48.86
2661 47.10
1138 49.01
1105 48.58
1328 47.82
1733 47.68
1414 48.57
1322 48.05
1887 47.92
1726 46.86
1422 46.36
1496 46.40
1291 46.58
1185 46.23
1632 46.38
1493 45.99
1557 45.63
2769 45.23
1555 45.38
1580 45.76
1725 46.23
1428 46.42
1607 46.47
1787 46.17
1643 44.92
1593 46.10
1520 46.32
1433 46.03
1545 45.90
1486 46.34
1728 45.53
3005 48.62
1804 49.17
2181 46.25
1413 47.17
1495 47.38
1356 47.80
1723 48.29
1661 47.72
1416 48.97
1416 48.97
1313 48.56
1336 48.13
1460 47.67
1295 47.84
1456 47.67
1439 47.63
1441 47.94
1593 48.04
2721 46.35
1289 47.38
1381 46.65
1541 47.21
1535 47.10
1495 46.92
1366 46.88
1465 46.67
1349 46.97
1542 46.87
1721 46.62
1625 46.53
1803 46.16
1483 47.21
1524 47.86
1423 47.77
2779 44.21
1538 46.03
1480 45.76
1347 45.73
1173 44.94
1305 44.40
