23698 25.16
10889 24.44
15785 24.25
21856 25.06
19215 25.27
12779 25.20
12586 24.59
18437 24.58
15226 24.89
15679 24.82
13988 25.12
13978 24.87
13836 24.86
13875 24.62
17173 24.62
16401 24.80
26327 25.67
13997 25.32
14092 25.47
14066 25.47
14823 25.32
15406 25.47
14720 25.63
16598 25.26
17945 25.34
18037 25.70
17331 25.70
16504 25.51
17894 24.73
16778 24.76
28017 26.03
21674 26.73
18563 27.96
12517 26.78
15115 26.90
14395 27.22
13608 26.92
13982 26.70
13966 26.78
15018 26.37
14608 26.50
14741 26.38
14437 26.54
14436 26.48
14708 26.54
14437 26.35
18198 26.34
16191 26.42
26820 26.45
15996 27.22
15737 27.31
16889 27.65
19392 28.49
19184 28.25
18542 28.94
17184 28.82
12026 28.34
14199 28.83
14269 28.53
13762 28.11
13233 27.96
14399 27.86
14222 27.93
15035 28.05
26561 27.85
13636 28.13
13677 28.45
13829 27.82
14840 27.02
18070 27.47
18040 27.55
15707 27.89
23337 28.46
20547 27.78
16213 28.00
24774 29.07
18435 28.45
10621 28.48
14002 28.12
18759 28.40
26988 25.90
17274 26.27
14547 26.69
15229 26.84
16006 27.34
18483 27.25
14693 27.42
18394 28.03
17232 27.38
11120 27.37
14074 26.24
14182 26.27
14061 25.83
16995 26.16
17807 26.17
14207 26.25
28486 24.65
19351 25.56
18801 25.89
19952 25.97
16671 26.01
14553 26.14
15876 26.30
15730 26.52
14501 26.74
14313 26.47
14348 25.65
14508 25.35
14939 25.31
16409 25.45
29231 26.92
20395 26.47
20504 26.13
16674 26.85
14874 26.75
13621 26.97
14892 27.22
14468 27.22
15003 26.46
14166 26.73
14549 26.86
13981 26.70
14482 26.46
14169 26.56
14528 26.54
17133 26.35
16809 26.40
17439 26.65
27894 25.51
16726 26.13
15788 26.04
15859 26.60
17100 26.51
14721 26.80
14365 26.10
15882 26.44
14415 26.67
14809 26.89
16925 26.96
16015 26.75
17698 26.63
17710 26.50
17462 26.43
14025 26.63
28772 23.92
20115 24.43
19202 24.60
17527 24.81
14965 24.87
15467 25.17
