28617 23.90
12683 23.71
17043 23.83
25277 24.13
22384 24.37
14637 24.61
14670 23.96
21363 23.76
18887 23.82
19807 23.65
16489 24.39
16037 24.22
16703 24.11
15644 24.04
19650 23.94
19072 24.02
30551 24.62
16297 24.64
16806 24.58
16183 24.62
17313 24.60
17650 24.79
16754 24.85
18796 24.49
20635 24.56
20799 24.91
20224 24.88
19265 24.66
20198 24.06
16152 24.89
29747 25.58
26005 25.58
24312 26.03
15449 25.63
17281 26.12
16927 26.26
16037 26.03
16667 25.72
16264 25.86
17602 25.65
16652 25.78
17303 25.53
17464 25.58
17126 25.57
17290 25.53
16615 25.58
20805 25.60
18701 25.57
32228 25.10
20386 25.91
18546 26.25
19654 26.59
23014 27.34
21829 27.37
21320 28.03
19759 27.84
14878 27.17
17001 27.65
16289 27.65
16099 27.27
16154 26.79
16834 26.81
17004 26.90
17293 27.20
31571 26.47
17207 26.78
17455 27.02
15343 27.06
16477 26.47
20035 26.84
20359 26.82
16531 27.61
24944 27.94
20936 27.67
16602 27.80
25269 28.86
19323 28.11
14208 27.03
16592 26.94
21148 27.51
31524 24.79
20975 25.27
17307 25.70
17402 26.09
18350 26.49
21316 26.34
17158 26.53
20985 27.03
19959 26.41
13355 26.41
16282 25.39
16396 25.42
16397 24.94
19825 25.11
20478 25.35
14597 26.04
32192 23.83
20970 25.10
20349 25.39
21841 25.44
17437 25.75
16397 25.45
17482 25.70
17376 25.92
17170 25.75
16678 25.60
16682 24.79
17573 24.32
17390 24.52
20525 24.21
33361 25.81
25172 25.05
22876 25.40
19351 25.90
17457 25.83
15793 26.09
17416 26.32
16565 26.44
17285 25.56
16705 25.83
17114 25.96
16290 25.89
16756 25.67
16363 25.72
17018 25.51
19713 25.53
19363 25.59
20041 25.80
32335 24.41
21400 24.70
19774 24.65
20501 24.93
22024 25.00
17621 25.80
16012 25.42
17048 26.00
16430 25.93
16907 26.06
19675 26.07
18572 25.76
20410 25.73
20421 25.66
20136 25.55
16849 25.57
33742 22.86
23615 23.55
22262 23.79
20402 23.99
17466 24.03
18219 24.34
