2832 44.60
847 43.78
1555 40.57
2697 41.17
1944 41.49
1082 41.03
1478 39.80
1612 39.01
1553 38.29
1643 38.74
1655 39.02
1766 38.29
1713 38.53
1727 39.04
1609 39.34
1848 39.17
2876 44.09
1257 41.81
1917 40.49
1700 40.22
1660 40.22
1658 40.04
1597 39.58
1707 39.71
1906 39.37
2208 39.37
2124 39.87
1980 39.88
2056 39.65
1949 39.82
3640 43.17
2035 45.04
2541 45.19
1311 43.73
1548 42.80
1568 42.83
1648 42.39
1749 42.21
1743 42.87
1552 42.34
1708 41.99
1775 42.13
1686 42.22
1698 42.01
1690 42.26
1851 42.11
2160 41.73
1841 42.11
3109 45.02
1418 44.93
1591 44.23
1926 43.97
2768 44.77
2351 44.75
2498 45.45
2097 45.42
1505 45.69
1538 46.10
1595 45.66
1698 45.16
1691 44.77
1789 44.96
1655 45.03
1504 44.87
3063 47.18
1303 47.32
1757 45.79
1796 44.78
1653 44.54
1816 45.11
1815 45.07
1630 45.27
3324 45.34
2517 45.68
1777 45.33
3385 47.25
2344 46.38
1351 46.27
1595 45.63
2722 45.21
2878 45.96
1169 46.89
1447 45.18
1681 44.98
1938 44.98
1859 45.43
1655 45.28
2281 45.83
2162 45.05
1491 44.56
1574 44.01
1791 43.82
1435 43.83
1762 44.60
1536 44.57
1778 43.84
3246 43.80
1623 44.23
1757 44.55
2010 44.57
1649 43.96
1847 44.00
1767 44.44
1682 44.29
1804 44.41
1571 43.78
1623 43.80
1823 42.96
1666 43.50
1800 43.51
3579 46.86
2068 46.95
2604 44.30
1669 45.02
1635 45.13
1784 44.79
2043 44.85
1888 44.88
1734 46.24
1716 45.84
1557 45.67
1588 45.06
1599 44.09
1600 44.24
1834 44.02
1936 44.05
1716 45.05
1841 45.13
3244 44.38
1568 44.67
1698 44.08
1822 43.74
1831 44.59
1799 44.46
1644 44.22
1729 44.22
1775 44.58
1885 44.39
1953 44.33
1972 44.34
2009 43.61
1932 44.72
1899 44.38
1667 45.05
3104 43.17
1721 44.34
1607 44.48
1551 43.91
1415 42.77
1661 42.40
