29712 23.64
13723 23.34
18445 23.57
26065 23.91
23141 24.19
15327 24.43
15375 23.65
21927 23.64
19312 23.64
20582 23.45
16923 24.11
16800 24.07
17011 23.99
17103 23.72
20322 23.80
19615 23.93
31635 24.34
17097 24.49
16985 24.45
16775 24.45
18001 24.40
18323 24.66
17452 24.73
19282 24.35
21144 24.41
21519 24.68
21101 24.69
19785 24.52
20964 23.89
16788 24.69
30390 25.40
26575 25.35
24917 25.89
15562 25.62
18437 25.72
17230 26.14
16714 25.84
16882 25.53
16757 25.59
18079 25.43
18419 25.35
17457 25.47
17410 25.57
17187 25.57
17467 25.54
17588 25.31
21630 25.35
19628 25.42
33587 24.83
22945 25.27
20716 25.65
20895 26.19
24796 26.77
23846 26.79
23053 27.47
21464 27.32
15355 27.06
17342 27.53
16675 27.41
16822 26.95
16764 26.55
17541 26.63
17550 26.73
17745 26.96
32542 26.24
17819 26.55
18028 26.84
16057 26.89
17156 26.26
20385 26.63
20874 26.63
17111 27.35
25883 27.71
21569 27.45
17260 27.60
25911 28.66
20009 27.88
14676 26.78
17553 26.62
21858 27.28
32481 24.55
21831 25.05
19840 25.00
17412 26.09
18857 26.37
21998 26.11
17604 26.34
21690 26.82
20619 26.20
13782 26.19
16857 25.13
17206 25.18
16861 24.79
19741 25.26
20755 25.40
15393 25.77
33546 23.54
21751 24.92
21219 25.18
22451 25.25
17718 25.60
17224 25.22
18069 25.50
17929 25.74
16755 25.87
17638 25.29
16832 24.74
17830 24.32
17879 24.37
21193 24.08
33867 25.63
25957 24.81
24780 24.90
19954 25.70
18105 25.62
16409 25.87
17715 26.16
17273 26.06
17924 25.31
17455 25.59
18264 25.56
16775 25.65
17365 25.43
17585 25.26
18008 25.22
20406 25.29
20429 25.27
20777 25.51
34401 23.97
22270 24.55
20512 24.51
21544 24.72
22670 24.82
18037 25.66
16771 25.19
17660 25.86
16730 25.86
17543 25.90
20120 25.92
19133 25.59
21243 25.51
21106 25.43
20948 25.35
17376 25.36
34688 22.66
24559 23.36
23260 23.55
21216 23.75
18248 23.89
18611 24.23
