29873 23.64
13635 23.40
19916 23.13
26940 23.68
23872 23.94
17138 23.94
16122 23.41
21197 23.76
17742 24.13
18791 23.88
17684 23.97
17546 23.79
17136 23.86
17342 23.70
21287 23.51
20374 23.73
32765 24.10
18155 24.19
17778 24.28
17143 24.36
18447 24.22
19096 24.41
18138 24.45
20293 24.18
21870 24.24
22119 24.53
21625 24.54
20494 24.32
21643 23.72
17261 24.54
31187 25.24
27696 25.14
25755 25.68
16126 25.38
18805 25.63
17870 25.92
17286 25.60
17522 25.39
17165 25.45
18850 25.18
17950 25.40
18899 25.07
18332 25.24
17722 25.28
18259 25.36
17803 25.20
22326 25.17
20240 25.24
32936 24.96
21841 25.52
20000 25.85
21174 26.21
24130 26.91
23409 26.94
22497 27.62
21248 27.35
14481 27.28
18346 27.25
17435 27.17
17293 26.79
17507 26.34
17882 26.44
18246 26.49
18377 26.79
33803 25.97
18764 26.34
18521 26.71
16447 26.68
17608 26.06
21212 26.41
21684 26.39
18000 27.15
26259 27.55
22253 27.26
18056 27.30
26779 28.42
20689 27.64
15289 26.55
17832 26.45
22556 27.07
33383 24.35
22887 24.79
20631 24.73
18018 25.91
19194 26.16
21577 26.25
17495 26.40
21525 26.86
20685 26.20
15141 25.73
18218 24.72
18329 24.79
17212 24.70
20405 25.03
21277 25.26
16712 25.40
34775 23.30
24222 24.27
23353 24.59
24451 24.69
20572 24.78
18409 24.82
19490 25.03
19410 25.25
17974 25.46
17993 25.22
17816 24.48
18089 24.22
18630 24.16
21899 23.95
34524 25.49
26552 24.68
26359 24.47
21970 25.08
19795 25.08
18013 25.32
19144 25.58
18996 25.63
18107 25.24
18175 25.42
18830 25.34
18130 25.25
17604 25.33
18279 25.10
18539 25.04
21047 25.08
20857 25.17
21411 25.38
35465 23.74
22734 24.38
21046 24.35
22397 24.50
23537 24.62
18419 25.46
17465 25.02
18050 25.62
17395 25.59
18117 25.61
20702 25.70
19759 25.34
21904 25.33
21815 25.22
21596 25.12
18118 25.15
35846 22.45
25319 23.17
24095 23.33
22122 23.57
18642 23.71
19682 23.97
