30949 23.38
14488 23.17
20362 23.06
27892 23.46
24627 23.77
17598 23.77
16091 23.40
21818 23.63
18306 23.92
20156 23.55
18320 23.85
18187 23.64
17573 23.82
18378 23.45
21997 23.44
21037 23.57
33849 23.85
18426 24.16
18307 24.19
17658 24.22
18930 24.13
19633 24.29
18756 24.31
20781 23.97
22462 24.06
22710 24.35
22530 24.32
21364 24.17
22242 23.51
17995 24.42
31813 25.09
28354 24.95
28632 24.91
18157 24.81
18707 25.59
18749 25.72
17704 25.46
18152 25.22
17727 25.38
19674 25.02
19203 25.07
18723 25.09
18506 25.27
18305 25.12
18686 25.14
17767 25.25
23024 24.99
21087 25.03
35332 24.45
24449 24.86
22277 25.22
24169 25.29
27926 25.96
26929 25.97
25667 26.67
24048 26.57
16205 26.71
18640 27.13
17779 27.08
17720 26.63
17158 26.41
18314 26.29
19106 26.28
18837 26.66
34664 25.76
19408 26.12
19251 26.48
18073 26.22
18795 25.70
22692 26.00
23011 26.03
18848 26.85
26735 27.34
23174 26.98
18512 27.12
27239 28.22
21453 27.34
15490 26.50
18627 26.24
23288 26.82
34774 24.07
23642 24.59
21353 24.57
18686 25.71
19807 26.00
22160 26.05
18274 26.17
23309 26.32
23119 25.48
15324 25.55
17818 24.79
18239 24.79
18115 24.43
21923 24.48
22910 24.72
16103 25.52
36852 22.86
26068 23.84
24242 24.39
25516 24.47
21302 24.61
19018 24.69
19958 24.92
20272 25.04
18542 25.31
18410 25.04
18441 24.30
18898 23.97
19009 23.99
20711 24.19
35610 25.27
27694 24.44
26951 24.31
21248 25.30
19326 25.21
17657 25.45
18885 25.73
18312 25.79
19187 24.99
18159 25.29
18940 25.32
18116 25.19
18577 25.02
18374 25.09
19247 24.81
21638 24.91
21689 24.93
22237 25.13
36755 23.48
25967 23.66
23508 23.76
24577 23.97
25841 24.11
24500 23.98
20593 24.03
22051 24.51
19006 25.16
18612 25.57
20830 25.64
19356 25.42
21981 25.22
19377 25.84
20616 25.35
17085 25.41
37025 22.23
25326 23.19
23440 23.54
21341 23.77
17230 24.09
18140 24.37
