31563 23.23
15714 22.83
20089 23.12
28109 23.42
25084 23.68
17832 23.72
17003 23.21
22120 23.55
18561 23.88
20648 23.47
18605 23.75
18300 23.56
18046 23.70
18427 23.36
22006 23.35
21580 23.46
34374 23.73
19032 24.01
18499 24.15
17837 24.13
19267 24.01
19915 24.19
19134 24.24
21085 23.95
22828 24.01
23142 24.30
22741 24.26
21577 24.06
23041 23.36
18217 24.29
32234 25.00
28553 24.85
28086 25.05
17659 25.00
18540 25.61
19072 25.61
17974 25.41
18479 25.10
18700 25.05
19342 24.98
19000 25.08
19484 24.87
19721 24.98
19077 24.97
21290 24.49
20998 24.41
24426 24.65
22137 24.75
36083 24.31
24389 24.89
22070 25.27
22655 25.73
26293 26.36
25571 26.31
24564 26.99
22866 26.83
16005 26.76
18497 27.11
18320 26.89
18200 26.44
18639 26.00
18847 26.20
18798 26.32
19010 26.53
35394 25.64
19604 26.07
19784 26.39
18173 26.15
18912 25.64
23014 25.90
23473 25.92
19199 26.76
27344 27.25
23363 26.87
19034 27.01
27614 28.11
21753 27.25
15871 26.27
18853 26.19
23635 26.72
35451 23.93
24228 24.48
21553 24.49
18939 25.64
19887 25.94
22750 25.94
18452 26.09
22466 26.56
21723 25.89
15873 25.51
19204 24.43
19008 24.58
18160 24.41
21337 24.68
22592 24.91
16798 25.39
37620 22.72
26404 23.78
24467 24.32
25741 24.36
21495 24.52
19546 24.61
20433 24.78
20230 25.03
19079 25.09
18730 24.89
18920 24.18
19221 23.90
19210 23.95
21313 24.05
35941 25.21
27887 24.36
27776 24.09
23245 24.76
20912 24.77
18799 25.06
20253 25.32
19776 25.38
19104 25.03
18934 25.11
19766 25.06
18902 24.98
18628 24.96
19445 24.77
19296 24.79
21939 24.85
21825 24.89
22580 25.07
37180 23.39
26229 23.59
24009 23.67
24670 23.91
26258 24.01
24678 23.91
17760 24.79
20100 25.11
18569 25.27
18832 25.44
21298 25.49
18442 25.74
21739 25.28
18803 26.00
18491 25.96
17123 25.42
37950 22.07
25984 23.02
24058 23.35
22034 23.57
19099 23.67
18955 24.10
