32256 23.08
15875 22.85
20549 23.02
28320 23.36
25458 23.57
17323 23.83
16843 23.23
24067 23.10
21378 23.17
22829 22.97
18782 23.76
18162 23.59
19071 23.43
18483 23.37
22195 23.37
21476 23.41
36498 23.30
22528 23.20
21426 23.40
19527 23.67
19610 23.96
19288 24.36
19450 24.16
21079 23.94
23045 23.96
23490 24.22
23140 24.18
22086 24.03
23177 23.31
18615 24.21
32442 24.95
28962 24.81
30077 24.58
18592 24.71
19269 25.40
19201 25.56
18526 25.25
18756 25.06
18905 25.03
19513 24.95
20381 24.81
19194 24.88
19110 25.05
19023 25.01
19316 25.00
19360 24.86
23542 24.87
21846 24.84
36340 24.25
25099 24.72
22767 25.08
23068 25.61
26721 26.21
26150 26.17
25047 26.86
23508 26.70
17080 26.41
19246 26.91
18530 26.81
18426 26.46
18759 26.00
19042 26.14
19209 26.23
19359 26.51
35667 25.54
19862 25.98
19921 26.28
17623 26.39
18420 25.82
22575 26.04
23014 26.01
18974 26.79
27724 27.18
23690 26.80
19291 26.89
28084 27.99
22265 27.13
16240 26.26
18942 26.15
24002 26.64
36340 23.75
24650 24.39
21933 24.40
19023 25.59
20475 25.83
22992 25.87
18713 26.01
23607 26.20
22596 25.61
15665 25.54
18692 24.65
18818 24.67
18728 24.24
21581 24.60
22632 24.85
17057 25.31
38271 22.60
26780 23.68
24853 24.22
26169 24.27
21944 24.44
19603 24.52
20843 24.71
20860 24.91
19354 25.04
18693 24.89
19208 24.04
19605 23.78
19749 23.84
23081 23.64
36135 25.16
28511 24.27
28597 23.90
23647 24.69
20990 24.69
18859 24.96
20709 25.18
19984 25.25
19437 24.91
18751 25.16
20130 24.91
18617 25.00
18973 24.86
19602 24.74
19762 24.65
22255 24.72
22286 24.76
22881 24.95
37629 23.31
24558 23.95
22583 23.97
23827 24.15
25153 24.23
19671 25.15
18560 24.69
19159 25.33
18657 25.20
19404 25.31
22041 25.32
21090 24.99
23417 24.95
22891 24.93
22734 24.83
19309 24.81
38579 21.95
27131 22.78
25610 22.99
23557 23.21
20078 23.43
20780 23.67
