3155 42.86
1007 41.63
1751 39.16
3094 39.78
2417 39.87
1200 39.40
1845 37.64
1888 37.77
1694 37.06
2035 37.40
2088 37.72
2022 37.31
2013 37.17
1893 38.30
1861 37.67
2143 37.95
3516 42.39
1474 40.26
2105 39.39
2066 38.72
2054 38.43
2020 38.50
1909 38.76
2046 38.65
2250 38.14
2539 38.53
2389 38.76
2375 38.51
2257 38.29
1926 39.24
4163 41.76
2565 43.29
2771 44.37
1559 41.68
1740 41.86
1921 40.99
1867 41.03
2134 41.22
1918 41.28
1915 41.33
1875 40.90
2022 40.72
2043 40.83
1900 40.58
2057 40.92
2235 40.62
2440 40.02
2329 40.10
3607 43.60
1706 42.38
2160 41.72
2279 42.62
3298 43.03
2895 42.87
3077 43.45
2542 43.48
1561 44.60
1765 44.20
1867 44.09
1899 43.58
2012 43.20
2062 43.23
1998 43.40
1734 43.52
3539 45.75
1491 45.29
2011 44.32
2013 43.34
1863 42.64
2147 43.29
1644 43.62
1849 43.11
3687 44.32
2853 43.80
2122 43.56
4025 45.38
2710 44.57
1525 44.77
1890 43.95
2827 44.39
3551 43.60
1532 44.02
1613 43.58
1940 42.85
2323 42.86
2307 43.09
1851 43.34
2750 43.58
2615 42.94
1650 43.10
1844 42.41
1984 41.64
1955 41.62
2289 42.46
2133 42.14
1893 41.96
3832 42.06
1980 42.17
2196 42.31
2278 42.71
1877 42.75
2031 42.11
2084 42.91
1948 43.11
2132 42.49
2092 42.39
1815 41.86
1825 41.52
1975 41.26
2322 41.05
4142 44.86
2412 45.26
3096 42.66
2035 43.28
1889 43.44
2088 43.48
2096 44.24
2201 43.42
1955 44.37
1828 43.97
1866 43.38
1907 42.59
1861 42.05
1998 42.19
2097 41.82
2303 41.60
2326 42.05
2388 41.85
3736 42.96
1735 43.32
2012 41.84
2093 42.18
2284 42.08
2110 42.15
1905 42.22
2072 42.13
1945 42.32
2083 42.18
2356 42.45
2232 42.54
2398 41.92
2120 43.07
2371 42.36
2137 42.29
3784 40.86
2125 41.98
1949 42.27
1766 41.98
1682 40.86
1901 40.91
