36309 22.25
17772 22.50
23022 22.52
31175 22.79
28099 22.96
19702 23.26
18387 22.82
24956 22.93
20967 23.29
21758 23.09
21015 23.20
20446 23.02
20995 22.97
20979 22.82
24768 22.81
24054 22.85
38840 22.88
23124 23.09
21297 23.52
20787 23.40
21274 23.54
23155 23.46
20914 23.77
23475 23.36
25484 23.42
25821 23.66
25402 23.64
24269 23.47
24670 23.02
21021 23.62
35149 24.38
31376 24.23
34998 23.51
22863 23.79
24966 24.12
22641 24.63
20849 24.62
20224 24.58
21145 24.41
21722 24.42
21878 24.29
21661 24.33
21277 24.51
21018 24.53
21024 24.53
21480 24.22
25860 24.29
23923 24.34
42066 23.17
30236 23.69
27300 24.09
29070 24.20
32900 24.84
32273 24.82
30592 25.51
28668 25.41
20453 25.42
22111 26.03
20956 26.09
20203 25.85
19679 25.63
20816 25.64
21711 25.57
21312 25.95
40670 24.53
24207 24.95
24717 25.07
20936 25.37
19554 25.42
24794 25.42
25737 25.43
21100 26.22
30042 26.57
25981 26.16
21447 26.22
30470 27.33
23321 26.78
19675 25.17
22120 25.22
27357 25.69
40158 23.03
27514 23.73
24827 23.68
20707 25.02
22767 25.20
25333 25.27
20486 25.41
24902 25.80
22079 25.75
19503 24.28
21414 23.78
21712 23.86
20472 23.79
23768 24.00
25112 24.25
19074 24.74
42166 21.89
29438 23.08
27719 23.60
28646 23.71
24838 23.77
21856 23.97
22749 24.23
22786 24.36
21102 24.54
21195 24.30
21030 23.52
21510 23.28
22047 23.29
25468 23.10
38613 24.59
30950 23.67
32669 23.02
25980 24.07
23447 24.06
21255 24.34
22777 24.59
21910 24.63
21808 24.20
20957 24.57
21389 24.67
20618 24.47
22072 24.03
21444 24.22
21750 24.12
24525 24.19
24589 24.21
24895 24.38
41436 22.57
29509 22.89
27236 22.93
28054 23.17
29755 23.28
27791 23.20
23580 23.27
25319 23.71
21377 24.42
21360 24.76
23670 24.88
22308 24.64
25103 24.47
21893 25.10
21310 25.07
20359 24.48
42584 21.25
29274 22.37
26708 22.77
24603 22.99
19806 23.46
20916 23.66
