37160 22.11
18272 22.33
23665 22.37
31434 22.76
28445 22.91
20086 23.18
19029 22.68
25027 22.89
21365 23.26
23651 22.73
20287 23.29
20925 22.93
20557 23.07
21420 22.74
25258 22.72
24403 22.83
40846 22.49
25537 22.65
24847 22.79
21638 23.18
21579 23.46
21400 23.91
21840 23.56
23604 23.34
25593 23.38
26039 23.61
25606 23.55
24766 23.35
24870 22.99
21437 23.52
35259 24.32
32011 24.13
35412 23.42
23099 23.71
25256 24.00
23273 24.48
20855 24.60
20963 24.46
21219 24.42
21679 24.41
22616 24.18
21549 24.31
21560 24.42
21248 24.41
21308 24.53
20700 24.46
26388 24.21
24201 24.25
40597 23.44
28403 24.01
25756 24.43
27764 24.46
31509 25.09
30870 25.07
29087 25.80
27740 25.66
19423 25.72
21134 26.27
19865 26.35
20990 25.69
20931 25.31
21307 25.50
21882 25.49
21865 25.81
41472 24.37
24781 24.81
25266 24.93
20966 25.33
20009 25.27
25402 25.27
25899 25.32
22184 25.90
30254 26.44
26589 26.02
21958 26.11
30790 27.23
23697 26.68
18976 25.35
22979 25.02
27756 25.58
40925 22.90
27885 23.67
25071 23.60
21215 24.94
22773 25.11
25559 25.16
21055 25.26
25194 25.74
22463 25.64
19838 24.22
21836 23.73
21902 23.84
20623 23.74
24279 23.91
25545 24.16
19504 24.63
42956 21.77
29923 23.01
27892 23.54
29049 23.63
24926 23.72
22488 23.82
22955 24.16
22995 24.29
21506 24.45
21437 24.23
21230 23.52
21287 23.34
22487 23.15
25756 23.04
39146 24.49
31405 23.59
33174 22.92
26376 23.97
23608 23.99
21674 24.21
23052 24.48
22318 24.56
21864 24.18
21227 24.46
22059 24.45
20956 24.44
21274 24.25
21262 24.30
22454 23.97
24811 24.08
24939 24.13
25357 24.26
41949 22.49
30175 22.77
27644 22.85
28650 23.08
30051 23.22
28050 23.14
24059 23.17
25521 23.63
21930 24.32
21271 24.71
23909 24.80
22662 24.60
25273 24.39
22278 24.98
21847 24.99
19396 24.75
43133 21.16
29848 22.28
27202 22.65
25019 22.91
20078 23.36
21205 23.61
