38187 21.91
19333 22.17
24588 22.17
33163 22.34
29993 22.59
21305 22.88
19772 22.51
26674 22.59
24882 22.42
26355 22.22
20665 23.16
22139 22.70
21503 22.85
22401 22.54
26250 22.50
25733 22.60
43396 22.04
27159 22.36
26094 22.53
22979 22.99
22884 23.25
22472 23.58
22777 23.34
24904 23.09
26903 23.05
27606 23.30
27005 23.25
23906 23.55
21959 23.55
21648 23.50
33619 24.65
30127 24.56
43866 21.88
29698 22.47
31080 22.79
29097 23.19
25578 23.48
21301 24.22
21949 24.24
24010 23.87
23442 24.01
22563 24.03
22487 24.14
22772 24.09
22599 24.10
21755 24.10
27715 23.95
25493 23.97
43990 22.84
32111 23.27
29158 23.71
31016 23.79
34695 24.45
34244 24.39
32523 25.06
30768 24.98
22007 24.97
23502 25.65
22845 25.62
21483 25.54
20967 25.27
23259 25.05
22447 25.31
22919 25.51
43159 24.04
26230 24.48
26368 24.63
22403 24.98
21199 25.00
26632 25.00
26910 25.03
23346 25.58
31659 26.12
28171 25.63
22051 26.07
31379 27.09
23471 26.73
19417 25.34
24428 24.66
29261 25.23
42976 22.52
29603 23.30
26588 23.30
27331 23.47
23125 25.03
26839 24.86
22040 25.02
27508 25.19
26766 24.55
18848 24.48
23556 23.31
23079 23.57
21792 23.48
25619 23.59
26857 23.88
20330 24.39
45349 21.39
31599 22.69
29271 23.24
30503 23.28
26359 23.42
23723 23.57
24037 23.84
24639 23.93
22341 24.22
22515 23.90
22827 23.17
22750 23.01
22799 23.08
26772 22.78
40410 24.20
33032 23.19
35950 22.36
27991 23.60
25280 23.63
22734 23.93
24160 24.22
23734 24.23
22890 23.90
23047 24.03
22827 24.27
23286 23.84
22134 24.00
23412 23.75
23291 23.76
26041 23.81
26242 23.83
26691 23.99
45436 21.85
31927 22.45
29124 22.57
29916 22.81
31375 22.90
29889 22.79
25571 22.85
26532 23.38
23262 23.99
22668 24.40
25258 24.48
23729 24.32
26630 24.09
23793 24.62
25031 24.18
20271 24.55
45670 20.74
31360 22.01
28902 22.35
26507 22.62
23137 22.70
23090 23.20
