3573 41.73
1152 40.52
2068 37.46
3609 38.69
2780 38.50
1354 38.23
1836 37.40
2209 36.65
2104 35.99
2229 36.61
2458 35.87
2214 36.39
2316 36.46
2119 36.64
2220 37.03
2511 36.74
3966 41.02
1733 38.83
2362 37.83
2468 36.95
2260 37.57
2340 37.08
2260 37.56
2338 37.37
2736 37.11
2886 37.70
2822 37.81
2758 37.49
2649 37.17
2668 36.77
4821 40.39
3029 41.90
3107 43.56
1857 40.75
1974 40.46
2256 39.89
2166 39.74
2329 39.94
2129 40.00
2198 39.99
2354 39.84
2291 39.45
2284 39.45
2235 39.18
2402 39.68
2611 39.36
2683 39.13
2508 39.12
4260 41.90
1903 41.51
2374 40.81
2582 41.38
3889 41.80
3265 41.72
3278 42.80
2777 42.65
1723 43.19
2047 42.69
2107 42.43
2386 42.00
2082 41.79
2277 41.86
2126 41.88
2222 41.57
4070 44.43
1686 43.97
2229 42.31
2157 41.54
2285 41.04
2437 42.14
2211 42.24
2142 41.96
4359 42.68
3455 42.56
2344 42.18
4632 43.97
2962 43.83
1644 43.29
2081 42.94
3417 42.64
4021 42.47
1566 43.44
1824 42.16
2165 41.44
2766 41.39
2654 41.96
2114 42.02
3385 42.08
3043 41.76
1767 41.53
2006 41.10
2188 40.66
2134 40.46
2600 41.08
2530 40.64
2025 41.09
4430 40.41
2167 41.03
2357 40.99
2851 41.49
2154 41.60
2130 41.27
2488 41.17
2268 41.33
2276 40.96
2319 40.42
2168 40.46
2164 39.75
2159 39.86
2560 39.66
4771 43.20
2993 42.93
3416 41.49
2421 41.69
2677 40.56
2131 41.73
2507 42.23
2242 42.42
2268 42.25
2171 42.06
2144 41.91
2175 40.74
2265 40.88
2243 40.19
2437 40.24
2823 39.96
2503 40.81
2907 40.58
4188 42.00
2068 41.72
2307 40.55
2306 40.84
2606 40.77
2362 41.04
2250 40.91
2293 41.16
2212 41.30
2343 40.91
2454 41.60
2434 41.52
2540 41.18
2473 41.65
2578 41.18
2047 42.17
4186 39.87
2188 40.88
2165 40.96
2075 40.45
1976 39.61
2354 38.88
