39325 21.71
20160 22.13
25165 22.04
33861 22.21
30652 22.46
22057 22.73
20280 22.40
27338 22.41
25500 22.30
26869 22.08
21565 23.02
22300 22.63
23139 22.54
22578 22.47
26903 22.37
26478 22.43
42669 22.17
25560 22.66
23117 23.10
21728 23.20
23393 23.10
25450 22.98
22933 23.31
25641 22.93
27901 22.91
28137 23.13
27668 23.16
26645 22.91
27961 22.34
23027 23.16
37522 23.86
34331 23.68
39652 22.62
25305 23.24
27245 23.54
25622 24.00
22474 24.20
22238 24.08
22241 24.08
23995 23.92
24464 23.78
23534 23.84
22846 24.08
23048 23.97
22952 24.14
22475 24.01
28208 23.81
26226 23.80
45548 22.56
33106 23.10
29701 23.58
32249 23.58
35549 24.29
35154 24.22
33399 24.91
31474 24.81
22698 24.87
23921 25.56
21977 25.77
22442 25.24
22670 24.90
23075 25.02
23358 25.12
23621 25.34
44538 23.79
29015 23.87
29197 24.07
24222 24.57
22218 24.73
26588 24.98
27574 24.91
22950 25.65
32247 26.02
28513 25.51
22577 25.88
31885 26.93
24411 26.48
19828 25.18
24446 24.68
29046 25.24
44265 22.28
30429 23.14
27894 23.08
28110 23.33
28369 23.77
30679 24.01
24748 24.29
29095 24.73
28252 24.12
20143 24.06
24060 23.23
23446 23.46
22573 23.34
26941 23.24
28178 23.54
20713 24.28
46661 21.18
32301 22.55
29980 23.13
31084 23.17
26931 23.26
24318 23.37
24942 23.70
25239 23.85
22959 24.07
23523 23.69
23361 23.01
23559 22.86
24120 22.89
27651 22.65
40722 24.11
33872 23.07
37830 22.02
30625 23.02
27594 23.07
25488 23.27
24263 24.25
24007 24.15
23501 23.74
23738 23.89
23274 24.15
22854 23.93
23183 23.81
22857 23.87
23080 23.80
26436 23.70
26899 23.70
27172 23.87
46440 21.69
31146 22.59
27899 22.79
28964 22.99
30333 23.13
24293 24.03
22575 23.60
25180 23.77
21918 24.29
23067 24.33
25213 24.49
24949 24.07
27811 23.81
25959 24.08
26990 23.69
22413 23.94
46700 20.58
32183 21.83
29415 22.24
27317 22.44
23514 22.59
23916 22.99
