4274 39.67
1324 37.30
2323 35.51
4336 37.29
3364 37.21
1814 36.51
2578 34.71
2920 34.79
2528 34.57
2843 35.09
2995 34.44
3015 34.71
3088 34.38
2535 35.30
2783 34.86
2833 35.54
5042 39.13
2112 37.10
3147 36.28
2969 35.53
3074 35.74
3047 35.45
2825 35.54
2839 35.85
3424 35.70
3640 35.99
3517 36.03
3314 35.90
3266 35.73
2631 36.24
5894 38.76
3465 40.59
4250 40.39
2278 38.15
2917 37.48
2965 37.51
2641 37.70
2813 38.38
2708 38.23
2959 37.69
2725 37.87
2996 37.66
2948 37.89
2682 37.61
3006 37.48
2994 37.69
3457 37.17
3104 37.54
5217 40.05
2573 39.03
3036 38.62
3383 39.29
4564 39.87
4058 39.80
4055 40.80
3554 40.73
2084 41.34
2693 40.84
2632 40.51
2755 40.12
2557 39.92
2977 39.60
2803 39.79
2755 39.77
5109 42.23
2189 40.86
2865 39.79
2718 38.86
2745 38.50
3568 39.17
3225 38.94
2973 39.63
5599 40.31
4261 40.43
3019 40.08
5617 42.03
3757 41.60
2034 40.58
2721 40.06
4015 40.80
5171 40.04
1935 40.85
2509 39.66
2776 39.12
3458 39.21
3391 39.88
2333 40.20
4055 40.40
3546 40.19
1985 40.15
2658 38.61
2782 38.23
2717 38.22
3545 38.83
3405 38.18
2624 38.82
5621 38.13
2950 38.44
2977 38.82
3641 39.32
2840 39.04
2558 38.98
3137 38.65
2896 38.72
2871 38.92
2845 38.47
2603 38.28
2902 37.56
2708 37.50
3267 37.61
5997 40.99
3661 40.82
4159 39.53
2923 40.00
2621 40.10
2821 39.56
3154 40.14
3073 39.57
2895 39.83
2656 39.76
2799 39.41
2702 38.70
2960 38.35
2683 38.83
2962 38.42
3221 38.60
2968 39.05
3461 38.52
5401 39.48
2667 38.85
2990 38.16
3028 38.59
3185 39.01
2911 39.08
2728 38.71
2931 38.77
2672 38.80
3037 38.92
3503 38.76
3167 38.84
3447 38.26
3053 39.16
3257 38.75
2618 39.52
5225 37.66
2819 38.77
2887 38.54
2569 38.47
2475 37.77
2915 36.89
