4693 38.70
1530 36.42
2755 34.44
4810 36.34
3845 36.07
2073 35.72
3062 33.89
3509 34.14
3004 33.66
2971 34.30
3147 34.23
3364 33.93
3023 34.29
3113 34.34
3558 33.67
3748 33.60
5548 38.21
2470 36.02
3281 35.67
3160 35.03
3359 34.90
3416 34.73
3002 35.06
3254 35.36
3565 35.16
4152 35.29
3688 35.72
3579 35.42
3716 34.70
3657 34.37
6592 37.82
4062 39.47
4333 40.29
2401 37.98
3073 37.40
3023 37.65
2820 37.44
3069 37.38
3144 37.72
3146 37.07
3045 36.91
3010 37.35
3118 37.19
3079 36.78
3373 36.53
3295 36.84
3796 36.33
3510 36.82
5680 39.30
2750 38.23
3251 38.06
3852 38.63
5417 38.83
4721 38.62
4706 39.63
4100 39.62
2679 39.18
3095 39.48
2786 39.69
2936 39.32
2947 38.94
3339 38.57
3055 39.08
3006 38.79
5598 41.33
2562 39.62
3270 38.64
2884 38.15
3135 37.62
4339 38.13
3690 38.06
3187 38.61
6066 39.48
4819 39.26
3487 39.04
6047 41.39
3807 41.30
2349 39.80
2798 39.67
4438 40.17
5609 39.28
2286 39.54
2738 38.41
2992 38.01
4077 37.89
4239 37.98
2696 38.94
4581 39.11
4068 38.90
2428 38.46
2851 37.94
2985 37.74
3115 36.89
3822 37.90
3636 37.54
2650 38.39
6100 37.35
3281 37.37
3337 37.80
4013 38.39
3080 38.18
2968 37.68
3353 37.55
3302 37.79
3097 37.97
3223 37.40
3080 37.10
3016 36.68
3061 36.60
3518 36.89
6629 40.02
3945 39.98
4615 38.60
3192 39.06
3076 39.29
3105 38.46
3364 39.31
2996 39.29
3095 39.31
2847 38.78
3077 38.61
2886 38.21
2901 38.20
3037 37.52
3289 37.53
3594 37.60
3586 37.59
3820 37.91
5881 38.62
2961 38.00
2935 37.70
3455 37.50
3535 38.09
3385 37.87
2959 37.64
3300 37.82
2955 38.09
3249 37.87
3948 37.75
3690 37.71
3731 37.52
3391 38.55
3644 37.91
2783 38.65
5508 37.09
2944 38.21
3122 37.85
2926 37.20
2861 36.28
3225 36.18
