5106 37.88
1708 35.38
2984 33.68
5902 34.94
4532 35.14
3119 33.35
2771 33.76
3919 33.37
3298 33.19
3272 33.25
3271 33.53
3498 33.47
3495 33.08
3196 34.00
3528 33.25
3882 34.05
6064 37.41
2559 35.95
3602 34.99
3599 34.35
3461 34.41
3525 34.04
3497 34.32
3441 34.71
4191 34.52
4415 34.81
4129 34.72
3973 34.68
3864 34.32
3583 34.54
7056 37.15
4567 38.32
4727 39.46
2842 36.85
3204 36.73
3338 36.67
3233 36.77
3548 36.33
3353 36.57
3211 36.65
3370 36.36
3568 35.76
3577 35.97
3355 35.92
3648 35.97
3515 36.26
4195 35.76
3887 36.03
6283 38.42
2989 37.54
3566 37.56
4140 37.94
5467 38.59
4835 38.31
4955 39.33
4160 39.14
2503 39.47
3163 39.37
3244 39.05
3126 38.63
3119 38.36
3359 38.46
3369 38.33
3259 38.25
6091 40.52
2712 39.32
3585 38.07
3180 37.67
3355 37.33
4043 38.02
4101 37.50
3574 38.02
6636 38.81
5182 38.55
3706 38.20
6743 40.34
4224 40.23
2478 38.84
3255 38.65
4761 39.35
6142 38.46
2417 38.86
3030 37.63
3348 37.51
4385 37.38
4674 37.34
3350 37.52
5200 38.09
4708 37.90
2701 37.44
3159 36.87
3272 37.10
3452 36.46
3992 37.29
4048 36.83
3014 37.48
6766 36.20
3901 36.39
3954 36.58
4540 37.28
3526 37.04
3150 37.01
3688 37.00
3341 37.43
3533 37.27
3457 36.85
3200 36.48
3339 35.87
3295 36.07
3618 36.21
7097 39.28
4255 39.42
5147 37.45
3660 37.91
3739 37.39
3222 37.72
3918 38.20
3780 37.68
3328 37.86
3250 37.94
3527 37.50
3197 37.38
3390 37.04
3223 37.02
3617 36.72
3968 36.87
3894 36.90
4235 36.95
6352 37.75
3284 37.10
3280 36.91
3676 37.18
4019 37.30
3549 37.45
3275 36.87
3640 36.93
3179 37.30
3808 37.03
4165 37.33
3905 37.05
4111 36.90
3646 37.66
3973 37.11
3092 37.85
6039 36.24
3384 37.07
3468 37.02
3095 36.55
3120 35.72
3482 35.50
