5861 36.48
1996 34.31
3972 31.93
6713 33.75
5275 33.84
2775 33.37
3657 32.17
4689 32.41
3935 32.33
3567 32.57
4142 32.47
4033 32.28
3867 32.43
3854 32.57
4147 32.29
4445 32.96
6965 36.16
3214 34.63
4191 33.82
4331 33.25
4024 32.94
4170 33.07
3893 33.48
4149 33.63
4948 33.19
5238 33.61
4750 34.01
4586 33.64
4535 32.86
3809 33.79
8282 35.84
5206 37.41
5566 37.96
3475 35.32
3733 35.42
3917 35.54
3682 35.78
3837 35.69
4094 35.32
3902 35.47
3879 35.01
3960 34.88
3980 34.79
3929 34.80
4258 34.56
4192 34.97
5012 34.55
4403 35.08
7116 37.35
3673 36.34
3745 37.07
4876 37.10
6235 37.44
5700 37.20
5666 38.16
4803 37.91
2926 38.11
3735 37.84
3659 37.90
3804 37.35
3758 36.91
4101 36.92
3860 36.99
4052 36.88
7055 39.15
3336 37.73
3866 37.26
3990 36.25
3895 36.10
4856 36.79
4709 36.38
4212 36.70
7619 37.63
6073 37.42
4471 37.08
7808 39.02
4993 38.89
2926 37.94
4021 37.36
6240 37.32
6734 37.44
2850 37.95
3506 36.57
3915 36.43
4897 36.51
5551 36.04
4004 36.26
5938 36.98
5323 36.69
3337 35.96
3692 35.71
3790 35.53
3914 35.18
4604 36.06
4661 35.67
3495 36.06
7715 35.03
4329 35.58
4434 35.76
5137 36.20
4227 35.64
3706 35.71
4246 35.74
4222 35.72
4064 36.10
4043 35.75
3634 35.29
3857 34.63
3931 34.52
4380 34.68
8208 37.99
4996 37.84
6035 36.01
4353 36.57
4400 36.04
3919 36.23
4203 37.02
3819 37.29
3949 36.91
4208 35.82
3983 36.12
3739 36.17
3897 35.88
3896 35.56
4213 35.51
4533 35.77
4575 35.67
4860 35.73
7450 36.38
3846 36.08
3927 35.56
4294 35.82
4553 36.07
4254 35.97
3759 35.96
4142 35.76
3852 35.90
4424 35.74
4949 35.66
4615 35.46
4935 35.54
4967 35.24
4777 35.29
3780 36.26
7040 34.79
3886 35.94
3945 35.65
3907 34.96
3445 34.68
4100 33.91
