6690 35.23
2310 33.37
3961 31.52
7490 33.03
5783 33.19
3322 32.14
4081 31.54
4971 31.82
4429 31.48
4412 31.59
4394 31.69
4558 31.54
4508 31.43
4453 31.64
5386 30.82
5482 31.12
8100 35.09
3512 33.66
4958 32.58
4867 31.82
4659 32.05
4921 32.17
4538 32.88
4723 32.49
5689 32.37
5978 32.72
5530 32.80
5340 32.46
5348 32.02
4530 32.42
9420 34.70
6003 36.30
6323 36.75
3914 34.35
4379 34.63
4461 34.60
4287 34.88
4462 34.37
4327 34.64
4649 34.10
4591 34.05
4815 33.68
4678 33.69
4464 33.88
4773 33.89
4782 33.76
5837 33.54
5016 34.10
8139 36.17
4304 35.48
4229 36.12
5535 35.96
7086 36.35
6403 36.22
6402 37.09
5523 36.86
3351 37.23
4377 36.95
4117 37.15
4375 36.34
4409 35.82
4609 35.83
4414 35.84
4648 36.04
8383 37.54
3709 36.98
4516 35.89
4592 35.21
4290 34.92
5702 35.60
5413 35.41
4841 35.85
8507 36.57
6954 36.37
5250 36.12
8977 37.90
5840 37.54
3097 36.89
4417 36.39
6322 37.11
8149 35.80
3416 36.34
4091 35.16
4617 34.99
5578 35.32
6292 34.97
4672 35.36
6874 35.90
6064 35.59
3470 35.60
4399 34.33
4813 33.78
4148 34.17
5586 34.56
5667 34.13
3987 35.10
8798 33.82
5310 34.21
5338 34.37
5698 35.16
4600 34.72
4343 34.52
5036 34.27
4622 34.89
4694 34.80
4712 34.63
4231 34.41
4545 33.49
4485 33.56
5032 33.59
9558 36.67
5714 36.57
6994 34.67
5172 35.11
4825 35.03
4516 34.99
4948 35.82
4460 36.17
4544 35.38
4746 34.57
4682 34.92
4345 34.72
4278 35.02
4598 34.54
4576 34.54
5109 34.82
5314 34.45
5563 34.78
8614 35.01
4289 35.22
4601 34.16
4880 34.76
4953 35.23
4712 35.21
4423 34.42
4956 34.41
4264 35.01
4950 34.72
5756 34.78
5280 34.49
5610 34.45
5617 34.15
5598 34.45
4508 34.87
8364 33.14
4708 34.43
4649 34.24
4465 34.10
3962 33.50
4804 33.03
