7083 34.64
2429 32.66
4385 31.12
7886 32.53
6300 32.60
3543 31.50
4440 31.16
5310 31.47
4631 31.05
4751 31.12
5190 31.12
4778 31.06
4879 30.85
4608 31.39
5000 30.97
5307 31.29
8590 34.41
3738 32.99
5228 32.47
5353 31.96
4855 31.51
5110 31.69
4809 32.07
5057 32.16
6172 31.96
6237 32.27
5799 32.35
5718 31.97
5771 31.42
4463 32.58
9993 34.24
6598 35.66
6671 36.34
4022 34.17
4736 34.03
5157 33.89
4445 34.48
4687 33.92
4769 33.99
4931 33.67
4899 33.56
5110 33.39
5064 33.22
4500 33.53
5194 33.40
4813 33.62
6168 33.27
5314 33.49
8955 35.25
4400 35.10
4869 35.47
6016 35.46
7374 35.93
6752 35.71
6694 36.59
6028 36.50
3659 36.47
4555 36.53
4788 36.16
4572 35.97
4322 35.62
4823 35.61
4670 35.72
5040 35.50
8647 37.38
4142 36.12
4920 35.42
4810 34.76
4720 34.43
5799 35.37
5724 34.98
5279 35.35
9529 35.78
7253 35.78
5520 35.59
9246 37.57
6037 37.32
3468 36.48
4996 35.46
7499 35.83
8265 35.68
3673 35.74
4282 34.95
5083 34.46
5670 34.94
6330 35.04
4544 35.44
6934 35.76
6171 35.36
4042 34.75
4517 34.14
4841 33.70
4676 33.45
5686 34.15
5827 34.05
4705 34.24
9378 33.25
5584 33.67
5690 33.81
6036 34.79
4855 34.52
4584 34.04
5235 33.99
4965 34.47
4857 34.67
4936 34.09
4519 33.60
4858 32.82
4928 32.85
5426 33.19
10033 36.25
6182 35.94
7431 34.07
5510 34.66
5152 34.62
4899 34.57
5562 34.86
4896 35.40
5073 34.37
5057 34.23
4783 34.81
4676 34.49
4682 34.28
4848 33.83
5118 34.00
5586 34.12
5561 33.96
6025 34.32
9107 34.46
4532 34.66
4664 34.30
5273 34.42
5123 35.13
5107 34.37
4766 33.81
5274 33.93
4581 34.22
5251 34.25
6007 34.35
5626 34.02
5936 34.07
6151 33.70
5759 33.81
4608 34.69
8880 32.56
5057 33.61
4959 33.70
4706 33.64
4272 33.04
4962 32.42
