7948 33.63
2880 31.57
5230 30.15
8344 32.00
6627 32.12
4647 30.78
4497 30.66
6166 30.65
5172 30.52
5278 30.39
5365 30.64
5587 30.21
5288 30.04
5502 30.30
6386 29.73
6415 30.18
9586 33.45
4487 32.03
5661 31.58
5644 31.09
5703 30.96
6128 30.85
5324 31.24
5619 31.39
6802 31.31
6902 31.60
6714 31.45
6450 31.19
6363 30.63
4932 31.60
11173 33.30
7219 34.97
7455 35.35
4566 33.29
5371 33.06
5746 33.38
5065 33.34
5325 33.21
5483 33.08
5269 32.88
5440 32.66
5585 32.56
5597 32.53
5451 32.42
5848 32.36
5596 32.63
6784 32.41
6136 32.63
9605 34.60
5016 34.28
5719 34.31
6501 34.71
8797 34.71
7994 34.53
8121 35.29
6888 35.43
4212 35.54
5207 35.49
5252 35.37
5118 35.01
4919 34.68
5476 34.68
5380 34.48
5590 34.57
9651 36.41
4666 35.26
5174 34.83
5210 34.20
5685 33.26
6652 34.34
6422 34.20
5813 34.51
9836 35.45
7978 35.00
6190 34.83
11011 35.96
7316 35.64
4131 35.09
5511 34.58
8375 34.87
9261 34.59
4314 34.76
4744 34.09
5490 33.75
6427 34.10
7130 34.12
5373 34.32
7606 35.02
6886 34.57
3794 34.85
4966 33.37
5482 32.81
5115 32.48
6381 33.06
6442 33.06
5360 33.07
10437 32.22
6273 32.76
6510 32.93
6658 34.08
5374 33.60
4936 33.24
5763 33.13
5627 33.39
5649 33.49
5457 33.26
5053 32.93
5378 32.01
5331 32.21
5708 32.48
11413 34.96
7120 34.54
7704 33.74
6030 34.01
5775 33.58
5472 33.46
6215 33.85
5608 34.38
5303 33.86
5432 33.59
5633 33.71
4982 33.77
5399 33.44
5147 33.17
5633 33.14
6443 33.29
6293 32.99
6585 33.35
10235 33.49
5155 33.84
5358 33.24
5842 33.34
5806 33.84
5788 33.54
5537 32.86
6161 32.85
5256 33.32
5902 33.42
6838 33.38
6242 33.05
6616 32.98
5814 33.88
6268 33.47
5113 33.95
9938 31.56
5955 32.36
5861 32.39
5440 32.38
4652 32.10
5626 31.44
