1086 51.00
361 51.00
490 51.00
822 51.00
107 51.00
782 51.00
567 51.00
925 51.00
537 51.00
930 51.00
373 51.00
730 51.00
695 51.00
884 51.00
855 51.00
723 51.00
696 51.00
116 51.00
518 51.00
850 51.00
545 51.00
588 51.00
573 51.00
516 51.00
856 51.00
865 51.00
816 51.00
594 51.00
559 51.00
528 51.00
807 51.00
799 51.00
1147 51.00
270 51.00
536 51.00
721 51.00
759 51.00
639 51.00
415 51.00
685 51.00
824 51.00
557 51.00
645 51.00
302 51.00
897 51.00
595 51.00
513 51.00
454 51.00
1024 51.00
622 51.00
527 51.00
750 51.00
489 51.00
540 51.00
667 51.00
611 51.00
655 51.00
498 51.00
559 51.00
426 51.00
668 51.00
432 51.00
499 51.00
347 51.00
1055 51.00
391 51.00
500 51.00
542 51.00
570 51.00
511 51.00
606 51.00
347 51.00
674 51.00
395 51.00
544 51.00
376 51.00
656 50.93
370 51.00
580 50.90
315 51.00
1060 51.00
339 51.00
482 50.99
538 51.00
541 51.00
545 51.00
607 51.00
446 51.00
708 51.00
494 51.00
554 51.00
328 51.00
725 50.95
321 51.00
522 50.99
382 50.87
1073 51.00
449 51.00
573 51.00
531 51.00
617 51.00
532 51.00
650 51.00
310 51.00
759 51.00
334 51.00
455 51.00
358 51.00
648 51.00
250 51.00
419 50.79
335 51.00
1103 51.00
511 51.00
501 51.00
525 51.00
583 51.00
403 51.00
534 51.00
260 51.00
611 51.00
326 51.00
490 50.95
436 50.88
713 50.98
364 50.99
610 50.99
315 51.00
1080 51.00
306 51.00
550 51.00
428 51.00
550 51.00
405 51.00
493 51.00
322 50.94
709 50.96
261 51.00
413 50.99
312 50.91
584 50.97
291 50.95
414 50.83
611 49.67
1136 51.00
478 51.00
512 51.00
556 51.00
645 51.00
479 51.00
