10001 42.06
1985 40.73
7090 37.11
9243 35.89
9397 37.71
8567 35.65
9224 36.18
8494 35.35
9740 36.85
7636 35.23
6827 37.33
5421 36.39
9574 36.60
7908 35.25
7418 36.87
5443 37.16
10397 41.09
7310 36.60
8024 37.09
5208 37.48
8613 37.67
8254 36.21
9212 36.62
8255 35.41
8879 37.57
8023 35.98
6688 37.83
5656 37.24
9364 37.24
7937 35.74
6883 37.48
5217 37.32
12703 39.42
5745 37.10
8331 36.78
5519 36.41
8592 37.72
8014 35.76
7075 37.15
5561 37.23
9680 37.02
7997 35.58
6927 37.34
5193 37.28
10038 36.56
8034 35.53
9523 35.98
8274 35.36
13362 39.33
5387 37.37
8225 36.99
5829 37.29
8554 37.82
8209 35.94
7419 37.39
4917 37.46
9672 37.10
8121 35.63
7215 37.23
5379 37.14
10160 36.42
7909 35.43
7267 37.03
5211 37.17
12277 39.72
5979 36.80
8382 36.91
5687 36.99
8590 37.75
8294 35.77
7337 37.30
8272 35.55
8891 37.30
8039 35.78
6925 37.46
4709 37.55
9483 36.87
8429 35.09
7113 37.06
5385 37.01
12671 39.35
5541 36.85
8453 36.49
5694 36.81
8647 37.59
8292 35.80
7402 37.14
4897 37.29
9670 36.74
8210 35.46
7277 37.17
8434 35.65
9143 37.28
8215 35.61
9122 36.27
8386 35.27
12650 39.57
5428 37.07
8199 37.01
5379 37.22
8584 37.96
4897 37.80
8651 36.71
4958 37.33
9632 37.11
8251 35.64
7196 37.22
5045 37.26
10057 36.46
7942 35.38
6980 37.04
5202 36.95
12606 39.79
5740 36.99
8295 36.80
5974 36.84
8560 37.46
8392 35.75
7324 37.37
8358 35.72
9134 37.42
8127 35.76
8955 36.42
8427 35.33
8928 37.39
7932 35.71
6905 37.30
5361 37.15
13010 39.51
5314 37.01
8499 36.50
5634 36.57
8450 37.23
4719 37.30
8786 36.06
4939 36.68
9809 36.32
8523 34.91
9582 35.33
8774 34.40
8660 36.60
8188 35.04
6831 36.74
5139 36.62
12279 40.02
6163 36.70
8382 36.65
5562 36.68
8602 37.46
8364 35.58
