10471 41.67
2163 40.16
7431 36.85
9662 35.59
9801 37.50
8822 35.34
9585 35.92
8785 35.17
10226 36.56
7908 35.10
7197 36.90
5767 36.08
9942 36.42
8450 34.92
7650 36.78
5325 36.92
10763 40.76
7790 36.24
8443 36.74
5544 37.14
8976 37.36
8794 35.85
9788 36.37
8673 35.34
9114 37.45
8454 35.75
6948 37.53
5918 36.99
9562 36.94
8417 35.58
7342 37.18
5436 37.11
13351 39.03
5937 36.77
8581 36.69
5805 36.27
8990 37.33
8500 35.40
7456 36.92
5834 36.91
9996 36.80
8220 35.30
7275 37.06
5517 37.06
10247 36.40
8385 35.33
9969 35.81
9031 34.95
13097 39.47
5976 37.02
8460 36.90
5952 37.12
8828 37.70
8467 35.79
7674 37.07
5177 37.18
10064 36.77
8645 35.24
7358 36.99
5861 36.76
10557 36.23
8539 35.11
7297 36.94
5686 36.90
12941 39.25
6063 36.62
8799 36.56
5978 36.59
8947 37.51
8565 35.46
7619 37.05
5234 37.08
10003 36.76
8403 35.31
7645 36.87
5171 36.98
10689 36.04
8231 34.92
7461 36.71
5596 36.64
13291 38.92
5909 36.41
8835 36.18
5807 36.64
9009 37.17
8983 35.39
7620 36.92
8728 35.25
9029 37.08
8441 35.37
7411 37.08
5475 37.09
9827 36.87
8678 35.30
7625 37.21
8951 35.22
13232 39.22
5914 36.69
8478 36.83
5737 36.99
8975 37.74
8612 35.68
7508 37.28
5370 37.15
9940 36.82
8700 35.33
7462 36.87
5413 36.87
10521 36.24
8492 35.11
7158 36.92
5410 36.74
13245 39.40
5949 36.60
8784 36.40
6345 36.45
8871 37.17
5463 37.19
9002 36.30
8648 35.23
9804 36.94
8509 35.48
9502 36.06
8914 34.95
9316 37.25
8283 35.41
7339 37.10
5372 37.01
13545 39.17
5679 36.67
8809 36.10
5989 36.30
8927 36.95
5045 37.11
9081 35.90
5287 36.43
10226 35.99
8814 34.69
10020 35.09
8763 34.37
9173 36.32
8627 34.66
7129 36.47
5303 36.27
12788 39.67
6481 36.50
8729 36.34
5845 36.46
9024 37.13
8684 35.45
