14152 38.95
4150 37.52
10263 34.76
13119 33.29
13320 35.18
12163 33.01
13199 33.56
12175 32.83
14281 34.12
11005 32.87
10121 34.83
8183 34.15
13925 34.00
11350 32.76
10716 34.43
11673 33.14
15233 37.92
9883 34.19
11381 34.57
7994 35.10
11990 35.27
12036 33.50
13068 34.12
11885 33.06
12688 35.12
11389 33.53
10072 35.29
8168 34.92
13209 34.81
11649 33.27
10116 35.13
7879 34.98
18279 36.32
7896 34.78
11692 34.43
8533 34.30
12370 35.10
11987 33.18
10205 34.88
8099 34.85
13595 34.61
11546 33.14
10259 34.92
7807 34.88
14216 34.20
11763 33.10
13694 33.60
12031 32.89
19277 36.21
7809 35.13
11811 34.61
8490 34.92
12502 35.27
11643 33.48
11422 34.75
7236 35.16
13433 34.73
11716 33.24
10657 34.86
7862 34.93
14354 34.14
11622 32.99
10537 34.84
7845 34.93
18730 36.17
8140 34.64
11988 34.40
8570 34.57
12728 35.08
11617 33.29
10781 34.85
11749 33.17
13357 34.65
11423 33.23
10289 34.94
7401 35.00
14039 34.15
11502 32.80
10569 34.60
7776 34.70
18336 36.23
8120 34.41
12204 33.97
8427 34.44
12489 34.93
12055 33.11
10940 34.61
11855 33.00
12648 34.85
11414 33.20
10516 34.96
11908 33.26
13121 34.99
11459 33.32
10581 35.18
7822 35.16
18278 36.49
8284 34.69
12179 34.52
8349 34.89
12331 35.47
11576 33.58
10727 35.14
7444 35.22
13754 34.72
11743 33.17
10491 34.93
7926 35.01
13981 34.29
11589 33.08
10122 34.98
7790 34.90
18129 36.76
8442 34.65
12007 34.34
8739 34.62
12330 35.10
11847 33.37
11032 34.99
11640 33.40
12893 35.02
11653 33.39
12948 33.96
11774 33.02
12967 35.01
11306 33.35
10332 34.96
7682 35.04
18655 36.48
7971 34.65
11730 34.13
8690 34.19
12206 34.83
7304 35.03
12591 33.71
7558 34.53
13772 33.90
11830 32.65
10235 34.42
7989 34.22
14511 33.49
11751 32.46
10448 34.36
11971 32.52
18481 36.51
8375 34.59
11487 34.35
8520 34.48
12229 34.98
12117 33.14
