14679 38.67
4386 37.34
10890 34.33
13347 33.03
13688 34.97
12503 32.81
13730 33.31
12623 32.53
14498 34.00
11578 32.53
10327 34.75
8719 33.89
13819 34.05
11697 32.65
10924 34.31
8279 34.60
15648 37.67
10443 33.91
12046 34.32
8239 34.73
12661 34.97
12271 33.39
13781 33.83
12371 32.78
13060 34.96
11814 33.27
10346 35.05
8326 34.73
13649 34.59
11963 33.14
10494 34.97
8011 34.79
18852 36.06
8557 34.49
12015 34.31
8608 34.14
12623 35.03
12132 33.02
10790 34.65
8333 34.62
13989 34.44
11880 32.91
10424 34.74
8082 34.68
14372 34.01
12160 32.92
14089 33.40
12454 32.66
19847 35.93
8198 34.87
12217 34.42
8833 34.84
13231 34.95
11989 33.33
11169 34.79
7631 35.02
13861 34.51
12020 33.06
11121 34.56
8063 34.71
14233 34.10
12143 32.76
10944 34.52
12079 32.91
19318 35.91
8213 34.52
12189 34.24
8525 34.56
13118 34.94
12047 33.05
11064 34.69
7878 34.91
13615 34.43
12018 32.89
11133 34.49
12123 32.82
13579 34.39
11674 32.77
10794 34.60
7903 34.65
18797 35.97
8535 34.19
12230 33.97
8679 34.34
12965 34.69
12460 32.79
11248 34.42
12088 32.80
12843 34.71
11829 33.00
10836 34.70
12313 33.04
13570 34.70
11967 33.12
10868 35.06
12006 33.06
19732 35.78
7963 34.68
12137 34.42
8598 34.65
13037 35.14
12180 33.21
10946 34.97
7703 35.08
13836 34.53
11940 33.01
11241 34.62
11958 33.06
13394 34.44
11599 33.08
10385 34.76
8051 34.68
18833 36.43
8525 34.47
12073 34.23
9133 34.36
12695 34.89
12039 33.26
11851 34.47
11845 33.19
13347 34.84
11915 33.19
13300 33.82
12334 32.89
13375 34.90
11649 33.13
10527 34.87
8081 34.79
19199 36.22
8199 34.42
12115 34.06
8924 34.04
12663 34.62
7394 34.95
12527 33.67
8022 34.14
14493 33.58
12192 32.45
10523 34.35
8258 34.09
14698 33.36
12257 32.22
10621 34.09
8031 34.14
18979 36.27
8720 34.32
12327 33.96
8725 34.27
12784 34.75
12478 32.85
