15104 38.41
4510 37.14
11356 34.13
13457 32.84
13961 34.75
12927 32.52
14138 33.02
12851 32.35
14805 33.82
12095 32.29
14412 32.91
12680 31.90
15839 33.20
11765 32.37
10855 34.27
8611 34.38
16060 37.41
10618 33.74
12187 34.23
8633 34.68
12767 34.92
12804 33.16
13969 33.68
12601 32.65
13502 34.66
12045 33.11
10771 34.80
8684 34.49
13791 34.49
12274 32.96
10774 34.75
8335 34.59
19410 35.80
8627 34.45
12331 34.07
8885 33.84
12898 34.73
12469 32.78
11174 34.38
8680 34.49
14351 34.24
12311 32.72
10726 34.60
8519 34.52
14704 33.87
12499 32.69
14641 33.14
12772 32.46
20387 35.69
8246 34.72
12508 34.19
9124 34.56
13569 34.76
12290 33.14
11562 34.62
7935 34.80
14264 34.29
12365 32.80
11350 34.41
8545 34.46
14949 33.84
12728 32.53
11114 34.50
12476 32.79
19834 35.65
8494 34.24
12690 34.07
8610 34.48
13456 34.71
12363 32.86
11457 34.40
8084 34.71
14299 34.23
12371 32.73
11376 34.34
12416 32.64
14473 33.91
11972 32.50
10913 34.46
8280 34.40
20394 35.24
8271 34.16
12848 33.58
9094 34.01
13668 34.30
12692 32.57
11460 34.31
12402 32.67
13675 34.20
12261 32.69
11094 34.52
12646 32.81
14533 34.27
12258 32.76
10983 34.86
8536 34.67
20398 35.50
8377 34.34
12894 34.06
9061 34.33
13552 34.87
12427 33.01
11286 34.77
8262 34.78
13980 34.42
12305 32.81
11370 34.46
8230 34.52
14937 33.81
12186 32.65
10809 34.48
8304 34.38
19424 36.17
9088 34.13
12351 34.04
9531 34.19
13022 34.63
12487 32.93
11567 34.55
12422 32.96
13600 34.61
12267 33.04
13683 33.58
12590 32.66
13818 34.59
12133 32.92
10927 34.62
8144 34.67
19761 35.95
8402 34.32
12504 33.74
9276 33.78
12946 34.41
7609 34.63
13064 33.39
8173 34.02
14529 33.53
12518 32.24
10818 34.15
8589 33.89
15153 33.14
12748 32.03
10905 33.88
12715 32.15
19644 35.97
9048 34.10
12432 33.83
8786 34.11
13032 34.56
12843 32.63
