15484 38.20
4940 36.87
10919 34.27
14011 32.69
14505 34.52
13434 32.35
14520 32.85
13230 32.13
15322 33.55
12369 32.16
11044 34.27
9100 33.52
15012 33.49
12699 32.04
11675 33.95
12745 32.51
16715 37.14
10069 33.79
12714 33.87
8871 34.41
13266 34.60
13099 32.89
14414 33.49
13141 32.34
13853 34.54
12505 32.87
11138 34.61
8864 34.36
14151 34.30
12696 32.66
11089 34.51
8651 34.35
19785 35.58
8968 34.20
12664 33.90
9088 33.74
13442 34.55
12730 32.66
11295 34.32
8950 34.27
14833 34.07
12551 32.50
11066 34.41
8742 34.35
15359 33.57
12788 32.59
14942 32.95
13070 32.31
20834 35.52
8599 34.54
12848 34.02
9582 34.34
13858 34.57
12727 32.86
11630 34.42
8424 34.54
14564 34.18
12597 32.73
11786 34.20
8792 34.37
15022 33.79
13009 32.38
11615 34.21
12791 32.62
20594 35.31
8761 34.20
12705 33.93
9183 34.05
13799 34.60
12766 32.67
11731 34.29
12816 32.68
14320 34.22
12657 32.61
11435 34.29
12748 32.59
14446 33.99
12247 32.37
11375 34.26
8386 34.21
19915 35.47
8885 33.85
13073 33.56
9338 33.95
13513 34.36
13065 32.57
11978 34.17
12712 32.50
13868 34.18
12551 32.60
11407 34.41
12875 32.66
14278 34.35
12588 32.73
11558 34.63
12829 32.70
20897 35.29
8473 34.34
12861 34.07
9066 34.25
14100 34.57
12507 32.91
11663 34.58
8443 34.61
14461 34.21
12667 32.64
11858 34.19
12741 32.68
13740 34.24
12399 32.69
11098 34.41
8394 34.32
20995 35.45
8372 34.34
12826 33.73
10043 33.90
13668 34.26
12864 32.77
11930 34.28
12874 32.75
14541 34.18
12817 32.75
14318 33.32
12570 32.56
14332 34.32
12462 32.73
11257 34.40
8452 34.40
20407 35.65
8722 33.99
12816 33.49
9521 33.71
13432 34.18
12884 32.38
11358 34.01
8794 33.90
14728 33.42
12930 32.04
10875 33.99
9062 33.62
15307 33.03
12953 31.85
11501 33.62
13048 31.92
20308 35.72
8997 34.07
12888 33.72
9084 33.97
13568 34.30
13137 32.47
