18313 36.64
6519 35.42
13043 33.06
16503 31.44
17023 33.31
16092 31.08
17409 31.50
15998 30.80
18126 32.32
14893 30.86
17834 31.36
15837 30.45
19222 31.67
14621 30.95
13597 32.77
10556 33.13
19917 35.55
12831 32.30
14930 32.68
10971 33.08
15795 33.32
15585 31.64
17336 32.13
15787 31.08
16320 33.24
15003 31.63
13387 33.35
10867 33.17
17377 32.82
15055 31.44
13432 33.31
10328 33.29
23545 33.99
10852 33.00
15178 32.69
10937 32.54
16124 33.25
15055 31.43
13750 32.97
10917 33.08
17327 32.90
15281 31.31
17044 31.82
15304 31.07
16672 32.95
15154 31.52
16584 32.26
15518 31.29
25090 33.83
10866 33.21
15204 32.83
11372 33.20
17022 33.17
15009 31.66
14431 33.10
9898 33.42
17559 32.77
15175 31.40
14025 33.02
10649 33.06
18026 32.49
15366 31.20
14004 32.95
15155 31.36
24442 33.78
10949 32.88
15201 32.78
11100 33.03
16788 33.24
15019 31.48
14048 33.06
15122 31.43
16625 33.03
15038 31.47
13776 33.11
14988 31.36
16978 32.82
14774 31.15
13686 32.99
10383 33.12
25124 33.38
10636 32.63
15627 32.26
11291 32.75
16830 32.85
15394 31.31
14262 32.91
15323 31.25
16675 32.91
15038 31.36
13783 33.13
15376 31.52
16821 33.13
15087 31.49
13704 33.41
10650 33.31
24920 33.65
10686 32.88
15848 32.65
11287 32.99
16688 33.40
15044 31.64
13782 33.29
10319 33.40
17267 32.95
15053 31.48
13917 33.03
10361 33.16
17896 32.46
15282 31.16
13648 33.06
15072 31.32
23880 34.32
11104 32.90
14523 32.89
11802 32.86
16026 33.18
15246 31.52
14326 33.09
15045 31.65
16573 33.22
15036 31.61
16753 32.16
15680 31.18
16685 33.23
14711 31.57
13627 33.08
10368 33.17
24225 34.09
10371 32.89
15306 32.37
11567 32.46
16117 32.92
15120 31.26
13838 32.81
10571 32.79
17156 32.33
15420 30.83
13493 32.67
10614 32.62
18189 31.81
15460 30.66
13822 32.50
15488 30.71
24197 34.11
10922 32.87
14871 32.53
11135 32.74
16450 32.98
15227 31.29
