19491 36.07
7341 34.87
13877 32.71
17549 30.91
18211 32.79
17447 30.45
18702 31.02
16982 30.36
19602 31.77
16058 30.36
18733 30.91
10982 32.31
18388 31.95
15766 30.52
15047 32.19
16221 30.77
21225 34.98
12983 32.12
15804 32.31
11553 32.68
16553 32.94
16432 31.20
18423 31.66
16483 30.64
17862 32.71
15825 31.16
14431 32.89
11761 32.66
18655 32.38
15915 30.99
14484 32.79
10946 32.81
25249 33.37
11591 32.57
16122 32.19
12015 32.10
17712 32.57
16103 30.94
14965 32.47
11598 32.69
18640 32.35
16224 30.83
17987 31.36
16369 30.60
18035 32.41
16128 31.10
17700 31.72
16630 30.75
26775 33.22
11829 32.78
16648 32.26
11913 32.81
18211 32.67
16026 31.18
15454 32.52
10870 32.90
18549 32.30
16136 30.95
15286 32.47
11298 32.75
18961 31.98
16513 30.72
15063 32.51
16221 30.91
26075 33.17
11858 32.42
16439 32.13
11995 32.48
18455 32.55
16046 30.92
15170 32.58
16084 31.01
18097 32.47
15784 30.96
15135 32.53
16145 30.80
18257 32.24
15657 30.73
14688 32.48
11194 32.66
26803 32.74
11440 32.23
17204 31.66
11981 32.30
18541 32.18
16200 30.78
15294 32.34
16283 30.71
17745 32.37
16145 30.82
14865 32.48
16534 30.91
18056 32.55
15990 30.96
14871 32.85
16335 31.00
26786 33.00
11476 32.43
16916 32.20
11549 32.76
18295 32.73
16187 31.13
14816 32.86
11118 32.93
18650 32.46
15857 31.04
15270 32.53
16054 31.02
17809 32.38
15819 31.05
14522 32.66
10954 32.79
25553 33.69
11760 32.53
15978 32.22
12811 32.30
17277 32.71
16304 31.07
15283 32.67
16099 31.12
17747 32.77
16136 31.13
17964 31.69
16482 30.74
18032 32.68
15705 31.07
14811 32.58
10999 32.81
26490 33.25
11126 32.51
16210 31.85
12394 31.95
17309 32.37
16078 30.69
15238 32.17
11287 32.36
17980 31.99
16433 30.42
14655 32.27
11418 32.23
19162 31.48
16615 30.17
14717 32.08
16510 30.30
25940 33.46
11813 32.45
15872 32.08
12111 32.30
17499 32.49
16318 30.83
