20426 35.67
7767 34.58
14440 32.39
18331 30.62
18970 32.40
17787 30.26
19399 30.71
17876 29.96
20129 31.45
16740 30.02
19891 30.56
17748 29.59
21490 30.82
16322 30.13
15311 32.03
11887 32.26
22076 34.59
14373 31.59
16511 31.95
12491 32.28
17313 32.70
17128 30.93
19248 31.33
17322 30.38
18314 32.49
16549 30.88
14945 32.56
12299 32.34
19370 32.05
16782 30.62
15030 32.54
11804 32.45
26220 33.01
12359 32.25
17007 31.92
12240 31.93
18379 32.27
16671 30.56
15359 32.23
12439 32.29
19333 32.03
16808 30.50
15157 32.30
16657 30.63
19132 32.01
16835 30.70
19103 31.21
17079 30.44
28008 32.83
12498 32.42
17192 31.98
12822 32.43
18865 32.40
16670 30.87
16269 32.26
11155 32.74
19464 32.01
16787 30.66
15943 32.21
11954 32.40
19929 31.82
17179 30.47
15749 32.27
16783 30.60
27331 32.78
12225 32.17
17412 31.81
12403 32.24
19261 32.23
16664 30.67
16045 32.21
16623 30.73
18985 32.13
16721 30.65
15512 32.26
16816 30.58
19060 31.92
16401 30.33
15455 32.19
11710 32.44
27800 32.39
12277 31.91
17501 31.52
12482 32.02
19348 31.92
16951 30.50
15978 32.03
16888 30.47
18531 31.98
16682 30.47
15530 32.30
17133 30.62
18982 32.25
16815 30.68
15418 32.63
16838 30.68
27954 32.62
12235 32.16
17537 32.01
12077 32.52
19126 32.37
16774 30.81
15556 32.54
11653 32.63
19443 32.06
16481 30.71
16032 32.21
16635 30.71
18819 32.07
16452 30.70
15010 32.42
11781 32.39
26580 33.31
12262 32.28
16587 31.91
13583 31.96
18383 32.27
16929 30.75
15975 32.34
16916 30.80
18636 32.28
16686 30.88
18800 31.38
17151 30.48
18712 32.40
16466 30.76
15286 32.28
11868 32.43
27161 33.05
11766 32.18
17083 31.54
12896 31.72
17958 32.11
16895 30.41
15632 32.03
11825 32.13
18883 31.60
17013 30.15
15052 31.99
12133 31.86
19930 31.14
17230 29.97
15548 31.78
17110 30.04
27078 33.11
12222 32.14
16465 31.81
12836 31.98
18177 32.29
17173 30.48
