21448 35.18
8592 34.06
15327 32.00
19388 30.14
20175 31.98
19105 29.73
20706 30.19
19071 29.55
21486 31.02
17944 29.58
20951 30.10
12329 31.63
19925 31.32
17550 29.81
17017 31.45
17940 29.99
23509 34.03
14311 31.38
17404 31.62
13055 31.95
18570 32.21
18350 30.39
20206 30.91
18336 29.92
19377 32.04
17509 30.45
16155 32.10
12986 31.94
20315 31.64
17840 30.21
16098 32.11
12588 32.11
27945 32.43
12857 31.88
18060 31.42
13257 31.43
19376 31.84
17873 30.22
16385 31.79
13082 31.87
20445 31.58
17951 30.03
16117 31.93
17640 30.22
20084 31.59
17936 30.28
19735 30.98
18519 30.05
29678 32.29
13980 31.84
17792 31.72
13552 32.12
20675 31.83
17735 30.42
16900 31.91
12392 32.13
20943 31.42
17657 30.22
17118 31.69
12845 31.92
21096 31.26
18210 29.97
16745 31.83
17998 30.11
29025 32.21
13321 31.63
18185 31.49
13400 31.76
20333 31.85
17772 30.22
16879 31.81
17774 30.27
20107 31.73
17409 30.31
16683 31.84
17678 30.08
20331 31.42
17296 29.98
16358 31.71
12649 31.99
29780 31.80
12973 31.49
18549 31.11
13427 31.58
20491 31.43
17935 30.07
17301 31.61
17946 29.97
19584 31.65
17722 30.06
16533 31.84
18079 30.18
20097 31.82
17822 30.27
16684 32.13
17829 30.32
29512 32.11
13086 31.74
18364 31.51
13090 32.00
20040 32.01
17611 30.44
16793 32.05
17691 30.44
19674 31.98
17429 30.43
16747 31.92
17685 30.38
19515 31.79
17548 30.31
16273 32.05
12323 32.08
29971 32.26
12865 31.83
17783 31.38
14221 31.52
20064 31.61
17916 30.28
17116 31.88
17802 30.36
20365 31.78
17700 30.37
16349 32.02
17925 30.34
20001 31.86
17447 30.29
16544 31.85
12436 32.12
29464 32.26
12473 31.75
18334 31.06
13665 31.24
19085 31.66
17779 29.94
16798 31.45
12779 31.54
19968 31.14
18173 29.70
16158 31.50
12914 31.38
21393 30.67
18306 29.51
16434 31.33
18143 29.61
28798 32.52
13204 31.54
17630 31.32
13609 31.53
19198 31.76
18241 30.00
