21938 35.00
8773 33.89
15827 31.85
19888 29.98
20487 31.87
19445 29.58
21004 30.06
19488 29.37
21857 30.81
18289 29.39
21353 29.92
12771 31.44
20075 31.18
17960 29.63
17065 31.34
18390 29.88
23803 33.90
14701 31.22
17642 31.41
13596 31.80
18871 32.12
18618 30.31
20604 30.79
18633 29.77
19765 31.88
17901 30.30
16567 31.97
13402 31.80
20578 31.62
18191 30.14
16336 31.96
12838 31.97
28326 32.29
13887 31.54
18388 31.36
13520 31.27
19665 31.77
18129 30.07
16835 31.64
13454 31.77
20705 31.51
18069 30.00
16511 31.73
18079 30.09
20298 31.49
18347 30.15
20139 30.84
18661 29.92
30523 32.05
14206 31.73
18771 31.39
13554 31.99
21006 31.64
18060 30.27
17389 31.73
12783 32.01
21331 31.32
18131 30.11
17264 31.60
12984 31.80
21487 31.11
18432 29.88
17224 31.61
18292 30.00
29398 32.07
13834 31.54
18354 31.43
13468 31.65
20713 31.68
18180 30.05
17411 31.71
18097 30.09
20330 31.61
17962 30.09
16966 31.65
18052 29.96
20714 31.27
17639 29.85
16797 31.58
12703 31.86
30330 31.63
13251 31.34
18849 30.90
13833 31.36
20775 31.33
18517 29.89
17236 31.46
18281 29.89
20062 31.42
17970 29.91
17069 31.73
18433 30.05
20487 31.68
18013 30.16
17159 31.91
18235 30.11
30296 31.86
14143 31.39
18643 31.44
13194 31.88
20433 31.88
18116 30.29
17067 31.91
18031 30.28
20000 31.83
17850 30.28
16865 31.82
12957 32.04
20424 31.44
17885 30.15
16917 31.67
18024 30.07
30556 32.08
13057 31.76
17761 31.35
14362 31.51
20217 31.50
18233 30.20
17523 31.66
18134 30.23
20790 31.59
18180 30.21
20322 30.70
18725 29.83
20177 31.80
17847 30.19
16795 31.75
12702 31.91
29964 32.14
13147 31.45
18536 30.97
13986 31.19
19828 31.36
18073 29.83
17232 31.35
12908 31.47
20395 30.94
18505 29.52
16647 31.31
13098 31.34
21259 30.64
18745 29.34
16975 31.18
18536 29.46
29397 32.36
13309 31.56
18099 31.15
13792 31.49
20203 31.46
18409 29.92
