23350 34.36
9904 33.18
16665 31.41
21126 29.57
21998 31.31
21260 28.97
22730 29.48
21342 28.84
23628 30.22
19566 28.91
23168 29.38
13875 30.90
21610 30.66
19440 29.16
18496 30.86
19666 29.32
25854 33.17
15621 30.77
18998 30.92
14620 31.30
20062 31.55
19945 29.76
22251 30.26
20298 29.21
21274 31.37
19400 29.74
17720 31.45
14362 31.24
22085 30.95
19550 29.57
17647 31.43
13935 31.40
30525 31.59
14802 30.97
19695 30.73
14567 30.79
21145 31.16
19673 29.48
18115 31.05
14628 31.21
22403 30.90
19208 29.47
17978 31.18
19461 29.58
21748 30.98
19632 29.69
21607 30.30
20211 29.31
32323 31.47
15761 31.08
19950 30.94
14601 31.45
22412 31.10
19686 29.71
18659 31.19
13896 31.47
22797 30.84
19654 29.55
18328 31.16
14290 31.23
22876 30.63
19683 29.40
18585 31.05
19666 29.52
32051 31.27
15571 30.74
20102 30.83
14393 31.23
22811 30.91
19509 29.48
18828 31.06
19391 29.57
21809 31.07
19447 29.53
18273 31.12
19446 29.44
21917 30.80
19294 29.26
18026 31.02
14189 31.20
32627 30.93
15206 30.56
20171 30.35
14864 30.90
22964 30.57
19680 29.37
18966 30.92
19640 29.32
21435 30.94
19325 29.43
18530 31.10
19902 29.51
21903 31.15
19557 29.56
18260 31.53
19556 29.53
32487 31.23
15302 30.80
20205 30.84
14440 31.35
22936 31.06
19370 29.73
18126 31.29
14021 31.52
22679 30.87
19354 29.60
18539 31.10
19577 29.63
21589 31.02
19316 29.62
17831 31.30
19365 29.61
32749 31.38
15148 30.84
19475 30.82
15344 31.08
21429 31.06
19628 29.64
18873 31.15
19544 29.73
22245 31.12
19511 29.73
21774 30.22
20211 29.29
21725 31.27
19134 29.63
18153 31.20
13846 31.35
31733 31.59
14552 30.87
19962 30.41
14920 30.66
21197 30.87
19654 29.29
18130 30.84
14259 30.89
22427 30.28
19936 28.96
17734 30.82
14228 30.79
22815 30.11
20325 28.79
18148 30.64
19748 28.95
32417 31.42
14171 31.06
19492 30.53
14969 30.80
21810 30.78
19767 29.29
