23653 34.23
10256 33.06
16809 31.31
21438 29.43
22480 31.16
21364 28.92
23287 29.34
21599 28.68
24092 30.11
20176 28.78
23430 29.28
14131 30.76
21849 30.55
19626 29.05
18875 30.65
19924 29.27
26324 33.01
15933 30.65
19271 30.74
15150 31.06
20477 31.38
20337 29.63
22294 30.09
20499 29.14
21576 31.18
19688 29.63
18241 31.30
14642 31.12
22413 30.88
19890 29.51
17941 31.30
14043 31.32
31022 31.43
15351 30.78
20011 30.71
14680 30.74
22300 30.79
19976 29.31
18369 30.94
14945 31.08
23144 30.59
19718 29.30
18159 31.08
19804 29.43
22108 30.83
20018 29.51
21999 30.12
20599 29.22
33158 31.24
15907 31.02
20325 30.82
15109 31.29
22778 30.97
20054 29.57
19113 31.07
13845 31.41
23199 30.64
20122 29.39
18746 31.02
14675 31.10
23638 30.33
19987 29.28
18905 30.91
20024 29.34
32255 31.18
15956 30.65
20247 30.65
14791 31.08
23228 30.83
19821 29.38
18820 30.95
19863 29.45
22281 30.89
19716 29.41
18791 30.96
19683 29.31
22340 30.66
19515 29.10
18525 30.87
14255 31.09
33321 30.74
15728 30.39
20374 30.34
15129 30.77
23322 30.43
20066 29.20
19120 30.80
19956 29.22
21844 30.83
19752 29.24
18936 30.98
20472 29.27
22205 31.04
20058 29.41
18495 31.36
19940 29.45
33238 31.02
15530 30.71
20606 30.70
14582 31.30
23233 30.92
19620 29.60
18744 31.19
19714 29.63
21737 31.13
19528 29.58
18692 31.11
14143 31.37
22347 30.73
19900 29.44
18375 31.09
19749 29.41
33355 31.23
15597 30.72
19579 30.64
15762 30.86
22669 30.68
20049 29.47
18872 31.08
19879 29.59
22524 30.96
19853 29.57
18279 31.31
19959 29.58
22195 31.03
19546 29.50
18627 30.99
14055 31.28
32850 31.26
14663 30.80
20509 30.19
15033 30.56
21752 30.65
20044 29.15
18672 30.64
14349 30.74
22166 30.40
20467 28.80
18100 30.67
14325 30.56
23371 29.93
20592 28.67
18581 30.49
20245 28.81
33049 31.24
14476 30.91
19689 30.47
15338 30.67
22087 30.76
20208 29.24
