24556 33.90
10783 32.87
17645 31.05
22195 29.16
23059 30.90
22067 28.68
23758 29.10
22265 28.44
24839 29.87
21039 28.43
24079 29.03
14897 30.53
22433 30.35
20361 28.74
19452 30.37
20640 28.97
27002 32.74
16659 30.33
19973 30.50
15343 30.90
21256 31.17
20966 29.40
23383 29.76
21491 28.84
22061 31.01
20193 29.40
19068 30.96
15208 30.86
22953 30.61
20510 29.26
18579 30.97
14791 30.99
32087 31.10
15957 30.56
21055 30.30
15402 30.46
22974 30.60
20556 29.07
18972 30.66
15534 30.82
23805 30.42
20400 29.06
18891 30.76
20353 29.18
23109 30.53
20730 29.20
22719 29.86
21501 28.90
34371 30.89
16563 30.75
20940 30.57
15653 31.07
23488 30.74
20683 29.35
19873 30.79
20315 29.27
23117 30.71
20367 29.30
19261 30.79
15097 31.00
23223 30.50
20572 29.13
19531 30.68
20594 29.16
34756 30.49
16378 30.37
20854 30.44
15526 30.75
24504 30.33
20459 29.12
19687 30.69
20697 29.13
22846 30.65
20426 29.10
19211 30.74
20650 29.00
23311 30.30
20059 28.85
19048 30.59
14650 30.94
34312 30.44
16478 30.05
21124 30.10
15500 30.58
24263 30.16
20861 28.92
19796 30.53
20612 28.96
22489 30.56
20527 29.05
19492 30.70
21008 29.10
22973 30.72
20675 29.15
19345 31.03
20685 29.23
34346 30.67
16257 30.35
21082 30.50
15404 31.01
23834 30.71
20641 29.27
19379 30.97
20415 29.35
22459 30.91
20417 29.31
19178 30.88
14771 31.08
23056 30.47
20440 29.14
19115 30.78
20351 29.14
34563 30.88
15773 30.55
20544 30.39
16225 30.65
23414 30.45
20615 29.23
19720 30.80
20670 29.34
23115 30.71
20573 29.27
18915 31.02
20671 29.30
23072 30.82
20225 29.25
19123 30.79
14639 31.04
34057 30.92
15166 30.59
20948 29.98
15960 30.24
22415 30.42
20717 28.88
19362 30.39
14907 30.53
22976 30.13
21020 28.63
18707 30.41
15048 30.45
24127 29.70
21306 28.46
19142 30.21
20832 28.55
33398 31.16
15259 30.62
20318 30.28
15893 30.47
22677 30.56
20942 28.95
