3235 50.99
421 51.00
652 49.37
1403 46.80
1193 48.45
2162 45.26
1933 45.98
1158 45.96
2430 46.27
824 46.11
1968 45.42
1356 44.54
2507 45.39
972 45.75
2107 45.14
1166 45.10
2703 51.00
1167 45.93
1389 46.46
2205 45.17
940 48.35
2265 45.67
1806 46.48
1297 46.18
1739 47.64
1563 46.10
2003 45.74
1214 45.16
2390 46.29
2270 44.68
2417 45.01
2015 44.42
2655 51.00
1338 45.81
2079 45.32
1207 45.09
1473 47.38
1881 45.44
1742 45.71
1621 45.18
2327 45.97
808 46.57
2009 44.94
1047 45.80
2513 45.47
2292 44.16
2402 44.51
2033 43.58
2694 51.00
1368 45.85
1101 46.87
2256 45.38
831 48.76
2204 45.48
1922 46.41
1188 46.11
1634 47.42
1557 45.92
2049 45.51
1067 45.26
2228 45.73
2229 44.14
2458 44.48
2024 43.87
2677 50.97
1385 45.44
2080 45.52
1026 45.34
2261 45.97
773 46.17
1944 44.85
1138 45.03
2542 45.07
2089 43.77
1390 45.21
1512 44.50
2452 44.72
2125 43.59
2426 43.65
2110 43.20
2706 50.75
1465 44.75
2168 44.64
961 44.87
2262 45.67
1998 44.22
1535 45.29
1437 44.51
2595 44.72
1971 44.02
1399 45.08
1477 44.50
2694 44.58
2032 43.77
2505 44.02
2062 43.40
2808 50.77
1610 44.87
1013 46.82
2174 44.49
1033 47.80
2330 45.44
1688 45.92
1242 45.34
2256 46.06
2160 44.19
2443 44.23
1949 43.58
2026 45.01
775 45.58
1910 44.43
1057 44.69
2937 50.60
1890 44.83
1968 44.88
1302 45.15
2182 45.29
1052 45.34
2029 44.60
952 44.97
2601 44.73
2202 43.55
2552 43.90
2105 43.24
2787 44.16
1858 43.49
1274 45.03
1548 44.00
3175 50.25
438 47.03
2408 44.46
910 44.81
2229 45.04
2264 43.97
2560 43.63
1929 43.29
2093 44.69
2243 43.49
2366 43.61
1889 43.04
2287 44.33
2064 42.96
1314 44.22
1677 43.71
3171 50.23
1766 44.59
2147 45.07
1056 45.38
2329 45.37
2134 43.95
