27067 32.94
12784 31.90
23767 29.05
25858 27.78
25911 29.98
24655 27.77
26502 28.31
24980 27.55
27636 28.90
23769 27.56
27316 28.08
25107 27.24
29398 28.33
23143 27.71
20906 29.74
16948 29.98
30198 31.70
19466 29.38
22616 29.57
17839 29.95
23823 30.18
23039 28.63
26011 28.96
23733 28.06
24763 30.10
22609 28.59
21125 30.20
17284 30.04
25663 29.79
22802 28.49
20997 30.16
22529 28.51
35837 30.06
17892 29.77
23497 29.44
17061 29.80
25328 29.84
22944 28.28
21374 29.87
17398 30.01
26196 29.60
22870 28.31
21144 29.95
22751 28.38
25615 29.72
23043 28.44
25489 29.03
23961 28.11
38349 29.85
18686 29.91
24412 29.46
17441 30.27
26943 29.64
23313 28.46
22269 29.94
22685 28.42
25638 29.85
22888 28.46
21674 29.98
16911 30.05
26980 29.39
22851 28.30
22135 29.84
22878 28.30
38737 29.43
18625 29.45
23447 29.55
17463 29.97
27138 29.53
22917 28.26
21985 29.86
23121 28.30
25654 29.78
22843 28.37
21444 29.87
22897 28.22
25698 29.51
22759 28.04
21478 29.73
23163 28.12
38462 29.35
18263 29.31
23515 29.22
17167 29.78
27900 29.06
23313 28.09
22172 29.68
23090 28.14
24821 29.74
22853 28.18
21825 29.80
23286 28.35
25431 29.89
23032 28.39
21786 30.18
23068 28.38
38417 29.60
18312 29.65
24424 29.51
16730 30.25
27719 29.53
23051 28.45
21527 30.14
22815 28.53
24857 30.03
22729 28.49
21654 29.94
22900 28.46
25145 29.85
22881 28.38
21064 30.04
22634 28.42
38608 29.82
18034 29.71
23296 29.46
18106 29.87
25926 29.58
23273 28.34
22025 29.96
23026 28.46
25644 29.87
23172 28.47
21394 30.16
23078 28.47
25499 29.97
22875 28.39
21616 29.92
16581 30.19
37929 29.83
17410 29.62
23791 29.05
17972 29.45
25466 29.46
22987 28.09
21743 29.58
16813 29.69
25928 29.13
23668 27.78
21036 29.62
17118 29.57
26161 28.96
23392 27.75
21867 29.36
23383 27.76
38150 29.82
17973 29.58
22524 29.43
17894 29.69
25912 29.44
23341 28.11
