27431 32.81
12975 31.74
24092 28.95
26380 27.62
26247 29.85
25251 27.64
26764 28.17
25240 27.47
28239 28.75
24118 27.49
27422 27.92
17517 29.48
25107 29.46
22985 27.88
22025 29.40
23352 28.09
30710 31.53
18860 29.46
22548 29.55
17934 29.87
24164 30.08
23519 28.44
25940 28.89
24235 27.91
24971 29.97
22890 28.48
21611 30.02
17679 29.91
26134 29.66
23263 28.30
25464 28.84
23704 27.94
36314 29.94
18017 29.69
23913 29.32
17445 29.65
26702 29.45
23336 28.13
21682 29.81
17524 29.95
27804 29.20
22996 28.14
21556 29.81
23028 28.28
26012 29.56
23358 28.31
25727 28.92
24517 27.93
38817 29.72
19152 29.72
24638 29.43
17786 30.18
27352 29.55
23678 28.35
22578 29.82
23061 28.34
26074 29.72
23140 28.38
21958 29.87
17305 29.99
27124 29.28
23337 28.16
22329 29.68
23458 28.18
39712 29.17
19178 29.27
24596 29.23
17567 29.92
28147 29.24
23462 28.08
22127 29.77
23322 28.21
25984 29.63
23160 28.23
21812 29.75
23470 28.06
26225 29.36
23103 27.92
21690 29.67
23281 28.07
39128 29.18
18454 29.23
25036 28.80
17218 29.74
28343 28.92
23617 28.01
22430 29.52
23582 28.01
25326 29.59
23436 28.09
21970 29.74
24040 28.10
25850 29.78
23643 28.28
21894 30.10
23342 28.31
38928 29.47
18531 29.51
24740 29.41
17500 30.06
27836 29.44
23471 28.29
21808 30.02
23205 28.37
25371 29.89
22954 28.43
21959 29.89
17077 30.15
25910 29.56
23272 28.26
21583 29.84
23127 28.22
39257 29.64
18368 29.56
23649 29.28
18398 29.75
26158 29.53
23669 28.23
22545 29.85
23394 28.37
26114 29.72
23072 28.44
21671 30.03
23533 28.31
26032 29.82
23231 28.25
21738 29.85
16902 30.02
38602 29.67
17566 29.58
24358 28.89
18029 29.34
25979 29.31
23297 27.96
22052 29.46
17177 29.61
26207 29.04
23623 27.78
21259 29.50
17441 29.45
27289 28.74
23580 27.68
21960 29.28
23725 27.67
38667 29.67
18146 29.49
22651 29.33
18249 29.50
26218 29.35
23851 27.96
