28416 32.52
13336 31.51
24788 28.69
27196 27.37
26867 29.61
25805 27.41
27673 27.91
26091 27.22
28973 28.55
24887 27.25
28479 27.77
26367 26.90
30644 28.04
24362 27.39
21854 29.42
17774 29.62
31353 31.30
20383 29.03
23128 29.34
18601 29.60
24953 29.85
24797 28.10
26834 28.67
25033 27.66
26052 29.74
23815 28.18
22136 29.85
18150 29.72
26685 29.48
23929 28.10
22054 29.76
23483 28.24
37326 29.66
18821 29.41
24599 29.14
18078 29.43
27378 29.24
23876 27.96
22342 29.53
18394 29.65
27863 29.17
23800 27.96
21971 29.66
23858 28.05
26814 29.33
24270 28.11
26564 28.71
25055 27.73
39729 29.51
19857 29.51
25299 29.17
18387 29.96
28071 29.35
23881 28.26
23241 29.59
23687 28.18
26782 29.49
23768 28.14
22746 29.62
17663 29.75
27896 29.05
24023 27.94
22971 29.48
24032 28.00
40600 28.99
19898 29.05
25176 29.07
18241 29.64
29147 28.95
24191 27.88
22633 29.56
23972 27.99
26779 29.44
23959 27.97
22598 29.45
23911 27.90
26969 29.17
23607 27.74
22423 29.45
24092 27.80
40289 28.90
19661 28.78
25441 28.62
17903 29.47
29086 28.68
24533 27.72
22847 29.37
24183 27.82
26056 29.38
24092 27.84
22712 29.50
24335 28.00
26550 29.55
24028 28.07
22677 29.80
24128 28.04
40191 29.19
19255 29.27
25440 29.18
17914 29.88
28487 29.31
24190 28.11
22354 29.89
23990 28.19
26194 29.70
23884 28.17
22718 29.71
23933 28.14
26154 29.55
23893 28.11
21912 29.80
23766 28.12
40320 29.38
18827 29.38
24252 29.11
18838 29.58
26878 29.29
24099 28.06
23032 29.62
23969 28.20
27153 29.46
24133 28.13
26626 28.67
25095 27.75
26309 29.72
23544 28.16
22508 29.61
17456 29.88
39811 29.37
19044 29.13
24474 28.86
18625 29.15
26490 29.14
24240 27.72
22553 29.29
17906 29.35
27014 28.86
24205 27.61
22107 29.25
17756 29.26
27807 28.57
24401 27.46
22683 29.03
24422 27.47
40031 29.38
18637 29.31
24315 28.92
18451 29.37
27052 29.15
24486 27.78
