3560 50.84
425 50.78
985 46.99
1973 45.31
1813 46.09
2042 44.65
2391 44.87
2915 43.56
2984 45.25
2320 43.34
2794 43.97
2030 42.77
2471 44.80
1265 45.01
2518 44.01
1462 44.54
2851 50.76
1754 44.89
1906 45.63
2092 44.57
1578 46.83
2384 45.09
2202 45.57
2682 43.99
2631 45.72
2447 44.19
2739 44.34
2257 43.67
2635 45.00
2378 43.84
1803 45.39
1758 44.77
3160 50.02
1355 46.02
1840 45.60
2393 43.79
1561 47.05
2365 44.76
2125 45.00
1522 44.93
2757 45.43
2521 43.55
2832 43.98
2221 43.41
2518 45.20
2440 43.66
2721 44.02
2469 43.16
3473 49.47
1465 44.98
2663 44.38
1323 44.99
2700 45.25
1033 45.80
2310 44.30
1542 44.26
2894 44.38
2553 43.26
2866 43.31
2283 42.78
2490 44.22
2602 43.00
1616 44.44
1848 43.67
3678 49.04
2062 44.44
2455 44.53
1315 44.49
2728 45.04
2338 43.30
1846 44.37
1746 43.97
3027 43.92
2319 43.07
1973 43.99
1585 43.94
3021 43.72
2444 42.40
1736 44.24
1872 43.33
3639 48.82
2160 43.91
2630 44.06
1035 44.44
2677 44.54
2577 43.29
1779 44.50
1683 43.88
2915 44.16
2556 42.74
2939 43.10
2232 42.57
2705 44.02
2409 43.05
1821 44.39
1785 43.46
3611 49.28
2104 44.04
2403 44.60
1355 44.35
2705 45.13
2388 43.49
1658 45.04
1999 43.68
2848 44.37
2372 42.96
1739 44.22
1827 43.31
2939 43.71
2445 42.50
1634 43.80
1869 42.95
3667 49.23
2147 44.15
2385 44.32
1501 44.19
2675 44.62
1093 44.62
2433 43.83
1171 44.04
3028 43.99
2651 42.69
2955 42.99
2420 42.54
3132 43.47
2260 42.82
1560 43.90
2050 43.15
3606 49.31
2105 43.93
2587 44.04
971 44.54
2727 44.45
2416 42.98
1693 44.09
1957 43.30
2986 43.62
2359 42.72
1483 43.73
2012 42.78
2981 43.13
2501 41.87
1594 43.40
2020 42.34
3682 49.20
2024 44.20
2651 43.99
1115 44.77
2773 44.70
2490 43.23
