28819 32.41
13729 31.38
25275 28.53
27376 27.31
27443 29.49
26195 27.30
28401 27.75
26453 27.15
29253 28.43
25249 27.15
28897 27.60
18373 29.16
31558 27.80
24979 27.21
22568 29.21
24379 27.72
31853 31.18
19772 29.18
23621 29.17
18837 29.54
25124 29.81
24526 28.14
27077 28.53
25482 27.57
26363 29.65
24059 28.16
26425 28.68
17331 29.79
27320 29.30
24341 28.02
26340 28.51
24901 27.61
37675 29.53
19080 29.34
24726 29.01
18450 29.25
27729 29.12
24195 27.85
22442 29.44
18693 29.52
28577 28.92
24225 27.81
22415 29.50
24174 27.96
27065 29.25
24438 28.01
26837 28.60
25286 27.68
40492 29.32
20109 29.40
25582 29.09
18570 29.88
28595 29.20
24655 28.01
23462 29.50
24130 28.02
27265 29.41
24163 27.99
22929 29.54
18202 29.61
28274 28.99
24542 27.83
23167 29.42
24383 27.85
41092 28.88
20028 28.99
25664 28.95
18382 29.59
29595 28.84
24463 27.81
23232 29.44
24340 27.90
27166 29.34
24274 27.90
22899 29.43
24375 27.71
27144 29.06
24090 27.64
22642 29.33
24430 27.73
40780 28.76
20147 28.66
25909 28.52
18032 29.42
29268 28.65
24861 27.63
23422 29.25
24389 27.76
26270 29.31
24518 27.74
23017 29.41
24700 27.85
26935 29.42
24311 27.98
23013 29.72
24535 27.95
40710 29.03
20028 29.00
25637 29.10
18166 29.79
29033 29.14
24576 27.99
22800 29.73
24292 28.03
26472 29.61
24049 28.10
22882 29.59
24319 28.00
26693 29.41
24230 28.00
22400 29.68
24106 27.96
40919 29.25
19126 29.29
24659 29.02
19222 29.52
28430 28.91
24792 27.87
23294 29.52
24390 28.03
27539 29.31
24457 28.02
22584 29.79
24472 28.05
26922 29.51
24274 27.97
23001 29.47
17693 29.75
40436 29.23
19346 29.00
24905 28.72
18925 29.08
26750 29.05
24527 27.64
23071 29.18
18172 29.26
27382 28.77
24459 27.50
22457 29.12
18187 29.20
28216 28.50
24868 27.34
22886 28.96
24822 27.33
40486 29.26
19004 29.17
24678 28.82
18709 29.31
27374 29.02
24898 27.64
