29485 32.20
14307 31.14
25847 28.36
28746 26.97
28292 29.24
26965 27.10
28629 27.61
27245 26.87
29868 28.33
25924 26.96
29635 27.41
18986 28.96
32103 27.61
25680 26.98
23409 28.96
25084 27.52
32579 30.93
20461 28.90
24085 29.02
19588 29.30
25777 29.59
25306 27.90
27901 28.29
26271 27.36
26894 29.42
24628 27.95
23080 29.49
19025 29.35
27955 29.11
25002 27.79
27390 28.28
25677 27.40
38683 29.28
21025 28.78
25093 28.92
18827 29.09
28465 28.94
24965 27.68
23056 29.29
19280 29.36
29005 28.85
24775 27.63
22984 29.34
24724 27.77
27903 29.02
24970 27.83
27736 28.40
25940 27.49
41752 28.98
21581 28.94
26137 28.94
19295 29.62
29058 29.04
25046 27.90
24421 29.30
24693 27.85
27807 29.21
24850 27.85
23598 29.33
18593 29.45
29065 28.70
25183 27.61
23907 29.17
25092 27.65
42914 28.42
21002 28.68
26309 28.76
18963 29.36
30366 28.64
25032 27.56
24056 29.16
24769 27.76
27737 29.09
24896 27.66
23823 29.11
24959 27.56
27910 28.85
24706 27.38
23461 29.08
25026 27.51
41977 28.49
20514 28.45
26579 28.29
18732 29.23
30087 28.41
25452 27.44
24186 29.02
25205 27.51
27193 29.05
25045 27.53
24007 29.11
25393 27.64
27584 29.20
25454 27.68
23660 29.58
25210 27.68
41938 28.75
20769 28.77
26316 28.88
18734 29.53
29771 28.93
25218 27.76
23399 29.51
24915 27.86
27319 29.37
24722 27.86
23909 29.32
24888 27.82
27385 29.18
24727 27.82
22979 29.46
24773 27.77
42098 28.95
20581 28.83
25030 28.90
19826 29.28
29041 28.75
25643 27.64
23943 29.32
25129 27.85
28061 29.15
25222 27.83
27685 28.29
26061 27.40
27683 29.28
24466 27.86
23606 29.29
18272 29.49
41481 28.96
19907 28.76
25352 28.51
19619 28.84
27618 28.80
25206 27.44
23416 29.00
18733 29.01
28258 28.52
25135 27.28
22918 28.94
18740 28.93
28877 28.23
25505 27.12
23948 28.71
25467 27.12
41510 28.98
19769 28.96
25209 28.63
19417 29.09
28098 28.86
25511 27.48
