30184 31.95
14741 30.89
26634 28.14
29320 26.79
28794 29.08
27749 26.91
29568 27.36
28147 26.69
30678 28.10
26885 26.70
30485 27.17
19524 28.77
33287 27.36
26532 26.76
23778 28.77
25633 27.34
33602 30.67
21080 28.70
24803 28.83
20018 29.13
26485 29.37
25867 27.74
28793 28.07
26742 27.20
27698 29.20
25549 27.67
23801 29.33
19699 29.19
28631 28.97
25609 27.65
28152 28.12
26327 27.24
39783 29.02
21586 28.58
25778 28.74
19211 28.95
29170 28.72
25663 27.45
23923 29.07
19671 29.20
30307 28.51
25584 27.45
23649 29.12
25535 27.55
28081 28.92
25799 27.63
28265 28.24
26928 27.28
42711 28.77
22222 28.73
26868 28.73
19573 29.46
29814 28.81
25757 27.78
24732 29.10
25570 27.63
28331 29.03
25763 27.61
24062 29.15
19306 29.19
29840 28.51
25843 27.44
24585 28.97
25757 27.46
43858 28.21
21703 28.46
26735 28.62
19644 29.16
30920 28.48
25961 27.36
24676 29.01
25666 27.49
28479 28.92
25511 27.45
24468 28.94
25562 27.36
28638 28.65
25493 27.20
24021 28.93
25951 27.28
43210 28.21
21327 28.26
27164 28.15
19276 28.97
30943 28.21
26151 27.23
24836 28.77
25917 27.30
27832 28.83
25626 27.35
24637 28.87
25833 27.50
28501 28.98
25689 27.57
24339 29.31
25641 27.57
42968 28.49
21599 28.47
27095 28.62
19304 29.37
30881 28.67
25819 27.57
24180 29.31
25571 27.65
28122 29.14
25388 27.68
24432 29.12
25821 27.57
27914 29.05
25675 27.58
23641 29.25
25369 27.55
43330 28.66
21325 28.63
25572 28.73
20555 29.06
29425 28.57
25801 27.57
24651 29.09
25775 27.63
28732 28.98
25317 27.75
24108 29.29
25772 27.63
28513 29.06
25240 27.64
24314 29.04
18726 29.31
42570 28.72
20693 28.56
25955 28.40
20084 28.67
29328 28.34
25820 27.19
24145 28.77
19395 28.84
29829 28.04
26136 26.99
23612 28.74
19296 28.73
29510 28.05
26316 26.88
24468 28.48
26237 26.96
42680 28.71
20322 28.81
25731 28.48
20137 28.87
29603 28.49
25976 27.31
