30524 31.83
14962 30.74
27051 28.01
30007 26.63
29172 28.98
27954 26.86
30112 27.25
28724 26.58
31251 27.94
27197 26.62
30918 27.08
19683 28.69
33232 27.35
26890 26.67
24129 28.69
26052 27.20
34120 30.53
21116 28.61
25232 28.67
20313 29.00
26836 29.22
26274 27.60
29304 27.94
27316 27.05
28034 29.10
25750 27.64
24031 29.22
19979 29.06
28710 28.88
25995 27.54
28487 28.02
26844 27.10
40371 28.90
22012 28.46
26040 28.65
19455 28.84
29444 28.60
26170 27.31
24209 28.95
19989 29.06
30598 28.43
25769 27.36
24056 29.01
25839 27.44
28747 28.79
26285 27.52
28759 28.08
27568 27.14
43200 28.66
22586 28.63
27063 28.68
20137 29.33
30459 28.64
25971 27.65
25243 28.96
25612 27.58
28805 28.89
26148 27.49
24546 29.04
19516 29.12
30124 28.46
26346 27.34
24914 28.89
26143 27.36
44363 28.10
21905 28.40
27090 28.46
20034 29.02
31247 28.37
25750 27.35
25190 28.88
26022 27.40
28767 28.81
25857 27.41
24708 28.82
25769 27.31
29030 28.53
25570 27.13
24577 28.78
26214 27.17
43733 28.05
21735 28.13
27555 28.05
19606 28.89
30973 28.15
26678 27.13
25118 28.72
26349 27.20
28174 28.75
26078 27.27
24892 28.83
26375 27.33
28811 28.91
26150 27.45
24622 29.16
26218 27.42
43491 28.38
21987 28.41
27292 28.59
19773 29.28
31126 28.54
25945 27.55
24749 29.15
25884 27.56
28035 29.12
25666 27.61
24857 29.05
25714 27.56
28506 28.86
26061 27.46
24050 29.17
25705 27.45
42908 28.75
21324 28.63
26206 28.61
20710 28.99
29109 28.66
26139 27.52
25122 29.00
26085 27.56
28878 28.92
25721 27.64
24461 29.18
26336 27.52
28717 29.02
25463 27.56
24745 28.92
19241 29.22
43131 28.60
20992 28.46
25984 28.34
20449 28.51
30018 28.18
26083 27.10
24388 28.63
19460 28.75
29635 28.07
26334 26.89
24089 28.57
19760 28.64
29638 27.99
26680 26.80
24675 28.43
26591 26.88
43507 28.54
20701 28.69
25842 28.41
20217 28.80
30335 28.27
26255 27.18
