31280 31.58
15581 30.56
27615 27.84
30746 26.43
29876 28.72
29040 26.57
31094 26.98
29324 26.37
32135 27.69
28044 26.39
31683 26.87
20475 28.38
34593 27.03
27604 26.46
24735 28.47
26598 27.04
34854 30.29
21984 28.39
25827 28.51
20827 28.85
27619 29.05
26978 27.42
29994 27.77
28071 26.85
28698 28.92
26330 27.46
24751 29.01
20507 28.88
29439 28.67
26537 27.33
29190 27.80
27432 26.91
41423 28.62
22560 28.22
27764 28.17
20042 28.65
30085 28.43
26703 27.19
24941 28.72
20434 28.90
31214 28.24
26557 27.16
24728 28.77
26496 27.26
29503 28.56
27239 27.31
29637 27.90
27887 26.98
44121 28.44
23287 28.40
27874 28.41
20715 29.14
31437 28.47
26769 27.44
25706 28.79
26323 27.38
29574 28.69
26854 27.30
25318 28.82
20074 28.96
30795 28.27
27007 27.16
25429 28.71
26768 27.22
45811 27.79
23979 27.83
29351 27.89
25745 27.42
30814 28.51
26459 27.23
25482 28.79
26636 27.22
29532 28.64
26556 27.24
25367 28.68
26665 27.08
29969 28.31
26338 26.91
25100 28.59
26780 27.01
44887 27.79
22442 27.95
28180 27.87
20073 28.69
31625 27.95
27295 26.95
25824 28.48
27019 26.99
28813 28.58
26519 27.08
25579 28.56
27256 27.13
29620 28.68
26705 27.29
25362 28.99
26817 27.27
44611 28.10
22456 28.23
27890 28.40
20406 29.04
32137 28.32
26578 27.34
25125 29.00
26698 27.36
28887 28.92
26431 27.40
25446 28.84
26616 27.34
29207 28.68
26696 27.27
24705 28.95
26442 27.28
45061 28.26
22208 28.34
26653 28.42
21511 28.76
30439 28.31
26755 27.29
25744 28.80
26746 27.34
29791 28.69
26586 27.44
25110 29.00
26802 27.36
29317 28.83
26426 27.35
25309 28.80
19617 29.03
44448 28.26
21755 28.23
27773 27.95
20715 28.40
30612 28.04
26762 26.93
25247 28.44
20256 28.54
30693 27.79
26994 26.74
24656 28.40
20070 28.44
30725 27.72
27349 26.62
25416 28.22
27088 26.69
44498 28.28
21794 28.27
26632 28.19
20996 28.59
30701 28.17
27241 26.95
