31791 31.46
15888 30.43
27962 27.73
31175 26.35
30079 28.65
29125 26.51
31530 26.91
29401 26.33
32444 27.62
28285 26.30
32079 26.80
20873 28.32
34669 27.00
28291 26.34
24910 28.40
27087 26.90
35210 30.21
22149 28.31
26101 28.35
20980 28.76
27876 28.97
27372 27.30
30209 27.70
28396 26.75
29143 28.80
26690 27.33
25102 28.89
20963 28.77
29719 28.61
27141 27.23
29511 27.67
28017 26.78
41715 28.52
22839 28.13
28084 28.11
20284 28.59
30626 28.29
27057 27.09
25148 28.64
20979 28.73
31109 28.25
26948 27.08
25006 28.74
26859 27.18
29784 28.45
27343 27.22
29934 27.80
28345 26.92
44840 28.28
23678 28.27
28245 28.30
20879 29.06
31823 28.31
27088 27.32
26173 28.65
26771 27.25
29819 28.58
26948 27.27
25764 28.67
20284 28.85
31144 28.15
27260 27.05
25897 28.61
27079 27.11
46256 27.67
24238 27.75
29861 27.74
26401 27.19
31276 28.38
26934 27.15
25834 28.71
26890 27.18
29605 28.58
27021 27.14
25538 28.58
26897 27.02
30085 28.23
26604 26.86
25528 28.51
27103 26.93
45393 27.68
22711 27.86
28726 27.71
20432 28.57
32563 27.78
27734 26.81
25927 28.39
27292 26.94
29129 28.45
27017 27.03
25839 28.55
27312 27.13
29912 28.57
26935 27.18
25674 28.83
27060 27.20
45456 27.93
22666 28.13
28504 28.26
20631 28.97
32487 28.21
27003 27.24
25321 28.92
27131 27.26
29163 28.80
26944 27.27
25809 28.76
26925 27.22
29527 28.59
26905 27.18
25056 28.81
26855 27.19
45666 28.14
22680 28.21
27016 28.33
21651 28.66
30930 28.21
27142 27.18
26134 28.68
27090 27.25
30208 28.56
26814 27.35
25478 28.93
27241 27.26
29748 28.74
26604 27.29
25722 28.65
19822 28.97
44786 28.19
22070 28.13
28024 27.81
20946 28.29
31197 27.89
27282 26.79
25418 28.38
20364 28.42
31297 27.65
27390 26.65
24915 28.30
20367 28.36
31246 27.64
27648 26.50
25893 28.06
27611 26.57
45016 28.17
22560 28.07
26704 28.12
21349 28.48
31423 28.03
27363 26.92
