5196 47.67
747 45.91
2535 42.42
4817 41.08
5003 42.28
4288 40.35
4666 40.88
4254 40.01
4430 42.00
3849 40.00
3484 41.34
2536 40.63
4713 41.00
2225 41.50
4532 40.57
2616 41.00
4944 46.71
4651 40.90
3984 41.72
2393 42.11
4699 42.00
4319 40.68
4740 40.95
4247 39.98
4354 41.98
4204 40.40
3143 41.93
3110 41.29
4721 41.63
4318 40.02
3345 41.69
2674 41.34
6518 44.69
2989 41.32
4455 40.91
2398 40.69
4659 41.71
4208 40.00
3303 41.28
3226 40.76
5180 41.21
3999 39.74
3183 41.29
2968 40.92
5385 40.61
4075 39.69
4796 40.13
4297 39.31
6374 44.96
2745 41.54
4450 40.92
2584 41.50
4605 41.75
2045 42.04
4717 40.56
2083 41.21
5212 40.98
4270 39.66
5032 40.03
4301 39.20
4362 41.18
4213 39.54
3367 41.17
2846 40.80
6393 44.77
3183 41.02
4464 40.92
2487 41.05
4733 41.66
1918 41.75
4648 40.30
2270 41.09
5062 40.87
4403 39.61
5058 39.81
4269 39.14
4561 41.08
4079 39.42
3313 41.15
2822 40.64
6281 44.78
3463 40.69
4398 40.63
2364 41.21
4773 41.44
4357 39.97
3535 41.06
2307 41.12
5196 40.79
4211 39.57
3467 41.11
2739 41.04
5453 40.62
4030 39.59
3539 41.07
2847 40.43
6233 45.10
3576 40.99
4357 41.25
2282 41.36
4739 41.93
4263 40.17
3327 41.61
2767 41.16
5084 41.11
4110 39.72
3306 41.05
2923 40.62
5210 40.48
4214 39.37
3095 41.02
3000 40.19
6534 44.82
3017 40.74
4472 40.53
2770 40.82
4602 41.31
2322 41.22
4661 40.33
2240 40.80
5451 40.76
4179 39.60
5114 39.93
4288 39.06
5527 40.53
3903 39.42
2939 41.02
3291 40.21
6380 45.04
3223 40.79
4519 40.64
2149 41.10
4698 41.11
1873 41.30
4636 39.98
2241 40.58
5277 40.37
4325 39.26
4832 39.44
4314 38.62
4550 40.60
4446 38.95
2868 40.84
3261 39.81
6214 45.26
3553 40.75
4391 40.67
2167 41.51
4711 41.25
4296 39.80
