6463 45.77
1034 44.54
3727 40.73
6155 39.25
6232 40.77
5301 39.01
5958 39.20
5502 38.39
6364 39.90
4768 38.37
4121 40.17
3508 38.95
6234 39.53
5159 38.20
4607 39.55
3382 39.66
6444 44.78
5397 39.29
5137 40.09
2976 40.53
5843 40.39
5546 38.96
5969 39.51
5246 38.41
5720 40.38
5244 38.90
4038 40.69
3838 39.79
6100 39.94
5208 38.52
4173 40.27
3603 39.70
8244 42.88
3620 39.73
5559 39.54
3254 39.06
5772 40.33
5292 38.42
4140 39.92
4082 39.30
6403 39.64
4967 38.29
4358 39.83
3464 39.68
6703 39.29
5164 38.21
6062 38.84
5445 37.91
8590 42.75
3308 40.06
5521 39.72
3414 39.89
5632 40.48
2777 40.46
6024 39.00
2860 39.69
6461 39.68
5404 38.25
4449 39.80
3469 39.50
6600 39.16
5202 38.11
4311 39.70
3693 39.31
7967 43.10
3953 39.51
5626 39.53
3069 39.61
5853 40.30
5444 38.54
4550 39.92
3133 39.71
6346 39.72
5291 38.31
4367 39.90
3184 39.66
6549 39.18
5110 38.01
4485 39.50
3467 39.19
7802 43.13
4292 39.01
5493 39.22
3253 39.51
5788 39.95
5458 38.55
4718 39.54
2968 39.85
6517 39.30
5240 38.25
4332 39.62
3554 39.43
6846 39.22
5120 38.32
6179 38.60
5437 37.76
8355 42.90
3193 39.62
5610 39.49
3326 39.62
5751 40.40
2793 40.31
5851 39.23
2737 39.78
6588 39.52
5061 38.24
4613 39.49
3270 39.61
6839 38.89
5134 38.00
4116 39.66
3453 39.10
8182 43.17
4046 39.30
5595 39.39
3432 39.40
5747 39.95
2923 40.27
5903 38.99
2964 39.51
6752 39.41
5291 38.19
6314 38.57
5563 37.84
6971 39.15
4621 38.29
4116 39.40
3841 39.17
8020 43.37
4005 39.22
5540 39.30
3105 39.45
5811 39.95
2669 39.87
5908 38.59
2885 39.13
6421 39.04
5595 37.81
6199 38.16
5579 37.31
5525 39.30
5430 37.82
3870 39.50
3727 38.59
7799 43.57
4314 39.49
5531 39.45
3090 39.80
5824 39.99
5381 38.53
