7336 44.67
1145 43.01
4432 39.62
6870 38.34
7014 39.79
6185 37.88
6792 38.48
6305 37.51
7323 38.94
5359 37.45
4888 39.36
3965 38.25
7415 38.52
5641 37.31
5395 38.85
3751 38.98
7460 43.69
5817 38.62
5999 39.06
3372 39.60
6528 39.48
6134 38.26
6816 38.75
6041 37.69
6391 39.61
5996 38.13
4792 39.87
4089 39.22
6665 39.37
6131 37.89
6690 38.42
5991 37.43
8824 42.38
4106 39.15
6025 39.06
3529 38.65
6512 39.75
3153 39.66
6255 38.36
4003 38.72
7352 38.85
5861 37.48
4837 39.18
4031 38.89
7614 38.50
5915 37.51
6917 37.93
6216 37.10
9218 42.23
4234 39.23
6068 38.97
3988 39.31
6391 39.76
5941 38.01
5382 39.24
3522 39.10
7411 38.89
5820 37.77
5132 39.12
3878 38.91
7422 38.54
5999 37.40
4991 38.92
4046 38.68
9102 42.10
4360 38.79
6358 38.60
3805 38.77
6525 39.61
6051 37.79
5197 39.14
3602 39.05
7268 38.77
6032 37.57
4946 39.17
3800 38.97
7732 38.25
5578 37.15
5206 38.60
3898 38.68
8820 42.16
4963 38.30
6229 38.71
3549 39.16
6519 39.39
6309 37.81
5255 39.11
3431 39.02
7330 38.58
6004 37.52
4923 39.18
3980 39.00
7791 38.38
5900 37.52
7057 37.94
6080 37.03
9507 41.92
3823 38.94
6118 38.85
3813 38.97
6520 39.71
3202 39.65
6668 38.54
3272 38.93
7339 38.91
5904 37.54
5247 39.00
3745 38.83
7643 38.34
5884 37.24
4693 38.97
4048 38.56
9332 42.18
4220 38.79
6286 38.57
4029 38.68
6445 39.26
3628 39.25
6529 38.31
6340 37.30
6782 39.23
6202 37.73
6700 38.21
6203 37.30
6387 39.45
5998 37.65
4889 39.21
3853 38.88
9137 42.33
4413 38.67
6315 38.42
3792 38.67
6438 39.04
3198 39.10
6658 37.95
3450 38.54
7586 38.12
6215 36.96
7013 37.34
6141 36.55
6439 38.51
6206 36.74
4589 38.52
4131 38.19
9008 42.43
4753 38.65
6179 38.73
3901 38.66
6513 39.28
6281 37.69
