11804 31.88
5156 29.95
8145 26.46
9200 25.92
8293 25.73
6328 26.08
6425 25.80
7466 24.39
9252 23.42
4963 26.06
7712 24.85
6703 24.90
6954 25.07
7694 24.22
8870 24.37
8749 23.91
12770 31.58
5386 28.76
7015 27.59
8062 26.47
5496 27.77
7387 25.43
6840 25.08
6652 26.41
9970 25.89
7381 25.73
8952 25.89
9851 25.97
7019 25.36
9584 25.30
10373 25.35
9399 26.00
11005 33.10
5918 29.85
7781 27.52
5596 28.05
7354 26.64
6788 25.80
10272 25.27
9197 25.64
8638 26.28
9310 26.16
9329 26.20
9044 26.18
9897 25.79
7701 26.56
6662 28.24
7210 27.62
12999 31.82
5193 29.21
5917 28.87
7119 27.52
7392 26.35
8353 25.80
6195 26.19
7453 25.58
8970 24.95
8220 24.99
7183 25.65
9046 26.12
5191 27.44
7275 26.69
9402 26.20
7339 25.62
12827 32.77
5151 30.00
7257 28.07
5805 27.62
7041 26.26
9516 24.88
10006 25.44
9402 26.43
6757 26.49
9617 26.60
7597 25.59
10530 25.32
8705 25.69
6369 27.20
7662 26.66
9544 26.08
12568 32.77
4748 30.95
7868 29.01
5315 28.98
6495 28.95
6425 28.38
6948 28.45
8033 27.73
5682 28.98
6841 28.52
6460 28.47
8234 28.64
6615 28.90
8388 28.63
8777 28.49
6896 27.99
12673 33.63
5330 32.58
7991 29.91
5619 30.21
5761 29.88
6599 28.74
6374 29.62
7539 28.06
6056 28.83
8765 28.61
7610 27.72
6182 28.66
8710 28.45
6410 29.35
8603 28.92
7214 28.23
12887 34.37
5151 31.41
5771 31.74
6143 30.86
6454 30.16
7125 29.51
6031 30.06
6737 30.24
6562 30.04
8018 28.86
6671 28.56
8565 28.76
7278 28.32
9115 28.12
6666 28.45
8727 28.51
12899 34.56
4956 32.44
6483 30.68
6326 30.05
7194 29.20
5511 30.01
6922 29.82
6362 29.47
8726 28.71
9307 28.74
8826 28.73
9523 28.87
9709 28.69
9907 28.54
8575 28.60
8805 28.87
12149 35.63
5346 33.20
7186 31.85
7442 30.16
6325 29.82
8648 29.35
