12872 30.97
5389 29.20
8908 25.48
10224 24.86
9336 24.60
7177 24.79
6956 25.35
7644 23.99
9492 22.88
6939 24.45
7412 24.35
8070 23.76
8970 23.45
7388 23.68
9306 23.37
9977 22.84
13747 30.83
6039 27.81
7784 26.34
8554 25.61
6779 27.09
8265 24.84
7171 24.67
6405 25.73
10661 25.09
7924 25.06
10720 24.26
11031 25.18
6654 25.08
11219 24.18
10183 24.87
10823 24.82
11782 32.32
6430 29.54
7927 27.01
6360 26.37
8651 25.71
7842 25.12
10080 24.77
10897 25.21
9668 25.40
10110 25.15
10033 25.29
8772 25.71
7497 27.51
6816 27.56
8331 26.98
7233 26.99
14196 30.95
5711 27.91
7435 27.59
6766 27.30
8172 25.57
8783 25.09
7414 25.34
7069 25.14
9302 24.74
8949 24.25
7678 24.61
10408 24.91
9605 23.93
5571 26.52
9569 26.08
7934 24.94
13886 31.99
5873 29.02
7378 27.44
7126 26.17
7593 25.40
9214 24.99
10563 25.13
10601 25.83
8833 25.41
11035 25.58
6798 25.83
10625 25.70
10176 24.87
7349 26.06
7869 26.19
10002 25.74
14041 31.70
5266 30.26
8441 27.93
6071 28.01
7030 27.94
7203 27.86
7440 27.64
8760 26.58
6451 27.53
7611 27.66
6898 28.08
8934 27.41
7202 28.05
9067 27.77
9947 27.77
7074 27.55
13801 32.82
5958 31.89
8439 29.13
6439 29.19
6296 29.15
7211 28.28
7083 28.89
8453 27.37
6338 28.39
9664 27.79
8097 27.22
6554 28.03
9968 27.24
9528 27.02
10656 26.94
6777 27.94
13978 33.54
5576 30.78
6725 30.76
6469 30.21
7625 29.49
7638 28.73
6787 29.38
8871 28.81
9833 27.89
7679 27.70
7856 27.51
9445 27.85
7585 27.65
9828 27.43
7571 27.65
9446 27.64
13761 34.00
5918 31.52
7034 30.12
7145 29.64
7695 28.43
5750 29.62
7345 29.08
7499 28.69
8778 28.23
10614 27.90
9890 27.89
10744 28.00
9706 28.39
9946 28.50
9504 28.00
9480 28.34
14251 34.22
5447 32.39
7620 30.85
8255 29.45
7476 28.60
9926 28.22
