2131 46.76
779 44.19
1673 39.64
1070 41.65
424 40.72
1617 37.87
967 39.39
1512 38.32
1401 36.99
637 38.09
1593 36.92
1258 37.25
667 38.17
1535 36.12
1599 36.74
1475 36.27
1885 47.12
1386 41.78
980 40.92
1695 38.99
1197 39.58
1352 38.58
1025 38.25
928 38.15
1436 38.48
1667 37.25
1261 37.75
1294 37.75
1666 36.74
1484 37.39
1561 37.27
529 39.67
2078 46.09
1377 42.30
1475 40.67
913 40.42
1579 39.38
1257 38.01
1198 38.24
1420 37.53
773 37.48
1361 37.21
1273 37.98
779 38.31
1436 37.54
1387 37.17
875 37.99
1547 37.12
2229 45.76
1123 42.95
1374 41.79
721 41.84
1661 38.92
1388 39.59
750 39.51
1473 38.27
1686 37.95
1031 37.43
1667 37.18
1336 37.47
593 39.13
1524 38.08
1647 37.13
1592 36.86
2317 46.17
1063 43.41
1494 41.36
922 38.98
1418 39.84
1647 38.63
1040 39.35
1430 38.58
725 37.49
1128 38.71
1403 38.65
1451 38.34
729 39.21
1657 38.26
1320 37.76
1543 37.66
2309 45.83
651 44.63
1523 42.44
942 42.40
1160 41.14
1126 40.27
1290 39.34
1519 38.82
959 41.32
1335 40.92
1540 39.82
1600 39.66
817 40.55
1262 40.37
994 41.05
1644 40.28
2293 47.01
698 45.40
1389 42.88
1279 42.01
859 42.77
1311 41.48
1471 40.77
1310 40.18
797 41.38
1070 40.77
1717 39.45
1645 40.05
1581 39.42
1495 38.94
1414 39.04
1447 38.85
2239 48.09
1042 44.58
831 43.85
1108 42.59
1352 42.22
1205 41.02
677 41.91
1463 40.41
857 40.89
1660 40.49
1091 40.33
1661 39.84
1019 39.99
1601 38.93
1276 39.04
1425 38.53
2285 47.81
949 45.12
1462 42.92
799 43.09
1550 41.64
1690 40.85
1298 40.30
663 41.67
895 41.30
1229 40.57
1207 40.36
1000 40.78
1490 39.89
918 40.72
1465 39.89
926 40.45
2266 48.18
1091 44.79
1518 43.11
1357 41.82
1251 41.35
1594 40.39
