3766 41.92
1511 39.52
2858 36.38
2354 35.62
2366 34.79
1777 34.57
2312 34.33
2348 33.34
2552 33.06
1452 33.85
2480 31.80
2071 33.24
2025 33.34
2829 31.97
2784 31.74
2848 31.95
4092 41.26
1883 37.83
2148 37.11
2846 35.69
2116 35.11
2425 34.17
2040 33.91
1193 35.99
2629 34.13
2784 33.93
2901 33.12
3029 33.67
2623 33.23
2454 33.83
2939 33.32
2954 33.04
4075 41.38
1827 37.98
2734 36.10
1577 36.82
2371 35.80
2487 34.34
2786 34.07
2440 34.56
1392 36.26
2441 34.51
2268 34.81
1717 34.77
2218 34.18
2537 33.83
2116 34.92
2233 33.87
4087 41.51
1442 39.76
2691 37.59
1347 37.60
2875 35.95
2563 35.00
1189 35.79
2489 34.31
2993 33.60
2370 33.46
2139 33.65
2551 32.78
1397 35.08
2657 33.70
3077 33.60
2563 32.85
4198 41.87
1814 39.87
2358 36.41
1739 36.56
2487 35.24
2721 34.87
2655 34.77
2286 34.82
1648 34.75
1459 36.12
2570 35.30
2919 34.64
2700 33.96
2040 34.55
2419 34.09
2991 33.70
4085 41.84
1036 40.78
2579 38.37
1839 37.04
1926 37.45
1945 37.78
2274 36.77
2664 36.21
1563 37.95
2401 36.86
2686 35.47
2965 35.70
1435 37.50
2137 37.42
2039 37.08
2746 36.35
4160 42.90
1229 41.21
2795 38.92
1462 39.18
1978 37.89
2261 37.29
1519 38.03
2810 36.62
2783 35.91
3025 35.24
2012 35.71
1916 36.68
2824 35.44
1588 37.20
2159 36.91
2827 35.52
4064 43.78
1471 41.49
1564 40.08
2186 38.76
1555 38.39
2689 37.11
1237 38.34
2312 37.08
1878 36.71
2728 36.38
2173 36.19
2845 36.04
2236 35.66
2468 35.87
2284 35.50
2783 35.34
4162 43.87
1471 41.65
2346 39.15
1524 38.70
2832 37.37
2838 36.64
2341 36.31
1062 38.16
2126 37.64
1961 37.16
1856 37.65
2211 37.11
2479 36.73
1866 37.54
1980 37.06
2781 36.22
4079 44.10
1854 41.07
2489 39.31
2153 37.93
2429 36.89
2544 36.46
