7502 35.97
3190 33.94
5268 30.27
5456 30.03
5130 29.14
3699 29.57
4556 28.75
4751 28.38
5501 27.14
3881 28.56
4095 29.09
4865 28.02
5672 27.18
4079 28.16
5416 27.51
5821 27.31
7967 35.76
3729 31.93
4637 30.88
5174 30.09
2505 31.39
5133 29.48
4689 28.73
5203 28.73
6632 28.47
3657 29.57
5769 29.39
6144 29.33
4916 28.25
6577 27.95
6888 28.84
5906 29.57
6325 37.90
3457 34.23
5228 31.49
2702 32.52
5032 30.67
4682 29.20
5855 29.64
5858 29.44
2837 31.11
4605 30.36
4402 30.87
4495 30.05
4492 31.22
4194 30.72
4930 30.63
3888 31.05
8098 36.02
3821 32.95
3392 33.18
4867 31.23
4514 30.12
5820 29.33
2983 30.63
4584 29.55
5419 29.11
5536 28.27
3834 28.93
5940 29.04
2957 30.82
5084 29.53
5921 29.30
5228 28.53
8424 36.53
3288 33.73
4875 31.58
3487 31.39
4845 30.07
4887 29.52
6968 28.95
5552 30.19
4861 29.60
5914 29.61
4630 28.65
5608 29.99
2919 30.49
5208 30.27
4603 30.19
5653 29.65
8275 36.47
3314 34.04
5023 32.74
3011 32.71
4283 31.85
4132 32.20
4547 31.53
5172 30.68
3445 31.90
4498 31.49
3827 32.46
5324 31.78
4052 32.16
5455 31.55
5919 31.57
4075 31.30
8069 37.72
3506 35.31
5139 33.48
3228 33.82
3944 33.09
4325 32.43
3608 33.17
5228 31.38
3188 33.09
5455 32.14
5270 31.00
3410 32.49
5351 31.56
3966 32.71
5411 31.99
4620 31.40
8040 38.52
3520 35.04
5181 33.33
4477 32.76
3020 34.05
4778 32.37
3273 33.08
4181 32.86
4660 32.27
5496 31.69
3958 31.79
5574 31.60
4551 31.47
5672 31.28
4704 31.13
5549 31.30
8270 38.51
3407 35.90
3778 34.36
3977 33.71
4962 32.56
2561 33.67
4689 32.99
4336 32.30
5302 31.77
5914 31.68
5646 31.57
6075 31.76
6048 31.71
6159 31.93
4910 31.86
3144 33.74
8367 38.80
3211 36.32
4897 34.60
4460 33.36
4708 32.39
5665 32.19
