932 51.00
439 51.00
346 51.00
346 50.80
399 49.05
309 47.85
697 45.71
378 46.44
744 44.70
398 44.54
635 43.96
555 43.43
717 43.46
369 44.31
684 42.96
620 42.84
931 51.00
371 46.60
819 44.66
407 45.60
648 44.14
604 44.53
394 44.39
762 43.23
494 43.56
631 43.06
587 43.09
757 42.13
382 43.50
771 42.80
527 43.46
575 42.91
907 51.00
280 46.78
717 45.15
650 44.05
580 43.72
571 43.66
362 44.25
815 43.23
277 44.22
682 42.86
509 43.79
595 42.73
640 42.59
741 41.94
778 41.71
857 41.17
875 51.00
285 47.71
599 45.75
649 44.65
396 44.39
756 43.77
473 43.84
574 43.13
661 42.97
588 43.11
546 43.07
745 41.99
564 42.60
573 42.18
647 42.03
546 42.12
900 51.00
77 49.45
603 45.70
661 44.29
406 44.84
788 43.03
414 44.03
634 43.01
576 43.01
670 42.47
404 42.76
721 42.38
477 42.40
686 41.77
511 42.28
665 41.65
876 50.89
148 45.76
659 44.99
604 44.56
650 43.69
363 43.51
820 43.31
411 43.05
548 43.13
671 42.45
569 42.22
611 42.33
636 41.80
504 42.48
764 42.09
857 41.70
898 50.93
177 47.42
571 45.15
721 44.44
520 44.17
558 43.54
533 43.02
657 42.75
473 43.16
700 42.47
604 41.75
462 42.43
758 41.29
470 41.29
712 41.23
526 41.41
950 50.80
311 46.43
732 44.68
638 43.87
460 43.56
721 42.55
451 42.79
733 42.00
420 42.88
798 42.15
345 42.36
698 41.89
854 41.01
765 40.88
335 41.86
737 41.15
1061 49.98
197 46.19
741 44.41
534 43.62
579 43.15
601 42.81
437 42.84
786 41.77
401 41.94
731 41.36
486 41.22
796 40.69
336 41.76
726 40.47
536 40.73
654 39.99
1054 50.08
194 46.44
779 44.52
532 44.14
609 43.08
479 42.91
