11259 33.07
3954 31.78
7123 28.68
8236 27.82
8426 27.22
8360 26.88
8636 26.67
9051 26.63
8944 26.63
8332 26.65
8844 26.70
7908 26.55
6169 28.61
6468 28.50
7995 27.59
6530 28.75
10846 32.70
5940 30.05
6498 29.22
6555 29.16
6427 29.13
6708 29.11
7904 28.28
6173 29.42
6696 29.07
6402 29.15
6858 28.82
7160 28.38
8039 27.74
8512 27.35
8983 27.03
8891 26.97
11300 32.18
5457 30.53
6922 29.35
6475 29.01
6814 28.87
6107 29.27
5954 29.44
7157 28.77
7826 27.91
6187 28.85
6172 29.14
6483 28.98
6877 28.70
7183 28.54
8127 27.86
8542 27.41
11844 32.13
5411 30.91
6813 29.67
6046 30.05
6282 29.66
6873 29.19
6569 29.12
6596 29.07
6714 29.07
6552 29.14
6316 29.21
7270 28.39
6249 28.93
6870 28.60
6271 28.82
6861 28.67
11964 31.79
5244 30.45
7003 29.19
5982 29.61
5699 29.92
7319 28.59
6320 28.96
6430 28.98
6639 28.79
6962 28.55
8023 27.43
6055 28.92
6373 28.84
6431 28.74
6360 28.79
7172 28.33
11902 31.66
5318 30.01
7292 28.50
6223 29.02
6725 28.62
6328 28.94
7045 28.30
6325 28.73
7982 27.64
6134 28.90
6636 28.59
6781 28.60
6597 28.77
8116 27.81
8493 27.19
9102 26.81
11615 32.17
5288 30.39
6504 29.63
6494 29.30
6767 28.89
6321 29.04
6376 29.11
6900 28.67
8044 27.86
5783 29.23
7003 28.42
6260 28.85
6631 28.65
7062 28.29
8150 27.45
5911 28.90
12278 31.85
5021 30.56
7071 29.15
6723 28.97
6530 28.99
6883 28.67
6540 28.88
7059 28.55
8100 27.71
6047 29.09
6584 28.85
6577 28.85
8107 27.70
8241 27.34
6010 28.75
7091 28.24
12067 31.89
5233 30.19
7013 28.68
6154 28.78
6501 28.48
6302 28.55
6690 28.26
7039 27.81
6462 28.08
6415 28.25
6854 27.89
6582 28.02
6741 27.97
6347 28.02
6929 27.75
8071 26.91
11661 32.21
5641 29.94
7249 28.65
5908 29.27
6969 28.33
6414 28.52
