12730 31.79
4751 30.66
8004 27.67
9338 26.80
9488 26.26
9632 25.73
10306 25.48
10157 25.58
9877 25.74
9568 25.61
10037 25.65
6368 27.64
8215 27.19
9150 26.31
9659 25.97
7207 27.89
12405 31.43
6875 28.83
7335 28.20
7643 28.13
7296 28.18
7719 28.14
8905 27.28
7061 28.36
7655 28.09
7336 28.12
7820 27.83
8201 27.35
9161 26.76
9590 26.36
10156 26.02
10113 25.90
13232 30.70
6028 29.61
8059 28.16
7492 28.02
7784 27.89
6851 28.32
6964 28.34
8063 27.78
9010 26.91
7219 27.79
8950 26.92
9720 26.32
6724 28.25
8086 27.60
9219 26.92
9673 26.45
13429 30.87
6353 29.79
7545 28.73
7217 28.88
7118 28.69
7886 28.24
7395 28.16
7646 28.04
7496 28.15
7641 28.11
7151 28.26
8428 27.39
7256 27.99
7688 27.79
7285 27.92
7580 27.81
13910 30.36
5877 29.60
7895 28.26
7019 28.51
6458 28.95
8368 27.60
7279 27.96
7232 27.97
7735 27.74
7703 27.68
7058 27.92
7855 27.57
7228 27.77
7301 27.75
7286 27.78
7957 27.43
13910 30.09
5756 29.27
8398 27.43
7323 27.88
7591 27.68
7284 27.93
7984 27.31
7299 27.77
9152 26.71
7087 27.91
7509 27.73
7592 27.68
7688 27.77
9107 26.78
9892 26.13
10195 25.85
13887 30.40
5654 29.73
7746 28.37
7336 28.26
7630 27.90
7428 27.94
7238 28.11
7937 27.67
9164 26.81
6667 28.28
7967 27.45
7270 27.85
7452 27.75
8108 27.31
9260 26.45
7056 27.85
13775 30.73
5972 29.46
7648 28.36
8077 27.84
7304 28.05
7680 27.74
7554 27.85
8193 27.47
9245 26.72
9618 26.35
9993 25.96
9972 25.84
9836 25.81
9652 25.93
7137 27.58
7915 27.26
13744 30.65
5897 29.32
8154 27.64
7113 27.77
7340 27.62
7386 27.58
7377 27.45
7914 27.00
7621 27.09
6950 27.50
7767 26.99
7766 27.07
7686 26.98
7289 27.19
7909 26.87
9074 26.04
13390 30.90
6354 28.97
8183 27.65
6751 28.27
7915 27.34
7460 27.48
