4215 42.00
874 40.16
3121 36.06
3148 35.31
3186 34.51
3020 34.02
2925 33.94
3030 33.91
1835 35.48
2791 34.18
2243 34.84
2534 34.03
2810 34.24
2199 34.90
2477 34.84
2922 34.45
3821 41.34
1901 37.65
2694 36.10
2296 36.10
2347 35.60
2417 35.62
2322 35.65
2772 34.97
2330 35.37
2415 35.22
2765 34.80
2643 34.66
3120 34.09
3277 33.72
3565 33.43
3431 33.37
4036 40.63
2123 37.20
2721 36.13
2283 35.76
2687 35.35
1935 35.85
2311 35.27
2955 34.61
3156 34.16
1829 35.27
2743 34.69
2187 35.17
2702 34.51
2927 34.40
3202 33.95
3422 33.49
4073 40.74
2369 37.15
2260 36.46
2247 36.25
2383 35.87
2556 35.50
2475 35.27
2515 35.10
2377 35.33
2692 34.93
2190 35.35
2907 34.58
2268 35.13
2649 34.65
2293 34.92
2760 34.53
4667 39.68
1893 36.98
2855 35.55
1975 35.97
2080 35.93
2977 34.70
2181 35.03
2442 34.93
2665 34.62
2516 34.80
2263 34.90
2708 34.60
2199 34.87
2596 34.57
2266 34.53
2827 34.39
4300 40.14
2316 36.19
2713 35.43
1960 35.89
2685 34.88
2224 35.27
2803 34.45
2115 35.05
2350 35.15
2734 34.50
2301 34.92
2758 34.40
2281 35.07
2590 34.75
2529 34.83
3187 34.12
4162 40.54
2457 36.65
1907 36.42
2716 35.51
2277 35.34
2575 34.97
2159 35.38
2919 34.51
3285 33.85
1698 35.31
2790 34.38
2318 34.73
2491 34.41
2691 34.11
2122 34.66
2792 33.99
4405 40.26
2042 36.91
2660 35.80
2571 35.35
2238 35.29
2670 34.59
2413 34.83
2815 34.47
3239 33.87
3358 33.49
3580 33.16
3221 33.14
3299 33.17
3099 33.33
1955 34.83
2619 34.30
4347 40.35
2269 36.69
2822 35.28
2032 35.45
2493 34.76
2196 34.84
2635 34.19
2721 33.95
2256 34.22
2449 34.21
2694 33.68
2331 34.06
2782 33.70
2219 33.96
2773 33.49
3135 32.99
4171 40.70
2322 36.48
2738 35.45
1768 35.98
2874 34.78
2028 35.10
