5809 39.15
1514 37.15
4142 33.65
4409 32.81
4405 32.14
4121 31.70
4305 31.70
4390 31.65
2606 33.59
3690 32.39
3267 32.95
3420 32.31
3791 32.42
4360 31.68
4502 31.52
4788 31.33
5370 38.80
2403 35.71
3738 33.84
3268 33.95
3066 33.68
3594 33.55
2987 33.96
3647 33.35
3427 33.41
3259 33.39
3876 32.88
3674 32.67
4254 32.20
4509 31.82
4720 31.59
4664 31.46
5841 37.88
2941 35.07
3688 33.83
3106 33.63
3722 33.15
2920 33.64
2975 33.67
3845 33.00
2727 33.77
3805 32.77
2894 33.57
3562 33.05
3683 32.92
3855 32.73
4369 32.15
4583 31.73
6021 37.96
2939 35.24
3596 34.10
2873 34.55
3366 33.90
3524 33.59
3456 33.34
3399 33.29
3383 33.44
3608 33.11
3212 33.51
3952 32.61
3098 33.40
3635 32.86
3326 32.98
3434 32.97
6309 37.36
2743 34.94
3857 33.62
2736 34.04
2976 33.83
4117 32.79
3102 33.38
3462 32.96
3425 33.03
3627 32.85
3085 33.17
3527 32.87
3309 32.92
3299 32.86
3493 32.72
3552 32.77
6180 37.34
2811 34.11
3853 33.23
3020 33.49
3586 33.03
3192 33.27
3801 32.56
3136 33.10
4276 32.13
2974 33.28
3493 32.87
3630 32.81
3410 32.95
3364 33.03
3552 32.99
4406 32.13
6114 37.70
2903 34.88
3424 34.06
3262 33.73
3641 33.24
2884 33.63
3471 33.21
3768 32.84
4329 32.12
2541 33.61
3793 32.46
3217 32.86
3553 32.64
3596 32.48
3188 32.81
3664 32.51
6097 37.86
2849 34.70
3575 33.76
3544 33.34
3395 33.27
3514 32.89
3411 33.04
3896 32.70
4364 32.05
4471 31.74
4607 31.45
4706 31.27
4658 31.23
4120 31.59
2889 32.76
3678 32.41
5940 37.93
3137 34.38
3697 33.34
2848 33.40
3439 32.74
3257 32.92
3449 32.59
3663 32.18
3242 32.46
3363 32.34
3782 31.86
3150 32.46
3637 32.09
3219 32.16
3628 31.86
3180 32.20
6094 37.80
2969 34.63
4014 33.09
2436 34.03
4018 32.58
2954 33.11
