8574 35.66
2663 34.11
5714 30.75
6193 29.96
6284 29.46
6327 28.88
6444 28.74
6820 28.64
6553 28.79
3965 30.88
5452 30.28
4555 30.20
5601 29.92
6124 29.25
6616 28.95
6955 28.74
8047 35.46
3630 32.96
5266 31.28
4831 31.36
4647 31.26
5314 30.92
4390 31.65
5308 30.90
4951 31.05
4900 30.94
5219 30.69
5744 30.20
6160 29.67
6455 29.35
6965 28.95
6658 28.99
8627 34.62
4173 32.49
5466 31.24
4740 31.19
5325 30.73
4386 31.35
4517 31.23
5535 30.58
6190 29.65
4472 30.80
4783 30.91
4868 30.84
5414 30.46
5332 30.39
6274 29.73
6569 29.34
8826 34.74
4250 32.64
5141 31.71
4579 32.01
4725 31.64
5293 31.11
5060 31.00
4794 31.12
5135 30.92
4939 31.03
4829 31.04
5740 30.25
4575 30.89
5243 30.44
4860 30.71
5157 30.54
9206 34.15
3887 32.47
5374 31.07
4519 31.46
4270 31.70
5709 30.52
4563 30.99
4989 30.62
4975 30.62
5565 30.27
6196 29.34
6670 28.93
6705 28.62
6439 28.70
6491 28.74
4240 30.99
9164 34.07
3911 32.11
5825 30.51
4394 31.08
5195 30.52
4674 30.83
5507 30.17
4714 30.74
6183 29.67
4486 30.87
5283 30.34
4964 30.64
4941 30.68
4939 30.81
5216 30.51
6205 29.64
8883 34.55
4156 32.24
5163 31.40
4785 31.31
5121 30.78
4851 30.89
4732 30.99
5233 30.55
6211 29.80
4126 31.27
5360 30.20
4682 30.68
5223 30.34
5277 30.19
4644 30.62
5400 30.18
8811 34.78
4278 32.21
4806 31.59
5227 30.99
4842 31.00
5108 30.56
4976 30.63
5644 30.26
6126 29.65
4314 31.06
4997 30.72
5133 30.57
6314 29.55
6347 29.30
4439 30.63
5268 30.25
9191 34.35
3995 32.15
5432 30.65
4535 30.76
5110 30.37
4632 30.50
5249 30.10
5260 29.82
4880 29.95
4811 30.20
5276 29.70
4972 30.02
5129 29.89
4980 29.91
5265 29.74
6117 28.90
8818 34.70
4279 32.00
5650 30.58
4158 31.33
5389 30.22
4790 30.43
