10200 33.96
3384 32.72
6549 29.42
7667 28.51
7705 27.88
7853 27.44
7771 27.44
8120 27.43
7796 27.58
4921 29.61
6376 29.08
5479 28.98
6591 28.81
7310 28.04
7745 27.75
8135 27.70
9766 33.72
5266 30.86
5662 30.20
5846 30.03
5825 29.88
6061 29.82
5365 30.44
6198 29.68
6107 29.77
5741 29.90
6186 29.57
6463 29.06
7208 28.50
7810 28.03
8105 27.78
8128 27.61
10258 33.16
4866 31.29
6487 29.96
5655 29.94
6322 29.51
5339 30.11
5345 30.12
6544 29.35
7284 28.51
5378 29.64
5776 29.79
5789 29.77
6204 29.42
6623 29.17
7377 28.57
7800 28.10
10695 33.06
4960 31.43
6178 30.32
5325 30.71
5825 30.25
6217 29.91
5922 29.83
5934 29.80
5932 29.99
6132 29.84
5623 29.95
6662 29.12
5594 29.79
6180 29.30
5794 29.54
6173 29.42
10869 32.69
4716 31.24
6427 29.99
5378 30.36
5021 30.67
6690 29.35
5768 29.71
5600 29.77
6187 29.44
6291 29.29
7180 28.34
5402 29.80
5794 29.45
5798 29.47
5944 29.37
6169 29.26
10735 32.62
4749 30.90
6830 29.18
5356 29.99
6031 29.36
5789 29.63
6339 28.99
5697 29.47
7330 28.33
5388 29.82
6200 29.19
6015 29.38
5917 29.66
7331 28.48
7825 27.87
8087 27.65
10593 33.01
4934 31.10
5882 30.23
5783 30.02
6077 29.62
5729 29.73
5882 29.77
6152 29.37
7283 28.59
5195 29.92
6370 29.06
5482 29.69
6382 28.95
6125 29.15
5659 29.46
6285 28.99
10866 32.98
4668 31.20
6262 29.98
6137 29.75
5733 29.89
6294 29.30
5872 29.60
6563 29.09
7504 28.40
7590 28.07
7873 27.72
7959 27.56
7832 27.52
7491 27.79
5495 29.31
6138 29.05
10885 32.86
4740 30.84
6463 29.33
5720 29.30
5875 29.19
5802 29.20
5935 29.04
6107 28.72
5837 28.81
5778 28.99
6282 28.55
5837 28.85
6181 28.56
5763 28.76
6428 28.31
7493 27.43
10585 33.15
5081 30.64
6502 29.41
5268 30.04
6388 29.00
5761 29.26
