12289 32.11
4576 31.06
7615 28.04
9044 27.06
9126 26.57
9286 26.05
9537 25.87
9865 25.87
9732 25.84
9243 25.84
9773 26.02
8978 25.64
6799 27.93
7148 27.83
8728 26.87
7229 28.02
11942 31.80
6587 29.20
6996 28.54
7280 28.46
6965 28.53
7163 28.50
6984 28.70
7455 28.39
7387 28.43
6820 28.59
7672 28.05
7857 27.70
8793 27.05
9223 26.70
9652 26.38
9697 26.14
12662 31.16
6084 29.66
7617 28.58
6974 28.43
7782 27.97
6555 28.67
6446 28.82
7825 28.07
8650 27.24
7053 28.08
8614 27.22
9217 26.67
6324 28.58
7934 27.86
8807 27.23
9367 26.65
13032 31.22
5896 30.06
7442 28.85
6765 29.17
6954 28.95
7401 28.63
7308 28.38
7139 28.42
7171 28.48
7404 28.40
6874 28.55
7882 27.79
7196 28.16
7359 27.98
7086 28.11
7251 28.12
12996 30.97
5900 29.68
7270 28.79
6728 28.81
6323 29.11
8046 27.87
7214 28.13
6869 28.38
7315 28.17
7535 27.96
8613 26.94
6714 28.33
6974 28.07
7159 27.95
7050 28.04
7451 27.84
13326 30.52
5607 29.54
8323 27.70
6557 28.59
7438 27.89
7074 28.25
7536 27.73
7177 27.99
8734 26.99
6806 28.15
7245 28.00
7447 27.98
7107 28.22
8743 27.16
9349 26.60
9574 26.28
13023 31.02
5828 29.66
7178 28.88
7074 28.63
7676 28.01
6658 28.51
7086 28.38
7614 27.95
8765 27.17
6291 28.58
7685 27.77
6892 28.24
7569 27.83
7211 27.89
7217 27.95
7304 27.87
12810 31.44
5821 29.85
7189 28.79
7370 28.42
7296 28.32
7499 28.02
7188 28.17
7681 27.87
8882 27.09
9267 26.63
9638 26.27
9724 26.05
9462 26.07
9398 26.21
6570 27.99
7560 27.65
13246 30.98
5692 29.56
7722 27.97
6990 27.92
6934 27.94
7280 27.79
6859 27.89
7768 27.24
6963 27.66
6883 27.74
7534 27.32
7180 27.51
7490 27.21
6850 27.49
7645 27.07
8831 26.21
12754 31.37
6203 29.29
7735 28.08
6398 28.64
7709 27.55
7059 27.94
