3698 43.14
668 41.65
2800 37.05
2789 36.19
2842 35.50
2452 35.06
2710 34.74
2536 34.71
1530 36.10
2301 34.92
2189 35.48
2157 34.77
2472 35.02
1780 35.71
2383 35.29
2427 35.21
3278 42.56
1888 38.28
2126 37.07
2181 36.73
1785 36.69
2444 36.15
1706 37.03
2387 35.88
2082 36.08
2244 35.72
2288 35.81
2347 35.51
2784 34.77
2968 34.57
3004 34.35
2931 34.27
3609 41.58
2007 37.87
2138 37.02
2028 36.51
2437 36.04
1711 36.54
1976 36.22
2446 35.64
1628 36.52
2473 35.39
1752 36.33
2325 35.47
2174 35.37
2583 35.08
2865 34.65
2972 34.32
3498 41.89
2113 37.79
1923 37.52
2091 36.94
1944 36.84
2288 36.23
2068 36.16
2253 35.88
2112 35.91
2200 35.76
1999 35.96
2664 35.02
1844 36.02
2392 35.23
2015 35.52
2267 35.19
3818 41.17
1912 37.54
2297 36.68
1847 36.57
1691 36.83
2626 35.54
1877 36.01
2316 35.55
2048 35.74
2409 35.34
1805 35.87
2527 35.08
1848 35.83
2190 35.31
2254 35.34
2348 35.08
3708 41.20
2175 37.11
2132 36.42
1864 36.36
2320 35.71
2005 36.02
2537 35.15
1751 36.13
2039 35.95
2471 35.24
1926 35.83
2522 35.25
2891 34.52
2922 34.24
3147 33.91
2932 34.12
3614 41.64
1811 37.99
2125 37.08
1988 36.60
2353 36.07
1774 36.42
2214 35.86
2291 35.48
1717 36.07
2464 35.20
2290 35.10
1944 35.54
2293 35.11
2319 34.94
1815 35.30
2498 34.78
3841 41.24
1800 37.60
2316 36.68
2108 36.17
2127 36.03
2315 35.43
1983 35.87
2494 35.22
2790 34.70
2930 34.26
3035 34.00
2905 33.98
2897 33.99
2685 34.00
1590 35.55
2512 34.73
3816 41.33
1292 38.23
2702 36.41
1841 36.33
2105 35.69
1918 35.71
2216 35.14
2394 34.55
1985 34.82
2124 34.83
2481 34.36
1876 35.02
2442 34.26
1941 34.55
2417 34.14
2863 33.49
3634 41.71
2006 37.60
2429 36.38
1395 37.12
2658 35.51
1644 35.95
