4742 40.94
1084 38.81
3489 35.15
3576 34.21
3629 33.50
3398 33.14
3433 33.08
3502 33.12
1909 34.93
3153 33.36
2717 33.97
2622 33.62
3368 33.26
3496 32.96
3841 32.56
3861 32.66
4155 40.64
2113 37.09
2916 35.47
2563 35.43
2695 35.02
2875 34.79
2365 35.29
3128 34.27
2624 34.80
2767 34.46
3025 34.24
3206 33.76
3489 33.30
3702 33.07
3971 32.78
3877 32.69
4677 39.55
2450 36.52
2871 35.44
2583 35.01
3027 34.28
2213 35.07
2605 34.58
3206 34.08
2211 34.93
3064 33.91
2386 34.83
2829 34.23
3034 33.93
3182 33.80
3552 33.35
3830 32.97
4697 39.76
2667 36.41
2488 35.84
2598 35.53
2648 35.12
2967 34.79
2676 34.74
2911 34.37
2622 34.66
3160 34.12
2324 34.89
3357 33.80
2506 34.55
2961 33.93
2658 34.07
2931 33.93
4929 39.27
2385 36.16
2979 35.06
2351 35.17
2484 35.09
3321 34.06
2393 34.45
2923 34.22
2739 34.27
3080 33.82
2281 34.62
3099 33.92
2552 34.25
2892 33.87
2687 34.02
3177 33.63
4789 39.30
2630 35.79
2853 34.72
2453 34.87
2915 34.24
2448 34.51
3152 33.71
2473 34.48
2461 34.64
3245 33.65
2570 34.17
2882 33.98
2938 33.94
3529 33.34
3814 32.83
3977 32.59
4716 39.64
2423 36.34
2541 35.63
2723 35.11
3006 34.41
2363 34.80
2830 34.34
3063 33.98
2259 34.81
3011 34.04
2931 33.75
2528 34.23
2906 33.77
3044 33.45
2460 34.02
2922 33.51
4946 39.41
2298 36.07
2943 35.00
2935 34.56
2468 34.65
3107 34.01
2622 34.31
3077 33.94
2280 34.65
3068 33.92
2715 34.19
2919 33.93
3578 33.23
3619 32.78
2273 34.20
2964 33.67
4863 39.51
2544 35.97
2971 34.68
2342 34.60
2781 34.06
2684 33.92
2615 33.82
3201 33.10
2365 33.78
3198 33.13
2645 33.35
3036 33.06
2717 33.15
2812 33.22
3018 32.99
3593 32.21
4751 39.71
2598 35.78
3087 34.63
2065 35.11
3171 34.00
2509 34.05
