5275 40.02
1301 37.99
3735 34.45
4051 33.42
3993 32.88
3755 32.39
3870 32.21
4025 32.20
2238 34.25
3310 32.92
3125 33.35
3103 32.80
3430 33.00
2742 33.53
3162 33.45
3482 33.23
4978 39.37
2532 36.02
3393 34.29
2822 34.43
2994 34.09
3247 33.93
2659 34.49
3363 33.73
3148 34.02
3019 33.90
3366 33.61
3380 33.40
3914 32.74
4104 32.46
4306 32.16
4318 32.05
5183 38.80
2732 35.70
3272 34.58
2793 34.43
3445 33.72
2402 34.39
3060 33.86
3462 33.54
3932 32.72
2537 33.77
2967 33.72
3110 33.57
3311 33.31
3572 33.13
3837 32.67
4167 32.42
5385 38.77
2730 35.83
3112 34.86
2747 34.94
3008 34.52
3190 34.16
3122 33.93
2984 33.91
3093 33.94
3308 33.74
2823 33.98
3790 33.08
2638 33.94
3510 33.28
2782 33.73
3406 33.37
5780 38.04
2546 35.60
3328 34.30
2567 34.53
2700 34.52
3577 33.45
2827 33.80
3147 33.60
3077 33.59
3454 33.16
2579 33.87
3549 33.07
2763 33.59
3322 33.20
2781 33.48
3373 33.32
5320 38.52
2908 34.72
3406 34.02
2467 34.40
3292 33.60
2824 34.02
3339 33.21
2921 33.66
3866 32.87
2744 33.87
3265 33.48
3074 33.55
3116 33.54
3046 33.70
3356 33.31
3925 32.61
5631 38.31
2641 35.65
2884 34.78
3199 34.12
3125 33.88
2928 33.82
3103 33.74
3244 33.43
2683 34.11
3283 33.39
3456 33.01
2695 33.70
3322 33.06
3224 32.99
2805 33.29
3324 32.94
5485 38.71
2684 35.45
3118 34.52
3131 34.13
2944 33.90
3385 33.41
3053 33.64
3399 33.16
3905 32.70
4121 32.36
4254 32.04
4281 31.90
4085 31.98
4066 31.99
2331 33.68
3431 32.93
5752 38.18
2376 35.27
3498 33.84
2682 33.85
3168 33.36
2833 33.38
3166 33.08
3340 32.69
2872 32.95
3177 32.84
3391 32.58
2832 33.02
3455 32.44
2742 32.95
3465 32.31
4013 31.55
5271 38.94
2963 35.02
3188 34.00
2496 34.34
3530 33.30
2711 33.65
