8994 35.17
2994 33.64
5856 30.34
6789 29.43
6716 28.90
6951 28.27
6984 28.22
7120 28.31
4480 30.60
5445 29.80
5401 30.09
4965 29.75
5920 29.57
6667 28.76
6808 28.53
7413 28.29
8544 34.90
3940 32.49
5562 30.84
5073 30.98
5135 30.74
5420 30.64
4780 31.20
5584 30.51
5245 30.70
5258 30.61
5587 30.30
5920 29.74
6406 29.38
6985 28.80
7242 28.55
7053 28.55
9374 33.94
4391 31.86
5712 30.81
5033 30.69
5842 30.13
4770 30.74
4627 30.90
5807 30.26
6594 29.28
4915 30.36
4940 30.65
5346 30.49
5518 30.24
5915 29.95
6682 29.31
6922 28.92
9515 34.10
4467 32.28
5420 31.22
4913 31.47
5110 31.08
5494 30.78
5228 30.61
5402 30.52
5264 30.65
5421 30.51
5183 30.58
5917 29.96
5036 30.51
5708 29.97
4947 30.47
5646 30.13
9629 33.72
4330 31.88
5494 30.85
4965 30.92
4663 31.19
5938 30.07
5253 30.34
5104 30.52
5377 30.25
5719 29.98
6577 28.97
4529 30.66
5463 30.09
5061 30.21
5375 30.05
5541 29.97
9643 33.60
4293 31.59
6205 30.02
4511 30.82
5649 30.05
5039 30.55
5696 29.83
5276 30.07
6507 29.18
4723 30.65
5576 30.00
5416 30.15
5266 30.34
5196 30.30
5586 30.15
6534 29.35
9476 33.95
4430 31.82
5401 30.99
5095 30.90
5632 30.36
4846 30.72
5199 30.48
5760 30.10
6538 29.40
4484 30.77
5653 29.95
5108 30.27
5457 29.96
5505 29.91
5186 30.08
5522 29.94
9711 33.92
4251 31.92
5417 30.85
5637 30.43
5028 30.63
5671 30.08
5264 30.32
5953 29.91
6645 29.22
6963 28.85
7066 28.49
7224 28.30
6973 28.41
6769 28.54
4785 30.13
5614 29.73
9769 33.81
4225 31.66
5724 30.22
5150 30.18
5094 30.11
5160 30.05
5231 29.82
5621 29.33
5158 29.66
5221 29.74
5803 29.15
5042 29.81
5810 29.19
4906 29.73
5507 29.30
6788 28.24
9455 34.10
4497 31.53
6004 30.15
4355 30.92
5820 29.86
5139 30.02
