1801 49.90
22 46.00
998 44.20
1015 42.80
1162 43.44
595 43.15
1025 42.49
757 42.03
1097 42.98
701 42.11
1004 41.36
723 41.69
1087 41.93
649 41.36
1133 41.12
599 41.25
1271 41.44
614 40.99
1089 40.42
787 40.27
1122 41.23
758 40.67
1073 39.94
761 40.12
1256 40.46
727 40.40
1059 40.07
1015 39.59
1204 40.58
889 40.23
1018 40.33
738 40.29
2004 45.85
453 42.48
847 42.22
880 41.07
1223 41.82
778 41.50
1019 41.33
899 40.54
1088 41.82
939 40.82
1014 41.03
780 40.80
1168 41.22
985 40.57
1121 40.54
602 40.91
1183 41.17
836 40.60
1076 40.41
895 40.09
1223 40.87
907 40.16
1020 40.31
745 40.16
1154 40.95
1022 39.91
1131 40.08
759 40.50
1324 40.83
676 40.89
1101 40.29
728 40.17
2702 43.53
212 43.45
544 41.99
765 41.06
1086 41.56
917 40.39
1004 40.21
888 39.88
1133 41.03
813 40.31
1031 40.09
939 39.70
1079 40.77
875 40.04
1087 40.16
647 40.31
1225 40.74
858 39.90
1103 39.69
714 39.90
1198 40.34
813 39.82
1072 39.80
738 39.60
1161 40.26
850 39.99
1262 39.55
668 39.69
1234 40.12
864 39.80
1131 39.45
990 39.29
2504 44.18
333 42.62
571 42.76
825 40.73
1100 41.39
825 40.67
1056 40.75
824 40.30
1253 40.98
896 40.48
1015 40.44
754 40.27
1155 40.78
962 40.15
1131 40.15
646 40.38
1121 40.51
909 40.11
1175 39.96
799 39.77
1185 40.50
959 39.64
1084 39.72
830 39.62
1245 40.16
828 39.23
1091 39.62
742 39.28
1168 40.04
1035 39.11
1117 39.44
707 39.51
2831 43.18
131 43.75
591 40.99
834 40.06
977 40.66
975 39.47
1024 39.85
912 39.56
1252 40.44
792 39.82
1056 39.77
822 39.49
1133 40.49
949 39.18
1146 39.61
754 39.38
1190 40.19
844 39.73
1122 39.61
770 39.44
1253 39.95
900 39.55
1109 39.61
736 39.27
1165 39.88
932 39.44
1092 39.57
708 39.33
1182 40.05
900 39.26
1233 39.41
617 39.29
2633 43.59
211 41.40
749 40.13
836 39.77
843 40.87
988 39.87
1066 40.18
926 39.40
1157 40.67
1075 39.42
951 40.27
945 39.63
1208 40.47
780 39.63
1057 39.50
759 39.37
1151 40.06
940 39.57
1101 39.55
768 39.49
1273 40.08
853 39.39
1171 39.40
660 39.44
1171 39.99
947 38.94
1226 39.28
591 39.53
1185 40.12
853 39.18
1091 39.69
784 39.38
2788 43.46
80 42.24
698 40.78
814 40.02
943 41.97
1016 40.03
1157 39.97
854 39.61
1177 40.65
973 39.64
955 40.07
888 39.39
1224 40.09
849 39.37
1019 39.58
754 39.62
1316 39.83
733 39.89
1054 39.49
922 38.78
1193 39.86
769 39.56
1058 39.22
814 38.85
1352 39.27
640 39.39
1118 38.71
736 38.94
1204 39.22
841 38.90
1133 38.88
750 38.86
2754 43.66
125 43.77
735 40.64
745 40.07
930 40.81
965 39.92
1128 40.01
893 39.54
1143 40.27
1027 39.31
1052 39.75
916 39.17
1158 40.07
813 39.83
1086 39.59
814 39.17
1260 39.90
860 39.25
1282 39.04
651 39.33
1244 39.75
846 39.03
1116 39.03
690 39.25
1252 39.65
865 39.02
1100 39.06
666 38.88
1295 39.37
798 39.15
1044 39.01
943 38.30
2906 43.26
54 44.83
608 40.33
630 40.02
1070 40.41
958 39.17
1018 39.79
1023 38.67
1322 39.48
665 38.95
1052 39.17
822 38.43
1098 39.35
997 38.65
1163 38.80
609 38.86
1394 38.87
644 39.10
1072 38.56
832 38.14
1244 38.60
700 38.71
1101 38.22
879 38.18
1301 38.70
775 38.36
1161 38.25
626 38.10
1224 38.44
917 37.86
1208 37.93
611 38.23
2667 43.77
229 42.54
831 40.27
557 39.99
1233 40.37
1021 39.08
976 39.96
925 39.13
1105 40.03
877 39.27
1032 39.62
911 38.89
