2166 47.95
79 46.78
1208 42.62
1178 41.28
1301 42.08
864 41.59
1218 41.41
947 40.38
1311 41.83
1057 40.54
1104 40.60
1024 40.05
1314 40.87
878 40.14
1387 40.00
753 39.79
1495 40.43
779 39.78
1269 39.14
1086 39.21
1441 39.95
835 39.49
1222 38.97
930 39.40
1545 39.38
906 39.58
1202 39.04
1236 38.53
1358 39.48
1098 39.08
1338 39.05
794 39.35
2699 43.98
393 41.40
785 41.17
1204 39.74
1321 40.39
1045 39.88
1229 40.12
1083 39.18
1488 39.93
929 39.50
1218 39.43
918 39.51
1590 39.69
1061 39.16
1306 39.18
796 39.25
1387 39.76
1199 39.05
1173 39.44
1129 38.89
1423 39.66
1117 38.83
1366 38.97
847 38.96
1431 39.49
991 39.28
1405 39.04
826 39.09
1674 39.33
811 39.61
1279 39.29
1050 38.86
3354 42.05
217 43.16
773 40.12
995 39.32
1031 40.69
1197 39.31
1275 39.38
1004 38.67
1309 40.20
1106 39.11
1316 39.30
915 38.86
1337 39.74
1110 38.85
1429 38.96
745 39.14
1557 39.32
939 38.93
1310 38.71
743 38.70
1456 39.33
1052 38.48
1248 38.80
913 38.50
1394 39.20
1113 38.43
1398 38.76
854 38.78
1473 39.22
1002 38.92
1373 38.60
1080 38.43
3159 42.57
296 42.10
733 41.26
988 39.53
1171 40.41
1246 39.29
1343 39.54
951 39.18
1448 39.94
1058 39.25
1359 39.26
842 39.22
1378 39.80
1219 38.91
1332 39.18
809 39.22
1432 39.56
1085 38.92
1227 39.27
1169 38.28
1422 39.41
1119 38.78
1231 39.11
1043 38.72
1434 39.09
1046 38.57
1272 38.56
1014 38.08
1417 38.99
1220 38.22
1329 38.59
948 38.52
3408 41.93
166 43.23
596 40.65
914 39.49
1323 39.94
1042 38.88
1417 38.76
918 38.48
1489 39.31
997 38.66
1298 38.76
885 38.55
1616 38.80
982 38.43
1359 38.34
769 38.53
1383 38.82
1074 38.55
1538 38.11
841 38.44
1397 38.97
1154 38.37
1485 38.04
931 38.28
1410 39.16
1076 38.47
1371 38.39
850 38.45
1373 39.00
1091 38.33
1350 38.48
1000 38.09
3381 41.77
148 42.25
790 39.32
1050 38.58
1085 39.56
1443 38.18
1412 38.70
1010 38.49
1415 39.19
1107 38.62
1030 39.26
1322 38.15
1242 39.67
1112 38.40
1363 38.64
917 38.59
1382 39.06
1081 38.65
1436 38.53
789 38.15
1430 39.05
1195 38.48
1433 38.50
841 38.40
1457 39.05
1074 38.49
1408 38.50
845 38.42
1569 38.86
1001 38.68
1451 38.51
849 38.44
3067 42.71
289 41.27
717 40.44
994 39.46
1374 40.30
996 39.18
1483 38.84
896 38.77
1496 39.63
1105 38.96
1176 39.23
1034 38.53
1463 39.36
1076 38.73
1392 38.56
692 38.83
1420 39.20
1090 38.66
1418 38.36
739 38.30
1605 38.76
898 38.54
1241 38.47
1084 37.77
1523 38.64
827 38.42
1320 38.00
745 38.25
1516 38.24
902 38.08
1306 37.97
945 37.84
3354 42.26
149 43.00
861 39.37
955 39.09
1109 39.65
1405 38.37
1058 39.50
1253 38.34
1398 39.16
1101 38.67
1514 38.29
963 38.11
1335 39.12
1227 38.47
1543 38.38
722 38.46
1681 38.59
912 38.35
1405 38.12
716 38.54
1642 38.46
947 37.98
1381 38.04
859 38.10
1590 38.47
930 38.03
1350 38.03
850 38.11
1537 38.24
924 38.03
1268 37.77
995 37.56
3225 42.45
142 42.51
912 39.23
876 38.92
1225 39.55
1145 38.57
1205 38.73
1162 37.90
1408 38.90
1187 38.04
1436 38.03
742 38.13
1669 38.22
778 38.06
1280 37.88
949 37.49
1592 38.00
788 37.99
1279 37.72
1021 37.08
1502 37.80
941 37.43
1302 37.60
1074 36.80
1515 37.92
982 37.27
1348 37.15
872 37.18
1524 37.73
911 37.02
1236 37.30
975 36.87
3369 42.16
137 42.30
870 39.26
1124 38.43
897 40.24
1372 38.36
1525 39.03
971 38.21
1450 39.26
1042 38.29
1173 38.71
1153 38.04
