5298 39.95
518 39.02
2580 36.11
2555 34.75
2131 36.92
2904 35.11
3065 35.46
2113 34.77
3113 36.00
2301 35.12
2643 35.07
1880 35.10
3573 34.93
1600 34.95
3053 34.38
1606 34.50
3387 34.72
1793 34.52
2789 34.14
2374 34.09
3556 34.44
1988 34.41
2625 33.82
2300 34.31
3248 34.60
2239 34.49
2936 33.95
2130 33.91
3446 34.60
2374 34.11
3114 34.15
1764 34.41
6628 37.11
825 36.63
2083 35.45
2199 34.82
2769 35.58
2490 34.59
2985 34.68
2344 34.38
3237 35.09
2574 34.17
2753 34.89
2202 34.42
3116 35.35
2523 34.42
2946 34.60
1775 34.79
3273 35.28
2324 34.56
2829 34.52
2147 34.22
3405 34.85
2011 34.54
3200 34.08
1893 34.39
3513 34.68
2285 34.20
2740 34.49
2078 34.38
3432 34.95
2096 34.79
2692 34.71
2270 34.46
7105 36.31
716 37.25
1956 35.65
2088 34.96
2672 35.74
2441 34.58
2928 34.41
2238 34.08
3042 35.50
2175 34.61
3007 34.45
2143 34.43
3198 34.92
2161 34.44
2838 34.57
1896 34.61
3649 34.59
1972 34.37
3016 34.08
1783 34.43
3436 34.63
1966 34.27
2975 33.99
1877 34.16
3241 34.65
2213 34.08
2994 34.20
2156 34.14
3573 34.47
2248 34.47
2987 34.22
2249 34.21
6918 36.77
595 37.42
1770 36.01
2325 34.98
2515 36.10
2711 34.57
2963 35.13
2123 34.87
3007 35.68
2419 34.69
3064 34.71
1892 34.84
3302 35.29
2342 34.41
2909 34.62
1976 34.66
3360 34.97
2143 34.67
2714 34.81
2370 33.99
3485 34.76
2160 34.21
3117 34.07
2056 34.33
3456 34.57
2051 34.05
2744 34.27
2146 33.84
3395 34.57
2353 33.96
2951 33.98
1946 34.21
7462 35.97
429 38.18
1758 35.59
2245 34.54
2570 35.72
2485 34.16
2873 34.54
2182 33.99
3181 35.13
2426 34.18
3141 34.19
1874 34.28
3604 34.51
2001 34.23
2948 34.03
1920 34.22
3540 34.39
2103 34.27
2720 34.37
2038 34.05
3364 34.52
2235 33.99
3095 33.98
2021 34.02
3174 34.81
2249 34.05
2945 33.92
1871 33.87
3797 33.93
1855 33.93
2899 33.89
1965 33.88
7526 35.79
325 37.89
1695 35.09
2269 34.15
3013 34.76
2376 33.86
3036 33.99
2119 33.82
3239 34.68
2161 34.22
3153 33.90
2033 33.88
3260 34.52
2219 34.00
3019 33.86
2053 33.97
3533 34.29
2091 34.01
3152 33.73
2003 33.90
3449 34.42
2220 34.04
3099 33.86
1993 34.00
3698 34.34
2085 34.11
2992 33.96
2026 33.94
3696 34.30
1883 34.35
2699 34.36
2180 34.04
7643 35.89
259 38.90
1831 35.06
2175 34.41
2817 35.59
2705 34.10
2842 34.60
2329 34.05
3349 34.97
2166 34.28
2831 34.38
2073 34.11
3267 34.84
2234 34.16
3161 34.06
1940 34.03
3317 34.91
2022 34.20
3048 33.94
2004 33.92
3485 34.37
1972 34.19
2647 34.20
2346 33.55
3585 34.22
1810 33.97
2796 33.92
1854 33.92
3331 34.14
1983 33.88
2817 33.76
2150 33.55
7563 36.09
268 38.81
1905 35.01
1941 34.63
2708 34.99
2720 33.81
3105 34.14
2169 33.73
3235 34.67
2429 34.01
2989 34.03
2206 33.58
3195 34.66
2434 33.94
3001 34.12
2066 33.82
3293 34.67
2227 33.97
2853 34.09
2088 33.77
3309 34.54
2245 33.96
3069 33.93
2011 33.96
3422 34.39
2295 33.92
2928 33.89
1809 33.88
3382 34.21
2008 33.95
2931 33.91
1829 33.65
7438 36.10
261 38.39
1891 35.03
2069 34.11
2791 34.88
2401 33.57
3174 33.62
2042 33.39
3348 34.23
2176 33.51
3034 33.52
1889 33.43
3259 34.14
1993 33.53
2851 33.46
1898 33.40
3697 33.49
1805 33.60
2841 33.21
2065 33.16
3512 33.57
2151 33.10
3039 33.02
1996 33.04
3446 33.61
2133 32.93
3036 33.06
1872 33.07
3439 33.44
2038 32.93
2802 33.12
2180 32.84
7124 36.51
305 37.04
2146 34.69
2104 33.91
3102 34.49
2355 33.63
2798 34.01
2385 33.31
3327 34.36
2328 33.37
2890 33.79
2213 33.46
