6089 38.74
836 37.47
2005 36.22
3090 34.23
3591 34.55
2633 34.14
3540 33.91
2507 33.63
3751 34.60
2593 33.97
2994 33.87
2439 33.89
3825 33.99
2022 33.86
3563 33.39
2036 33.48
4012 33.77
1979 33.77
3097 33.10
2966 32.91
3823 33.76
2572 33.42
2833 33.23
2797 33.37
3758 33.83
2499 33.60
3191 33.23
2920 32.65
4009 33.58
2672 33.36
3429 33.41
2266 33.38
7733 35.79
980 35.78
2420 34.39
2456 33.92
3306 34.44
2792 33.58
3380 33.78
2825 33.45
3622 34.20
2897 33.44
3518 33.68
2403 33.72
3551 34.53
2948 33.58
3453 33.72
2114 34.02
3464 34.75
2811 33.67
3561 33.52
2499 33.40
4223 33.93
2525 33.44
3419 33.36
2253 33.51
4048 33.74
2588 33.36
3222 33.64
2427 33.60
3929 33.98
2278 34.00
3257 33.66
2501 33.62
8309 34.99
743 36.73
2218 34.69
2519 34.04
3254 34.74
2851 33.60
3271 33.54
2594 33.32
3363 34.65
2627 33.78
3424 33.52
2388 33.57
3848 33.90
2373 33.54
3340 33.62
2236 33.73
4146 33.77
2379 33.48
3056 33.57
2430 33.57
3905 33.79
2175 33.72
3440 33.22
2344 33.33
3751 33.98
2303 33.74
3762 33.08
2293 33.41
3921 33.92
2603 33.53
3254 33.61
2820 33.20
7916 35.66
834 36.08
2381 34.72
2410 34.19
3033 35.08
3016 33.65
3297 34.22
2437 34.04
3541 34.84
2677 33.91
3460 33.92
2318 33.80
3694 34.43
2725 33.58
3330 33.69
2409 33.70
3836 34.15
2516 33.80
3075 34.02
2771 33.10
3616 34.35
2771 33.39
3653 33.28
2407 33.50
3756 34.08
2559 33.37
3174 33.54
2683 33.10
4057 33.64
2502 33.33
3352 33.15
2363 33.23
8545 34.79
499 37.18
2097 34.54
2540 33.71
3307 34.46
2596 33.51
3396 33.45
2483 33.27
3508 34.56
2894 33.40
3557 33.36
2328 33.44
3990 33.91
2570 33.30
3504 33.28
2358 33.28
3997 33.69
2370 33.55
3070 33.63
2444 33.27
4091 33.39
2385 33.37
3474 33.17
2340 33.11
4137 33.40
2278 33.43
3176 33.20
2299 33.04
4249 33.17
2278 33.11
3423 33.03
2270 33.09
8503 34.66
416 36.42
2019 34.31
2703 33.22
3126 34.56
3071 32.95
3054 33.81
2920 32.99
3655 33.97
2819 33.13
3662 33.17
2404 33.06
3585 34.00
2790 33.12
3582 33.06
2347 33.29
3755 33.92
2737 33.11
3582 33.09
2263 33.18
3747 33.86
2652 33.16
3610 33.18
2330 33.27
4110 33.70
2298 33.44
3277 33.35
2427 33.17
4344 33.40
2181 33.35
3398 33.24
2231 33.33
8860 34.57
297 38.09
2150 34.19
2431 33.62
3550 34.27
2424 33.71
3563 33.32
2506 33.10
3666 34.26
2786 33.28
3549 33.32
2369 33.27
3668 34.16
2661 33.24
3699 33.12
2140 33.33
4043 33.73
2256 33.35
3269 33.19
2486 32.99
4199 33.28
2051 33.53
3257 33.10
2402 32.98
3982 33.40
2285 33.17
3075 33.25
2282 33.18
3932 33.28
2439 32.91
3107 33.12
2435 32.86
8725 34.84
351 37.76
2318 34.10
2260 33.71
3303 34.14
3012 32.98
3513 33.40
2550 32.87
3463 34.09
2945 33.04
3346 33.38
2832 32.95
3419 34.24
2915 33.10
3525 33.32
2448 33.01
3706 34.06
2713 33.27
3278 33.52
2554 33.07
3629 34.11
2723 33.16
3448 33.31
2435 33.09
3956 33.76
2455 33.18
3182 33.40
2277 32.84
4050 33.42
2217 33.10
3420 33.00
2150 33.05
8710 34.82
273 37.68
2140 34.16
2475 33.41
3182 33.98
2892 32.81
3682 32.83
2207 32.77
3776 33.40
2469 32.74
3568 32.67
2065 32.71
3814 33.28
2362 32.75
3358 32.71
2151 32.65
4044 32.87
2459 32.66
3486 32.48
2426 32.21
4100 32.66
2266 32.50
3315 32.48
2334 32.42
4052 32.70
2388 32.37
3461 32.24
2235 32.17
3937 32.79
2371 32.32
3303 32.36
2482 32.14
8405 35.16
313 36.85
2276 33.98
2510 33.09
3430 33.77
2810 32.83
3386 33.04
2677 32.59
3694 33.73
2897 32.49
3522 32.77
2428 32.72
