9303 25.97
5086 23.19
8876 20.81
9011 19.61
9274 18.96
9746 18.91
9411 19.09
9320 19.22
10101 19.30
7384 19.84
8428 18.94
9163 18.54
5852 20.30
7816 19.29
7771 18.47
8779 18.22
11883 24.28
6528 21.28
6371 21.00
7006 20.55
7359 19.63
5918 20.34
7173 19.67
7096 19.37
8854 19.08
9453 18.80
6343 19.46
9597 19.52
9416 19.38
7318 20.28
7371 20.12
7244 20.23
12592 23.78
6211 21.50
7670 20.36
5899 20.93
7119 20.03
7451 19.40
7333 19.68
8707 19.26
9526 19.37
6063 20.81
7432 21.14
8502 20.54
6782 21.07
7040 20.89
9301 20.51
9552 20.07
12661 23.24
5998 21.19
7969 19.25
6759 19.03
7590 18.62
7649 18.31
6292 18.67
7245 18.01
6326 18.69
7690 18.22
7006 18.17
8058 17.69
9679 17.23
10571 17.26
9697 17.73
9375 18.25
12183 24.06
5730 22.67
7333 21.43
7061 21.58
7740 20.57
9399 20.12
9732 19.74
10202 19.54
9713 19.22
8854 19.02
6663 19.66
6979 19.68
8374 19.20
10915 19.78
9855 19.89
10402 20.36
10849 24.29
5016 22.20
7710 19.91
8116 18.36
5740 19.93
8928 19.39
10502 19.65
9750 20.22
8676 20.40
7454 21.26
8697 20.75
9450 20.20
10034 19.96
9708 19.35
9035 18.61
9450 18.42
12813 18.93
8051 19.28
9664 19.42
7951 18.98
8657 18.33
7264 19.99
6693 20.00
7378 19.89
7721 19.20
9495 18.97
10022 20.04
8910 20.44
6703 22.13
9415 21.94
10366 22.20
8639 21.62
12120 27.61
6001 23.84
6055 23.31
8547 23.43
6857 23.33
7168 22.47
8006 21.68
6048 22.75
7216 22.79
7306 22.69
6875 22.72
7571 22.40
6781 22.78
7140 22.44
9058 21.78
9396 21.51
11807 30.43
6286 26.76
5573 25.59
7221 23.51
6252 23.29
5454 23.63
6980 23.06
8869 22.45
7440 21.81
5744 22.68
7357 21.99
7587 21.45
5501 21.65
8475 21.95
9601 21.46
9385 21.22
11695 30.33
6167 26.19
6504 24.92
7112 23.57
8298 22.81
8495 22.46
