4908 32.04
2369 28.76
4556 26.17
4294 24.79
2711 26.04
3672 24.96
4634 24.29
5101 23.95
5088 23.75
3499 24.23
4504 22.92
2534 24.23
4115 23.30
4037 23.11
3853 22.35
2891 22.94
5825 30.29
3206 26.39
3939 25.22
3450 24.88
3856 24.01
2748 24.82
3787 23.68
3478 23.47
4701 22.99
3317 24.12
4168 23.18
5308 23.24
5147 23.17
4922 23.17
4794 22.93
4753 22.57
6612 29.33
3252 26.40
4009 25.02
2733 25.64
3976 24.25
3587 23.67
3641 23.91
4692 23.13
5139 23.29
2973 25.43
3876 24.80
3653 25.61
3848 24.96
3352 24.89
4955 24.35
5053 24.25
6422 29.12
2555 26.26
4596 23.89
2950 23.73
3987 22.86
3702 22.58
2849 22.55
4179 21.62
2808 22.30
4187 21.59
3558 21.66
3121 22.02
3836 21.82
4674 21.88
5095 21.54
5537 21.73
6042 30.18
2603 27.71
4245 26.20
3203 26.38
4198 25.14
4865 24.57
5192 24.10
5239 23.87
4904 23.47
3238 24.61
4135 23.58
3194 24.01
3711 24.20
5683 24.57
5051 24.73
5435 25.12
5568 30.22
2226 27.71
4441 24.46
3881 23.16
2593 24.61
4631 23.59
5707 24.10
5376 24.47
4383 25.09
4343 25.50
4977 24.98
5058 24.68
5624 24.61
5029 24.61
4384 23.79
4669 23.43
6762 24.75
3845 25.28
4863 24.85
3837 24.64
4429 23.08
3702 25.18
3409 24.37
3839 24.04
4143 23.30
3278 24.63
4969 24.98
3881 25.86
4052 26.12
4990 26.25
5455 26.75
4394 26.14
6403 32.78
2312 29.81
3777 27.89
3883 28.61
3708 27.81
3112 27.37
4221 25.99
2944 26.85
3930 26.86
3896 26.70
3269 26.85
3925 26.26
3369 26.54
3326 26.32
3263 26.68
3233 26.69
6095 35.46
2592 32.12
4212 29.28
3798 27.97
2736 28.19
2853 27.60
3505 27.11
4889 26.34
3886 25.70
2427 26.85
4018 25.67
4170 25.11
2347 25.71
4488 25.47
5018 25.08
5093 24.79
6005 35.35
2059 32.20
4604 29.24
3457 28.45
4198 27.40
4205 26.93
