5304 31.37
2429 28.20
3873 26.42
3683 25.57
4015 24.72
5054 23.98
5164 23.47
5322 23.23
5665 23.32
3673 23.83
4820 22.56
2757 23.99
4597 22.88
4449 22.61
4014 22.01
3161 22.68
6407 29.55
3492 25.81
4184 24.68
3813 24.35
4166 23.48
3195 24.03
3969 23.10
3986 22.70
5254 22.36
3390 23.68
4632 22.68
5878 22.65
5451 22.66
5387 22.52
5218 22.43
5441 22.26
6748 29.20
3556 25.88
4105 24.60
3050 24.95
4135 23.97
3914 23.28
3986 23.38
5180 22.76
5486 22.95
3114 24.84
4113 24.77
3926 24.89
4218 24.28
3784 24.38
5407 23.89
5577 23.76
6864 28.60
3493 25.28
4665 23.32
3295 22.99
4307 22.16
4175 21.92
3261 21.90
4353 21.37
3038 22.24
4498 21.20
3815 21.17
3537 21.53
3809 21.60
5278 21.33
5386 21.22
5586 21.44
7148 28.71
2899 26.73
4524 25.25
3698 25.40
4573 24.43
5255 24.03
5547 23.55
5849 23.35
5258 22.88
3642 24.10
4402 23.00
3499 23.67
3896 23.83
6041 23.97
5637 23.99
5775 24.47
6237 29.30
2954 26.26
4580 24.00
4349 22.52
2864 23.69
4912 22.88
6008 23.44
5826 24.08
4788 24.51
4955 24.54
5546 24.09
5490 23.98
5826 24.18
5489 24.04
5107 22.85
5164 22.73
7090 24.28
4171 24.68
5376 24.33
3929 23.68
4674 22.93
3994 25.00
3857 23.72
4098 23.72
4489 22.77
3566 24.29
5426 24.49
4102 25.41
4479 25.68
5576 25.45
5902 26.08
4438 25.80
6770 32.41
2751 28.96
3983 27.32
4314 27.92
3808 27.34
3872 26.42
4440 25.44
3207 26.28
4135 26.42
4247 26.17
3716 26.30
4210 25.86
3525 26.09
4031 25.62
5080 25.02
5242 24.68
6630 34.89
2880 31.50
3847 29.31
4189 27.60
3106 27.70
2852 27.49
3935 26.64
5157 25.92
4015 25.40
2870 26.26
4506 25.27
4062 24.94
3252 24.92
4804 25.06
5200 24.73
5305 24.44
6574 34.74
3632 30.30
3883 28.83
3935 27.84
4622 26.82
4683 26.34
