1501 51.00
209 51.00
296 51.00
390 51.00
429 51.00
783 51.00
430 51.00
458 51.00
484 51.00
476 51.00
482 51.00
451 51.00
500 51.00
486 51.00
576 51.00
580 51.00
569 51.00
629 51.00
604 51.00
595 51.00
666 51.00
514 51.00
490 51.00
501 51.00
482 51.00
436 51.00
468 50.79
480 50.82
431 50.82
468 50.97
513 50.98
427 50.98
1341 51.00
225 51.00
312 51.00
370 50.37
398 49.83
403 49.23
408 48.10
451 47.62
445 48.36
382 47.58
486 48.14
447 47.16
432 47.93
461 47.17
395 46.79
431 46.56
411 47.12
457 47.60
478 47.78
485 47.93
486 46.98
561 47.12
409 48.49
504 48.53
491 48.42
506 49.33
476 48.90
516 48.44
502 48.86
538 49.06
501 47.80
522 47.63
1374 51.00
316 50.83
385 50.63
370 50.50
380 50.01
448 49.71
457 48.61
412 48.84
381 48.92
447 49.53
447 49.49
427 49.20
435 49.47
394 49.71
438 48.46
434 48.45
436 49.57
430 47.92
460 47.34
457 48.28
480 48.29
582 48.14
493 47.94
571 47.48
647 47.39
628 47.74
641 47.65
620 47.99
558 49.17
556 47.91
634 47.81
512 47.70
1474 51.00
404 50.15
426 50.03
499 49.74
453 50.21
484 50.17
569 49.20
636 49.45
592 49.60
614 49.43
615 49.76
754 49.78
704 49.83
669 50.22
691 49.90
662 50.40
494 50.50
559 50.37
577 50.33
527 49.59
533 49.56
514 49.19
578 48.70
625 49.41
578 49.64
624 49.90
510 49.67
568 49.14
468 49.38
462 49.06
536 48.61
519 49.32
1003 50.99
324 49.91
467 48.96
535 49.30
552 48.16
431 49.36
478 47.74
455 47.69
596 48.95
725 48.94
603 49.54
642 49.80
550 49.88
565 49.70
461 49.87
454 49.84
568 49.32
597 49.75
577 49.51
650 49.78
670 49.48
581 49.57
688 49.69
646 50.39
739 50.13
910 49.99
980 50.72
796 51.00
728 51.00
561 51.00
557 51.00
593 51.00
763 51.00
394 51.00
596 51.00
634 51.00
599 51.00
523 51.00
551 51.00
446 51.00
443 51.00
493 51.00
443 51.00
500 51.00
496 51.00
533 51.00
485 51.00
483 51.00
475 51.00
464 51.00
521 51.00
476 51.00
475 51.00
442 51.00
467 51.00
518 51.00
574 51.00
592 51.00
675 51.00
753 51.00
708 51.00
689 51.00
597 51.00
616 51.00
1254 51.00
432 51.00
357 51.00
414 51.00
484 51.00
516 51.00
558 51.00
616 51.00
459 51.00
647 51.00
663 51.00
520 51.00
501 51.00
560 51.00
706 51.00
540 51.00
527 51.00
649 51.00
516 51.00
482 51.00
516 51.00
459 51.00
449 51.00
448 51.00
486 51.00
502 51.00
433 51.00
388 51.00
341 51.00
368 51.00
343 50.94
327 49.80
599 51.00
179 49.03
222 49.20
188 48.99
169 48.51
244 46.66
314 45.36
296 45.17
284 45.48
321 46.19
304 44.41
346 45.61
284 46.21
357 47.65
364 47.26
380 46.41
352 45.22
475 46.73
494 46.48
535 47.05
517 49.16
571 50.14
585 49.87
562 50.32
711 50.38
726 49.77
762 50.46
717 50.76
720 50.95
690 50.96
700 50.98
782 50.95
736 51.00
430 51.00
521 51.00
540 51.00
596 51.00
550 51.00
548 51.00
515 51.00
518 50.93
569 51.00
532 51.00
572 51.00
613 51.00
612 51.00
543 51.00
523 51.00
552 51.00
561 51.00
548 51.00
588 51.00
534 51.00
520 51.00
562 51.00
526 51.00
608 51.00
666 51.00
638 51.00
624 51.00
611 51.00
597 51.00
604 51.00
531 51.00
1466 51.00
434 51.00
444 51.00
426 51.00
408 51.00
357 51.00
458 50.46
444 49.76
462 49.54
431 48.93
472 48.53
478 49.74
