15121 36.31
1720 38.10
3770 35.77
6363 33.80
5837 33.37
7596 32.53
5850 32.77
5582 32.59
5909 32.14
6044 32.07
6226 31.54
5461 31.59
5635 31.39
5676 30.86
6260 30.34
7346 30.66
7035 30.79
7284 30.90
7613 30.81
6939 30.01
6296 29.94
5888 29.97
5645 29.62
6470 29.87
6514 29.57
5402 29.49
5689 29.00
5825 28.46
5931 28.41
6460 28.42
5766 28.91
6700 28.36
18224 30.64
2343 32.33
5174 29.78
5040 29.35
5581 28.66
5993 28.60
6456 29.05
6933 28.30
8874 28.76
5151 28.97
4958 28.62
6705 28.43
5606 28.61
6223 28.03
7370 28.58
5854 28.37
6199 28.25
5160 27.95
5955 27.51
5637 27.28
5440 27.03
6173 27.06
6072 27.32
6025 27.55
10288 28.30
10371 28.49
6193 28.83
5897 29.16
5174 29.55
5261 29.39
6038 29.41
5979 29.23
19496 32.77
2252 35.11
3463 34.42
4188 34.29
6267 32.58
5657 32.40
5469 32.42
6146 31.54
8100 30.61
7788 30.52
6682 30.82
6088 31.05
6168 30.88
6912 30.60
6264 30.83
6972 30.61
6259 30.80
6189 30.43
6025 30.85
6651 30.76
6433 30.39
6168 30.68
6341 30.22
7205 30.11
6117 30.67
7313 30.26
7266 30.25
8235 30.15
6405 29.87
6657 29.65
6895 29.53
7139 28.96
17899 30.98
2187 35.13
4552 31.11
4765 30.24
6113 29.48
6337 29.60
6298 29.15
6828 28.55
6232 28.64
6204 28.34
6512 28.21
6598 28.82
6671 28.88
6411 28.69
6295 28.73
6436 28.45
6014 28.43
6524 28.19
6013 28.03
5555 27.95
5941 27.54
5947 27.10
5684 26.43
6066 27.20
6390 27.28
6599 27.43
6835 27.35
6488 26.97
5972 27.18
5854 27.22
5713 26.95
6605 26.49
18188 24.84
3931 29.44
4628 28.84
4874 28.59
5463 27.83
5570 27.60
6992 26.34
6148 26.17
6609 26.25
6976 26.52
6687 26.55
7447 26.65
6731 26.70
6821 26.47
6544 26.65
6551 26.64
7228 26.85
7230 26.87
7683 27.11
7944 27.34
7686 27.31
7854 27.60
8159 27.59
7564 27.73
7544 28.21
9176 28.51
9419 29.65
7126 31.74
6562 33.11
5369 33.62
5458 33.73
5799 34.13
10634 35.65
3033 35.02
4648 34.55
5141 34.96
5339 34.66
5855 33.55
5658 33.37
5758 33.01
7373 32.05
6858 32.16
6323 31.65
5750 31.86
5661 32.06
5614 32.28
5952 31.89
6196 31.86
5789 32.07
6016 31.97
6132 32.15
6220 32.71
5937 32.84
6482 32.07
5866 31.81
6525 31.20
5892 31.35
6029 31.41
6593 31.23
5945 31.76
6591 31.02
6403 30.86
6129 30.96
6406 30.60
18109 31.40
4590 33.99
4438 33.91
4633 32.40
5644 31.49
5676 30.66
8607 30.24
8456 30.20
7689 30.03
5941 30.39
5759 30.64
4745 31.17
4597 31.45
4915 31.63
5609 30.12
5691 29.83
6321 30.00
6488 30.35
5421 29.63
5521 29.61
4884 29.56
5308 29.27
5775 28.39
5632 28.20
6320 27.39
5486 27.33
4876 27.28
4891 27.02
5155 26.57
6144 25.81
5577 25.18
5098 25.48
16381 26.83
3496 27.27
7086 27.93
9541 28.66
6086 28.65
4799 28.76
4335 28.90
4277 29.15
4531 28.93
5790 28.06
5630 27.62
6449 27.25
6365 27.78
6902 28.03
6018 27.99
5692 28.01
5790 27.91
6060 28.17
5974 28.53
6323 28.40
6420 28.86
6549 29.38
6631 29.69
7004 29.98
6638 30.51
6900 30.22
6778 30.88
7241 31.20
7143 31.47
7262 31.75
6781 31.96
7153 31.85
18520 30.59
3463 35.04
4162 34.10
4672 33.12
4880 32.07
4855 31.67
5846 30.77
5854 30.58
6017 31.44
5604 31.69
6295 30.74
6009 30.60
5852 30.87
5863 30.70
5597 31.05
6502 30.10
5802 30.25
6156 29.95
5551 30.48
6113 30.29
6228 30.37
5900 30.73
5670 30.90
6302 30.17
6173 30.58
6097 31.21
6792 30.58
7672 30.10
7406 29.98
7280 29.83
6918 29.93
6362 29.80
17479 30.76
3173 34.00
4874 31.65
6338 30.36
5925 30.06
6093 29.87
6136 29.60
6198 29.41
5398 30.18
5334 29.85
6392 29.52
6281 29.20
