15602 36.05
1829 37.57
4674 34.75
4326 34.47
7364 32.89
7036 32.54
7224 32.12
5893 32.28
5852 31.92
6187 31.81
6646 31.33
5731 31.60
6127 30.86
5419 30.78
6725 30.12
7180 30.59
7686 30.44
7504 30.60
7704 30.70
6093 30.30
7380 29.57
6012 29.94
5620 29.72
6879 29.64
6408 29.43
5632 29.38
5959 28.72
5852 28.44
6008 28.21
6156 28.58
6717 28.26
6399 28.34
18798 30.39
2340 32.22
4226 30.39
5825 28.93
5352 28.63
5982 28.66
7206 28.69
6386 28.49
7954 29.04
6843 28.57
5237 28.27
7032 28.12
6140 28.18
5657 28.26
7090 28.44
5846 28.11
5924 28.21
6077 27.42
5368 27.71
6307 26.92
5968 26.72
5670 27.32
6121 27.17
6733 27.29
12332 27.75
10075 28.35
6318 28.58
6347 29.07
5401 29.32
4824 29.75
6187 29.27
6109 29.02
19307 32.82
2547 34.67
3782 34.30
4245 33.82
5309 33.02
6736 32.05
7426 31.40
8228 30.66
7157 30.42
6821 30.58
6456 30.93
6293 30.89
7059 30.64
6733 30.41
6379 30.65
7031 30.65
6295 30.81
6581 30.36
6395 30.59
7520 30.22
6851 30.17
6593 30.19
6424 30.14
7098 29.99
6736 30.29
6892 30.32
6825 30.56
7160 30.63
7242 29.77
7249 29.37
7659 29.12
6926 28.89
19557 30.28
2244 34.84
4497 30.67
5440 29.59
6211 29.29
6223 29.40
6726 28.79
6945 28.35
6364 28.48
6242 28.21
6751 28.01
6990 28.49
6804 28.74
6618 28.56
6478 28.66
6500 28.33
6618 28.02
6176 28.06
6474 27.57
5743 27.70
6063 27.34
6047 26.90
5906 26.24
6319 26.86
6432 27.01
7023 27.23
6657 27.34
6332 27.24
6629 26.87
5712 26.90
5961 26.55
6970 26.10
18754 24.62
4075 29.03
4755 28.80
4982 28.32
5449 27.81
6125 27.02
6949 26.11
6760 25.93
6819 26.21
7118 26.28
6885 26.27
7726 26.48
6936 26.49
7000 26.24
6964 26.43
6741 26.46
7345 26.70
7510 26.66
8142 26.83
7980 27.18
7935 27.21
7922 27.48
8350 27.45
7748 27.61
7897 27.93
9366 28.30
9057 29.81
7449 31.60
7070 32.66
6050 32.92
5481 33.38
6263 33.89
10167 35.97
3168 35.46
4857 34.34
5742 34.57
5094 34.57
5528 33.74
6168 33.11
6440 32.60
7848 31.59
7287 31.75
5952 31.58
5721 31.91
6299 31.43
6362 31.57
5971 31.75
6098 31.89
6655 31.45
6334 31.79
6349 31.98
6857 32.31
6403 32.41
5982 32.17
5942 31.43
6361 31.19
5458 31.72
7119 30.85
6752 30.87
6416 31.32
5745 31.97
6715 30.76
6398 30.68
6529 30.44
18996 31.02
4343 34.29
4112 34.23
4837 32.27
6392 31.18
5588 30.59
8599 30.08
9160 29.90
7831 29.90
6212 30.15
5871 30.44
5112 30.62
4841 30.95
5016 30.85
5688 29.80
6457 29.23
6545 29.66
6289 30.32
4675 30.38
6255 29.17
4952 29.55
5948 28.60
5998 28.18
5585 28.20
5700 27.63
5351 27.45
4962 27.13
5695 26.51
5380 26.21
6435 25.41
4914 25.37
4940 25.54
16961 26.67
3679 27.05
7286 27.87
9974 28.47
6178 28.43
4823 28.68
4625 28.68
4410 28.95
4512 28.96
5876 27.97
5886 27.40
6590 27.11
6924 27.50
7182 27.85
5980 27.90
5746 27.83
5725 27.89
5972 28.26
5770 28.65
6636 28.23
6675 28.73
6864 29.21
6798 29.34
7154 29.75
7101 30.06
6858 30.17
7279 30.63
7418 30.97
7189 31.30
7655 31.48
6923 31.90
7347 31.76
18632 30.54
3777 34.50
4114 33.95
4690 32.88
4904 31.86
5001 31.60
6662 29.96
6792 29.93
7740 30.33
6667 30.76
5173 31.03
6078 30.55
6189 30.45
5779 30.96
6824 29.93
6318 29.91
6163 29.74
5960 29.98
5513 30.51
6518 29.99
5855 30.53
6120 30.44
5985 30.61
6522 29.94
6446 30.25
6370 30.87
6596 30.67
7380 30.04
7428 29.99
7721 29.67
7421 29.48
6770 29.39
18800 30.37
2857 34.70
5394 30.86
6111 30.22
6286 29.64
6255 29.48
6181 29.51
5585 29.80
5962 29.44
5672 29.53
6264 29.30
6566 28.94
