16594 35.66
1658 38.44
4010 35.19
5136 33.80
8042 32.61
7821 32.13
6058 32.24
6132 32.17
6713 31.51
5658 31.95
6409 31.30
6088 30.98
6397 30.59
5787 30.51
6745 29.82
7729 30.30
7642 30.31
7982 30.37
7860 30.51
7406 29.74
6551 29.47
6112 29.59
5502 29.64
6765 29.65
6384 29.46
6399 28.91
5802 28.72
5993 28.07
6427 28.00
6782 28.12
6337 28.15
6841 28.09
18880 30.30
2875 31.23
4926 29.84
5951 28.76
5293 28.38
6868 28.24
6800 28.51
7797 27.96
9690 28.36
5508 28.71
5242 28.26
6748 28.13
6189 27.93
6468 27.72
7332 28.30
5879 27.96
6203 28.06
6196 27.24
5636 27.56
6208 26.93
6368 26.51
6819 26.60
6022 27.11
6473 27.23
11024 27.98
11064 28.21
7020 28.46
6321 28.87
5655 29.08
5178 29.65
6383 29.03
6145 28.91
20935 32.16
2111 35.73
3713 33.69
4386 33.61
5756 32.65
5963 32.45
7363 31.50
7762 30.70
7167 30.36
7881 30.21
7443 30.37
6731 30.32
6884 30.62
6964 30.33
6644 30.33
6799 30.43
6902 30.32
6967 30.23
7359 30.16
6261 30.58
7361 29.88
7163 29.72
6151 30.19
7160 30.13
7018 30.04
7171 30.24
7040 30.30
7497 30.53
7852 29.43
6228 29.72
7899 29.06
7438 28.74
19847 30.09
2308 34.76
4741 30.63
5145 29.99
6485 28.97
6781 28.98
7387 28.19
6995 28.10
6447 28.38
6473 28.00
6951 27.94
7079 28.29
7010 28.43
6760 28.25
6696 28.30
6833 27.91
6471 27.95
6524 27.76
6604 27.42
6297 27.41
6025 27.17
6080 26.61
5801 26.15
6596 26.65
6826 26.72
7168 26.91
6921 27.03
6505 27.04
6911 26.55
6064 26.65
6591 25.98
6570 26.27
19523 24.25
4003 29.16
4623 28.82
5161 28.17
6003 27.10
5822 27.25
7435 25.96
6861 25.63
6772 25.89
7501 26.06
7180 26.05
7916 26.19
7198 26.35
7155 26.15
7169 26.22
7112 26.15
7526 26.39
7654 26.53
8366 26.65
8357 26.91
8053 27.02
8132 27.22
8548 27.30
8128 27.38
8216 27.73
9649 28.18
9253 29.71
7620 31.36
7352 32.54
5885 32.96
5942 33.01
6711 33.41
10186 35.96
3359 35.20
4911 34.26
6111 34.38
5876 34.02
5742 33.45
6618 32.71
6043 32.55
6925 31.75
7616 31.62
6465 31.24
5916 31.63
6113 31.52
6081 31.76
6232 31.52
6569 31.47
7074 31.23
6400 31.65
6446 31.79
7445 32.05
6422 32.13
6173 32.00
6377 31.19
6136 31.20
6397 30.90
6532 30.97
7077 30.85
6866 30.89
7412 30.33
6675 30.66
6111 30.78
6992 29.99
19508 30.82
4570 34.07
4268 34.12
5620 31.65
5980 31.17
5912 30.31
9043 29.94
9227 29.73
7966 29.82
6624 29.86
5997 30.38
4962 30.48
4860 30.69
5253 30.97
5919 29.70
6626 28.93
6678 29.56
6548 30.07
4744 30.21
6436 29.02
5226 29.16
6150 28.36
6116 27.89
5813 27.95
6073 27.31
5028 27.60
5121 27.12
5827 26.21
5745 25.84
6638 25.36
5532 24.99
6221 24.74
17359 26.37
3597 27.06
8431 27.30
9010 28.76
4921 29.27
4527 29.09
4492 29.00
4634 29.02
6149 28.01
6154 27.62
6128 27.26
6790 26.96
6777 27.47
7315 27.67
6191 27.71
5995 27.65
5657 27.80
5591 28.63
5928 28.61
6815 28.27
6832 28.53
6990 29.06
6925 29.28
7422 29.60
7130 29.76
7119 29.93
7397 30.46
7652 30.72
7342 31.11
8170 31.04
7175 31.58
7398 31.69
19642 30.24
3540 34.85
4496 33.85
4630 32.99
5077 31.77
4803 31.81
6464 30.07
6307 30.02
6689 30.72
6496 31.21
6234 30.42
5876 30.55
6587 30.20
6400 30.27
6459 30.32
6177 30.11
6934 29.57
6199 29.83
5532 30.39
6559 29.97
6046 30.12
6246 30.14
6086 30.31
6216 30.18
7320 29.71
6881 30.31
7136 30.31
7822 29.73
8009 29.71
7725 29.53
7650 29.31
6656 29.30
19805 30.01
2632 35.16
5266 31.13
6568 30.06
6359 29.57
6227 29.45
6674 29.04
6402 29.04
5817 29.47
5374 29.94
7035 28.92
7196 28.56
