17161 35.46
1729 38.13
4076 35.11
6105 33.37
7343 32.57
6794 32.30
7259 31.83
6334 31.87
7259 31.33
6589 31.53
5961 31.24
6440 30.91
6434 30.55
5916 30.30
7028 29.64
7888 30.38
8280 30.01
7646 30.33
8192 30.36
7615 29.46
6798 29.33
6215 29.46
6223 29.28
7249 29.27
6763 29.05
6162 28.89
5983 28.45
6187 27.90
6557 27.74
6644 28.08
6887 27.98
6691 28.06
19452 30.09
2920 31.06
5041 29.55
6202 28.60
5780 28.17
6988 27.97
7275 28.24
7607 27.83
9762 28.31
5894 28.40
5630 28.00
6383 28.20
6185 28.08
7179 27.53
7053 28.28
6234 27.80
6410 28.00
6438 27.03
5537 27.38
7049 26.65
5687 26.67
6769 26.65
6521 26.85
6717 27.17
11012 27.93
9912 28.39
6647 28.39
6430 29.01
5584 29.24
6374 28.76
7942 28.49
8185 28.12
19983 32.52
1987 35.80
4189 33.79
5057 33.37
5556 32.68
7155 31.65
6837 31.74
8570 30.43
6772 30.61
6750 30.56
6630 30.63
7453 30.25
7952 30.19
7159 30.26
6043 30.47
7137 30.40
7415 30.25
6181 30.32
7230 30.22
7977 29.88
7637 29.75
7046 29.73
7064 29.70
6935 30.05
7316 29.67
7184 29.97
7499 30.09
8328 29.94
7290 29.46
8234 28.83
7854 28.78
7315 28.69
19770 30.13
2390 34.17
4816 30.35
5879 29.27
6121 29.40
6283 29.41
7887 27.99
7154 28.03
6678 27.98
6696 27.96
6545 28.31
7871 27.85
7461 28.09
6773 28.06
6842 28.03
7082 27.87
6879 27.66
6712 27.65
6605 27.32
6581 27.30
6182 26.98
6469 26.53
6190 25.91
6592 26.62
6961 26.61
7400 26.87
7162 26.84
6452 26.90
7290 26.20
5971 26.77
6244 26.30
7264 25.81
19919 24.06
4303 28.68
5086 28.40
5300 28.10
5870 27.50
6220 27.14
7696 25.61
7065 25.44
6720 25.88
7602 25.79
7374 25.77
8353 26.06
7109 26.11
7453 25.97
7398 26.07
7199 26.01
7725 26.31
7784 26.26
8616 26.43
8588 26.68
8322 26.80
8495 26.98
8797 27.15
8217 27.20
8505 27.47
10044 27.90
10190 28.94
7303 31.59
7476 32.52
6130 32.78
6127 32.93
6813 33.12
10590 35.68
3212 34.86
5067 34.15
5928 34.33
5853 33.99
6227 33.02
6166 32.81
6852 32.20
8481 31.08
7381 31.45
6339 31.13
6147 31.41
6407 31.18
6156 31.56
6341 31.34
6699 31.27
7048 31.16
6616 31.44
6868 31.43
7450 31.98
6809 31.71
6119 32.02
6076 31.28
6094 31.22
7038 30.68
6511 30.73
7210 30.61
6296 31.24
6886 30.73
7428 30.11
7113 30.06
6349 30.17
20018 30.60
5129 33.66
4372 33.60
5786 31.27
6379 30.77
6026 30.28
9358 29.76
9449 29.53
8486 29.41
6569 29.87
6225 30.10
5172 30.25
5207 30.50
4718 30.97
6082 29.57
6589 29.04
6572 29.59
6719 30.04
5545 29.45
6171 29.09
6027 28.48
6684 27.88
6644 27.56
6080 27.74
5920 27.39
5586 27.09
5325 26.83
5764 26.21
5837 25.71
6954 25.32
5517 24.93
5505 25.02
17899 26.10
3812 26.92
7580 27.49
10287 28.29
6811 28.14
5193 28.25
4828 28.39
4825 28.51
4780 28.56
6115 27.58
6047 27.19
6663 26.85
7442 27.15
7606 27.50
6285 27.51
6289 27.37
6442 27.34
6581 27.70
6666 27.93
6731 28.11
6911 28.39
7155 29.00
7012 29.11
7487 29.32
7158 29.90
7157 29.77
7704 30.23
8015 30.38
7589 30.92
8069 31.05
7687 31.41
7262 31.72
20340 29.90
3647 34.41
4417 33.75
4902 32.49
5586 31.21
5584 30.68
5966 30.18
6801 29.58
7556 30.15
6617 30.59
5595 30.66
6378 30.28
7027 29.83
6160 30.21
6001 30.27
6567 29.93
6765 29.55
6610 29.64
7040 29.26
7045 29.60
6729 29.67
6984 29.51
6678 29.86
6310 29.89
7078 29.77
7060 29.99
7922 29.80
7807 29.56
8234 29.30
7869 29.26
7943 29.06
6843 29.10
18910 30.27
3450 33.53
5930 30.36
6510 29.94
6509 29.39
6814 29.12
6559 28.98
6626 28.83
6002 29.03
6046 29.16
7621 28.47
6128 28.80
