17458 35.28
1876 38.15
4248 34.73
6509 33.07
7435 32.44
8325 31.79
6531 31.95
6503 31.63
6833 31.27
6881 31.43
6540 30.86
6489 30.70
6866 30.25
6013 30.26
7141 29.62
8272 30.10
8744 29.89
8839 29.75
8708 29.75
7460 29.36
6958 29.26
6360 29.32
6470 28.87
6729 29.30
6922 28.97
6613 28.63
5948 28.47
6584 27.67
6573 27.59
6837 27.83
6892 27.76
7187 27.80
20233 29.78
2794 31.07
4792 29.65
6670 28.40
5937 27.96
7219 27.89
7705 28.07
7732 27.71
9320 28.19
6736 28.11
5496 27.89
6994 27.84
6933 27.64
6128 27.67
7156 28.15
6331 27.84
7259 27.57
6226 27.07
6189 27.12
6539 26.67
6548 26.29
6384 26.65
7245 26.48
7627 26.67
12872 27.31
10671 27.98
7197 28.04
6643 28.64
5953 28.97
5361 29.35
6461 29.08
7998 28.29
21090 32.09
2245 35.37
4425 33.23
5541 32.90
6519 32.13
5867 31.82
6087 31.79
9245 30.30
5885 30.64
8306 30.24
6933 30.53
8690 29.68
7470 30.11
7767 29.95
7094 30.02
7136 30.11
7511 30.21
6702 29.98
6506 30.17
7867 29.92
7640 29.58
7294 29.58
7045 29.69
7415 29.60
7523 29.73
7339 29.88
7475 29.81
7916 29.95
7620 29.38
7772 28.86
8756 28.54
7372 28.44
20819 29.68
2460 34.21
4747 30.18
5630 29.32
6866 28.61
7118 28.65
8036 27.74
7312 27.78
6925 27.88
6782 27.67
7210 27.59
7753 27.70
7137 28.13
6532 28.43
6886 27.92
6799 27.77
7649 27.22
6725 27.54
6902 27.16
6439 27.07
6512 26.67
6743 26.16
6216 25.83
6766 26.39
7161 26.32
7702 26.67
7147 26.83
7077 26.48
7174 26.17
6265 26.44
6297 26.18
6877 25.96
20390 23.84
4486 28.25
5377 27.90
5588 27.76
6490 26.93
6252 26.76
7340 25.81
7343 25.26
7179 25.59
7972 25.67
7545 25.64
8398 25.82
7389 25.91
7599 25.84
7657 25.87
7404 25.74
7973 26.05
8071 26.16
8776 26.19
8914 26.48
8498 26.59
8805 26.75
9096 26.87
8288 26.96
8550 27.35
10605 27.57
9725 29.17
8220 30.98
7451 32.41
5912 32.95
6143 32.90
6906 33.13
11416 35.12
3348 35.00
5149 34.06
6100 34.23
6179 33.78
6347 32.83
6272 32.64
6377 32.29
8227 31.15
7117 31.53
6519 31.05
6645 31.10
6400 31.22
6357 31.44
6900 31.00
7015 30.88
6635 31.46
6670 31.46
6840 31.54
7087 32.19
6468 32.03
7131 31.37
6097 30.99
6496 30.92
6991 30.52
7727 30.27
7457 30.35
7219 30.60
7423 30.10
7052 30.24
6655 30.19
7413 29.67
21312 30.09
4197 34.56
4681 34.07
5936 31.40
6425 30.71
6307 29.92
9667 29.48
9714 29.35
8511 29.28
6803 29.54
6417 29.80
5207 30.26
5320 30.29
5194 30.71
6276 29.51
6519 28.98
6954 29.37
7619 29.52
6023 28.97
6039 29.16
5499 28.86
6298 28.71
6228 27.96
6390 27.58
6824 26.83
6385 26.70
5270 26.61
5372 26.41
5924 25.70
6698 25.20
6113 24.60
5896 24.70
18404 25.95
3840 26.80
7965 27.46
9949 28.38
6064 28.46
5077 28.46
4914 28.45
4700 28.64
6249 27.61
6428 27.28
6210 26.95
7132 26.65
7267 27.07
7626 27.44
6448 27.39
6402 27.35
6167 27.52
6469 27.86
6369 27.98
6779 28.09
6981 28.39
7136 28.96
7066 29.03
7118 29.64
7135 29.97
7126 29.88
7274 30.49
7679 30.74
7400 31.18
8014 31.18
7170 31.65
7420 31.85
22422 29.21
3724 34.58
4435 33.46
4615 33.23
6089 30.79
5443 30.76
7056 29.45
6442 29.56
7647 30.16
6849 30.48
7285 29.65
6212 29.93
6688 29.85
6599 29.65
6582 29.69
6947 29.52
7373 29.11
6187 29.51
6927 29.23
6824 29.63
6991 29.31
6503 29.61
6296 29.99
6758 29.64
6679 29.91
6890 30.19
7599 29.92
8458 29.19
8544 29.13
8247 28.98
8073 28.93
7058 28.84
19832 29.95
3211 34.24
5444 30.88
7276 29.49
7018 28.92
6760 29.04
6980 28.60
6953 28.71
6077 29.05
5530 29.64
7552 28.51
6578 28.57
