18061 35.04
1918 38.11
4069 34.44
5883 33.29
8843 31.92
8383 31.67
6691 31.75
7336 31.44
6844 31.16
6508 31.37
6210 31.06
6532 30.59
6810 30.09
6561 29.88
7086 29.48
9013 29.60
8664 29.65
9457 29.49
8615 29.59
7620 29.33
7253 29.10
6531 29.06
6801 28.79
7693 28.86
7238 28.78
6113 28.62
6249 28.28
6811 27.55
6933 27.28
7665 27.41
6425 27.89
7823 27.33
20651 29.58
2841 30.81
5251 29.15
6496 28.19
6029 27.78
7227 27.76
7755 27.87
8116 27.51
9889 28.10
6539 27.99
5949 27.72
7055 27.80
7070 27.58
6371 27.47
7438 27.98
7782 27.17
6624 27.71
6429 26.89
6398 26.95
6866 26.55
6777 26.20
7102 26.38
6761 26.60
7348 26.60
11618 27.58
10164 28.18
6855 28.31
6725 28.70
6014 29.10
6618 28.40
8422 28.18
8726 27.92
20895 32.21
2737 34.35
4343 33.08
5861 32.67
6284 32.20
7232 31.25
7787 30.90
8672 30.08
6302 30.40
7386 30.17
7381 30.32
7719 29.99
8460 29.76
7895 29.76
6841 30.00
7847 29.90
7073 30.24
7562 29.66
7582 29.71
7735 29.70
7001 29.89
7316 29.64
8006 29.35
6701 29.83
7597 29.79
7324 30.08
8240 29.48
8493 29.68
7344 29.34
9040 28.52
8306 28.38
7390 28.24
21046 29.63
2540 33.57
5723 29.41
5338 29.50
7202 28.43
7283 28.42
6818 28.55
8175 27.57
7163 27.61
7040 27.57
7387 27.30
7863 27.48
7279 27.87
6799 27.99
6983 27.92
7178 27.53
7750 27.20
6797 27.31
7038 26.94
6905 26.93
6492 26.65
6888 25.97
6396 25.40
6930 26.30
7542 25.89
7496 26.52
7975 26.34
7225 26.19
7135 26.08
6741 26.05
6310 25.88
6985 25.70
20886 23.66
4759 28.20
4962 28.39
5891 27.43
6475 26.51
6435 26.59
8169 25.28
7334 25.17
7375 25.25
8050 25.52
7734 25.53
8691 25.69
7922 25.65
7893 25.45
7742 25.67
7760 25.57
8328 25.79
8226 25.95
8944 26.19
9324 26.38
8693 26.54
9012 26.56
9219 26.77
8509 26.84
8824 27.11
11012 27.43
9208 29.49
8967 30.59
7324 32.24
6343 32.51
6565 32.56
7412 32.70
11214 35.24
3438 35.04
5506 33.86
6399 33.95
6406 33.54
6548 32.62
7384 32.14
6555 32.02
7754 31.15
8309 30.94
6558 30.82
6689 31.03
6576 30.94
6527 31.14
6995 30.91
7154 30.75
6562 31.40
7893 30.72
7381 31.01
8917 31.00
7462 31.18
6358 31.42
6612 30.67
6295 30.75
6813 30.60
7413 30.21
7579 30.23
6707 30.92
7653 30.06
7464 29.92
7040 29.91
7124 29.63
21311 30.12
4902 33.52
4721 33.27
4816 32.07
7353 30.43
6825 29.59
10141 29.26
9950 29.19
8872 29.22
6992 29.45
6681 29.64
5429 30.03
5402 30.20
5276 29.95
6551 29.35
6100 29.18
7538 29.03
7131 29.67
6024 28.93
6919 28.56
5819 28.40
6315 28.07
6242 27.96
6740 27.32
7206 26.66
6282 26.58
5611 26.40
5600 26.00
5493 25.88
7139 25.09
6159 24.48
6677 24.29
18974 25.75
4177 26.46
8865 26.90
9878 28.34
5556 28.72
4806 28.64
4804 28.39
4911 28.65
6722 27.50
6295 27.28
7011 26.54
7055 26.52
8714 26.45
8610 26.67
7185 26.83
6806 26.89
6191 27.27
6420 27.75
6428 27.90
6615 28.03
7086 28.23
7278 28.72
7257 28.92
7332 29.40
7217 29.70
7206 29.86
7583 30.20
7680 30.66
7524 31.18
8322 31.00
7375 31.42
7403 31.55
22664 29.03
3916 34.04
4924 33.13
5058 32.40
6214 30.72
5522 30.65
6066 29.75
7101 29.52
7284 30.07
6869 30.46
5823 30.57
6811 29.86
7191 29.64
6710 29.66
6998 29.46
6854 29.52
7714 28.89
6958 29.02
6207 29.44
6927 29.41
6753 29.34
7365 29.43
6858 29.52
6955 29.37
8451 29.02
7421 29.71
7494 29.74
8353 29.08
8690 29.00
8378 28.92
8195 28.78
7211 28.80
20523 29.65
3610 33.27
6347 29.95
6801 29.18
6596 29.18
7077 28.75
7007 28.72
7260 28.20
6311 28.67
6527 28.66
7354 28.38
7482 28.07
