1841 51.00
311 51.00
510 51.00
454 51.00
466 51.00
437 50.73
498 50.53
542 50.29
540 49.72
510 49.55
586 49.58
586 49.11
608 48.88
663 48.40
729 48.50
721 48.91
717 48.36
794 48.73
750 49.13
761 49.68
829 49.16
674 48.98
596 47.89
634 49.00
636 48.75
668 47.78
636 47.31
694 46.56
663 47.34
640 47.81
649 47.70
659 47.10
1350 51.00
300 49.52
598 46.55
577 46.24
579 45.88
660 46.31
608 45.47
590 45.15
616 45.23
659 44.23
652 45.39
518 44.25
539 44.50
637 44.21
509 44.81
606 44.50
558 44.69
715 44.98
750 44.71
674 43.72
747 43.55
685 44.08
660 44.19
681 45.25
758 45.23
677 45.89
597 46.26
655 45.90
747 44.85
758 45.06
761 44.43
737 45.41
1438 50.98
334 48.99
653 47.85
567 47.63
609 46.86
702 45.64
549 46.23
582 46.28
615 46.12
620 46.16
664 46.18
654 45.95
650 46.05
741 44.86
691 45.21
620 45.29
712 45.78
664 44.42
689 45.02
736 44.33
659 44.64
807 44.52
798 44.01
975 44.19
950 44.33
1018 44.43
1004 44.48
860 44.39
840 45.87
787 45.38
825 44.99
734 45.41
1570 50.81
467 49.35
585 48.07
589 48.45
644 47.82
675 47.26
719 46.92
827 47.64
705 47.14
833 47.09
780 47.74
831 48.03
929 47.64
877 47.59
858 47.63
703 48.11
738 46.81
768 47.06
743 46.87
741 46.30
733 46.08
737 46.88
751 45.60
788 46.40
710 47.12
722 47.40
717 47.19
697 47.14
739 45.42
675 45.83
781 45.68
667 45.75
1717 44.81
472 45.94
610 46.04
667 47.26
664 47.09
615 46.07
659 45.91
734 44.45
807 45.85
915 46.35
843 45.96
802 46.32
652 46.46
771 46.43
633 47.03
658 45.39
813 46.14
809 45.63
874 45.70
982 46.32
848 46.41
819 46.47
1016 46.94
1007 46.87
923 47.26
1126 48.29
1115 48.46
961 49.80
892 50.26
821 51.00
755 50.97
771 50.91
983 51.00
418 51.00
684 51.00
738 51.00
693 50.97
598 51.00
603 51.00
609 50.96
432 50.92
586 50.89
594 50.50
616 49.99
622 50.53
674 50.79
599 49.96
669 50.44
596 50.35
598 50.37
650 50.35
614 50.14
591 50.16
592 49.46
655 49.79
709 48.66
747 49.47
760 49.05
800 49.58
920 49.77
889 49.38
824 49.78
744 48.92
828 49.65
1486 50.93
484 50.89
429 49.44
558 48.86
726 48.64
713 48.37
714 49.79
721 49.25
799 49.44
748 49.26
692 49.63
783 49.48
762 49.95
739 49.88
772 50.23
663 50.19
691 50.15
612 50.37
648 49.67
555 49.81
725 50.57
623 49.34
621 49.07
684 47.81
612 47.67
583 47.47
599 47.41
536 45.86
500 44.96
566 44.04
657 43.16
622 42.44
896 46.76
363 43.78
377 44.38
322 45.42
365 44.96
440 43.69
532 42.67
481 42.62
527 42.58
553 43.42
475 42.37
510 42.63
545 42.30
531 43.57
578 42.76
575 43.65
563 43.33
641 43.86
769 43.15
783 42.31
793 44.72
850 45.03
811 45.92
808 45.48
870 47.02
848 46.21
930 47.65
924 47.40
981 47.58
953 49.15
959 49.78
947 49.69
1206 50.74
461 50.83
619 50.69
636 50.58
696 50.40
593 50.18
619 50.13
608 48.57
624 49.91
617 49.54
678 49.66
667 49.17
707 49.73
646 49.51
652 49.12
662 48.80
671 48.90
700 48.84
660 49.23
688 48.96
696 49.03
689 48.30
682 49.19
669 48.87
752 49.27
716 49.04
650 50.56
727 49.89
699 49.60
722 48.38
730 48.55
686 47.86
1674 48.98
512 49.59
553 49.06
563 48.94
657 47.06
619 46.78
666 46.75
720 45.49
712 45.29
607 45.45
635 46.36
676 46.01
