20102 34.34
1876 37.87
4555 34.43
7015 32.37
6968 32.02
10062 30.94
7841 31.20
7384 31.01
7029 30.85
7872 30.50
7048 30.27
7236 29.96
7249 29.50
7123 29.30
7839 29.11
9420 29.54
10069 29.03
9482 29.12
9795 29.15
7881 28.74
7829 28.52
7012 28.59
6857 28.46
7517 28.62
7728 28.36
7627 27.78
6978 27.31
6938 27.20
7485 26.93
8038 26.95
7272 27.24
8163 26.93
21926 29.09
3538 29.86
6039 28.64
7110 27.70
6291 27.33
8028 27.22
7840 27.56
8982 27.06
11218 27.45
6913 27.69
6376 27.22
8044 27.24
6788 27.31
8124 26.72
8445 27.54
6879 27.10
7050 27.35
7462 26.32
6654 26.77
7352 26.17
7411 25.91
7585 25.93
7515 26.16
7905 26.54
12808 27.10
12992 27.32
7852 27.60
8019 28.04
6390 28.50
6457 28.18
7948 28.22
8139 27.86
22304 31.78
2872 33.87
4909 32.94
6293 32.30
6919 31.58
6382 31.45
8993 30.33
9456 29.72
8505 29.36
8445 29.56
7959 29.69
7956 29.76
8511 29.46
8108 29.27
8013 29.43
8131 29.51
7585 29.73
8468 29.12
8103 29.31
8340 29.36
7351 29.47
8391 29.01
7994 29.08
8768 29.03
8378 29.27
8407 29.17
8621 29.09
9152 29.26
8688 28.65
9000 27.96
8743 28.12
7936 27.86
23218 28.85
2674 33.50
6007 29.28
6350 28.55
6817 28.48
7427 28.39
8336 27.52
8375 27.10
7906 27.11
7382 27.12
7936 26.97
8548 27.15
7931 27.37
7258 27.49
7349 27.26
7672 27.11
8329 26.60
7443 26.81
7608 26.38
7419 26.21
7067 26.14
7305 25.54
6650 25.25
7651 25.51
7676 25.62
8369 25.68
8545 25.83
7373 25.89
7969 25.37
7235 25.35
7013 25.32
8331 24.80
22454 23.04
5400 27.50
5809 27.35
6271 26.88
7320 25.60
7246 25.61
8603 24.88
7978 24.63
7889 24.80
8928 24.96
8644 24.92
9271 25.14
8403 25.23
8472 25.07
8375 25.17
8439 25.17
8763 25.25
8923 25.40
9718 25.62
9886 25.88
9362 25.87
9539 26.18
9892 26.23
9364 26.30
9489 26.58
11495 26.96
9984 28.97
8873 30.36
8328 31.60
6574 32.13
6544 32.38
7628 32.57
12790 34.23
3794 34.56
5782 33.07
7004 33.38
7089 32.96
7259 32.14
7431 31.73
7047 31.47
8165 30.68
8343 30.75
7289 30.36
7591 30.38
6956 30.41
7007 30.86
7630 30.12
7865 30.14
7146 30.75
6766 30.92
6931 31.31
7663 31.66
7390 31.31
7240 31.02
8005 30.04
7143 30.21
7586 29.96
8289 29.54
8250 29.75
7759 29.96
7910 29.71
7915 29.39
7516 29.36
7655 29.07
23544 29.32
4917 33.52
4829 33.17
6127 30.92
6373 30.38
7597 29.00
10878 28.70
11251 28.63
9523 28.56
7902 28.70
6982 29.23
5942 29.49
5726 29.69
6280 28.94
6845 28.49
7301 28.19
7792 28.54
8189 28.87
5860 28.83
7445 27.94
7186 27.42
7391 27.10
8331 26.45
7147 26.76
6139 26.85
5957 26.67
6004 26.18
6967 25.22
6568 24.99
7713 24.46
6017 24.41
6437 24.20
20887 25.25
4579 25.85
8806 26.83
11458 27.77
6819 27.86
5613 27.96
5402 27.73
5378 27.92
6356 27.21
7183 26.61
6691 26.45
7929 25.78
7893 26.35
8650 26.64
7109 26.80
6968 26.69
6586 26.87
6662 27.53
7135 27.49
7323 27.50
7859 27.76
7850 28.24
7644 28.52
7977 28.93
7798 29.39
7833 29.28
8149 29.76
8734 30.04
8090 30.30
8370 30.82
7829 31.16
8003 31.11
24398 28.58
4248 33.40
4863 32.89
5485 31.74
6393 30.25
6006 30.06
7828 28.65
7339 28.73
8854 29.35
7929 29.64
6141 29.78
7776 28.94
7423 29.20
7434 29.02
8737 28.49
7237 28.63
7642 28.63
7375 28.60
7797 28.30
7555 28.69
7346 28.82
7556 28.79
7391 29.15
7071 29.14
7806 28.97
8594 28.97
8837 29.07
8858 28.86
9620 28.48
9101 28.43
8902 28.31
8242 28.17
20883 29.51
4038 32.24
6715 29.66
7891 28.78
7502 28.52
7386 28.25
7850 28.14
7451 28.09
6797 28.37
7860 27.83
8214 27.85
6737 28.22
