21785 33.83
1734 37.92
3922 34.75
6940 32.32
8008 31.50
11011 30.38
7786 30.87
7645 30.73
7905 30.18
7639 30.28
7791 29.68
7484 29.48
8092 29.07
6976 29.38
8835 28.59
9928 29.11
9800 28.95
9604 29.16
9663 29.09
7732 28.74
8754 28.13
7635 28.18
7128 28.07
7767 28.39
8354 28.05
7297 27.78
6861 27.40
7736 26.60
7727 26.72
8961 26.58
8069 26.69
7712 26.98
22672 28.85
4171 29.24
6831 28.07
7004 27.52
6876 26.92
8402 26.93
8847 27.11
9135 26.75
11478 27.22
7217 27.29
6932 26.91
8716 26.84
8060 26.81
8254 26.51
10217 26.86
6822 26.77
7393 27.00
7995 25.99
6959 26.71
7753 26.07
7810 25.77
7933 25.70
7867 26.11
9353 25.94
14409 26.62
12163 27.32
8408 27.41
8420 27.82
6775 28.22
6799 28.13
9144 27.63
9287 27.43
21390 32.11
3960 33.22
4913 32.64
6083 32.29
6296 31.90
8087 30.81
9467 30.14
9855 29.41
8313 29.34
8952 29.23
8484 29.41
8246 29.33
8546 29.30
7713 29.76
7769 29.45
8184 29.38
9444 29.00
6887 29.56
9183 28.96
7902 29.30
8985 28.82
8802 28.75
7661 29.15
9786 28.61
9454 28.64
9422 28.76
9820 28.59
11664 28.28
8146 28.27
7532 28.35
8633 28.04
8681 27.52
22912 28.96
2672 33.16
5838 29.34
6495 28.44
8459 27.54
8077 27.73
8431 27.27
8537 26.74
7960 26.77
8014 26.59
7722 27.03
9451 26.56
8681 26.84
7723 27.21
7691 27.05
7952 26.93
8594 26.28
7838 26.41
8055 26.01
7585 26.01
7456 25.70
7124 25.49
7490 24.78
7689 25.30
8500 25.20
8741 25.49
8795 25.57
8438 25.17
7831 25.27
7580 25.01
7587 25.06
8496 24.65
23474 22.73
5628 27.12
6297 26.86
6509 26.72
7532 25.72
7727 25.40
9167 24.50
8291 24.31
8146 24.58
9338 24.62
8792 24.71
9884 24.80
8677 24.94
8931 24.76
8785 24.93
8989 24.76
9225 25.06
9300 25.11
10382 25.32
10144 25.64
9873 25.57
10377 25.82
10299 25.96
9724 25.98
9810 26.33
12223 26.60
10234 28.71
8997 30.30
9585 30.85
7624 31.26
7229 31.52
8028 31.96
11996 34.73
3952 34.38
5923 33.21
7440 33.14
7220 32.76
7637 31.92
7478 31.65
8781 30.73
9304 30.05
9335 30.24
7300 30.03
8156 30.11
7063 30.35
7308 30.28
7894 29.98
7864 30.04
7881 30.23
8783 29.90
7620 30.49
9279 30.58
7540 30.93
7793 30.52
7936 29.82
7519 29.62
7826 29.57
8028 29.61
8841 29.36
8408 29.54
8554 29.03
8249 29.07
7660 29.12
8481 28.64
24923 28.86
5025 33.17
5150 33.03
6417 30.53
7357 29.93
7827 28.85
11713 28.45
11307 28.45
9778 28.34
8170 28.51
7569 28.87
6016 29.13
6096 29.51
6404 28.95
7792 27.91
6842 28.21
8040 28.38
8285 28.86
6552 28.26
8034 27.66
6422 27.60
7250 27.20
7772 26.79
6828 27.10
7566 26.22
6298 26.36
6682 25.57
7211 24.88
6825 24.69
8257 24.00
6122 24.03
6597 24.09
21698 24.90
4947 25.55
8479 26.99
12198 27.53
7212 27.53
6166 27.46
5728 27.45
5608 27.58
6930 26.82
6812 26.60
7113 26.15
8816 25.52
8333 26.14
9109 26.41
7629 26.48
7596 26.36
7268 26.28
7265 26.93
7312 27.13
7849 27.17
8026 27.56
8764 27.72
8373 28.03
8936 28.18
8555 28.52
8779 28.51
9278 28.93
9402 29.31
8915 29.68
9302 29.93
8980 30.13
8697 30.38
25196 28.36
4187 33.56
5139 32.52
5901 31.20
6623 29.97
6044 29.85
8040 28.58
7622 28.44
9033 28.97
8527 29.24
6842 29.18
8078 28.69
8484 28.65
7836 28.56
7726 28.68
7523 28.79
8912 28.09
7553 28.37
7990 28.16
7971 28.36
8109 28.37
7721 28.67
7831 28.65
8087 28.56
8742 28.46
8513 28.75
8747 28.79
9061 28.55
10131 28.17
9700 28.00
9355 28.02
8430 27.98
23829 28.65
3398 33.42
6699 29.41
7970 28.56
8368 27.93
7891 27.92
7621 27.82
8150 27.53
7668 27.75
7049 28.09
7857 27.94
8051 27.42
