22419 33.60
1751 38.27
4773 33.77
7350 32.01
8625 31.24
10243 30.41
8249 30.56
7562 30.74
7558 30.37
8356 30.08
7604 29.77
8137 29.24
7734 29.17
7549 29.01
8461 28.63
10447 28.81
10693 28.57
10715 28.63
10304 28.68
8371 28.35
8362 28.04
7608 28.19
7703 27.90
8648 27.97
7746 28.08
7808 27.47
7155 27.31
7996 26.46
7781 26.73
7937 26.83
8764 26.58
7950 26.89
23158 28.67
4156 29.31
7221 27.81
7280 27.40
6753 26.81
8610 26.83
8991 26.97
9659 26.59
11083 27.17
7700 27.13
6993 26.85
8448 26.82
7695 26.74
8139 26.55
9276 26.96
8522 26.41
7779 26.84
7734 26.09
7132 26.46
8027 25.86
7868 25.62
8220 25.52
9215 25.46
9490 25.77
14287 26.48
12506 27.25
8975 27.14
8165 27.81
7063 28.12
6978 27.98
9257 27.66
9575 27.14
22199 31.81
3979 33.12
4844 32.87
5705 32.29
8777 31.10
7057 30.80
9004 30.02
10058 29.32
8880 29.08
9320 29.06
8829 29.21
8639 29.22
8700 29.27
8862 29.10
8390 29.08
8503 29.25
9021 29.10
8025 28.99
7535 29.29
9710 28.85
9333 28.80
8623 28.59
7381 29.14
8872 28.77
9643 28.67
9040 28.89
8620 28.90
9614 29.01
9524 28.19
9442 27.76
9455 27.65
8324 27.45
25317 28.12
2896 32.78
5918 29.05
7350 27.76
8312 27.52
8117 27.73
8618 27.11
8769 26.71
8303 26.59
8076 26.53
8438 26.56
9304 26.44
7969 27.12
8164 26.98
7813 27.03
8292 26.72
8932 26.12
8060 26.32
7800 26.12
8136 25.73
7609 25.62
7816 25.06
7562 24.51
7956 25.29
8509 24.96
9005 25.37
8811 25.49
7790 25.40
7853 25.36
8375 24.69
7771 24.57
8855 24.41
24435 22.44
5496 27.26
6350 26.71
6819 26.54
7335 25.77
7782 25.46
9271 24.38
8607 24.21
8270 24.45
9773 24.54
8980 24.44
9862 24.76
8956 24.77
9348 24.61
9057 24.70
9018 24.69
9435 24.92
9501 25.01
10472 25.21
10676 25.31
10024 25.50
10573 25.61
10640 25.75
9807 25.94
10173 26.29
12549 26.43
10695 28.56
9733 29.77
8510 31.27
7341 31.49
7561 31.50
8312 31.68
12994 34.14
4147 34.19
5977 32.90
7813 32.82
7226 32.62
6647 32.26
8840 31.12
7029 31.38
9420 30.11
10054 29.95
6970 30.18
7562 30.28
7885 30.07
8156 29.98
8007 29.87
7505 30.21
9533 29.59
8725 29.71
8783 29.96
9671 30.25
8492 30.22
7777 30.20
7701 29.66
7787 29.50
7906 29.47
8471 29.16
8980 29.25
8699 29.42
8763 28.92
8172 29.01
8153 28.84
8393 28.59
25357 28.70
5414 33.04
5297 32.63
7347 30.06
6946 29.87
7926 28.62
12060 28.28
11557 28.28
9947 28.16
8298 28.37
7650 28.77
6221 29.11
6372 29.25
6349 28.78
7660 28.04
7371 27.86
8495 28.07
8972 28.40
7452 27.66
7047 28.03
6950 27.50
7876 26.87
8514 26.41
7449 26.68
6483 26.70
6643 26.27
7192 25.32
7444 24.70
7264 24.34
8042 24.03
7184 23.47
7972 23.32
22110 24.73
5066 25.58
9234 26.47
12339 27.45
7191 27.50
6060 27.49
5630 27.54
5907 27.44
7009 26.81
7596 26.26
7938 25.69
8240 25.58
10049 25.58
9693 25.91
8453 25.83
7904 25.96
7146 26.37
7333 26.78
7647 26.91
7860 27.18
8195 27.41
8481 27.87
8255 27.96
8447 28.36
8541 28.74
8236 28.90
8406 29.39
8834 29.67
8525 30.09
9268 30.10
8497 30.49
8501 30.56
26406 28.01
4473 33.26
5277 32.29
5911 31.20
6798 29.76
6305 29.79
8196 28.34
7599 28.57
8570 29.23
8220 29.35
7662 28.99
7888 28.73
8103 28.73
7867 28.69
8116 28.47
7999 28.48
8991 27.99
7907 28.18
7182 28.53
8035 28.53
7921 28.34
9595 28.00
8643 28.27
8527 28.16
9029 28.22
9488 28.20
9432 28.42
9204 28.41
9977 28.15
9747 28.02
9421 27.96
8535 27.82
23505 28.71
4095 32.53
7307 29.12
7938 28.44
8518 27.92
7647 27.85
8020 27.82
8185 27.47
7488 27.70
8427 27.44
8633 27.34
7647 27.55
