22888 33.45
1799 37.72
5219 33.55
7255 31.85
8127 31.40
9916 30.51
9500 30.26
7653 30.43
7872 30.04
8706 29.89
7365 29.76
8687 29.10
7675 29.17
7516 28.72
8802 28.39
10460 28.88
10959 28.49
10953 28.38
10381 28.58
8746 28.17
8432 27.91
7645 28.06
7885 27.69
7714 28.28
9085 27.64
7234 27.48
7692 26.88
8003 26.44
8043 26.47
9268 26.23
7494 26.83
9327 26.29
23663 28.48
4206 29.01
7540 27.66
7503 27.21
6901 26.66
8852 26.72
9102 26.88
9862 26.43
11576 26.97
7604 27.10
7262 26.72
8343 26.84
8515 26.55
8998 26.17
10997 26.53
7633 26.53
7947 26.65
7906 25.93
7473 26.34
8021 25.76
8082 25.45
8381 25.47
8203 25.84
9911 25.67
15048 26.33
12774 27.07
9097 27.13
8121 27.82
7357 28.00
7172 27.80
10439 27.11
9246 27.09
22847 31.56
2714 34.00
5683 32.62
6753 31.85
7740 31.16
8401 30.34
10388 29.57
10996 28.89
8290 29.04
8957 29.07
7798 29.54
9675 28.91
9362 28.90
8976 28.91
8450 28.99
8981 29.06
8217 29.46
9239 28.76
9357 28.74
8511 29.08
8619 28.92
8621 28.70
9387 28.35
8476 28.95
9331 28.70
8895 28.82
10284 28.35
11207 28.41
9315 27.91
8675 27.70
9704 27.47
8701 27.32
24577 28.37
2930 32.72
6700 28.43
7185 27.70
8393 27.44
8620 27.33
7988 27.35
9443 26.50
8380 26.52
8236 26.41
7866 26.75
9146 26.60
9019 26.60
7780 26.90
8327 26.67
8277 26.50
9079 25.93
8233 26.10
8403 25.72
8084 25.64
7877 25.47
7928 24.92
7662 24.40
8184 25.09
8618 24.81
9128 25.28
9292 25.18
8669 24.89
8576 24.81
7812 24.81
7615 24.71
8277 24.68
25162 22.21
5459 27.23
6279 26.86
6676 26.61
8430 24.87
7970 25.08
9581 24.22
8621 24.06
8560 24.19
9655 24.36
9214 24.41
10209 24.56
9394 24.61
9548 24.43
9427 24.52
9337 24.50
9627 24.85
9789 24.85
10585 25.05
10566 25.29
10378 25.38
10550 25.54
11011 25.54
10091 25.77
10274 26.09
12702 26.35
10863 28.29
9861 29.66
8811 31.12
7556 31.35
7615 31.40
8589 31.44
13130 34.03
3964 33.94
6465 32.47
7610 32.91
7396 32.60
8006 31.63
8155 31.17
7964 30.86
9487 29.99
9852 29.93
7859 29.69
8295 29.83
7559 29.96
7489 30.16
8410 29.71
8240 29.86
9299 29.56
7732 30.18
8117 30.25
8288 30.87
8437 30.52
8164 30.35
7669 29.78
7791 29.64
8180 29.33
8262 29.33
9548 29.03
8378 29.46
9544 28.51
8931 28.49
7848 28.94
8724 28.27
26021 28.52
5442 32.77
5972 32.11
6638 30.22
8250 29.41
6953 29.20
11226 28.88
10343 29.01
8925 28.91
7438 29.09
7734 28.95
7071 28.71
6852 28.92
7950 27.73
8222 27.29
7297 27.80
8665 27.90
9174 28.26
7209 27.71
7659 27.56
6846 27.63
7286 27.26
7876 26.88
7943 26.50
7928 25.74
6954 25.76
6221 25.64
7413 24.72
7407 24.38
8784 23.76
6969 23.47
7429 23.46
22709 24.48
5378 25.35
9594 26.26
12377 27.30
7445 27.35
6325 27.25
5995 27.25
5968 27.46
6872 26.68
7305 26.19
7648 25.80
9114 25.34
8801 25.91
9489 26.14
8190 26.11
7550 26.17
6985 26.57
7556 26.70
7315 27.08
8828 26.75
8740 27.01
9066 27.49
8828 27.60
9497 27.92
9000 28.33
9048 28.29
9497 28.71
9892 29.11
9183 29.42
9798 29.72
8920 30.15
9311 29.98
26619 27.94
4516 33.01
5339 32.14
6079 30.93
7010 29.59
6356 29.75
8365 28.22
9743 27.62
10067 28.27
9357 28.73
7515 28.63
8213 28.28
7771 28.62
8533 28.30
7919 28.41
8545 28.12
8784 27.77
8586 27.74
8045 28.00
8801 28.06
7653 28.53
8540 28.32
8299 28.54
8326 28.26
8630 28.24
7974 28.99
10176 28.15
10864 27.72
9973 27.89
9923 27.81
9580 27.78
8898 27.61
23642 28.69
3641 33.14
7369 29.20
7821 28.56
8681 27.82
8395 27.75
7688 27.92
8703 27.35
8581 27.27
8225 27.25
7766 27.75
7954 27.38
