23234 33.32
1860 37.67
5907 33.02
7057 31.78
10215 30.65
9985 30.12
8166 30.39
8196 30.26
7831 30.12
9240 29.56
7342 29.73
9044 28.89
7537 29.16
8204 28.52
8688 28.47
10874 28.75
11705 28.22
10885 28.37
10534 28.45
8811 28.02
8447 27.85
7883 28.00
7900 27.59
8707 27.87
8386 27.79
7810 27.31
7721 26.80
8114 26.24
8282 26.34
9195 26.26
8100 26.52
9098 26.26
24276 28.24
4378 28.67
7389 27.63
7597 26.98
7299 26.58
8961 26.54
9222 26.71
10191 26.30
12214 26.75
7673 26.95
7715 26.49
9497 26.40
8284 26.39
8919 26.04
11109 26.38
8189 26.26
7310 26.70
8002 25.72
8541 25.83
8817 25.34
7958 25.14
8657 25.32
8210 25.76
8904 25.91
13849 26.69
12569 27.23
8697 27.22
8421 27.63
8222 27.70
8500 27.24
10619 26.99
9513 27.03
23886 31.21
3417 33.19
5204 32.22
6937 31.76
6999 31.52
7747 30.55
9880 29.71
12024 28.62
8871 28.82
9706 28.82
9109 28.94
8997 28.77
9543 28.83
9961 28.60
8204 28.86
9669 28.81
7843 29.32
8546 28.79
8630 29.10
9285 28.84
9285 28.67
8231 28.85
9854 28.26
9643 28.50
9991 28.38
9820 28.41
9635 28.55
9912 28.80
9346 28.06
10084 27.33
9948 27.26
8608 27.19
25967 27.90
3018 32.57
6827 28.28
7119 27.78
8641 27.27
8703 27.38
8859 26.91
9172 26.51
8419 26.51
8453 26.32
8327 26.57
9268 26.57
9111 26.75
8035 26.74
8231 26.58
8781 26.26
8908 25.82
8588 25.95
8558 25.57
8245 25.50
7832 25.33
7937 24.95
7715 24.41
8521 24.86
8717 24.71
9498 25.13
9301 25.14
8902 24.79
8614 24.78
8162 24.68
7673 24.65
8501 24.46
25580 22.07
5705 27.02
6748 26.42
7115 26.20
7806 25.24
8412 24.95
9684 24.04
8989 23.85
8849 24.10
10088 24.21
9628 24.20
10599 24.37
9373 24.50
9765 24.35
9470 24.36
9296 24.46
10116 24.62
9949 24.72
10727 24.88
11027 25.14
10367 25.22
10738 25.44
11161 25.41
10446 25.61
10545 25.95
12912 26.20
10604 28.35
10036 29.79
9020 30.99
7298 31.58
7660 31.63
8661 31.61
14460 33.33
4226 33.36
6536 32.14
7771 32.62
7584 32.33
8054 31.49
8525 30.87
8234 30.70
9502 29.89
9338 29.99
7704 29.90
7864 30.08
8111 29.78
7781 29.98
8702 29.58
8097 29.70
9529 29.48
8919 29.61
9689 29.54
10439 29.87
9058 29.91
7811 30.34
8106 29.38
7534 29.56
8871 28.91
8452 29.13
9548 28.95
8707 29.08
9632 28.43
8052 28.90
8917 28.51
8667 28.26
26576 28.35
5685 32.47
5592 32.50
6984 30.15
8464 29.25
7719 28.70
11978 28.48
11450 28.40
9732 28.36
8099 28.54
7471 29.01
6274 29.11
7080 28.77
7946 27.76
7970 27.42
8365 27.32
8907 27.66
9997 27.80
7083 27.67
8002 27.46
6696 27.67
8156 26.75
8342 26.44
7924 26.35
7387 26.01
7344 25.71
7095 25.15
7904 24.33
7565 24.11
8623 23.73
6591 23.68
6986 23.66
22726 24.44
5722 25.09
10309 26.01
12456 27.19
7701 27.23
6368 27.18
6222 27.13
6128 27.16
7000 26.64
8000 25.97
7497 25.79
9043 25.30
8756 25.84
9983 25.98
8066 25.99
7715 26.08
7336 26.26
7504 26.73
7710 26.78
9142 26.53
8765 26.90
9183 27.23
9279 27.35
9800 27.74
9110 28.18
9155 28.15
9533 28.60
10196 28.97
9395 29.33
10096 29.52
9092 29.76
9345 29.84
27442 27.73
4508 33.07
5407 32.04
6117 30.90
6859 29.83
6627 29.45
9091 27.83
9002 27.77
10772 28.23
9441 28.50
7787 28.50
7358 28.67
8754 28.28
8193 28.37
8747 28.22
9148 27.86
8435 27.90
8670 27.66
8308 27.77
9099 27.92
7963 28.19
8452 28.25
8456 28.38
8329 28.22
9064 28.17
9328 28.25
9338 28.27
11318 27.58
10052 27.88
10389 27.66
9862 27.65
8948 27.54
25004 28.29
3523 33.13
7737 28.82
8895 27.93
8435 27.75
8509 27.59
8357 27.42
8727 27.20
7421 27.84
7974 27.46
8538 27.44
8453 27.20
