25817 32.53
2045 36.88
5587 32.67
9408 30.80
10634 30.18
10462 29.61
9357 29.89
8785 29.61
9400 29.39
9778 29.14
8930 28.91
8566 28.70
8973 28.37
8603 28.24
9887 27.91
12193 28.08
12179 27.80
11573 27.88
11622 27.96
9568 27.60
9126 27.26
8733 27.35
8473 27.11
8933 27.54
9460 27.02
8851 26.64
8291 26.33
8490 25.70
9350 25.55
10017 25.61
8750 26.12
9661 25.82
26049 27.63
5230 27.97
8175 27.01
8385 26.42
7741 26.02
10043 25.94
10227 26.17
10965 25.77
13528 26.26
8601 26.33
8371 26.10
10527 25.92
9259 25.98
9528 25.67
11613 26.09
8371 26.00
10233 25.93
8110 25.32
9250 25.57
8940 25.22
8355 25.08
9003 25.25
8875 25.19
10088 25.42
15243 26.20
13365 26.83
9818 26.86
8809 27.46
9063 27.18
9592 26.77
11640 26.58
10476 26.60
25553 30.79
3488 33.11
5395 32.26
7269 31.48
10415 30.12
8237 29.85
9508 29.35
12113 28.35
9492 28.33
10353 28.46
9913 28.44
10093 28.28
9988 28.44
10137 28.32
9868 28.35
10116 28.41
9290 28.63
9855 28.16
10415 28.16
9564 28.40
9351 28.32
9966 27.94
10039 27.95
10326 28.06
10187 28.19
11106 27.85
11964 27.64
13272 27.46
9654 27.30
9591 27.11
10359 26.95
9531 26.78
26390 27.75
3396 31.46
7000 28.04
8551 27.05
9503 26.70
9276 26.78
10363 26.08
9636 25.86
9096 25.91
8917 25.85
8991 26.00
10000 25.99
10107 25.83
8533 26.15
9066 25.89
9470 25.65
8966 25.72
10433 25.02
8591 25.34
9220 24.89
8875 24.70
8629 24.35
8702 23.78
8979 24.35
9441 24.24
10441 24.52
9704 24.75
9361 24.42
9836 24.04
8684 24.24
9166 23.62
9621 23.71
27938 21.40
6351 26.24
7006 26.28
7428 26.03
8811 24.72
9050 24.41
10486 23.59
9684 23.32
9315 23.64
10898 23.73
10406 23.76
11675 23.89
10216 23.94
10708 23.89
10224 23.97
10565 23.86
10752 24.07
10754 24.25
11857 24.37
11843 24.63
11406 24.68
11704 24.89
11953 25.00
11182 25.06
11439 25.37
14144 25.62
12279 27.63
10520 29.27
10726 29.97
8120 30.54
7933 30.85
9041 31.10
15711 32.78
4526 32.88
7048 31.69
8282 32.22
8029 31.95
8840 30.87
9541 30.33
7954 30.52
11088 29.21
9944 29.59
9697 28.94
9849 28.91
9324 28.97
9164 29.03
8799 28.97
9387 28.86
9622 29.04
9857 29.03
9235 29.48
10473 29.71
9056 29.73
8773 29.73
9276 28.74
9380 28.47
9304 28.31
9097 28.52
10263 28.36
9612 28.54
9189 28.38
9956 27.85
8979 28.11
9876 27.61
29681 27.44
5366 32.44
5945 32.20
7786 29.58
8683 28.95
8198 28.26
13051 27.85
12648 27.85
10459 27.78
8075 28.38
8380 28.36
7124 28.41
8352 27.74
8421 27.18
9447 26.55
8180 27.04
9365 27.40
10044 27.55
8440 26.97
8276 27.04
7600 26.80
8570 26.31
9669 25.76
8645 25.87
8089 25.48
8343 24.99
7134 24.75
8078 24.08
9607 23.22
9201 23.18
7574 22.93
8214 22.88
24955 23.70
5991 24.65
10433 25.95
14059 26.64
8430 26.63
7041 26.68
6564 26.61
6585 26.72
8069 25.93
8729 25.44
8938 25.09
9312 24.95
10114 25.28
10669 25.52
8788 25.60
8729 25.54
8918 25.45
8737 25.86
9231 25.93
9228 25.97
9513 26.31
9782 26.82
9577 26.98
10472 27.25
9928 27.66
9749 27.66
10741 27.95
10567 28.43
10254 28.70
11030 28.88
10155 29.23
9839 29.42
29723 27.05
5151 31.93
5814 31.47
6752 30.00
7071 29.36
7452 28.57
9434 27.35
8707 27.63
9772 28.41
9628 28.57
8851 28.09
9874 27.68
9371 27.89
9261 27.65
9334 27.57
9850 27.39
8652 27.54
9385 27.27
9208 27.23
9664 27.39
8693 27.80
10594 27.26
10047 27.43
9500 27.32
10342 27.40
10684 27.50
10665 27.67
10557 27.53
9989 27.71
10577 27.43
11312 27.09
10013 27.05
29585 27.05
3649 32.95
8310 28.43
8988 27.64
9388 27.32
9480 26.90
9119 26.93
9296 26.74
8268 27.01
9355 26.61
8884 26.97
9071 26.59
