28471 31.76
2295 36.56
5918 32.47
9612 30.38
9534 30.06
11913 29.16
11525 29.02
9130 29.25
11136 28.58
10620 28.48
8987 28.54
9764 28.25
9576 27.95
9334 27.88
10621 27.37
13528 27.51
13052 27.38
12758 27.41
12163 27.48
10091 27.08
9810 26.81
9144 26.92
9196 26.63
10216 26.83
10216 26.61
9043 26.23
9176 25.82
9122 25.28
10120 25.23
10851 25.24
9499 25.72
10726 25.33
27771 27.05
5773 27.29
8885 26.56
9178 25.95
8669 25.51
10259 25.49
10955 25.82
11767 25.33
14694 25.78
9638 25.90
9009 25.66
11120 25.50
9988 25.48
10184 25.24
13283 25.45
9651 25.37
10880 25.50
8326 25.03
10378 25.06
10304 24.63
9724 24.53
9595 24.83
9690 24.92
10796 25.09
16016 25.86
14428 26.38
10591 26.43
10092 26.91
8680 27.26
10853 26.33
12577 26.18
11480 26.22
27783 30.08
4208 32.41
6899 30.84
7467 31.11
8973 30.13
9293 29.40
12543 28.46
12705 27.78
10221 27.85
11209 27.91
11246 27.92
10503 27.89
11153 27.95
10840 28.01
10476 27.90
10887 28.03
11335 27.94
10610 27.74
10540 27.86
11067 27.87
9773 28.03
10904 27.66
10635 27.68
11261 27.66
11980 27.43
11479 27.60
10990 27.82
11553 28.00
11889 26.85
10488 26.75
11373 26.50
10065 26.20
30833 26.37
3695 30.88
7992 27.16
9061 26.49
10205 26.27
10211 26.30
11263 25.53
10250 25.44
9790 25.48
9623 25.12
9917 25.43
10775 25.52
10535 25.43
9406 25.49
9899 25.24
10119 25.21
9619 25.16
10035 24.95
10240 24.53
9839 24.49
9490 24.26
9556 23.85
9132 23.34
9687 24.00
10622 23.69
10731 24.18
11065 24.17
10356 23.75
10225 23.67
9551 23.64
9017 23.52
10017 23.36
29347 20.98
7927 24.87
7538 25.72
8657 25.10
9144 24.19
9823 23.85
11528 23.09
10299 22.99
10430 23.08
11755 23.35
11190 23.30
12667 23.40
11115 23.51
11342 23.43
11380 23.44
11285 23.41
11456 23.67
11730 23.72
12750 23.92
12698 24.15
12369 24.20
12612 24.45
13040 24.55
12001 24.66
12291 24.95
15020 25.26
13200 27.10
10574 29.08
11696 29.40
9073 30.02
9147 30.08
10270 30.26
15816 32.69
4566 32.76
7418 31.48
9001 31.75
8695 31.56
9543 30.47
10410 29.85
8877 29.97
12599 28.61
11795 28.76
8991 28.90
9364 29.12
10908 28.33
9602 28.62
9549 28.54
9518 28.68
11139 28.31
10920 28.35
11186 28.61
12569 28.79
10574 28.99
9519 29.15
8983 28.59
9592 28.18
9739 28.03
10204 28.01
11037 27.96
10360 28.03
9832 27.95
10903 27.37
9684 27.63
10364 27.15
31753 26.91
6252 32.09
7322 31.54
7987 29.17
9491 28.30
8508 28.04
13682 27.75
12562 27.88
10651 27.77
8379 28.24
9748 27.81
8307 27.53
9189 27.23
9017 26.83
9759 26.19
8992 26.51
10289 26.78
10620 27.19
8002 26.95
9446 26.48
9377 25.76
9830 25.58
10312 25.21
9166 25.50
8771 24.97
8069 24.85
8662 24.02
8623 23.58
9054 23.26
10496 22.74
7528 22.86
9045 22.47
27235 23.07
6687 24.15
11013 25.60
14682 26.33
9100 26.25
7595 26.23
7115 26.16
7131 26.29
8330 25.62
9403 24.91
9177 24.72
10425 24.38
10809 24.87
11750 25.07
9810 25.03
9337 25.17
9464 25.14
9777 25.36
9706 25.50
10177 25.56
10231 25.97
10552 26.39
10629 26.52
11205 26.73
10733 27.05
10533 27.20
10830 27.67
11438 28.07
11265 28.30
11900 28.41
10977 28.81
10555 28.92
31825 26.55
5875 31.24
6667 30.61
7255 29.73
8333 28.40
7656 28.23
11336 26.49
11178 26.26
13933 26.79
12731 26.99
9473 27.24
8428 27.59
9996 27.26
10231 27.18
9658 27.23
11162 26.71
9398 27.03
9635 26.95
10730 26.48
10700 26.78
9851 27.04
10485 26.98
10430 27.07
11765 26.64
11031 26.95
11099 27.12
11784 27.09
11088 27.07
12057 26.96
12090 26.77
11681 26.72
10359 26.68
30988 26.69
3896 32.57
9103 27.80
9876 27.19
10166 26.68
10051 26.60
10250 26.44
10058 26.36
9819 26.35
9873 26.19
10523 26.13
10006 26.03
