30182 31.36
2398 35.71
5676 32.35
9694 30.11
11561 29.43
13485 28.57
11368 28.74
10402 28.64
10835 28.39
11133 28.23
10478 28.05
10459 27.74
9214 27.96
10382 27.33
12835 26.75
14677 27.09
14878 26.75
13762 26.88
13404 26.93
9948 26.88
10032 26.62
9576 26.65
9736 26.35
11061 26.43
10521 26.43
9950 25.79
9158 25.57
9561 24.95
9911 25.15
10720 25.17
11061 25.00
10687 25.18
29282 26.62
6158 26.95
9456 26.15
9616 25.71
8936 25.30
11330 25.17
11310 25.44
12662 24.98
15825 25.39
10033 25.62
9636 25.30
11716 25.09
11376 25.04
11039 24.95
13179 25.28
10806 25.06
11021 25.30
7596 25.13
11665 24.83
10270 24.52
9642 24.40
10998 24.25
11478 24.32
11778 24.74
19310 25.11
15962 25.82
11939 25.95
10930 26.40
9492 26.77
10443 26.27
12522 26.08
12149 25.98
26809 30.39
4258 32.30
7019 31.03
8745 30.47
9575 29.88
10521 28.91
12273 28.23
12940 27.64
10959 27.60
12270 27.63
11306 27.78
11113 27.64
11640 27.73
11905 27.67
10963 27.72
11940 27.76
11553 27.83
10806 27.66
11137 27.65
11869 27.60
10549 27.68
10798 27.54
12060 27.15
12166 27.30
12407 27.19
12230 27.19
11691 27.41
11894 27.64
12531 26.59
10947 26.39
12316 26.15
10482 25.94
32621 25.88
3872 30.34
8181 26.99
9496 26.18
11215 25.91
10420 25.99
11890 25.22
10672 25.16
10185 25.08
10256 24.94
10158 25.18
11396 25.14
11305 24.99
9839 25.28
10347 24.86
10629 24.80
10443 24.76
11365 24.27
10204 24.29
10618 24.09
9832 24.02
10191 23.44
9717 23.05
10456 23.61
10734 23.58
11533 23.87
11490 23.83
10146 23.83
11551 23.21
9734 23.53
9529 23.31
10572 23.13
30371 20.74
9385 24.19
8885 24.56
9085 24.51
9474 23.96
9794 23.95
11661 22.98
11089 22.59
10725 22.83
12734 23.00
12004 22.98
13328 23.12
11769 23.18
12078 23.14
11824 23.27
11636 23.19
12386 23.36
12298 23.48
13386 23.64
13427 23.90
12903 23.91
13179 24.10
13728 24.24
12599 24.38
12933 24.55
15744 24.90
13643 26.94
12264 28.32
11702 29.35
9711 29.61
9405 29.76
10597 29.96
17231 32.05
4965 32.01
7934 30.90
9354 31.39
9859 30.83
9102 30.27
12976 28.99
10976 29.01
12340 28.20
12110 28.44
9047 28.65
10119 28.70
9676 28.53
9761 28.61
10275 28.20
11281 27.99
10916 28.17
10630 28.53
10995 28.59
12220 28.86
10753 28.90
9964 28.96
9971 28.23
11191 27.50
9751 27.92
10688 27.63
11660 27.56
11022 27.60
11648 27.11
10526 27.30
10383 27.23
10990 26.76
32906 26.63
7381 31.18
7011 31.08
9537 28.32
8588 28.27
10224 27.25
15705 26.95
13938 27.08
12202 26.97
10052 27.19
9399 27.56
7635 27.79
9786 26.98
10202 26.07
9925 25.90
9779 26.05
10887 26.50
11094 26.85
9886 26.13
9702 26.11
9616 25.44
11159 24.93
10164 25.11
10061 25.16
8974 24.82
8424 24.78
8885 23.93
9052 23.28
10265 22.70
11030 22.48
7868 22.55
9027 22.43
28342 22.73
7302 23.79
13239 24.83
14498 26.27
8349 26.57
7462 26.32
7251 26.10
8742 25.70
8701 25.41
8214 25.35
8452 25.15
10824 24.24
12221 24.50
12458 24.76
10311 24.76
9895 24.80
9737 24.87
10616 24.93
10214 25.23
10793 25.30
10738 25.70
11229 26.11
11138 26.34
11947 26.46
11343 26.73
10968 26.90
11749 27.22
12355 27.62
11307 28.00
12433 28.04
11318 28.57
11513 28.54
34198 26.01
5691 31.39
6765 30.59
8720 28.54
7802 28.47
8622 27.61
11958 25.96
10518 26.40
13615 26.76
12470 26.97
9657 27.13
10268 26.99
11099 26.86
10305 26.85
10309 26.97
11442 26.48
10268 26.64
11478 26.27
9932 26.69
12535 26.23
11617 26.38
10418 26.78
12066 26.41
10533 26.71
10958 26.88
11020 27.13
12470 26.80
13119 26.49
12237 26.62
12289 26.56
12142 26.44
11384 26.24
32003 26.44
4255 31.96
9621 27.53
11158 26.64
10777 26.45
10860 26.23
10706 26.11
10281 26.03
9293 26.36
10757 25.84
11675 25.78
9130 26.17
