32179 30.88
2610 35.53
6682 31.41
9122 29.96
12388 29.00
12959 28.52
13663 28.19
10473 28.39
12221 28.00
12417 27.87
10267 27.88
10093 27.75
10857 27.44
10430 27.18
12048 26.99
15035 26.89
14727 26.75
13712 26.86
13400 26.88
11173 26.43
10887 26.16
10404 26.30
10050 26.03
11216 26.27
11359 26.06
10096 25.64
9704 25.26
10570 24.54
10750 24.64
11244 24.91
11441 24.86
11331 24.88
30682 26.24
6748 26.77
9946 25.82
10374 25.29
9411 24.90
11944 24.80
12346 25.07
13306 24.74
16291 25.17
10624 25.21
10258 25.07
12426 24.89
11308 24.90
12165 24.65
13851 25.03
11027 24.90
12461 24.87
9621 24.54
11076 24.82
11112 24.30
11445 23.93
11503 24.13
11315 24.30
12519 24.50
19726 24.97
17249 25.62
12390 25.73
10959 26.23
9958 26.49
11190 26.02
13631 25.81
12218 25.86
28801 29.80
4655 31.69
6617 31.22
7904 30.77
8931 29.96
11649 28.65
13370 27.95
13892 27.32
11590 27.30
12573 27.41
11901 27.49
12185 27.25
11981 27.44
12305 27.39
11525 27.43
12487 27.51
11203 27.67
11603 27.41
12269 27.28
12059 27.53
11080 27.47
11404 27.32
12782 26.86
12989 26.90
13562 26.85
12389 26.98
12582 27.08
12642 27.38
13233 26.29
11110 26.07
12774 25.88
11102 25.61
33870 25.52
4191 29.73
8877 26.45
9957 25.94
11848 25.53
11189 25.68
12307 24.88
11276 24.85
10757 24.81
10738 24.59
10650 24.87
11994 24.77
11852 24.67
10292 24.89
11038 24.60
11266 24.49
10776 24.53
12134 23.99
10684 24.04
11225 23.75
10266 23.75
10966 23.10
9934 22.77
11074 23.34
11056 23.34
12618 23.43
11366 23.67
11110 23.37
11986 22.83
10423 23.03
11195 22.56
11328 22.74
32012 20.33
9938 23.90
9628 24.15
9635 24.40
9590 23.89
10089 23.75
12053 22.76
11892 22.28
11217 22.54
13244 22.65
12472 22.72
14081 22.78
12110 22.93
13004 22.76
12231 23.00
11495 23.25
12985 23.03
13251 23.14
14163 23.27
14036 23.60
13908 23.53
13863 23.80
14477 23.92
13213 24.07
13589 24.25
16609 24.57
15547 26.11
12039 28.20
13213 28.64
10624 29.02
9948 29.30
11105 29.62
17463 31.96
5020 31.97
8341 30.55
9911 31.21
11045 30.44
9564 30.00
13017 28.82
11717 28.69
12988 27.93
13060 28.06
10657 27.91
10918 28.11
10300 28.16
10757 27.94
11175 27.73
11171 27.79
10455 28.25
11123 28.23
11286 28.40
11604 28.99
10640 28.91
11234 28.54
11222 27.75
11027 27.46
11326 27.29
10775 27.45
11782 27.50
11526 27.40
11384 27.08
11640 26.86
10835 26.97
11520 26.49
35889 25.86
6472 31.59
7369 30.88
9428 28.30
12279 27.15
10299 27.03
16390 26.79
14636 26.83
12698 26.74
10782 26.92
9773 27.39
8277 27.40
8826 27.13
10879 25.81
9575 25.95
10890 25.55
11299 26.17
11922 26.50
8987 26.36
10114 25.99
10542 25.15
10920 24.92
11465 24.60
10321 24.79
9381 24.42
9848 24.02
9661 23.33
9725 22.82
9799 22.66
10670 22.49
9748 21.89
9885 21.92
29787 22.37
7665 23.54
13966 24.52
16747 25.55
10278 25.57
8143 25.75
7706 25.66
7913 25.64
8846 25.15
10330 24.54
10339 24.11
11541 23.89
12108 24.26
13047 24.46
10637 24.54
10163 24.50
9791 24.75
10795 24.81
9932 25.19
11704 25.04
11599 25.40
11952 25.76
11359 25.94
12146 26.22
11710 26.52
11648 26.58
12625 26.89
12706 27.33
12121 27.58
13104 27.79
12258 28.06
11750 28.26
35717 25.66
5985 30.85
7324 30.13
8315 28.70
8665 27.94
9926 26.99
11981 25.75
11804 25.80
13586 26.49
13551 26.67
10897 26.77
11382 26.41
10597 26.77
10442 26.68
11072 26.57
12853 25.98
10430 26.51
12272 25.90
12069 25.93
10990 26.38
11722 26.17
11381 26.42
11740 26.46
12331 26.10
12510 26.29
12345 26.39
12584 26.64
12298 26.54
13436 26.26
13386 26.21
13118 26.09
11823 25.99
34811 25.79
4192 31.94
9833 27.21
11319 26.49
11963 26.01
10965 26.04
11510 25.82
10820 25.71
10850 25.66
11252 25.62
10644 25.91
11759 25.43
