32784 30.70
2612 35.45
7248 31.20
10323 29.58
11202 29.10
12194 28.61
14358 28.04
10427 28.32
12595 27.85
12703 27.85
10256 27.82
10199 27.61
11254 27.16
10740 27.07
13788 26.40
15981 26.60
15347 26.49
14929 26.43
14251 26.58
10453 26.52
11111 26.09
10375 26.17
10401 25.93
11847 25.97
10845 26.11
9747 25.83
10387 25.06
10572 24.49
11225 24.51
12137 24.54
10943 24.92
11847 24.76
31187 26.11
6792 26.60
10313 25.75
10270 25.21
9628 24.86
12187 24.73
12746 24.99
13448 24.65
15691 25.18
11102 25.14
10549 24.91
12616 24.82
11925 24.79
12157 24.61
14579 24.88
10941 24.80
12776 24.85
9688 24.51
11270 24.75
11283 24.21
11760 23.84
11713 23.96
11232 24.23
13101 24.34
19171 24.95
18009 25.43
12782 25.63
11460 26.13
11450 26.09
10895 26.04
13447 25.82
12404 25.75
28429 29.91
5017 31.70
6935 31.66
9605 30.06
11471 29.02
11246 28.33
14220 27.54
12862 27.35
11065 27.33
12406 27.38
12172 27.43
11989 27.36
12587 27.35
12509 27.24
11764 27.33
12469 27.34
12465 27.34
12034 27.22
12220 27.24
11421 27.54
11870 27.20
11648 27.25
12394 26.84
12325 26.98
12173 27.21
13650 26.87
14345 26.58
15537 26.40
11913 26.32
10975 26.04
12993 25.75
10963 25.57
33160 25.71
4363 29.39
9137 26.44
10127 25.74
11919 25.48
11554 25.44
12326 24.88
11341 24.71
11229 24.52
10951 24.51
11220 24.61
11774 24.75
12481 24.46
10291 24.86
11306 24.55
11339 24.39
11012 24.34
12354 23.77
11096 23.85
11263 23.78
10433 23.63
11065 23.02
10305 22.70
11911 22.93
11017 23.26
12777 23.24
12079 23.53
10778 23.40
10908 23.24
11530 22.76
10962 22.52
11991 22.49
32533 20.22
10204 23.73
9899 24.08
9778 24.19
9988 23.65
10372 23.58
12614 22.47
11722 22.23
11497 22.47
13414 22.55
12789 22.53
14074 22.75
12433 22.86
13232 22.77
12762 22.82
12447 22.72
13002 22.99
13230 23.06
14545 23.14
14463 23.41
13820 23.52
14010 23.69
14762 23.81
13254 23.98
13637 24.16
17256 24.43
14036 26.70
14239 27.60
11870 29.05
10251 29.28
10136 29.25
11302 29.52
18340 31.52
5289 31.47
8315 30.58
10170 30.96
10176 30.64
10795 29.65
11817 29.05
12976 28.37
11632 28.16
12053 28.30
10694 28.00
10912 28.23
12088 27.60
10869 27.91
10998 27.79
11462 27.68
10931 28.10
11371 28.14
10956 28.47
12231 28.85
11791 28.55
10580 28.68
10955 27.68
10737 27.50
11035 27.35
11347 27.27
12544 27.12
12593 26.95
11611 26.84
11567 26.76
11122 26.81
12071 26.34
36363 25.77
6651 31.45
7682 30.63
9491 28.21
11046 27.46
10338 27.18
15873 26.91
13663 27.23
10813 27.55
10186 27.45
10880 27.14
9542 26.83
11316 26.15
8644 26.32
11752 25.15
11035 25.38
12165 25.80
12917 26.13
9555 25.87
10823 25.70
9698 25.39
11419 24.76
10665 24.81
10315 24.95
11115 23.92
9249 24.07
8637 23.79
10141 22.76
10330 22.53
11756 22.17
9574 21.79
10715 21.67
30308 22.24
7602 23.51
13916 24.47
15624 25.87
8610 26.23
7906 25.95
7642 25.78
9723 25.26
9473 25.02
8416 25.08
9506 24.66
11750 23.92
11444 24.54
12318 24.74
10504 24.74
9810 24.87
9796 24.95
10334 25.12
11613 24.77
12920 24.58
12474 24.94
12858 25.30
12782 25.36
14190 25.59
12947 25.96
12119 26.17
13253 26.48
13695 26.77
12909 27.11
13965 27.33
12500 27.66
12919 27.70
32031 26.52
6171 30.99
7611 30.15
8463 28.54
9434 27.54
9374 27.16
11323 26.03
12784 25.65
13727 26.46
13522 26.66
11031 26.69
11576 26.37
10644 26.73
10662 26.58
11113 26.51
11315 26.34
12529 25.91
10734 26.16
12024 25.89
12361 25.98
12763 25.93
11639 26.28
12677 26.26
11600 26.29
12023 26.41
12744 26.29
12705 26.50
14489 26.01
13051 26.24
13322 26.14
13272 26.04
11720 26.01
34641 25.81
4313 31.83
9446 27.36
11675 26.43
11925 25.91
11294 25.91
11643 25.74
11342 25.58
11198 25.56
11384 25.49
12508 25.40
11386 25.45
