33020 30.59
2685 35.40
5928 31.91
11005 29.45
12388 28.83
13479 28.20
13822 27.98
10817 28.20
12641 27.69
12859 27.68
10682 27.65
10797 27.47
10973 27.19
10883 26.99
14092 26.20
16115 26.57
16077 26.30
15047 26.34
14664 26.45
10733 26.36
10950 26.10
10362 26.17
10722 25.82
11860 25.87
10992 26.02
9916 25.67
10815 24.92
10287 24.59
11685 24.40
12566 24.42
10752 24.89
12040 24.57
31934 25.88
7041 26.48
10226 25.69
10566 25.09
9855 24.70
12032 24.68
12857 24.86
14132 24.46
16041 25.11
11257 25.04
10894 24.87
12641 24.73
12105 24.66
12202 24.51
14991 24.69
11400 24.64
12703 24.73
9545 24.44
12664 24.42
11621 23.99
10890 23.91
11135 24.08
11304 24.18
14406 24.07
20009 24.81
17885 25.43
12606 25.56
11902 26.00
10274 26.41
10411 26.22
14180 25.61
12836 25.64
29057 29.70
5085 31.64
7155 30.50
9428 30.06
9065 29.72
10228 28.94
12789 28.04
15390 26.95
11826 27.12
13293 27.13
12704 27.24
12011 27.18
13115 27.21
12604 27.22
11983 27.27
12621 27.35
12323 27.37
11143 27.27
11647 27.41
14092 26.92
12725 27.01
12423 26.87
12484 26.86
11998 27.06
12769 27.05
12319 27.08
13538 26.83
14580 26.73
12859 26.18
11765 25.90
12523 25.75
10526 25.73
35279 25.14
4348 29.67
9427 26.21
10434 25.60
12127 25.35
11912 25.32
12704 24.72
11616 24.49
11191 24.48
11207 24.35
11932 24.20
12902 24.29
11598 24.67
10927 24.66
11324 24.48
11568 24.31
11124 24.28
12649 23.72
10972 23.84
11492 23.58
10928 23.43
11020 22.98
10407 22.61
11223 23.13
11972 22.99
12496 23.33
12255 23.36
11175 23.24
12364 22.72
10813 22.92
11605 22.29
11634 22.57
32796 20.13
10488 23.61
9869 24.07
10117 24.06
9855 23.78
10731 23.44
12864 22.38
11897 22.18
11886 22.30
13399 22.50
13293 22.45
14432 22.70
12912 22.72
13126 22.71
13183 22.69
11367 23.17
13360 22.88
13428 22.98
14845 23.10
14479 23.32
13988 23.36
14486 23.56
14737 23.75
13608 23.82
13830 24.08
17391 24.38
15743 25.95
13316 27.74
12440 28.84
10097 29.34
9727 29.71
11263 29.62
20223 30.77
5607 31.00
8583 30.14
10304 30.81
10228 30.31
10771 29.50
11916 28.91
10645 29.01
14085 27.69
13955 27.79
10668 27.89
10821 28.21
11346 27.87
11881 27.60
10594 27.82
11311 27.82
11187 27.93
11396 28.03
11489 28.23
12210 28.73
11482 28.54
12921 28.11
10879 27.68
11422 27.29
11699 27.06
12703 26.79
12567 27.11
11363 27.28
11510 27.01
12094 26.55
11395 26.63
12181 26.24
36729 25.71
7030 31.24
7444 30.90
10675 27.83
9644 27.75
10323 27.03
16282 26.79
13977 27.08
12467 26.87
10540 27.11
10755 27.05
10942 26.21
11946 25.67
10478 25.47
10325 25.36
10941 25.33
11764 25.87
12512 26.20
9456 26.09
11411 25.39
10285 25.14
11044 24.81
11212 24.63
10175 24.90
10335 24.11
9530 24.07
9962 23.19
10232 22.61
10616 22.34
12250 21.97
8808 22.10
9470 22.11
31765 22.01
7808 23.42
13240 24.81
17021 25.49
10424 25.46
8613 25.55
8174 25.37
8067 25.50
9119 24.93
11083 24.20
11356 23.85
11191 23.70
12789 24.00
13449 24.32
11156 24.32
10993 24.26
10538 24.52
11340 24.51
11360 24.76
11655 24.80
11689 25.18
12089 25.64
12210 25.74
12655 26.04
12507 26.34
11829 26.47
12589 26.83
12841 27.20
12631 27.34
13238 27.71
12092 28.00
12376 27.98
36499 25.47
6543 30.45
7287 29.80
8963 28.28
8695 27.63
10473 26.71
12275 25.60
12946 25.53
16201 25.75
14801 26.09
11419 26.32
10970 26.33
10806 26.61
11203 26.39
11342 26.36
11550 26.27
12529 25.87
11158 26.10
11857 25.95
12483 25.94
11514 26.15
13260 25.83
12211 26.17
12135 26.13
12551 26.18
13044 26.22
12735 26.39
14158 25.98
13518 26.08
13624 25.97
13380 25.96
11933 25.88
35599 25.63
4375 31.69
10221 27.04
11928 26.17
12245 25.88
11213 25.85
11642 25.63
11616 25.48
11496 25.48
11889 25.34
12457 25.42
11397 25.33
