33730 30.45
2701 35.30
6729 31.36
10686 29.48
12393 28.80
15868 27.71
13101 28.07
10509 28.25
12657 27.60
12817 27.55
10959 27.55
12024 27.07
10002 27.45
11604 26.80
13814 26.21
16635 26.42
16095 26.28
15300 26.26
14760 26.36
10767 26.29
11273 25.93
10722 26.06
10734 25.72
12284 25.77
11891 25.71
10180 25.45
10668 24.96
10633 24.31
11746 24.23
11292 24.74
12604 24.40
11125 24.75
32062 25.79
7132 26.41
10583 25.45
10735 24.97
10064 24.58
12295 24.59
13102 24.82
14232 24.37
16469 24.90
11768 24.97
11164 24.70
13015 24.68
12126 24.63
12644 24.42
14720 24.67
11459 24.57
13392 24.59
9870 24.35
12420 24.42
11178 24.07
12395 23.62
12035 23.79
11484 24.11
13615 24.15
20114 24.76
18432 25.28
12917 25.54
12134 25.92
10294 26.40
12028 25.78
13928 25.60
12796 25.62
30205 29.42
4377 31.81
8091 30.34
8675 30.25
12969 28.69
11648 28.07
14553 27.27
13223 27.13
11735 27.14
12957 27.09
12817 27.20
12487 27.08
13363 27.12
12508 27.17
12220 27.16
12805 27.29
13000 27.13
12707 26.95
12644 27.06
13571 26.95
12773 27.05
12526 26.96
12516 26.83
13654 26.65
13699 26.77
13290 26.80
12867 26.90
12906 27.15
12461 26.43
12896 25.80
12651 25.81
10779 25.68
35484 25.07
4568 29.42
9451 26.20
10383 25.58
12449 25.25
11853 25.38
12630 24.69
11905 24.50
11366 24.49
11341 24.24
12126 24.18
11965 24.66
12694 24.36
10847 24.60
11458 24.32
11778 24.16
11397 24.22
12877 23.67
11377 23.72
11637 23.63
10875 23.49
11409 22.91
10504 22.48
11344 23.07
12249 22.90
12572 23.29
12620 23.24
10960 23.17
11367 23.00
12217 22.48
11179 22.36
12281 22.36
33005 20.06
11100 23.36
10738 23.66
10802 23.66
9724 23.60
10915 23.31
11963 22.63
12300 22.12
12079 22.21
13511 22.44
13185 22.42
14759 22.57
12689 22.65
13928 22.49
13447 22.51
11732 23.01
13558 22.79
13733 22.89
14899 23.00
14894 23.27
14183 23.31
14738 23.47
14952 23.67
13754 23.77
14225 23.99
17336 24.32
16165 25.83
13092 27.82
13323 28.52
10322 29.11
9944 29.39
11130 29.65
20366 30.72
5673 31.07
8814 29.99
10286 30.74
10415 30.25
11631 29.26
11870 28.84
11743 28.68
13859 27.60
14079 27.73
10633 27.89
11162 28.09
11107 27.88
11294 27.78
10862 27.85
11703 27.66
13085 27.44
10934 28.07
12563 27.90
13777 28.20
11453 28.39
11144 28.35
11353 27.46
10948 27.38
11332 27.18
12006 27.03
12762 27.01
12209 27.02
12719 26.53
11283 26.72
12179 26.38
11902 26.21
37617 25.50
6905 31.18
8056 30.67
9710 28.03
11138 27.29
10586 26.98
16497 26.77
14081 27.01
11472 27.25
10295 27.33
11400 26.89
9799 26.62
11238 26.03
10500 25.56
11194 25.16
10521 25.43
12274 25.76
12282 26.26
9947 25.77
11535 25.38
11269 24.69
10910 24.79
11317 24.54
10252 24.90
10669 23.96
9804 23.90
9875 23.20
10447 22.60
11004 22.18
12093 21.99
9382 21.88
10222 21.89
32167 21.89
8126 23.24
13217 24.76
17187 25.44
10633 25.39
9199 25.45
8029 25.40
8088 25.42
10114 24.68
9762 24.56
10446 24.10
12502 23.54
12627 24.04
13966 24.19
11206 24.29
10864 24.25
11051 24.23
11549 24.49
11417 24.61
11755 24.72
12017 25.18
12113 25.47
11926 25.72
13210 25.91
12381 26.26
11983 26.35
12953 26.63
13340 26.97
12687 27.31
13376 27.61
12172 28.00
12583 27.85
37343 25.33
6428 30.45
7490 29.57
8941 28.11
9086 27.66
9172 27.20
13495 25.40
12995 25.42
14983 26.00
13548 26.44
11586 26.41
12065 26.10
10772 26.56
11618 26.20
12652 25.92
12026 26.02
11439 26.08
12714 25.67
12401 25.60
12220 25.99
11432 26.23
12192 26.18
12368 26.11
13504 25.84
13234 26.00
12969 26.17
12914 26.37
14569 25.82
13711 26.02
13799 25.98
13574 25.86
11987 25.84
36085 25.51
4354 31.60
10582 27.00
11104 26.48
12195 25.82
12448 25.67
11750 25.59
11418 25.46
11865 25.36
11922 25.24
12953 25.14
11468 25.31
