34266 30.27
2894 34.88
6448 31.29
11734 29.07
13763 28.44
15571 27.70
13480 27.96
11987 27.89
12760 27.50
12844 27.41
11098 27.38
12621 26.94
11580 26.89
12182 26.50
13411 26.29
15915 26.59
15742 26.27
16105 26.12
15171 26.13
11395 26.07
11395 25.72
11044 25.82
11041 25.57
11854 25.74
12832 25.41
10414 25.34
11107 24.54
10740 24.24
11595 24.32
12162 24.39
12482 24.33
12401 24.30
33345 25.45
7332 26.17
10766 25.32
11140 24.81
10102 24.46
13164 24.33
13411 24.60
14651 24.17
17728 24.65
11291 24.83
11635 24.51
13423 24.38
12340 24.40
13440 24.11
15443 24.46
12218 24.38
13330 24.45
10477 24.14
12604 24.40
11439 24.05
12653 23.52
12839 23.62
11611 24.04
14194 23.99
20798 24.53
18580 25.16
13647 25.35
12721 25.76
10937 26.02
12431 25.55
14222 25.47
13331 25.44
30891 29.26
4263 31.80
7919 30.25
10184 29.80
12391 28.63
12126 27.94
13567 27.51
12749 27.27
13262 26.81
13822 26.91
13888 26.92
13052 26.86
13199 27.00
13017 27.11
12712 26.98
13353 27.14
13421 26.96
12895 26.78
13179 26.93
13523 26.98
13105 26.76
12826 26.66
12821 26.64
13042 26.84
13365 26.88
13940 26.61
13363 26.76
13802 26.94
13008 26.17
12791 25.71
13328 25.53
11242 25.53
36608 24.79
4671 29.14
9876 26.03
10899 25.30
12638 25.07
12062 25.10
13314 24.42
12212 24.30
11887 24.21
11595 24.10
12248 24.09
12548 24.40
12861 24.14
11342 24.30
11835 24.23
12306 24.02
12662 23.60
12388 23.69
11896 23.49
11953 23.38
11102 23.24
11989 22.64
11008 22.30
13001 22.44
11535 23.06
13461 23.05
12808 23.11
11482 23.07
11737 22.86
12426 22.32
11437 22.25
12607 22.16
33509 19.93
12355 22.92
10986 23.52
10849 23.65
9862 23.50
10984 23.25
13660 22.09
11092 22.39
12781 21.99
14256 22.22
13844 22.17
15368 22.40
13176 22.50
13999 22.34
13759 22.37
13304 22.43
13948 22.62
13940 22.74
15319 22.88
15357 23.16
14481 23.25
14928 23.41
15440 23.50
14446 23.55
14507 23.79
17913 24.13
16820 25.55
12444 27.95
14205 28.16
11980 28.39
11516 28.41
12629 28.59
17551 31.91
5417 31.80
8942 30.30
10755 30.90
10696 30.40
11971 29.16
11138 28.99
11958 28.57
14370 27.51
14368 27.64
12661 27.31
12331 27.52
12397 27.28
11406 27.53
11771 27.42
11460 27.58
13301 27.33
11995 27.66
12318 27.84
13684 28.20
12266 28.15
11584 28.16
11448 27.42
12546 26.75
12267 26.75
11620 26.98
12698 27.06
13130 26.77
12466 26.54
12136 26.40
12130 26.36
12254 26.05
38931 25.14
7097 31.16
7676 30.67
9895 27.94
11991 27.02
10931 26.87
16847 26.63
14652 26.77
13049 26.64
11014 26.76
11481 26.74
10221 26.40
11902 25.77
10368 25.51
11767 24.96
10955 25.25
12375 25.73
12963 26.02
10624 25.55
11678 25.23
10350 25.00
11395 24.67
12121 24.31
10310 24.77
11074 23.83
9883 23.80
10366 22.98
10731 22.34
11261 22.10
12764 21.76
9398 21.76
9565 21.97
32495 21.81
8513 23.10
14882 24.06
17709 25.18
10925 25.27
9625 25.17
8405 25.15
8231 25.20
9658 24.68
11572 23.82
11227 23.74
12442 23.27
13318 23.73
14199 23.99
11572 24.05
11067 24.14
10334 24.45
10810 24.75
10297 25.06
12105 24.74
12700 24.98
12986 25.35
12660 25.40
13868 25.65
12708 26.03
12530 26.12
13412 26.49
13859 26.77
12788 27.14
13924 27.37
12461 27.71
13099 27.65
38894 24.98
6461 30.54
7758 29.74
9015 27.88
9252 27.45
10159 26.53
12712 25.50
13740 25.24
15158 25.84
14669 26.19
11763 26.24
12553 25.90
12664 25.91
11754 26.10
12623 25.90
12555 25.84
12013 25.84
12527 25.58
11853 25.73
13783 25.53
13527 25.48
13769 25.60
14327 25.66
13550 25.64
14188 25.64
13944 25.74
14500 25.92
14146 25.88
13643 25.95
13813 25.87
13652 25.86
12614 25.63
36191 25.49
4404 31.64
10980 26.72
11940 26.12
12060 25.72
12609 25.55
12286 25.40
12294 25.29
11931 25.25
12268 25.16
13031 25.16
12046 25.08
