35817 29.90
2966 34.73
6091 31.57
12647 28.68
14692 28.06
15658 27.39
13815 27.66
12541 27.67
13103 27.31
13409 27.30
12281 27.01
12786 26.86
11946 26.72
11401 26.69
14929 25.88
17528 26.08
17125 25.92
15934 25.98
15673 26.01
11574 26.01
11619 25.66
11148 25.70
11528 25.39
12638 25.52
12308 25.49
11545 24.88
11047 24.52
11132 24.01
11598 24.21
12807 24.16
13036 24.16
12451 24.24
34031 25.24
7515 26.04
11179 25.12
11613 24.59
10655 24.26
13478 24.18
13676 24.49
15010 24.06
18288 24.46
12347 24.65
11896 24.39
13940 24.26
12444 24.31
13518 23.97
15985 24.35
12790 24.19
13366 24.38
11319 23.95
14263 23.89
12559 23.62
11426 23.64
12505 23.57
13352 23.60
14070 23.97
21309 24.37
19149 25.05
14792 25.07
14296 25.31
13768 25.30
12596 25.35
13872 25.38
13496 25.43
29072 29.72
5135 31.53
7366 30.98
8794 30.37
10419 29.35
12603 28.15
14771 27.27
15775 26.64
13053 26.70
13906 26.80
13733 26.81
13557 26.73
14126 26.76
13508 26.87
12709 26.81
14038 26.94
13675 26.85
11413 27.04
13222 26.84
14663 26.66
13467 26.65
13172 26.57
12664 26.69
14311 26.43
15180 26.40
14015 26.51
13799 26.61
13918 26.86
14469 25.75
12670 25.42
13424 25.29
11553 25.33
37765 24.51
4734 29.16
10236 25.83
10984 25.25
13543 24.81
12299 24.97
13637 24.22
12536 24.12
12137 24.04
12087 23.78
12423 23.95
13136 24.09
13135 23.97
11768 24.12
12232 23.92
12616 23.83
13182 23.42
12864 23.45
12063 23.34
12531 23.12
11385 23.12
12001 22.55
11386 22.07
12295 22.71
12824 22.57
13522 22.91
13366 22.94
11750 22.90
12178 22.73
12635 22.22
11899 22.03
13268 21.90
34153 19.79
12666 22.79
11922 23.19
11066 23.47
10028 23.47
11127 23.16
12783 22.31
12424 22.04
12971 21.85
14724 22.06
14330 22.02
15716 22.24
13738 22.33
14254 22.21
14173 22.28
13537 22.31
14293 22.44
14532 22.51
15825 22.67
15588 22.98
15003 23.01
15198 23.23
16105 23.22
14720 23.41
15264 23.62
18424 24.01
17645 25.26
13963 27.39
15040 27.77
10947 28.62
10205 28.90
11927 29.20
21409 30.32
5929 30.53
8768 29.96
10964 30.47
11136 29.96
11814 28.98
13469 28.21
11946 28.34
15206 27.12
14841 27.37
11282 27.60
12182 27.64
10947 27.76
12301 27.43
13530 26.81
12864 26.94
12459 27.33
11621 27.74
11640 28.03
12591 28.54
12056 28.28
14743 27.47
13915 26.69
12480 26.57
11445 26.84
12639 26.67
13835 26.61
12530 26.78
12043 26.53
13238 26.01
12121 26.24
11794 26.17
39855 24.93
7831 30.62
7945 30.25
10247 27.73
11192 27.18
11844 26.56
17306 26.46
15350 26.56
13339 26.41
11766 26.50
10287 27.02
10878 26.18
12864 25.37
10465 25.40
12113 24.81
11105 25.06
13069 25.39
13424 25.77
9981 25.68
12347 24.99
10816 24.81
11562 24.60
12506 24.16
11272 24.48
11786 23.52
10171 23.54
10096 22.95
11621 22.11
10380 22.28
12894 21.77
10316 21.47
10876 21.49
33497 21.54
8776 22.98
15357 23.87
17257 25.34
10159 25.47
9337 25.21
8558 25.10
9278 24.94
12197 24.00
10574 24.06
11337 23.66
12826 23.23
13620 23.63
14443 23.90
12087 23.96
11496 23.99
11988 23.92
11927 24.22
11912 24.35
12934 24.38
12741 24.82
13085 25.13
12821 25.29
14340 25.51
13316 25.80
12983 25.91
13780 26.33
13609 26.79
13297 27.02
14604 27.10
12847 27.58
13178 27.58
40128 24.72
6568 30.27
7745 29.63
9344 27.76
9445 27.23
10482 26.38
12623 25.40
13264 25.30
14636 25.96
13735 26.34
11819 26.30
14105 25.55
13231 25.72
11818 25.97
13077 25.69
12357 25.72
12670 25.62
13793 25.31
12775 25.47
12921 25.60
12791 25.70
14440 25.46
14796 25.45
13919 25.49
14761 25.51
14690 25.60
14881 25.64
14823 25.64
13946 25.86
14292 25.69
14443 25.61
13008 25.44
36150 25.50
4736 31.11
10849 26.75
12515 25.89
12896 25.59
13150 25.32
12703 25.31
12486 25.18
12419 25.08
12637 24.96
13354 24.95
12885 24.93
