36564 29.73
3055 34.21
7854 30.62
12660 28.66
13887 28.14
14397 27.70
14818 27.47
12654 27.59
12855 27.30
14025 27.14
12559 26.95
12709 26.72
12624 26.59
12336 26.41
14357 26.03
17771 26.05
17195 25.86
16264 25.92
15517 25.94
11814 25.91
11624 25.54
11644 25.61
11615 25.35
12315 25.67
12531 25.26
10886 25.08
11151 24.49
11615 23.90
12795 23.82
12361 24.27
13321 24.02
12642 24.17
34304 25.16
7459 25.92
11626 25.01
11870 24.50
10689 24.19
13575 24.07
13981 24.31
15330 23.97
18591 24.32
12304 24.50
12305 24.26
14176 24.14
12851 24.14
13874 23.92
16020 24.28
12923 24.08
13502 24.31
11497 23.83
14509 23.82
13210 23.45
12405 23.40
13199 23.45
12374 23.75
15133 23.77
21529 24.34
19257 24.99
14768 25.04
12864 25.55
11363 25.99
12547 25.44
15014 25.20
13991 25.22
32808 28.80
4377 31.90
7759 30.16
9432 29.91
12477 28.57
13935 27.54
15369 26.91
14946 26.70
12573 26.65
14771 26.65
14058 26.72
13494 26.69
14346 26.73
14214 26.69
13165 26.80
14842 26.76
13693 26.81
13356 26.66
13906 26.65
13771 26.73
13211 26.62
13391 26.57
13989 26.36
14482 26.44
15249 26.34
14156 26.42
14069 26.48
13796 26.83
14534 25.72
12648 25.46
13894 25.24
12148 24.99
38036 24.45
4953 28.81
10213 25.76
11455 25.06
13537 24.74
12688 24.79
13457 24.20
12681 24.09
12391 23.88
11946 23.76
12437 23.99
13120 24.09
12365 24.27
12635 23.89
12132 23.92
12878 23.69
12585 23.67
13303 23.33
12322 23.21
12694 23.05
11442 23.02
12402 22.42
11341 22.06
12612 22.49
12776 22.49
13768 22.84
13641 22.81
12096 22.76
12158 22.65
12827 22.14
12262 21.90
13123 21.86
34454 19.73
12816 22.71
11846 23.22
11534 23.31
10310 23.30
11444 23.09
13471 22.09
13747 21.53
12995 21.78
14964 21.98
14354 21.97
16044 22.12
13596 22.22
14491 22.15
14300 22.22
13807 22.19
14463 22.38
14719 22.48
15790 22.63
15939 22.92
15514 22.94
15599 23.12
16482 23.18
14768 23.32
15278 23.54
18835 23.87
16996 25.46
13998 27.47
14980 27.81
11253 28.52
10453 28.77
12072 29.07
21745 30.21
5859 30.76
8938 29.96
10906 30.52
11297 29.84
12080 28.91
13235 28.24
13094 28.02
15035 27.08
14962 27.32
11641 27.50
12234 27.63
14002 26.89
13151 26.90
12211 27.02
12321 27.07
12203 27.39
12409 27.45
12450 27.81
13210 28.26
13519 27.82
12993 27.71
12271 27.16
12587 26.71
12789 26.54
13607 26.38
14433 26.43
12567 26.72
12346 26.57
13396 25.95
12216 26.12
11982 26.13
40437 24.83
7987 30.47
8612 29.95
10295 27.63
11029 27.18
12005 26.43
17582 26.34
15479 26.43
13498 26.32
12846 26.09
11442 26.48
10462 26.12
12051 25.52
11349 25.02
12354 24.60
11425 24.94
12951 25.40
13622 25.64
10063 25.51
12967 24.81
11791 24.37
12255 24.19
11730 24.28
12209 24.15
11577 23.49
10900 23.35
9981 23.06
11423 22.09
12038 21.89
13062 21.62
9776 21.50
10370 21.66
33994 21.39
9037 22.95
15532 23.78
17417 25.32
10660 25.35
9277 25.25
8758 25.09
9483 24.81
11144 24.24
11839 23.64
12200 23.39
12449 23.23
14088 23.48
14560 23.82
12397 23.81
11627 23.90
11824 23.88
12450 24.04
12152 24.32
12831 24.32
12931 24.74
13249 25.03
13015 25.21
14172 25.42
13978 25.70
13142 25.88
13509 26.27
14145 26.63
13467 26.85
14894 26.97
12954 27.44
13474 27.42
40768 24.63
6787 30.06
7743 29.49
9485 27.65
10691 26.68
12168 25.73
14364 24.94
13009 25.19
15710 25.58
15511 25.84
11895 26.05
13205 25.64
12970 25.73
12188 25.79
12016 25.86
12623 25.71
13667 25.46
12547 25.48
12546 25.49
13976 25.37
12671 25.76
14657 25.27
13718 25.65
13212 25.63
14237 25.58
15075 25.50
15468 25.54
14909 25.50
14786 25.63
14829 25.54
14718 25.53
13339 25.39
37315 25.22
4838 30.69
10945 26.78
12812 25.80
13294 25.44
13388 25.26
12676 25.20
12866 25.09
12937 24.95
12816 24.86
13363 24.95
12937 24.76
