37054 29.62
3119 34.02
8072 30.29
13059 28.47
12997 28.25
15058 27.54
14869 27.41
13025 27.50
13301 27.23
14114 27.06
12970 26.83
12805 26.76
12653 26.44
12914 26.25
14520 25.98
18111 25.96
17481 25.75
16423 25.79
16066 25.87
11718 25.81
11757 25.49
11725 25.56
11703 25.22
12452 25.47
13245 25.08
11776 24.79
11463 24.39
11771 23.74
12708 23.74
12686 24.11
13420 24.00
12658 24.05
34953 25.00
7835 25.81
11635 24.94
11941 24.45
10869 24.06
13971 23.93
14440 24.24
15169 23.87
18643 24.30
12924 24.43
12381 24.16
14449 24.04
13067 24.09
13830 23.87
16284 24.25
13262 23.99
13624 24.21
12000 23.71
13287 24.03
12246 23.77
12981 23.34
14180 23.30
11804 23.85
15456 23.71
21779 24.27
19787 24.89
15058 25.00
15439 25.08
14086 25.22
12904 25.21
14134 25.30
13984 25.28
28814 29.81
5841 31.22
7279 30.83
10780 29.54
13294 28.35
10867 28.14
16466 26.87
15085 26.59
12978 26.61
14293 26.69
14034 26.70
13485 26.67
14456 26.68
14078 26.68
13093 26.65
14526 26.76
14126 26.71
13755 26.55
13956 26.63
14215 26.67
13271 26.57
12753 26.61
14578 26.22
12968 26.64
14785 26.43
15397 26.27
16066 26.02
16946 25.91
12855 25.81
12706 25.33
13858 25.26
12118 25.07
38916 24.23
4825 28.87
10504 25.72
11383 25.04
13903 24.65
12950 24.62
13897 24.10
12801 23.97
12529 23.90
12329 23.70
12965 23.70
13131 24.00
12769 24.21
12703 23.83
12218 23.92
12997 23.58
12654 23.57
13777 23.14
12801 23.10
12623 23.14
11732 22.91
12654 22.36
11265 22.07
12863 22.47
12831 22.52
14209 22.74
13432 22.76
12346 22.64
12461 22.54
12991 22.08
12550 21.82
13330 21.86
34690 19.66
12951 22.63
12231 22.98
11971 23.11
11021 23.01
11413 22.93
13418 22.10
14034 21.47
13069 21.69
15048 21.89
14522 21.90
15934 22.03
14050 22.12
13473 22.49
14766 22.09
12817 22.53
15000 22.24
14916 22.36
16073 22.52
16040 22.78
15689 22.74
15742 22.98
16294 23.17
15195 23.20
15649 23.44
19205 23.74
19211 24.77
13864 27.33
15081 27.81
12350 28.12
11133 28.35
12647 28.67
20902 30.51
6126 30.46
9203 29.83
11385 30.25
11332 29.81
12078 28.86
13442 28.19
12897 28.06
15413 26.99
15569 27.12
11692 27.38
11949 27.62
11218 27.64
13023 27.13
12797 27.00
12855 26.95
12536 27.31
12485 27.46
12384 27.78
14101 28.01
12195 28.08
14721 27.30
12619 27.01
11872 26.86
13575 26.30
13327 26.34
15102 26.20
13020 26.52
13533 26.04
12841 26.04
12550 26.00
11983 25.97
40859 24.74
8305 30.32
8311 30.09
10683 27.53
12348 26.75
12033 26.45
17935 26.27
15468 26.44
12411 26.74
11133 26.77
12384 26.35
10859 26.05
13260 25.12
10831 25.17
11373 24.93
12243 24.69
13131 25.32
13736 25.58
10316 25.44
12134 25.05
12749 24.14
12484 24.04
13256 23.78
12007 24.04
10685 23.66
11251 23.27
11283 22.50
10885 22.17
11693 21.91
14026 21.30
10863 21.15
11567 21.15
34474 21.28
9571 22.75
15415 23.78
17712 25.26
10552 25.32
9737 25.16
8585 25.05
9339 24.81
12134 23.89
11665 23.61
12854 23.16
13253 22.97
13747 23.52
14647 23.79
12727 23.73
11871 23.83
12108 23.80
12606 23.97
12337 24.24
13045 24.24
13210 24.63
13174 25.08
13055 25.18
14190 25.42
14118 25.65
13200 25.79
13655 26.24
14321 26.51
13757 26.80
15073 26.93
13411 27.29
13448 27.40
41115 24.54
6926 29.93
7884 29.33
9634 27.57
10744 26.60
10976 26.13
13738 25.14
14321 24.87
15926 25.53
15723 25.80
12267 25.96
13624 25.50
13399 25.63
12439 25.65
13251 25.51
13085 25.47
12754 25.51
14065 25.15
13860 25.18
13212 25.51
13035 25.58
13128 25.68
13973 25.70
13968 25.50
14681 25.49
14012 25.81
14545 25.72
14062 25.79
15507 25.48
14964 25.44
15199 25.39
13672 25.32
39715 24.67
4867 30.96
10738 26.72
12097 25.82
14029 25.21
13442 25.11
13271 25.01
12901 24.90
13220 24.80
13152 24.76
14104 24.80
13460 24.67
