2522 49.98
439 49.89
655 48.32
1044 45.46
1015 44.08
1063 44.15
1199 43.15
1177 43.64
1247 43.05
1101 42.83
1269 42.77
1363 42.92
1335 42.49
1243 42.26
1315 41.87
1294 42.13
1219 41.63
1227 42.08
1194 42.63
1420 41.97
1347 41.28
1400 40.66
1347 40.86
1393 40.71
1256 40.82
1369 40.35
1292 39.78
1304 39.86
1257 39.75
1444 39.70
1248 40.14
1256 39.94
3021 43.59
650 42.64
845 42.29
1289 40.37
1104 40.18
1065 39.82
1257 39.39
1170 39.34
1132 39.95
1104 39.77
1178 38.73
1051 38.95
1067 38.62
1159 38.42
855 38.86
1275 38.12
1234 38.41
1297 38.28
1488 37.77
1150 37.95
1189 37.28
1234 36.68
1159 38.43
1227 38.92
1337 39.43
1332 39.37
1126 39.81
1544 38.98
1500 39.00
1501 38.90
1299 39.36
1207 39.28
3069 44.23
943 43.18
1055 43.48
1060 42.74
1042 42.84
1318 42.12
1162 41.97
1183 41.87
1205 41.51
1265 41.42
1284 41.93
1147 41.93
1140 42.01
1330 41.05
1242 41.26
1246 41.35
1411 41.13
1185 41.54
1326 41.27
1525 40.65
1237 40.84
1294 41.06
1269 41.43
1425 40.55
1778 40.13
1704 40.86
1571 40.58
1344 40.21
1470 40.09
1212 40.46
1301 40.38
1293 40.68
3516 43.00
933 42.66
984 42.15
1207 40.55
1271 40.77
1232 40.34
1292 40.45
1405 41.14
1505 39.92
1711 39.20
1577 39.58
1769 39.25
1848 39.50
1720 40.27
1684 40.13
1664 40.11
1538 39.52
1463 40.48
1258 41.18
1169 41.03
1084 41.52
1021 41.93
1113 41.82
1283 42.50
1193 42.45
1337 42.49
1332 41.86
1293 41.30
1403 40.56
1307 40.00
1491 39.99
1348 40.09
3581 38.83
819 41.01
1001 42.13
1193 42.51
1070 42.61
1025 41.42
1301 40.23
1353 39.45
1423 40.61
1372 40.72
1329 40.90
1358 41.07
1221 40.41
1261 40.47
1366 40.00
1185 40.17
1537 40.22
1412 40.21
1523 40.55
1596 40.66
1598 40.12
1398 40.94
1560 40.51
1669 40.95
1749 40.93
1722 41.64
1834 42.13
1778 42.58
1629 43.29
1471 44.19
1316 43.88
1338 45.03
1979 49.08
716 48.33
947 47.72
1038 46.67
998 46.94
1054 46.19
1176 45.16
1145 44.34
1112 43.87
1245 43.90
1117 44.81
1161 43.36
1183 43.26
1213 44.04
1241 43.16
1358 43.61
1110 43.76
1162 43.17
1086 43.53
1152 43.63
1250 43.77
1177 43.21
1234 43.07
1335 42.87
1365 43.25
1272 43.36
1333 44.16
1436 44.13
1497 43.50
1488 44.28
1319 43.38
1106 44.12
3419 43.00
784 45.18
877 43.81
918 44.77
916 44.61
1217 43.42
1162 42.43
1352 42.62
1207 43.28
1206 42.73
1222 43.48
1084 42.96
1175 42.98
1189 43.53
1177 42.64
1270 42.44
1279 41.60
1264 42.30
1147 42.27
1125 41.88
1234 41.24
1251 40.38
1266 40.08
1166 39.96
1242 40.49
1204 40.31
1213 39.96
1163 40.01
1251 38.86
1354 38.62
1097 38.75
1105 38.70
3372 37.19
879 39.50
1017 39.89
955 40.26
816 40.81
1255 39.30
1256 38.95
1242 39.06
1116 39.24
1068 39.65
1074 39.24
1172 39.23
1507 39.42
1419 39.45
1421 38.93
1319 39.09
1292 38.51
1231 39.81
1552 39.41
1505 39.34
1422 40.89
1499 40.64
1469 40.71
1393 41.35
1404 41.13
1522 41.01
1547 41.55
1562 42.34
1660 42.18
1649 42.58
1525 43.19
1509 43.05
2532 44.53
828 46.34
936 46.78
897 45.27
1148 44.01
1093 42.81
1128 42.83
1188 42.53
1214 43.44
1150 43.28
1109 43.07
1124 43.32
1283 43.25
1213 42.86
1239 42.27
1168 42.73
1105 42.41
1250 41.97
1218 42.42
1193 42.68
1169 42.73
1252 42.27
1296 41.92
1209 42.80
1341 42.50
1202 43.02
1308 43.24
1260 42.64
1251 42.95
1358 42.40
1571 41.53
1383 41.96
3654 41.02
964 43.65
999 43.72
1019 43.48
977 43.01
1198 41.76
1202 41.48
1375 41.11
1260 40.74
1234 40.24
1114 41.28
1319 40.80
