37931 29.43
3184 33.75
8629 30.10
10438 28.95
15488 27.78
16029 27.23
16296 27.04
12671 27.33
14632 26.90
15239 26.86
12568 26.79
12877 26.61
12963 26.40
12538 26.31
15820 25.64
18497 25.82
17570 25.66
17171 25.66
16483 25.72
12014 25.61
12026 25.30
12243 25.27
11860 25.06
12510 25.50
14025 24.92
11779 24.67
11852 24.21
11933 23.66
13300 23.59
12860 24.08
13691 23.85
12956 23.96
36090 24.73
7911 25.55
12149 24.69
12428 24.21
11375 23.87
14306 23.78
14903 24.07
15935 23.72
18919 24.15
13413 24.20
12698 24.08
14988 23.85
13456 23.97
14358 23.74
16102 24.09
13569 23.88
14902 24.02
11919 23.66
14216 23.85
14239 23.31
13617 23.12
13868 23.27
12424 23.68
15361 23.64
22343 24.13
20009 24.80
15439 24.94
13463 25.36
13431 25.33
14281 24.95
14785 25.10
14526 25.07
32513 28.87
5652 30.90
8613 29.78
10674 29.36
13459 28.09
11038 27.99
15177 26.96
16404 26.41
13522 26.43
15173 26.47
14521 26.55
14129 26.50
14478 26.57
14456 26.54
13975 26.47
15012 26.60
14428 26.59
14075 26.38
14374 26.44
14902 26.45
14040 26.44
13897 26.33
14311 26.18
14033 26.37
14431 26.46
15912 26.03
16293 25.87
17526 25.74
13265 25.58
12735 25.21
14464 25.01
11245 25.21
39665 24.04
5153 28.54
10802 25.45
12014 24.87
14166 24.46
13203 24.59
14467 23.89
13169 23.76
12711 23.70
12769 23.47
12676 23.85
14022 23.82
14128 23.62
12131 23.78
12940 23.61
13357 23.40
12905 23.47
14366 22.93
12666 23.00
13263 22.81
12394 22.67
12548 22.26
12172 21.78
13701 22.06
12679 22.44
14990 22.36
13436 22.80
13018 22.37
14315 21.86
12538 22.14
12993 21.65
13352 21.73
36091 19.38
13570 22.47
12476 22.88
12505 22.91
10941 22.95
12522 22.59
13232 22.02
14410 21.34
13285 21.60
15666 21.77
14872 21.78
16685 21.85
14652 22.02
14348 22.24
14914 22.01
13342 22.38
15237 22.14
15627 22.24
16610 22.37
16627 22.63
16085 22.66
16334 22.80
16855 22.98
15491 23.04
15915 23.25
19785 23.58
18833 24.90
13712 27.37
15414 27.70
12873 27.78
11315 28.22
12715 28.48
21869 30.17
6304 30.23
9417 29.63
11675 30.18
12062 29.58
12333 28.67
13403 28.03
13297 27.91
14678 27.04
16478 26.93
13799 26.80
13724 26.97
12275 27.16
12205 27.22
13341 26.75
13123 26.82
12401 27.20
12364 27.37
13992 27.29
14352 27.88
14076 27.54
13633 27.43
13434 26.76
12099 26.64
12885 26.44
13343 26.44
14711 26.38
13078 26.53
12855 26.26
13890 25.72
13029 25.83
12235 25.90
41877 24.53
8841 30.06
8718 29.87
11095 27.31
11573 26.84
12520 26.19
18616 26.03
15877 26.22
12580 26.58
11842 26.52
12749 26.12
12312 25.39
12539 25.17
11732 24.91
12433 24.51
12281 24.62
13539 25.12
13894 25.48
11112 25.07
13362 24.66
12530 24.08
12191 24.09
12990 23.79
11567 24.15
11734 23.39
11048 23.23
11078 22.55
12197 21.81
11990 21.68
14317 21.20
11219 20.97
12121 20.95
36199 20.87
9568 22.57
16042 23.58
17909 25.28
10221 25.38
8929 25.27
9569 24.70
10665 24.52
10872 24.20
11649 23.59
13454 23.01
12797 22.99
15192 23.20
15379 23.58
12471 23.66
12524 23.58
12144 23.68
13035 23.77
13061 23.95
13326 24.10
13564 24.48
13611 24.92
13588 25.04
14617 25.25
14114 25.56
13615 25.64
15086 25.85
14253 26.47
14046 26.62
15329 26.81
13865 27.04
13465 27.13
42377 24.29
6942 29.99
8305 29.21
10200 27.37
10016 26.96
11704 25.83
14537 24.88
13883 24.92
16539 25.35
15877 25.67
13024 25.65
13850 25.34
13840 25.39
12708 25.54
13904 25.34
13970 25.28
12479 25.53
15571 24.84
14637 24.99
15031 25.01
13905 25.16
13797 25.32
14339 25.42
14009 25.40
14256 25.52
16176 25.22
15982 25.35
15355 25.39
15148 25.49
15399 25.37
15283 25.36
13948 25.16
39666 24.71
4838 30.86
10049 26.91
12759 25.70
14961 25.01
13858 24.99
13598 24.89
13491 24.75
13206 24.76
13608 24.66
14117 24.66
13603 24.59
