39091 29.12
3349 33.48
9453 29.83
13804 28.04
13884 27.79
17414 26.89
14362 27.27
13015 27.29
16219 26.50
15794 26.54
13135 26.63
14637 26.14
13411 26.17
14226 25.81
15091 25.68
19606 25.56
18169 25.47
17813 25.37
16742 25.52
12729 25.38
12514 25.03
12664 25.11
12336 24.83
14218 24.85
13669 24.81
11729 24.65
12048 24.14
12917 23.33
13695 23.38
14979 23.41
13309 23.85
13667 23.70
37802 24.30
8533 25.28
12995 24.43
12803 23.98
11888 23.61
14455 23.67
15355 23.85
16972 23.42
19429 23.97
13791 24.06
13567 23.76
15320 23.68
14538 23.67
15267 23.53
17360 23.79
13791 23.74
15612 23.75
12302 23.52
14797 23.64
14634 23.13
14315 22.98
14069 23.11
14531 23.15
14750 23.71
21148 24.35
19472 24.90
15509 24.93
15293 25.02
16485 24.68
14729 24.76
15574 24.99
14689 24.98
35753 28.10
5055 30.93
8971 29.51
12926 28.61
11304 28.37
14174 27.23
16792 26.41
15870 26.29
13595 26.29
15748 26.21
14960 26.34
14594 26.24
15439 26.31
15924 26.14
14425 26.29
15212 26.39
15619 26.31
14922 26.10
14831 26.27
15523 26.27
15508 26.14
14771 26.07
14857 25.95
15657 25.96
17043 25.86
15516 25.99
15231 26.06
15051 26.36
15259 25.36
13298 25.11
14901 24.78
12420 24.79
40994 23.75
5542 27.93
11180 25.24
11471 24.95
15180 24.22
13889 24.36
14997 23.62
13637 23.47
13587 23.42
13263 23.22
13119 23.51
14824 23.41
14401 23.39
12751 23.51
13796 23.28
13756 23.21
13327 23.19
14930 22.66
13398 22.66
13614 22.60
12946 22.43
13061 22.01
12883 21.51
14563 21.83
13300 22.24
15237 22.27
14598 22.38
12986 22.28
13489 22.13
13948 21.67
13663 21.34
13781 21.54
37306 19.11
14171 22.27
13189 22.61
12649 22.78
11339 22.73
12708 22.40
13702 21.82
14883 21.17
13820 21.37
16693 21.48
15903 21.44
16999 21.73
15412 21.74
14887 22.03
15686 21.73
13843 22.17
15928 21.91
16349 21.95
17305 22.08
17313 22.34
16475 22.44
17108 22.55
17595 22.73
16267 22.80
16376 23.10
20569 23.32
19830 24.55
15137 26.82
16098 27.36
13073 27.68
12277 27.85
13328 28.20
22293 30.03
6449 30.43
10179 29.37
12041 29.94
13676 29.07
12734 28.24
16888 27.02
15384 27.01
14645 26.71
16299 26.79
13112 26.93
13420 27.14
13211 26.86
13282 26.86
12461 26.97
13745 26.66
15834 26.45
15527 26.53
14578 26.80
17055 26.98
14989 27.06
14513 26.95
12908 26.79
13450 26.23
12668 26.38
14386 26.10
15288 26.13
14604 25.92
12849 26.14
13180 25.86
12736 25.83
13790 25.41
43931 24.16
8807 30.08
9038 29.66
11754 27.08
13095 26.36
13046 26.02
19127 25.92
16471 26.00
12944 26.35
12224 26.32
13075 25.96
13145 25.13
12511 25.03
12590 24.47
13081 24.18
12705 24.31
14043 24.81
14685 25.20
11348 24.98
14056 24.32
13096 23.82
13984 23.58
13713 23.56
13093 23.63
11199 23.43
12231 22.82
11858 22.19
11854 21.72
12225 21.59
14208 21.20
12733 20.54
12339 20.88
37020 20.68
10490 22.37
16625 23.36
19400 24.79
11473 24.92
10391 24.80
9108 24.68
10228 24.38
12281 23.70
12759 23.22
13299 22.93
13778 22.77
15312 23.07
15831 23.41
13439 23.39
12892 23.43
12803 23.47
13450 23.61
13190 23.78
13436 23.97
14070 24.19
14031 24.65
14124 24.78
14957 25.03
14631 25.29
14319 25.37
14949 25.76
16162 25.99
14591 26.32
15590 26.59
14173 26.90
14393 26.85
44356 23.91
7100 29.79
8367 29.00
10893 26.92
11619 26.14
11873 25.57
14766 24.61
13845 24.73
18423 24.94
16195 25.48
13624 25.46
15497 25.05
13906 25.25
14785 25.06
12567 25.45
15510 24.89
14743 24.95
12779 25.09
14770 24.90
14640 25.07
13488 25.27
16109 24.84
16752 24.89
15365 24.98
16643 24.84
15828 25.07
16995 25.10
15675 25.23
15569 25.30
15648 25.20
16390 25.05
14360 25.04
39262 24.78
4956 30.64
10848 26.70
14095 25.36
15176 24.86
14225 24.76
14145 24.60
14329 24.59
13799 24.50
13832 24.42
14887 24.39
14072 24.38
