41682 28.57
3561 32.84
10141 29.28
16433 27.36
15532 27.33
16462 26.82
15900 26.89
15609 26.59
15764 26.38
16088 26.34
13979 26.31
14865 25.91
14210 25.89
14737 25.47
17323 25.13
20340 25.34
19429 25.14
18236 25.13
17508 25.20
13329 25.13
13054 24.76
13140 24.79
12849 24.60
14573 24.73
14693 24.40
13192 23.98
13219 23.61
13062 23.18
14617 23.06
15581 23.15
14210 23.51
14844 23.34
39586 23.88
8967 25.03
13272 24.17
13631 23.70
12686 23.34
15669 23.24
15787 23.58
17798 23.15
20800 23.58
14680 23.72
14506 23.53
16170 23.44
14982 23.41
16672 23.13
18452 23.51
14764 23.49
16439 23.52
13318 23.18
15461 23.47
16104 22.83
15116 22.73
15046 22.82
15370 22.96
17556 23.14
23680 23.80
21591 24.24
16431 24.46
15826 24.84
14720 24.92
15712 24.46
16312 24.71
15961 24.66
34587 28.35
5804 30.67
9457 29.35
10490 29.13
15459 27.55
14356 26.93
17686 26.18
17073 25.98
14863 25.92
16504 25.99
16198 26.01
15868 25.97
15780 26.10
15781 26.11
15366 25.99
16000 26.20
16590 26.01
15519 25.90
15765 25.96
16609 25.99
16162 25.86
15729 25.83
15690 25.79
16975 25.69
17110 25.71
15739 25.76
17187 25.51
16664 25.78
15223 25.10
13801 24.82
15506 24.57
12767 24.59
43508 23.23
5747 27.40
11738 24.89
12256 24.68
15870 23.92
14384 24.13
15977 23.28
14132 23.19
14329 23.10
14012 22.93
14036 23.17
15393 23.17
15198 23.09
13619 23.14
14287 22.97
14607 22.85
14306 22.87
15517 22.45
14244 22.41
14469 22.33
13578 22.24
13485 21.76
13759 21.23
15354 21.45
14068 21.95
15741 22.09
15737 22.06
14861 21.66
14934 21.54
14134 21.46
14022 21.17
14719 21.30
37992 18.93
15320 21.84
13837 22.35
13438 22.53
12633 22.23
13799 21.99
14637 21.43
13860 21.31
15473 20.97
17004 21.23
16302 21.23
18269 21.41
16544 21.46
17076 21.38
16417 21.40
16438 21.41
16516 21.64
16836 21.75
18143 21.89
17815 22.16
17390 22.22
17596 22.33
18586 22.46
17035 22.51
16991 22.82
21376 23.12
21201 24.22
15716 26.52
17541 26.72
12929 27.60
11992 27.85
13614 28.16
25250 29.02
7227 29.34
9810 29.04
12853 29.47
13114 29.00
13310 28.10
15979 27.23
14368 27.38
18246 26.15
17214 26.42
13967 26.64
14880 26.74
13645 26.67
14581 26.36
13865 26.44
13683 26.48
15923 26.24
15385 26.49
14651 26.77
16802 27.02
15275 26.99
16350 26.65
15686 25.99
13776 25.97
14247 25.76
14008 25.93
16146 25.70
15328 25.57
13652 25.71
13980 25.43
13817 25.43
13927 25.14
46091 23.75
10119 29.39
9833 29.13
11848 26.87
12627 26.34
14214 25.65
19839 25.66
17576 25.66
15230 25.52
14876 25.22
12979 25.64
11978 25.24
14120 24.56
12931 24.28
13926 23.88
13249 24.11
15057 24.58
15243 24.91
12452 24.57
14183 24.16
14072 23.52
13221 23.64
12992 23.70
14283 23.32
13228 22.68
12734 22.55
11533 22.31
13379 21.28
14404 20.93
14525 20.89
12250 20.58
13021 20.66
39692 20.16
10729 22.20
17788 23.05
20245 24.47
12210 24.57
11079 24.48
9749 24.33
11349 23.98
12194 23.58
12402 23.24
12918 22.97
15259 22.46
16234 22.79
17243 23.03
14142 23.12
13857 23.11
13401 23.22
14206 23.40
13849 23.54
14406 23.71
16302 23.54
16134 23.98
15914 24.11
17110 24.29
16595 24.51
15753 24.75
16884 25.06
17031 25.50
15723 25.72
18179 25.77
16383 26.09
15651 26.30
44088 23.99
7143 29.59
9110 28.61
12012 26.41
13442 25.56
13322 25.04
16052 24.01
15844 24.04
19055 24.53
19554 24.76
15507 24.90
14440 25.02
13131 25.40
15278 24.87
15336 24.91
15459 24.74
15324 24.71
14273 24.82
14671 24.80
15542 24.80
14474 24.99
17499 24.54
17222 24.72
16597 24.64
17430 24.67
16532 24.83
17384 24.88
16771 24.92
16131 25.03
16534 24.95
17088 24.83
15042 24.70
41966 24.28
5142 30.59
13453 25.70
14666 25.05
15098 24.70
15163 24.55
14948 24.45
14796 24.32
14585 24.28
14549 24.15
15976 24.13
14823 24.15
