42393 28.45
3701 32.67
9577 29.41
15831 27.50
16324 27.13
16760 26.76
17484 26.50
15273 26.58
15851 26.32
16218 26.35
14123 26.26
15162 25.84
14431 25.80
15197 25.49
17481 25.05
20523 25.22
19636 25.01
18522 25.08
18007 25.12
13355 25.00
13257 24.68
13068 24.73
13218 24.50
15303 24.47
14818 24.33
13344 23.92
13357 23.52
13257 23.11
14706 23.01
14399 23.40
15307 23.23
14916 23.28
39742 23.82
9154 25.04
13432 24.10
13926 23.63
12946 23.28
15873 23.17
15919 23.53
18162 23.10
20927 23.51
15071 23.60
14628 23.47
16424 23.31
15183 23.33
16840 23.08
18970 23.35
15317 23.36
16435 23.49
13533 23.12
15677 23.48
15993 22.77
15383 22.66
15703 22.76
15320 22.91
18084 23.06
23644 23.78
21714 24.25
17189 24.36
17190 24.48
16451 24.51
15142 24.53
16078 24.72
15917 24.65
32656 28.83
6913 30.35
9293 29.32
11760 28.82
14896 27.58
14888 26.93
17300 26.19
17122 25.94
15189 25.89
16798 25.94
16297 25.97
15777 25.96
15911 26.05
15868 26.06
15631 25.97
16041 26.17
16713 25.99
15646 25.83
16334 25.96
17072 25.91
16047 25.93
15697 25.77
16195 25.71
17100 25.64
17230 25.67
15808 25.67
17356 25.47
16958 25.67
14755 25.09
14313 24.66
15801 24.45
13489 24.29
44206 23.08
5669 27.65
11828 24.82
12543 24.63
15030 24.21
14965 23.98
16134 23.26
14517 23.08
14497 23.02
13187 23.17
14778 22.99
15348 23.17
15570 23.00
13878 23.13
14259 22.98
14794 22.76
14414 22.76
15848 22.33
14350 22.38
14699 22.21
13782 22.13
13875 21.68
13742 21.21
15504 21.41
14297 21.90
16232 22.01
15395 22.09
14035 21.98
15594 21.39
14225 21.48
14292 21.11
15251 21.12
38107 18.90
15390 21.78
13990 22.29
13383 22.52
12911 22.17
13820 21.99
16478 20.96
15031 20.81
15083 20.97
17202 21.17
16620 21.19
18540 21.32
16597 21.43
15553 21.77
15254 21.89
15515 21.72
17102 21.52
17135 21.58
18610 21.77
18395 22.04
17654 22.12
17800 22.29
19000 22.32
17049 22.47
17523 22.62
21536 23.04
23280 23.67
15630 26.55
18420 26.52
12413 27.74
12317 27.73
14129 27.90
25423 28.96
7199 29.14
10380 28.96
12687 29.52
14116 28.66
13657 27.90
16425 26.97
14554 27.20
17950 26.14
17202 26.40
13998 26.58
15444 26.60
14556 26.50
13116 26.63
14871 26.14
14893 26.16
13957 26.62
15180 26.59
15027 26.80
17326 26.91
15273 26.91
14743 26.88
14613 26.30
14208 25.97
14910 25.62
15668 25.47
16618 25.49
14669 25.66
14193 25.57
13921 25.39
14037 25.31
14248 25.06
46843 23.62
10137 29.38
10329 28.99
11971 26.79
12573 26.24
13453 25.88
19525 25.76
16751 25.94
14376 25.81
14355 25.46
13700 25.49
13779 24.72
13974 24.49
12864 24.30
14183 23.79
13326 24.02
15368 24.43
15545 24.78
12124 24.58
14762 24.03
13862 23.52
15001 23.13
14749 23.09
13962 23.29
13395 22.63
12728 22.49
11455 22.15
12950 21.40
14085 20.97
15304 20.77
11474 20.78
12150 20.90
39979 20.08
9804 22.44
18493 22.89
20348 24.39
12309 24.50
11320 24.31
9934 24.25
11222 24.02
13179 23.33
12258 23.22
12923 22.91
16162 22.27
16488 22.73
17168 22.95
14438 23.03
13819 23.08
13821 23.12
14294 23.33
14176 23.44
16223 23.26
16191 23.47
16470 23.84
16008 24.04
17209 24.22
16308 24.54
15962 24.67
17413 24.89
17180 25.42
16108 25.64
18052 25.77
16636 26.00
15872 26.15
44448 23.89
7916 29.10
9268 28.41
13310 25.92
12682 25.53
13871 24.91
15971 23.99
16134 23.99
19494 24.41
19700 24.74
15758 24.84
14862 24.89
15358 24.92
14710 24.93
14642 24.91
15735 24.70
15460 24.66
15398 24.62
15482 24.57
15005 24.88
14842 24.89
17445 24.49
17548 24.59
16424 24.65
17311 24.64
16744 24.76
17044 24.88
17079 24.92
16376 24.95
16799 24.84
17489 24.73
15484 24.67
43361 23.99
5325 30.45
11377 26.22
14555 25.08
16155 24.58
15551 24.42
15395 24.28
15005 24.21
14953 24.17
14997 24.06
15862 24.08
15198 23.97
