2812 48.26
486 47.92
1421 44.31
1467 42.98
1504 42.25
1381 42.07
1675 41.38
1515 41.46
1741 41.11
1456 41.15
1744 40.81
1573 40.58
1556 40.68
1644 40.14
1703 39.88
1511 40.06
1624 39.75
1692 40.00
1649 40.35
1628 40.41
1748 39.56
1778 39.07
1717 38.75
1763 38.66
1720 38.65
1474 38.67
1711 37.91
1646 37.54
1668 37.86
1977 37.63
1706 37.64
1590 37.52
4333 40.97
880 40.35
1176 38.95
1107 39.58
1712 37.88
1381 37.70
1597 37.13
1473 37.32
1454 38.02
1575 37.52
1466 36.76
1574 36.91
1467 36.75
1521 36.35
1384 36.81
1236 36.64
1301 36.68
1498 36.84
1722 35.57
1530 35.76
1510 35.29
1677 35.25
1785 35.77
1769 35.78
2085 36.57
2059 37.09
1615 37.09
1562 37.91
1579 37.52
1536 38.16
1673 37.57
1787 37.55
4185 42.27
1099 41.96
1434 40.85
1536 41.10
1400 40.83
1433 40.40
1618 39.59
1640 39.78
1453 39.81
1531 40.49
1920 39.10
1507 39.87
1558 39.51
1610 39.26
1644 38.72
1551 39.31
1479 39.63
1607 40.07
2045 38.85
1713 38.87
1655 38.89
1694 39.16
1598 39.36
1648 39.19
1986 38.59
2015 38.69
2007 38.37
1884 38.39
1711 38.68
1595 38.69
1806 38.61
1836 38.38
4727 40.77
1176 40.85
1340 40.21
1223 39.57
1671 39.12
1761 38.69
1778 38.17
1656 38.52
1761 38.72
1794 38.16
1851 38.48
2085 38.31
2097 38.42
1936 38.31
1852 39.08
1828 38.32
1716 38.64
1977 37.88
1733 37.80
1787 37.46
1597 37.83
1455 38.25
1671 37.21
2000 37.40
1893 37.94
2110 37.73
2171 37.63
1827 38.12
1735 38.07
1707 37.47
1603 38.15
1799 37.48
4642 36.82
1034 39.15
1299 39.80
1528 38.44
1508 38.48
1473 38.14
1712 37.64
1530 37.46
2071 37.42
2060 37.44
1863 37.90
1941 37.65
1769 37.71
1635 37.68
1505 38.38
1538 38.15
1923 37.98
1819 38.08
1890 38.56
2019 38.46
1902 38.22
1914 38.55
2027 38.64
2061 38.83
2032 39.36
2083 39.94
2206 40.59
2165 40.86
2274 41.22
2050 41.43
1763 42.28
1792 42.27
2828 45.16
1023 45.68
1116 45.38
1259 43.88
1503 43.88
1216 44.32
1427 43.11
1559 42.36
1646 41.55
1617 42.02
1592 42.10
1563 41.71
1593 41.80
1675 41.53
1696 41.09
1603 41.43
1605 41.43
1599 41.00
1555 41.44
1588 41.91
1546 41.92
1566 41.19
1542 40.87
1812 40.92
1637 41.41
1827 40.62
1840 40.70
1754 41.64
1758 42.10
1694 41.99
1633 41.69
1568 41.30
4502 41.06
1184 42.05
1081 42.78
1122 42.26
1294 42.12
1527 40.66
1497 40.35
1675 40.49
1610 40.46
1497 40.55
1500 40.56
1587 39.91
1677 40.69
1572 40.43
1486 40.70
1632 40.34
1753 39.60
1805 39.88
1508 39.76
1616 39.32
1425 39.64
1652 37.91
1507 38.45
1479 38.29
1583 38.34
1476 38.65
1637 37.76
1389 37.88
1416 37.89
1524 36.64
1583 36.36
1272 36.25
4807 35.04
873 37.39
1255 38.03
1283 38.76
1113 39.05
1813 37.75
1537 37.64
1618 37.46
1551 37.63
1280 38.16
1897 36.99
1660 37.07
1686 37.47
1815 37.45
1642 37.34
1717 37.41
1552 37.88
1692 38.16
1710 37.99
1753 38.07
1854 38.85
1840 39.29
1790 40.02
1691 40.16
1819 40.41
1883 40.38
1886 40.71
1854 41.04
1930 40.89
1911 41.29
1881 41.98
1732 42.24
4527 40.15
1290 42.14
1269 42.36
1234 42.07
1160 43.07
1460 42.26
1522 41.24
1686 39.71
1642 41.09
1547 40.82
1430 40.65
1502 41.03
1687 40.20
1502 41.15
1617 40.85
1625 40.27
1499 40.54
1549 40.59
1549 40.32
1668 40.30
1532 40.74
1501 40.42
1706 40.58
1561 40.31
1611 40.91
1671 41.05
1689 40.88
1696 40.69
1571 40.55
1707 40.20
1851 40.17
1669 39.83
5064 38.75
959 42.40
1158 41.97
1449 40.70
1385 40.59
1314 40.49
1687 39.18
1743 38.62
1612 39.15
1492 38.95
1632 38.97
1675 38.86
