3069 47.18
575 46.92
1470 43.49
1932 42.43
1507 41.63
1531 41.29
2028 40.75
1479 41.24
1713 40.97
1954 40.14
1758 40.26
1920 39.94
1844 39.55
1761 39.62
1974 39.05
1817 39.30
1594 38.89
1930 39.12
1983 38.95
1885 38.98
1916 38.69
2040 37.98
1694 37.97
1788 38.20
1845 37.89
1948 37.41
1771 36.89
1875 36.66
1788 36.90
1873 37.21
1799 37.39
1728 36.86
5358 39.46
872 39.84
1086 39.58
1396 38.22
1547 37.52
1858 37.13
1858 36.85
1521 36.77
1934 36.78
1632 36.64
1644 36.15
1656 36.06
1677 35.95
1901 35.28
1546 36.34
1420 35.90
1682 35.71
1870 35.01
1804 34.83
1770 34.87
1594 34.53
1646 35.05
1834 35.56
1633 35.99
2031 36.36
1923 37.05
1642 37.06
1995 36.40
1938 36.49
1876 36.68
1827 36.61
1848 36.58
4822 41.43
1178 40.47
1853 40.11
1756 40.17
1675 40.19
1476 40.23
1679 39.42
2113 38.76
1969 38.59
1867 38.98
1795 39.24
1739 39.44
1584 39.88
2014 38.14
1793 38.49
1869 38.71
1693 38.85
1747 38.93
1829 38.68
2092 38.50
1575 38.75
1730 38.92
1749 38.45
2201 38.35
2118 37.70
2226 38.04
2047 38.19
1890 38.02
1822 38.34
1847 37.99
2109 37.43
1929 37.42
5460 39.77
1278 40.47
1474 39.27
1528 39.36
1662 38.80
2034 37.97
1800 37.71
1908 38.07
1819 37.68
2030 37.60
2502 36.62
2333 37.01
2414 37.12
2328 37.38
2189 37.62
2204 37.28
2004 37.74
1825 37.56
1677 37.83
1899 36.70
1715 37.17
1717 37.75
1925 36.27
2036 37.03
2099 37.49
2349 37.41
2121 37.65
1999 37.55
2079 36.79
1769 36.91
1958 36.62
1948 36.88
5346 35.59
1085 38.75
1367 38.68
1642 38.78
1499 38.74
1717 37.37
2033 36.49
1672 37.11
1716 37.94
2228 36.87
2049 36.86
2305 36.86
1883 36.80
2053 36.66
1965 36.45
1703 37.00
2071 37.00
2007 37.10
2239 37.62
2142 37.81
2104 37.12
2256 37.47
2296 37.37
2229 37.71
2464 37.98
2512 38.53
2651 39.18
2598 39.47
2455 40.10
2188 40.20
1944 41.16
2012 41.69
2544 46.17
906 45.93
1323 44.58
1363 43.60
1548 43.53
1302 44.00
1662 42.42
1806 41.95
1662 41.82
1860 41.04
1610 41.82
1789 41.37
1765 41.16
1887 40.42
1851 41.08
1805 40.72
1630 41.07
1811 40.48
1852 40.53
1773 41.12
1687 41.24
1711 40.44
1849 40.30
1867 40.58
1779 40.87
1850 40.19
2126 39.72
2141 40.32
1954 41.07
2078 40.62
1792 40.83
1677 40.85
4989 40.31
1269 41.80
1277 41.29
1331 41.63
1400 41.45
1814 39.62
1663 39.60
1965 39.40
1790 39.98
1629 40.07
1793 39.82
1801 39.50
1719 39.52
1690 39.78
1690 39.76
1592 39.80
1839 38.91
1683 40.27
1764 39.03
1667 38.50
1766 37.91
1704 37.47
1636 37.48
1658 37.48
1668 37.38
1798 36.57
1688 36.34
1662 36.29
1595 35.88
1897 35.03
1571 35.09
1549 35.01
5090 34.75
890 35.78
1256 36.83
1552 37.43
1438 37.73
1586 37.58
1848 37.11
1600 37.14
1811 36.58
1817 36.29
1659 36.36
1658 36.47
1850 36.78
1727 37.35
1651 37.37
1637 37.48
1712 37.50
1561 38.36
1901 37.74
1915 37.67
2069 38.40
2058 38.63
2058 39.49
2012 39.22
1978 39.82
1990 39.91
1968 40.47
2029 40.56
1976 40.73
2041 41.13
1927 41.19
1887 41.89
5250 39.17
1383 41.59
1396 41.79
1307 41.77
1359 42.35
1566 41.41
1930 39.03
1813 39.64
1742 40.27
1768 40.02
1470 40.27
1755 39.80
1786 40.23
1703 40.56
1828 40.08
1768 39.54
1786 39.61
1675 40.04
1764 39.62
1854 39.53
1635 40.08
1795 39.99
1803 39.74
1713 39.33
1870 40.18
1696 40.55
1834 39.98
1812 40.45
1840 39.81
2100 38.96
2235 38.76
1876 39.06
5308 38.48
1164 41.10
1418 41.06
1404 40.69
1666 39.48
1687 38.65
1626 38.71
2072 37.63
1806 38.05
1694 38.10
1775 38.34
1616 38.94
