3665 45.52
702 45.38
1981 42.24
2198 41.11
2157 40.40
1888 40.21
2408 39.58
2008 39.89
2206 39.14
2048 39.41
2188 39.08
2106 38.61
2192 38.64
2178 38.07
2114 37.67
2171 37.68
2008 38.05
2165 38.18
2435 37.75
2320 37.18
2299 37.01
2256 36.59
2253 36.46
2542 36.50
2309 36.32
2195 36.20
2160 35.40
2404 35.43
2248 35.49
2366 35.64
2176 35.93
2091 35.55
6548 38.06
924 39.38
1427 37.30
1707 36.26
1649 36.35
2321 35.20
2327 35.41
2136 35.17
2023 36.02
2152 35.29
1812 35.10
2183 34.84
1907 34.85
2329 34.40
1791 35.10
1794 34.90
2053 34.52
2210 33.91
1874 34.10
2229 33.47
1981 33.71
2113 33.61
2040 34.00
2237 34.32
2627 34.83
2622 35.18
2142 35.05
2059 35.59
2060 36.15
2033 35.56
2323 35.52
2258 35.70
6182 39.92
1655 38.74
1665 39.64
1772 39.74
2161 39.02
1785 38.82
2199 38.03
2106 38.26
2510 37.22
2198 37.50
2145 38.04
2290 37.59
2153 37.35
2035 37.62
2318 37.13
2213 37.37
2222 37.81
2117 37.13
2461 36.85
2350 37.02
2827 36.56
2300 36.96
1956 37.57
2268 37.34
2410 37.06
2520 36.92
2441 37.27
2147 37.34
2244 36.47
2497 36.38
2544 35.86
2473 36.11
6714 38.21
1305 39.74
1882 38.36
2209 36.87
1943 36.98
2006 37.21
2133 36.65
2285 36.86
2331 36.60
2370 35.89
2694 35.36
2828 35.73
2909 35.68
2745 35.93
2646 35.94
2563 35.74
2344 36.01
2193 36.28
2222 36.15
2425 35.19
2164 35.19
2033 35.41
2248 34.67
2281 35.58
2542 35.60
2497 36.03
2475 35.97
2418 35.96
2480 35.04
2211 35.40
2239 35.41
2276 35.10
6565 33.92
1229 37.79
1637 37.96
1880 36.84
2073 35.99
2250 35.27
2219 35.25
2134 34.89
2590 34.87
2513 35.00
2273 35.32
2505 35.90
2236 35.28
2280 35.09
2331 34.62
2069 35.16
2657 35.25
2618 35.09
2814 35.43
2928 35.66
2702 35.35
2548 35.86
2852 35.87
2939 35.73
2871 36.36
3047 36.71
3155 37.66
2938 38.53
2500 40.01
2172 40.40
2055 40.04
2096 40.64
3434 43.59
1260 43.07
1557 42.35
1944 41.30
1825 41.87
1894 40.91
1931 40.87
2348 40.17
2323 39.13
2203 39.56
2126 39.80
1997 40.19
2184 39.75
2261 39.26
2288 39.19
2183 39.56
2179 39.57
2240 39.43
2159 39.69
2196 39.66
2055 40.38
1986 39.77
2227 38.81
2106 39.27
2197 39.34
2213 39.22
2441 38.72
2363 39.43
2286 39.74
2245 39.62
2078 40.03
2254 38.82
6168 38.98
1544 40.50
1466 40.28
1550 40.39
1606 40.13
2303 38.18
1993 38.38
2354 38.07
2364 38.09
2090 38.12
2005 38.43
1939 38.13
2086 38.16
2203 37.69
2049 38.12
2125 37.50
2265 37.47
2189 37.84
1895 37.91
2048 37.45
2052 37.26
1749 36.93
2392 35.21
1852 35.83
2028 35.39
1874 35.63
1864 34.96
1853 34.69
1925 34.13
2331 33.37
1748 33.47
1762 33.25
6452 33.33
1029 35.55
1419 36.06
1877 36.38
1582 36.76
1932 36.45
1918 36.39
1934 36.43
2161 35.41
2220 34.99
2179 34.68
2162 34.83
2196 35.12
2245 35.77
1993 36.00
2127 36.00
1913 36.09
2254 36.11
2126 36.11
2197 36.50
2269 36.93
2267 37.66
2331 37.76
2283 38.50
2244 38.32
2360 38.72
2468 38.85
2404 39.40
2524 39.31
2483 39.62
2391 40.15
2362 40.43
6307 37.96
1826 39.87
1909 39.63
1781 39.60
1632 40.36
1611 40.35
2235 39.08
2512 37.74
2265 38.39
2155 38.70
1849 38.76
2056 39.02
2202 38.73
2059 39.15
2200 38.70
2218 38.04
2094 38.33
2192 38.39
2071 38.51
2155 38.26
2275 38.01
2226 37.94
2295 37.95
2099 38.65
2329 37.93
2196 38.73
2102 38.89
2176 38.46
2397 38.09
2482 37.49
2670 37.51
2332 37.65
6508 37.13
1300 40.78
1884 39.09
1905 37.91
2067 37.85
2083 37.39
1894 37.96
2248 36.80
2197 36.60
2130 37.18
2056 36.91
2211 36.74
