4398 44.19
833 43.79
2353 41.17
2749 40.01
2427 39.62
2485 38.79
2597 38.48
2313 38.82
2700 37.88
2375 38.01
2324 38.03
2679 37.59
2378 37.78
2738 36.88
2222 36.93
2665 36.40
2523 36.56
2614 36.46
2618 37.12
2809 36.19
2973 35.65
2781 35.54
2542 35.30
2539 35.66
2615 35.54
2577 35.23
2559 34.40
2597 34.39
2583 34.58
2539 34.79
2684 34.34
2399 34.75
7940 36.71
887 39.50
1597 36.88
1630 36.19
2318 34.63
2608 34.34
2696 34.31
2568 34.15
2309 35.06
2630 34.21
2244 33.75
2645 33.88
2379 33.49
2566 33.83
2549 33.74
2426 33.36
2627 33.41
2631 32.81
2182 32.93
2619 32.35
2437 31.94
2374 32.46
2493 32.79
2772 32.58
3720 33.56
3034 34.03
2673 33.82
2458 34.68
2283 35.16
2156 35.42
2485 34.96
2768 34.52
7388 38.85
1677 38.32
2067 37.87
2100 38.48
2114 38.48
2469 37.31
2482 37.28
2515 37.14
2835 36.40
2550 36.54
2809 36.63
2557 36.48
2681 36.62
2621 36.42
2503 36.49
2281 36.90
2544 36.46
3181 35.81
2444 36.51
2930 36.02
2671 35.86
2724 35.89
2731 35.71
2663 36.03
2659 36.24
2701 36.27
2583 36.83
2756 36.20
2550 35.85
2905 35.42
2999 34.96
2607 35.35
7737 37.10
1358 39.15
2098 36.97
2197 36.15
2205 36.38
2349 36.14
2734 35.07
2727 35.30
2779 34.82
2700 34.51
2985 34.62
3220 34.70
3338 34.71
3163 34.90
2974 34.58
3054 34.42
2871 34.26
2879 34.17
2605 34.36
2562 34.35
2536 34.10
2338 34.07
2572 32.96
2666 33.70
2721 34.04
2903 34.74
2882 34.25
2904 34.20
2862 33.81
2544 33.74
2682 33.87
2738 33.51
7811 32.44
1340 36.99
1684 36.82
2366 35.05
2356 34.50
2438 34.34
2587 33.56
2494 33.47
2955 33.24
2984 33.42
2839 33.78
2961 33.62
2897 33.47
2797 33.46
2307 34.15
2820 33.37
2964 33.70
3022 33.80
3314 33.83
3276 34.33
3297 34.17
3138 34.14
3242 34.33
3442 34.11
3314 35.16
3640 35.42
3622 36.46
3496 37.14
3167 37.92
2576 38.96
2383 39.38
2412 39.84
3954 42.67
1461 42.42
1925 41.11
2136 40.78
1984 40.89
2415 39.85
2450 39.73
2664 39.03
2883 38.16
2566 38.56
2044 39.14
2629 38.43
2506 38.31
2446 38.78
2452 38.89
2539 38.98
2766 38.50
2496 38.13
2237 39.22
2574 38.84
2307 39.30
2605 38.40
2814 37.53
2741 37.65
2328 38.43
2526 37.90
2830 37.47
2458 38.58
2570 38.56
2823 37.61
2747 37.87
2603 37.57
7152 38.07
1818 39.83
1754 39.64
1890 38.96
2257 38.65
2216 37.12
2766 36.88
2779 36.84
2637 36.97
2291 36.89
2458 36.67
2262 36.71
2465 36.63
2652 35.89
2264 37.03
2369 36.63
2569 36.31
2500 36.74
2504 36.12
2441 35.66
2308 35.58
2145 35.02
2700 33.88
2150 34.34
2327 33.81
2110 34.00
2241 33.68
2359 32.48
2165 32.39
2406 31.92
2323 31.33
2450 30.97
7007 32.81
1177 34.36
1757 34.51
2244 35.16
2110 35.14
2243 34.97
2358 34.33
2450 34.32
2367 34.15
2074 34.60
2511 33.69
2335 33.63
2679 33.82
2539 34.50
2440 34.46
2424 34.50
2334 34.42
2506 34.89
2379 35.17
2549 34.80
2646 35.47
2715 36.30
2756 36.48
2620 37.06
2720 37.14
2857 36.98
2779 37.58
2949 38.02
2879 38.10
2940 38.61
2917 38.79
2815 39.07
8104 36.34
1641 40.42
1935 39.83
1920 40.11
2121 39.67
2226 38.83
2458 37.68
2344 37.80
2519 37.86
2621 37.68
2185 37.66
2409 38.04
2976 37.20
2532 38.02
2388 37.50
2296 37.37
2473 37.06
2552 36.92
2550 36.61
2340 37.20
2588 37.24
2443 37.05
2609 37.09
2511 36.79
2779 37.08
2504 37.53
2494 37.78
2622 37.06
2902 36.91
2934 36.51
3065 36.58
2738 36.33
7507 36.23
1573 39.02
2270 37.46
2337 37.04
2419 36.90
2381 36.09
2202 36.56
2733 35.67
2329 35.85
2639 35.51
2279 36.38
2552 36.10
