6313 41.72
1131 41.78
2352 39.85
3365 38.28
3705 37.39
3278 37.45
3034 37.05
3129 36.93
3354 36.30
2924 36.70
3371 35.77
3561 35.52
3062 35.76
3258 34.86
3184 34.56
3201 35.09
3244 34.99
3420 35.29
3810 35.03
3986 34.16
3525 34.06
3576 33.94
3153 33.69
3398 34.17
3517 33.56
3056 33.57
2984 33.23
3314 32.49
3563 32.52
3574 32.53
3158 32.90
3424 32.49
10693 34.69
943 38.16
2051 34.83
2782 33.55
2675 33.06
2896 32.86
3249 32.68
3559 32.43
3661 32.93
3269 32.91
2868 32.23
3264 32.27
2938 32.34
3246 31.87
3335 32.67
3045 31.94
3603 31.66
3249 31.30
2689 31.52
3158 30.90
3113 30.47
3204 30.94
3307 30.90
3263 31.35
4922 31.98
4632 32.31
3037 32.60
3261 32.91
2848 33.48
2966 33.37
3212 33.30
3596 32.60
9994 36.97
1650 37.98
2427 37.38
2591 37.19
2781 36.25
3449 35.78
3594 35.26
3328 35.27
3741 34.50
3326 35.00
3366 34.99
3401 34.86
3633 35.06
3361 34.58
3918 34.52
3061 34.86
3899 34.28
3315 34.48
4069 34.12
3743 34.15
3975 34.07
3416 34.21
3077 34.54
3520 34.11
3424 34.63
3566 34.81
3228 34.50
3838 34.46
3395 33.86
3813 33.43
3639 33.57
4189 32.85
10191 35.30
1432 38.65
2339 35.95
3134 33.94
3069 33.72
3263 34.11
3165 33.67
3211 34.02
3693 32.94
3494 32.84
3626 33.02
4143 32.91
3876 33.27
4007 33.10
3791 32.82
3641 32.80
3791 32.47
3612 32.45
3541 32.57
3076 32.36
3137 32.07
3038 31.81
3126 31.52
3331 32.07
3660 31.91
4010 31.61
3477 32.64
3785 31.92
3453 31.73
3318 31.45
3345 31.32
3494 31.49
10106 30.05
1802 34.65
2440 34.24
2989 32.83
3060 32.64
2983 32.19
3536 31.15
3461 30.81
3619 31.37
3729 31.27
3583 31.29
3822 31.61
3651 31.30
3234 31.64
3432 31.52
3421 31.38
4004 31.60
3897 31.52
4306 31.75
4273 32.05
4194 32.03
4142 32.21
4140 32.42
4248 32.33
4214 32.79
4834 33.27
4878 34.29
4358 35.53
3393 37.39
2939 38.01
2950 37.45
3329 37.92
5639 40.11
1769 39.65
2391 38.72
2997 38.40
2601 38.65
2952 37.68
3325 37.38
3365 36.91
3168 36.27
3122 36.62
3345 36.25
3005 36.47
3033 36.71
3699 36.05
3241 36.27
3160 36.64
3012 37.11
3911 35.81
3169 36.49
3418 37.00
3259 37.10
3003 36.76
3157 36.40
3298 36.12
3412 35.86
3782 35.40
3511 35.69
3459 36.37
3249 36.56
3383 36.04
3366 36.05
3485 35.29
9430 36.15
2425 37.98
2160 38.34
2153 38.08
2918 36.41
2748 35.37
3561 35.10
3902 34.98
3232 35.93
3316 34.47
3246 35.06
2854 35.03
2993 35.00
2769 35.16
3392 34.07
3157 34.09
3081 34.94
3368 34.70
2634 35.28
3265 33.63
2859 33.32
2758 33.29
3112 32.33
2807 32.29
2932 32.17
3061 31.50
2714 31.45
2887 30.95
2739 30.77
3134 29.94
3217 29.29
2960 29.42
9249 30.98
1518 32.65
2406 32.59
3390 33.37
2481 33.57
2567 33.41
2252 33.74
3046 32.71
3242 32.30
3194 31.96
3063 31.63
2897 31.64
3196 32.12
3147 32.74
2719 33.06
2808 32.84
2960 32.72
3146 32.85
3325 32.95
3333 32.91
3411 33.23
3583 33.91
3454 34.41
3435 34.87
3569 34.75
3536 35.23
3736 35.40
3771 35.78
3681 36.03
3815 36.50
3539 36.84
3720 37.17
10554 34.41
2140 38.91
2348 38.24
2457 38.04
2616 37.60
2858 36.42
3210 35.51
3088 35.62
3378 35.99
3357 35.70
3155 35.33
3119 35.46
3224 35.84
3177 35.77
3090 35.53
3337 34.85
3172 34.86
3325 34.91
3138 34.95
3106 35.32
3077 35.64
3165 35.38
3321 35.26
3387 35.12
3465 35.12
3372 35.83
3274 35.87
3635 34.86
3743 35.10
3766 34.66
3887 34.48
3364 34.38
9974 34.47
1757 38.00
2730 35.94
2915 35.01
3228 34.67
2976 34.57
3302 34.08
3040 34.51
3382 33.75
3493 33.51
3076 34.18
3274 33.91
