6742 41.31
1246 41.79
2748 39.32
3479 37.94
3473 37.33
4435 36.40
2907 36.59
3313 36.47
3655 35.80
3146 36.34
3241 35.68
3393 35.38
3551 35.12
3361 34.55
3367 34.19
3596 34.32
3697 34.40
3921 34.66
3932 34.49
3972 34.02
3810 33.75
3535 33.58
3652 32.95
3583 33.45
3415 33.61
3561 32.73
3457 32.59
3551 32.32
3480 32.24
3430 32.51
3642 32.47
3440 32.55
11402 34.28
1075 37.55
2244 34.33
2345 33.88
2548 33.18
3565 32.47
3429 32.43
3629 31.99
4122 32.63
3717 32.15
2827 31.68
3515 31.65
4161 31.41
2570 31.97
3276 32.07
3265 31.56
3454 31.64
3643 30.74
2843 31.09
3320 30.58
3257 30.10
3285 30.42
3687 30.61
3363 30.64
5767 31.56
4745 32.11
3270 32.15
3211 32.88
2880 33.41
3160 33.04
3038 33.39
3620 33.11
10672 36.60
1555 37.45
2457 36.73
2797 36.63
2884 36.23
3731 35.34
4170 34.78
4246 34.52
3429 34.39
3391 34.80
3601 34.62
3440 34.62
3470 34.49
3421 34.60
3530 34.48
3466 34.41
4326 33.90
3795 34.02
3571 34.33
3840 33.95
3584 34.11
3509 34.12
3750 33.86
4038 33.57
3640 33.97
3718 34.45
3460 34.63
3799 34.27
3551 33.75
3422 34.14
4394 32.90
3759 33.08
10833 34.84
1480 37.94
2687 34.83
2840 33.93
3124 33.65
3362 33.53
3541 32.96
4160 32.57
4109 32.27
3899 32.23
3795 32.42
4343 32.01
4375 32.47
4018 32.77
4018 32.53
3818 32.39
3939 32.10
3767 32.11
3601 32.13
3337 31.81
3366 31.56
3281 31.40
3346 30.84
3651 31.32
3537 32.00
3937 31.50
3841 32.09
3644 31.79
3612 31.75
3592 30.89
3426 31.19
3691 30.88
10666 29.69
1926 34.35
2508 33.75
2977 32.65
3317 31.94
3511 31.09
3552 30.76
3566 30.59
3824 30.71
4036 30.90
3723 30.83
4187 31.11
3837 30.90
3978 30.79
3708 30.79
3635 30.87
4033 31.04
4264 31.00
4377 31.22
4405 31.82
4387 31.58
4283 31.80
4508 31.79
4514 31.88
4319 32.25
5175 32.75
5594 33.46
4294 35.43
4005 36.52
3350 36.89
3191 37.02
3374 37.96
5609 40.18
1884 39.83
2692 38.40
2997 38.37
2984 38.06
3083 37.57
2903 37.53
3546 36.60
4275 35.52
3362 36.12
3393 35.99
3411 35.66
3504 35.67
3666 35.77
3308 36.13
3354 36.21
3247 36.56
3595 35.90
3317 36.24
3567 36.76
3089 36.80
3391 36.28
3505 35.76
3589 35.45
3354 35.71
3397 35.95
3705 35.33
3591 35.97
3458 36.31
3689 35.38
3870 35.10
3903 34.40
9814 35.82
2469 37.73
2359 37.73
2370 37.32
2650 36.64
3463 34.18
3878 35.02
4068 34.39
3774 35.09
3036 35.18
3280 34.70
3066 34.48
3021 34.97
3562 33.68
3383 33.66
3601 33.37
3250 34.05
3462 34.62
2668 34.35
3805 32.86
3062 32.85
2831 33.11
3010 32.42
2876 32.48
3087 32.01
3562 30.78
2931 30.95
2813 30.66
3000 30.25
3577 29.19
2812 29.33
2959 29.16
9769 30.52
1552 32.19
2661 32.21
3824 32.94
2646 33.31
2578 33.22
2480 33.01
3210 32.40
3266 31.89
3550 31.39
3257 31.17
3214 31.31
3521 31.61
3724 31.66
3327 31.91
3284 31.77
3321 31.57
3362 32.12
3337 32.44
3565 32.18
3741 32.72
3622 33.55
3674 34.04
3745 34.48
3722 34.77
3757 34.78
3820 35.29
4060 35.43
4185 35.32
4064 35.58
3928 36.28
3797 36.62
10758 34.27
2246 38.39
2590 37.05
2540 37.29
2700 36.90
2950 35.74
3177 34.92
3549 34.70
3884 34.83
3346 35.51
3163 34.99
3328 34.88
3576 35.33
3313 35.32
3531 34.36
3308 34.57
3363 34.46
3507 34.60
3442 34.27
3222 35.08
3228 35.09
3430 34.71
3663 34.61
3327 34.91
3780 34.28
3568 35.23
3641 35.25
3702 34.70
4314 34.28
4156 34.09
3980 34.00
3639 33.97
10487 34.25
1876 37.56
3143 35.57
3176 34.45
3359 34.46
3188 33.98
3346 33.64
3684 33.46
2871 34.37
3272 34.17
3103 34.31
3900 33.13
