898 50.97
490 49.61
423 49.08
292 48.35
321 48.21
357 45.93
461 44.38
523 44.54
522 41.63
619 41.43
488 41.48
562 39.45
668 40.26
604 40.82
595 39.05
571 38.46
618 49.91
713 38.85
500 40.41
492 39.56
512 38.40
599 37.49
597 39.09
571 36.57
588 37.49
647 34.54
655 35.52
535 35.18
554 36.12
652 36.79
590 36.73
635 36.68
664 46.99
723 37.34
510 41.18
483 39.52
598 38.02
567 37.99
527 37.62
572 37.74
573 37.31
670 35.42
605 37.35
610 37.16
639 38.51
633 37.48
580 35.60
618 35.78
657 45.26
744 38.54
650 40.00
444 39.42
527 38.29
623 38.47
569 37.86
581 35.40
548 35.41
628 34.67
584 37.80
637 37.96
663 37.79
597 38.01
596 35.56
706 36.30
697 45.40
766 37.57
518 39.26
494 39.95
554 38.99
571 38.25
600 38.62
596 38.63
623 38.25
630 37.65
630 38.64
608 38.72
649 38.26
632 36.90
653 39.11
724 37.43
820 45.18
745 39.36
525 41.55
558 41.24
645 39.22
599 39.35
598 40.49
660 38.60
651 39.50
616 39.68
676 39.48
563 40.62
607 39.07
671 40.28
763 38.42
860 38.05
887 44.65
637 41.18
659 42.15
592 41.92
639 40.77
629 42.44
572 42.26
622 40.55
563 40.84
585 41.12
590 39.98
621 40.24
602 39.97
666 39.96
631 40.89
636 38.91
1035 43.88
506 42.56
679 41.53
614 42.34
608 43.06
609 42.35
629 41.33
603 42.50
