2549 37.35
796 35.80
1708 32.78
2008 30.39
1508 31.29
1698 30.44
1836 28.79
1876 28.00
1808 29.64
1696 29.34
1780 29.78
1812 28.48
1947 27.85
1919 27.35
1772 27.59
1839 26.54
2382 32.15
2019 26.66
1647 26.19
1663 26.22
1829 25.36
1890 25.47
1778 27.04
1826 24.93
1872 24.86
1965 24.31
2078 24.28
1623 24.71
1880 24.26
2359 23.64
2258 23.82
2433 23.43
2805 29.38
1547 28.39
1825 26.97
1902 25.40
1664 27.10
1878 25.15
1745 25.07
1821 25.28
1848 24.70
1880 24.71
1881 24.08
2052 24.72
2302 22.87
1645 24.67
1828 24.65
1732 25.09
3095 28.02
1652 27.65
2090 23.92
1671 25.01
1898 24.36
1870 24.73
1942 25.21
1790 24.90
2283 24.47
2398 23.48
2333 24.05
1719 26.26
1952 26.24
1882 26.74
2197 24.61
2434 23.84
3388 28.31
1339 27.75
2022 25.71
1639 26.22
1713 27.09
1977 25.54
1750 27.28
1979 26.94
2021 25.99
1891 25.86
2272 25.43
2473 24.16
1739 29.20
2179 25.53
2436 25.04
2501 25.58
3334 29.08
1478 30.03
1966 28.74
1932 28.17
1932 27.55
1876 27.85
1880 28.80
2004 28.57
1923 28.13
1961 28.22
2262 26.64
1648 27.97
2195 26.00
2487 27.08
2460 27.30
2722 27.34
3139 30.74
1534 32.28
2008 31.71
1779 32.38
2009 30.57
1863 30.56
1930 30.74
1896 30.28
1800 30.57
1900 29.69
1777 29.62
1709 30.32
1848 29.89
2262 28.32
1793 30.18
1892 29.89
3357 31.08
1546 32.47
2051 30.48
1999 30.84
1931 32.03
1929 31.78
1924 30.60
2298 30.30
