3034 34.87
1085 35.90
2148 30.53
2782 27.77
1934 28.76
2415 26.45
2372 26.22
2366 25.87
2523 26.02
2382 25.99
2408 26.47
2433 25.63
2493 25.69
2557 24.98
2352 25.19
2476 23.89
3213 28.94
2517 24.30
2394 23.36
2334 23.34
2367 22.57
2578 22.21
2389 23.38
2497 22.08
2378 22.84
2632 22.31
2832 20.72
2170 21.66
2437 21.75
3022 20.96
3172 20.72
3187 20.57
3826 26.21
2042 25.46
2518 23.21
2455 23.09
2325 22.51
2423 21.75
2556 21.22
2319 22.48
2447 21.39
2562 21.27
2488 21.49
2532 21.71
2422 22.40
2440 21.36
2427 22.19
2404 22.04
4278 24.98
1975 23.89
3013 21.42
2269 22.25
2527 21.55
2518 21.71
2436 22.97
2482 22.49
2994 21.07
3276 20.97
2964 21.06
2325 23.54
2681 22.90
2479 23.16
2870 21.55
3287 20.88
4400 25.74
1839 25.24
2838 21.93
2206 23.23
2261 23.51
2403 23.91
2500 22.59
2634 22.97
2658 22.81
2434 23.81
3108 21.88
3344 21.86
3228 21.47
3414 21.42
3354 21.65
3601 21.06
4176 26.90
2026 26.14
2641 24.56
2484 25.03
2616 24.46
2495 24.95
2531 25.21
2607 24.62
2644 25.38
2641 25.08
3026 24.03
3047 22.48
3345 22.18
3539 23.47
3413 23.47
3571 23.77
3928 28.29
2068 29.08
2741 27.78
2412 29.18
2542 27.86
2498 27.63
2613 27.98
2461 28.09
2507 26.81
2411 27.33
2481 26.48
2306 26.91
2379 27.30
2983 25.74
2562 27.09
2450 27.02
4468 28.12
2079 29.32
2801 28.68
2560 28.90
2527 29.03
2520 28.54
2731 28.14
2953 27.32
