4534 29.72
1825 30.68
4068 24.66
5008 21.88
4901 20.76
3785 21.29
4201 20.51
4336 20.07
4213 21.24
4237 20.65
4108 21.14
4388 20.69
4262 20.15
4374 19.85
4386 19.84
4456 18.73
5619 23.29
4509 19.06
4177 18.24
4246 17.45
4054 17.85
4469 17.21
4208 17.73
4543 17.04
4054 17.62
4943 16.71
4778 16.41
4291 16.65
5391 15.76
5892 15.39
5882 15.65
5883 15.29
6877 20.69
3947 19.44
3985 18.30
4210 17.65
4482 16.73
4487 16.33
4235 16.55
4011 17.13
4378 16.54
4372 16.33
4383 16.17
4737 16.08
5385 15.32
3970 16.64
4203 16.95
4203 16.82
7814 19.32
3791 19.23
5007 16.79
4159 16.98
4547 16.60
4122 17.09
4373 17.37
4281 17.37
5325 16.44
5696 16.08
5698 15.96
6130 16.05
6122 15.93
5729 15.96
5660 16.06
5817 16.03
7350 20.81
3486 19.24
4580 17.34
3836 17.72
4025 17.89
4257 17.95
4337 17.78
4652 17.66
4684 17.53
5467 16.57
5741 16.79
6125 16.59
6013 16.35
6079 16.43
6127 16.59
6068 16.91
6737 22.19
3664 21.06
4313 20.10
4388 19.35
4400 19.66
4462 19.25
4301 19.24
4683 19.43
4546 19.42
4484 19.54
5357 18.55
3947 19.72
5340 18.26
5919 18.41
5942 18.11
6036 18.42
7500 21.86
3913 22.68
4483 22.08
4466 22.32
4611 22.04
4495 22.36
4370 22.80
4507 22.44
4214 22.21
4431 21.82
4283 21.30
5193 20.28
5525 19.41
5841 19.13
4030 22.27
4578 21.43
7992 22.24
3798 22.88
4727 22.67
4673 22.62
5353 21.55
5578 20.77
5615 20.72
5876 20.45
