5828 26.85
2526 26.93
5500 21.69
7088 18.77
6839 17.63
5071 18.46
5916 17.59
6202 16.94
7388 16.61
5137 18.22
5729 17.77
5907 17.58
6107 17.24
6026 16.94
5954 16.89
6336 16.00
7780 20.22
6113 16.64
5663 15.68
6093 14.98
5398 15.31
6147 14.85
5720 15.40
6164 14.75
5866 15.27
6604 14.72
6733 14.34
5572 14.68
7713 13.73
7995 13.43
7942 13.42
7916 13.36
9667 17.64
5344 16.40
5476 15.80
5835 15.17
6057 14.52
6020 14.32
5971 14.55
5444 14.76
5937 14.35
5967 14.31
5901 14.20
6598 13.97
7513 13.42
5300 14.72
5868 14.66
7645 13.75
11020 16.43
5051 16.20
6465 14.78
5731 14.89
6293 14.41
5752 14.93
5887 15.31
7479 14.01
7478 13.98
8029 13.78
7712 13.82
8171 14.05
8014 14.15
8206 13.99
7997 13.83
8041 13.95
9661 18.29
4900 16.57
6099 15.38
5386 15.51
5424 15.54
5676 15.53
5832 15.71
6267 15.60
6241 15.30
5545 15.91
7475 14.93
7838 14.88
5560 16.53
5725 16.45
6143 16.53
7408 15.79
10495 18.18
5473 17.71
5566 16.81
6439 15.95
6066 16.28
6163 16.20
5902 16.58
6156 16.70
6187 16.52
6229 16.50
7407 15.90
7709 15.00
8229 14.92
8462 15.35
7814 15.82
8017 16.01
9284 19.81
5357 19.56
6108 19.35
5645 20.72
6313 19.26
5928 19.61
6109 19.56
5969 19.65
5787 19.35
6068 18.69
5969 18.45
7119 17.44
7665 16.91
7980 16.72
5415 19.04
6019 18.58
10846 19.40
5161 19.95
6630 19.32
6309 19.61
7250 18.94
7631 18.03
7996 17.76
7837 17.70
