6082 26.33
1946 26.77
3657 23.02
3780 21.93
3747 21.53
3659 21.05
3963 20.84
4025 20.36
3883 19.79
4091 19.05
3969 19.03
4106 18.22
3949 18.13
4070 17.98
4365 17.99
3681 18.97
4438 18.52
3766 19.30
3952 18.47
4383 18.27
3845 19.19
3723 19.38
4243 18.63
3893 18.84
4097 18.79
4225 18.03
4267 17.57
4014 17.25
3996 17.70
4233 17.29
4139 17.19
3896 17.07
8185 19.71
2619 19.73
3408 18.71
3594 17.17
3717 16.79
3664 16.54
3990 15.95
4371 15.60
3481 16.10
4188 15.63
4450 15.46
3729 16.38
4053 15.85
4207 15.58
4111 15.68
4182 15.89
4322 15.70
4168 16.04
4357 15.78
4059 15.84
4076 15.49
4141 15.32
4156 15.48
4216 15.21
4200 15.52
4126 15.60
4234 15.74
4167 16.38
4010 16.04
4124 15.66
4227 15.87
3975 15.92
10637 16.98
2275 20.65
2704 20.17
3183 18.26
3619 17.11
4108 16.21
3910 15.92
3991 15.39
3909 15.51
3906 15.54
3995 15.26
4035 15.20
4044 15.40
3944 15.58
4014 15.27
4500 14.99
3916 15.38
4117 15.14
4057 15.15
4290 14.99
4019 15.31
4552 14.88
4325 15.19
4232 15.36
4068 15.40
4001 15.26
4096 15.33
4027 15.32
4305 15.18
4127 15.41
4137 15.46
4143 15.50
11246 16.27
1654 21.27
2400 20.19
3368 17.88
3945 16.26
4359 15.66
3826 15.79
4256 15.52
3789 15.78
4030 15.86
4510 15.38
4374 15.74
4139 15.80
4030 15.95
4111 15.99
4072 16.10
3925 16.45
4027 16.54
3942 16.66
3910 16.71
3656 17.03
3976 16.66
4386 16.45
4651 16.42
4390 16.30
4334 16.48
3985 16.80
4384 16.27
4155 16.43
4238 16.41
4188 16.66
4107 16.64
9708 18.22
2088 21.15
2477 19.72
3057 18.52
3392 17.69
4377 16.05
3983 15.94
3846 16.12
3957 16.12
4142 16.39
3970 16.18
3987 16.43
4023 16.40
4169 16.06
4209 16.33
4088 16.41
4424 15.79
4014 16.48
4203 16.35
4306 16.55
4134 16.68
4364 16.74
4266 17.07
4291 17.09
4210 16.77
4326 17.07
4059 17.18
4521 17.01
4246 17.02
4428 17.44
4214 17.59
4405 17.97
9924 18.61
2014 22.22
2850 20.95
3317 20.35
3559 18.82
3769 18.35
3608 19.02
4082 17.52
4209 17.23
3963 17.26
4286 17.15
4100 17.38
4152 17.71
4329 17.18
4076 17.43
4280 17.74
3748 18.89
3533 19.52
3831 18.65
4263 18.04
4519 17.41
4297 17.19
4071 17.26
4180 17.25
4464 17.62
4574 17.64
4529 17.85
4420 18.23
4452 18.31
4341 19.05
4346 19.40
4398 19.56
8615 20.49
2084 24.33
2633 24.36
3349 22.40
3334 22.03
3267 22.45
3643 21.96
3986 21.04
4228 20.23
4014 20.89
4383 20.17
4140 20.72
4096 20.86
4174 20.49
4270 20.45
4126 20.76
4041 20.30
3884 20.02
3872 19.87
4021 19.59
3939 19.55
4087 19.78
3995 19.59
4390 19.06
3924 20.22
4160 19.83
4189 19.52
3955 20.23
4293 19.78
4070 20.12
4121 19.50
4414 18.88
11423 18.91
1763 25.25
3076 22.84
3373 22.61
3576 22.65
3755 22.52
3794 22.08
4402 20.76
4129 21.08
4040 21.45
4123 21.37
4047 21.27
4389 20.85
4037 21.51
3927 21.65
4504 20.40
