6577 25.48
2103 25.15
4542 21.29
3967 21.40
4068 20.64
4158 20.39
4315 20.12
4305 19.46
4544 18.91
4398 18.21
4609 17.71
4588 17.39
4427 17.22
4664 17.20
4811 16.90
4204 18.11
4626 17.77
4357 17.54
4299 18.12
4694 17.84
4267 18.10
4315 18.37
4457 17.72
4667 17.58
3967 18.23
4635 17.43
4658 17.17
4673 16.67
4141 17.06
4321 16.78
4518 16.39
4593 16.45
9097 18.73
2773 19.49
3734 17.50
4087 16.53
4085 15.94
4061 15.65
4051 15.53
4758 14.95
4109 15.34
4446 15.30
4553 15.19
4703 15.02
4218 15.36
4537 15.24
4685 15.02
4477 15.48
4769 15.17
4629 15.47
4698 15.22
4510 15.12
4369 15.07
4924 14.50
4507 14.79
4632 14.87
4834 14.85
4499 14.97
4765 15.14
4748 15.44
4023 15.98
4662 15.04
4587 15.23
4488 15.30
11569 16.23
2226 20.80
2828 19.40
3573 17.02
4382 15.93
4187 15.89
4313 15.45
4421 14.80
4463 14.85
4282 14.96
4263 14.84
4387 14.46
4412 15.02
4585 14.55
4345 15.02
4714 14.56
4374 14.69
4668 14.35
4390 14.51
4808 14.55
4315 14.63
4995 14.32
4648 14.63
4655 14.74
4629 14.75
4446 14.64
4546 14.72
4527 14.81
4690 14.85
4703 14.95
4630 15.14
4341 15.13
12244 15.49
1772 20.94
2643 19.79
3667 17.10
4028 16.01
4760 15.10
3979 15.55
4829 14.95
4327 15.07
4603 15.11
4836 15.13
4844 15.15
4769 15.08
4327 15.43
4494 15.59
4399 15.54
4701 15.38
4644 15.62
4660 15.60
4599 15.87
4126 16.25
4363 16.08
4984 15.69
5018 15.74
4737 15.67
4819 15.90
4741 15.87
4586 15.81
4447 16.01
4599 16.03
4553 16.22
4194 16.57
10040 17.89
2238 20.13
2656 19.00
3376 17.54
3986 16.39
4629 15.39
4271 15.44
4350 15.53
4410 15.40
4589 15.56
4598 15.53
4455 15.88
4367 15.85
4570 15.67
4557 15.88
4384 15.82
4706 15.27
4416 15.65
4695 15.74
4811 15.85
4563 16.16
4815 16.21
4643 16.53
4634 16.42
4675 16.24
4687 16.45
4659 16.37
4888 16.46
4681 16.57
4820 16.57
4597 17.04
4877 16.77
10439 18.22
2413 20.69
3285 20.18
3622 19.16
3774 18.32
4166 17.31
4206 17.47
4454 16.76
4731 16.47
4596 16.47
4584 16.33
4737 16.42
4560 16.81
4833 16.46
4417 17.12
4203 17.46
3865 18.42
4032 18.18
4199 18.06
4640 17.21
5135 16.58
4647 16.69
4502 16.60
4723 16.54
4740 16.80
4475 17.44
4589 17.70
4732 18.05
4504 18.03
4576 18.35
4582 18.75
4590 19.99
10909 18.39
2627 22.47
3365 21.98
3720 21.27
3675 21.22
3669 21.73
3873 21.74
4047 20.70
4430 19.78
4795 19.43
4871 19.26
4676 19.48
4611 19.23
4748 19.34
4708 19.34
4532 19.16
4368 19.27
4401 19.03
4463 19.05
4396 18.67
4385 18.90
4461 19.13
4522 18.77
4488 18.39
4829 18.04
4535 18.55
4503 18.80
4481 18.94
4597 18.97
4718 18.65
4543 18.72
4443 18.69
12592 18.06
2078 24.41
3062 22.63
3428 22.32
3849 21.81
4613 20.79
3892 21.51
4499 20.69
4650 20.35
4480 20.31
4510 20.38
4982 19.43
4737 19.71
4356 20.78
4225 21.01
4985 19.77
