5600 27.32
1684 28.73
3264 24.18
3445 23.22
3221 22.58
3488 21.82
3386 21.92
3338 21.50
3351 20.98
3624 20.42
3486 20.36
3775 19.44
3466 19.53
3650 18.99
3829 18.71
3631 19.81
3703 19.95
3673 19.48
3454 19.34
3835 19.65
3410 20.08
3627 19.97
3486 19.60
3929 19.57
3324 20.78
3602 19.08
3691 18.58
3567 18.34
3509 18.58
3642 17.59
3740 17.77
3714 17.65
7331 20.71
2423 20.40
3181 19.21
3109 18.19
3274 18.17
3345 17.16
3507 16.68
4041 16.39
3025 17.37
3900 16.31
3510 16.83
4001 16.37
3092 17.22
3666 16.45
3740 16.29
3786 16.38
3754 16.32
4010 16.46
3599 16.57
3763 16.42
3635 15.84
3683 15.82
3809 15.89
3799 16.06
3799 16.29
3564 16.41
3937 16.41
3657 17.17
3635 16.60
3904 16.21
3754 16.33
3560 16.56
9232 18.00
2299 20.22
2394 20.70
3126 18.74
3157 17.72
3116 18.33
3830 16.65
3551 16.37
3423 16.28
3421 16.41
3756 15.75
3920 15.47
3534 16.16
3700 16.19
3630 16.05
3825 15.93
3574 15.93
3720 15.78
3818 15.54
3987 15.43
3403 16.29
4065 15.56
3797 15.79
3702 16.01
3761 16.04
3550 15.87
3867 15.81
3555 16.23
3609 15.89
3977 15.53
3633 16.09
3703 16.09
10243 17.09
1573 20.86
2246 20.53
2934 19.09
2992 17.73
4013 16.32
3245 16.88
3814 16.20
3411 16.27
3678 16.16
3970 15.96
4049 16.03
3818 16.28
3588 16.69
3696 16.71
3743 16.73
3519 17.34
3522 17.64
3634 17.16
3543 17.66
3543 17.71
3699 17.28
3951 17.08
4104 16.94
3758 17.20
3796 16.97
3950 17.02
3712 16.96
3722 17.59
3766 17.29
3775 17.24
3631 17.11
9058 18.84
1988 20.98
2211 20.20
2793 19.15
2939 18.50
4109 16.64
3512 16.87
3488 16.56
3537 17.37
3569 16.86
3616 16.99
3615 17.17
3550 17.06
4007 16.87
3604 17.20
3569 16.94
3795 16.70
3614 17.40
3985 16.80
3819 17.49
3753 17.41
3827 17.65
3855 17.73
3758 17.79
3875 17.59
3880 17.65
3807 17.58
3959 17.74
3927 17.92
3946 18.03
3840 18.52
3918 18.85
8575 19.96
2097 22.13
2607 21.94
2889 21.19
3161 20.46
3540 19.03
3443 18.91
3679 18.74
3711 18.34
3493 18.07
3893 18.10
3697 18.26
3729 18.95
4057 18.07
3530 19.01
3745 18.60
3395 19.79
3272 19.96
3347 20.00
4261 18.24
4021 18.35
3878 18.51
3469 18.33
3755 18.17
3827 18.57
3721 19.65
3834 20.53
3728 19.96
3762 20.15
3640 21.02
3880 20.37
3861 21.13
8956 20.11
2021 23.67
2544 25.00
2925 23.36
2961 23.20
3062 23.70
3039 23.69
3445 22.14
3718 21.62
3574 21.92
3821 21.61
3923 21.71
3771 21.50
3830 21.34
3864 21.38
3678 21.74
3467 21.49
3797 20.61
3661 20.66
3485 20.79
3416 20.45
3811 20.59
3617 20.78
3733 20.44
3883 20.43
3683 20.68
3655 21.07
3579 21.60
3721 20.66
4124 20.51
3652 20.67
3645 20.67
10307 19.84
1663 25.66
2707 23.71
3082 23.33
3081 23.88
3481 22.91
3258 23.33
3468 22.80
4047 21.61
3660 21.97
3678 22.73
3720 22.02
3701 22.20
3373 22.93
3402 23.08
4162 21.19
