9625 31.97
376 33.36
2251 29.90
3251 28.32
4187 28.99
4148 27.33
4274 27.62
3843 26.73
4590 28.04
3492 26.98
4063 26.97
3246 26.72
4691 26.77
2739 26.61
3760 26.04
3027 26.13
4478 26.68
3592 26.14
4627 25.77
3170 25.93
4194 26.74
3511 26.16
4051 26.19
3600 25.94
4866 26.63
2719 26.62
3803 26.08
3953 25.06
4392 26.36
4003 25.38
4421 25.55
3340 25.54
10971 29.94
882 29.63
3035 27.60
2277 27.39
3901 28.01
4102 26.54
4481 26.68
3287 26.05
5068 26.65
3326 26.09
3818 26.02
3270 25.80
4407 26.21
3139 25.84
4308 25.60
3076 25.84
4997 25.80
3160 25.52
3724 25.51
3740 24.91
4442 25.40
3143 24.98
4302 24.85
3256 24.82
4746 25.46
3797 25.16
4215 25.11
3214 24.98
4855 25.21
3389 25.03
4358 24.63
3276 24.68
10919 29.27
1091 28.60
3101 26.97
2328 26.83
3524 27.49
4016 25.83
4505 25.63
3587 25.14
4974 25.94
3375 25.60
4799 25.36
2996 25.58
5005 25.69
3069 25.53
4099 25.16
3576 24.80
4730 25.48
3188 25.15
4153 25.04
3237 24.74
4506 25.33
3111 25.21
4333 24.61
3313 24.65
4315 25.32
3454 25.03
3825 25.08
3904 24.45
4618 25.14
3907 24.63
4201 25.18
3506 24.87
11173 29.06
760 29.40
1749 28.69
3178 26.81
4189 26.90
3874 25.49
4304 25.50
3512 25.11
4595 26.49
3849 25.37
4628 25.16
2966 25.22
4466 26.04
3492 25.08
4005 25.02
3284 24.89
4546 25.59
3885 25.07
3707 25.13
3607 24.87
4606 25.31
3119 25.01
4092 24.63
3812 23.96
4384 25.02
3550 24.57
3829 24.63
3804 24.01
4846 24.48
3248 24.14
3901 24.27
3784 24.13
11566 28.40
663 29.47
2995 26.28
2198 26.33
3631 27.49
3878 25.28
4145 25.47
3884 24.42
5109 25.23
3512 24.86
3869 24.99
3875 24.23
4792 25.24
4040 24.62
4284 24.82
3154 24.96
4826 25.17
3289 24.78
3930 24.86
3873 24.62
4758 25.13
3372 24.75
4316 24.85
3841 24.71
4866 25.42
3514 25.13
4248 25.13
3771 24.73
4852 25.46
3574 24.82
3908 24.99
3397 24.64
11671 29.07
953 28.54
2895 27.06
3390 25.94
3142 27.70
3663 25.75
3947 26.02
3608 25.50
4169 26.44
3695 25.51
4410 25.28
2890 25.49
4945 25.59
3278 25.26
4438 24.66
3104 24.99
4385 25.18
3342 24.91
4213 24.49
3637 24.28
4567 24.92
3405 24.71
4065 24.53
3749 24.24
4929 24.73
3429 24.54
4075 24.47
3465 24.13
4571 24.63
3605 24.24
4194 24.27
3254 24.27
11608 28.50
1128 28.17
1966 27.51
3332 25.91
3023 27.32
3948 25.44
4339 25.57
3989 24.89
4952 25.67
3146 25.27
3683 25.16
3270 24.73
4711 25.54
3448 25.16
4282 24.95
3683 24.30
4762 25.13
2944 24.56
4257 24.38
3046 24.86
4663 25.56
3501 25.11
4015 24.87
3576 24.35
4016 25.60
3985 24.62
4234 24.89
3595 24.46
4753 25.17
3909 24.66
3779 24.85
3519 24.45
11454 29.00
734 29.59
1745 28.51
2800 27.04
4004 27.05
3954 25.42
4211 25.54
3858 24.61
4485 25.86
3916 24.81
4503 24.87
2985 24.81
4730 25.09
3109 25.07
3841 24.86
3538 24.45
5110 24.62
2854 24.80
3867 24.48
3676 24.23
4494 24.59
3572 24.00
4315 24.18
3146 24.09
5012 24.56
2926 24.29
4368 23.79
4010 24.16
6219 24.77
3026 24.73
3547 24.95
3090 24.13
11343 28.60
1161 28.84
2038 28.19
3368 26.66
3240 28.07
3527 26.66
4174 26.25
4291 24.98
4670 26.24
3571 25.67
4268 25.51
3412 25.34
4639 25.99
3673 25.23
3969 25.51
3235 25.11
4396 25.63
3718 25.02
4187 25.11
3101 25.01
4328 25.44
3486 24.99
4483 24.64
3026 24.82
4524 25.07
3435 24.67
4605 24.60
3489 24.59
4925 25.03
3537 24.89
4200 24.69
3052 24.73
11088 29.02
1005 28.81
3286 26.47
2356 26.57
3470 27.54
3705 26.41
4499 26.12
4231 25.20
4779 26.49
3792 25.38
4045 25.57
3005 25.66
