10452 31.21
550 31.87
1924 29.85
4753 27.05
3953 28.74
4305 27.11
4843 27.02
4346 26.01
5160 27.35
3856 26.37
4365 26.44
3448 25.92
5268 26.03
3090 26.06
4172 25.44
3503 25.39
5041 25.91
3803 25.48
4880 25.12
3525 25.53
5001 25.74
3723 25.41
4595 25.28
3978 25.01
5634 25.70
3387 25.52
3870 25.29
4596 24.27
4891 25.43
4325 24.66
4828 24.81
3747 24.83
12070 29.01
1117 28.64
3768 26.64
2661 26.50
3423 27.84
4373 26.12
4905 26.21
3700 25.44
5482 26.13
3999 25.28
4267 25.38
3335 25.32
4932 25.65
3451 25.23
4734 25.01
3611 25.13
5078 25.41
3947 24.82
4207 24.94
3948 24.45
4963 24.81
3442 24.52
4970 24.03
3579 24.18
5226 24.74
4136 24.59
4783 24.33
3498 24.36
5237 24.69
3983 24.31
4640 24.30
3699 23.97
12122 28.32
906 28.28
3216 26.42
3685 25.22
3055 27.28
4503 25.21
4729 25.28
4320 24.38
5065 25.65
4014 25.01
5275 24.76
3242 25.05
5061 25.55
3996 24.84
4171 25.03
4010 24.44
5319 25.03
3829 24.49
4240 24.64
3772 24.24
4816 24.81
3448 24.77
4650 24.19
3783 23.95
4879 24.75
4111 24.27
4525 24.28
4378 23.71
5247 24.24
3942 24.24
4923 24.20
3568 24.29
11774 28.59
1526 27.65
2045 27.89
3310 26.34
4387 26.53
4097 25.17
4686 24.97
3960 24.51
5127 25.78
4184 24.77
4920 24.65
3370 24.54
5199 25.14
3847 24.26
4430 24.41
3391 24.33
4846 24.92
4358 24.43
4192 24.53
3777 24.45
5421 24.48
3356 24.43
4488 24.06
4082 23.33
5004 24.25
3495 24.01
4341 23.64
4126 23.19
5025 24.04
3650 23.52
4434 23.49
4436 23.20
12680 27.56
714 28.59
2663 26.11
3903 24.63
3361 27.11
4833 24.42
4682 24.89
4101 23.95
4859 25.11
4604 24.06
4863 24.07
3769 23.85
5021 24.99
3838 24.67
5310 24.19
3424 24.31
5263 24.79
3929 24.22
4514 24.26
3804 24.23
5248 24.72
3716 24.40
4673 24.41
4449 24.12
5419 24.86
3764 24.68
4796 24.55
3856 24.33
5414 24.82
3914 24.42
4568 24.22
3399 24.32
12858 28.20
1188 27.73
2940 26.61
2568 26.30
4505 25.77
3140 25.34
4587 24.75
3948 24.56
4811 25.38
4171 24.46
4458 24.52
3432 24.60
4685 25.17
4387 24.27
4958 24.20
3808 24.19
4972 24.46
3831 24.18
4094 24.12
4265 23.51
4849 24.52
3951 23.96
4659 23.83
3674 23.94
4977 24.34
4055 23.80
4672 23.85
4117 23.44
5360 23.91
4043 23.57
4303 23.65
3761 23.69
12757 27.58
1178 27.79
2588 26.29
3176 25.34
3304 26.61
4694 24.39
4833 24.79
4560 24.19
5318 25.11
3244 24.85
4046 24.53
3776 24.01
5159 24.85
4389 24.18
4157 24.61
4418 23.70
4974 24.59
3393 23.90
4604 23.80
3466 24.17
5432 24.80
3888 24.23
4287 24.43
4032 23.76
4860 24.71
3931 24.12
4370 24.24
4241 23.67
5413 24.34
3769 24.15
4074 24.16
4339 23.57
12626 28.13
790 29.04
1893 27.72
4081 25.46
3531 26.96
4290 25.16
4463 25.33
4328 23.99
4872 25.34
3975 24.55
4509 24.69
3861 24.16
4509 25.20
4078 24.33
4525 24.28
3355 24.21
5204 24.50
3716 24.15
4307 24.06
3744 24.02
4945 24.25
3641 23.73
4657 23.71
3574 23.41
5154 24.32
3512 23.64
4622 23.55
4681 23.60
6111 24.69
3877 24.07
4052 24.50
3249 23.82
12448 27.77
1029 28.09
2272 27.56
2943 26.59
4722 26.50
3985 25.50
4500 25.33
4255 24.35
5670 24.84
3778 24.59
4689 24.43
3544 24.54
5439 24.86
3839 24.29
4052 24.62
3711 24.11
5380 24.40
3602 24.15
4760 24.00
3249 24.12
5035 24.19
3819 24.12
4827 23.73
3575 23.98
5028 23.99
3544 23.84
4991 23.69
4040 23.67
5922 23.68
3686 23.93
4497 23.87
3447 23.83
12930 27.61
1036 28.12
3249 25.57
2626 25.71
3617 26.58
3858 25.66
4516 25.82
4599 24.58
4988 26.02
3913 24.89
5037 24.57
3627 24.80
