1159 50.76
12 46.00
512 44.03
605 43.33
660 45.16
311 43.99
644 43.16
304 43.18
659 43.44
414 42.62
597 42.21
489 41.59
652 42.61
392 42.32
589 41.62
474 41.38
660 42.06
525 41.04
579 41.22
354 41.09
628 41.38
472 40.64
647 40.23
403 40.19
687 40.67
413 40.69
622 39.95
632 39.18
674 40.34
485 39.88
654 39.64
370 39.53
709 47.99
638 42.66
585 43.03
576 41.52
629 43.20
658 41.53
599 42.01
554 41.28
661 42.02
489 40.91
654 41.13
415 40.94
706 41.24
416 40.54
601 40.02
363 40.56
652 40.51
480 39.95
621 39.67
424 39.32
674 39.98
434 39.73
668 39.01
449 38.85
698 39.47
366 39.86
681 39.23
345 39.22
696 39.10
398 39.10
702 38.74
468 38.63
1348 43.91
215 42.26
338 41.71
727 39.89
541 40.80
493 39.76
631 39.73
592 38.99
682 40.28
557 39.45
644 39.25
405 39.31
705 39.87
466 39.59
613 39.24
475 38.71
730 39.30
448 38.61
627 38.78
495 38.36
662 39.03
516 38.61
699 38.42
353 38.24
694 38.53
419 38.49
660 38.05
451 37.85
687 38.45
472 37.87
619 37.93
372 38.33
1641 42.64
181 40.94
292 41.79
398 40.28
588 40.03
684 38.43
608 39.33
556 38.40
798 39.46
519 38.89
577 39.06
452 38.29
802 38.79
431 38.48
634 37.94
402 38.42
649 38.63
436 38.12
621 38.05
488 37.45
682 38.34
455 38.00
627 37.73
686 37.16
634 38.13
432 37.42
566 37.58
637 36.56
786 37.61
407 36.91
631 36.99
567 36.57
1779 41.88
122 42.00
327 40.34
363 39.35
636 39.78
520 38.78
663 38.40
505 38.04
743 38.68
505 38.02
665 38.05
463 37.82
713 38.42
504 37.95
584 37.85
552 37.48
647 38.28
543 38.06
636 37.95
508 37.76
821 38.24
457 37.89
572 38.26
652 37.58
677 38.62
502 37.41
629 37.76
485 37.54
703 38.01
496 37.75
634 37.64
418 37.32
1611 42.94
188 40.82
495 39.82
476 39.38
480 41.72
612 39.25
611 39.62
590 39.03
612 40.39
539 39.34
703 38.95
462 38.89
667 39.57
563 38.56
663 38.62
354 38.81
800 38.04
374 38.34
653 37.80
521 37.84
678 38.27
528 38.08
678 38.21
401 37.98
786 38.12
465 38.04
643 37.76
446 37.33
686 37.70
525 37.33
658 36.96
420 37.63
1745 42.06
174 41.55
327 40.58
290 39.95
727 39.72
447 38.96
623 38.60
547 37.85
597 39.27
631 37.59
635 38.03
443 37.72
699 38.53
495 38.17
634 37.86
649 37.39
703 38.17
491 37.81
699 37.96
397 37.99
735 38.45
427 37.87
601 37.66
615 36.85
647 38.34
598 37.37
553 38.18
648 36.86
733 37.96
367 37.90
624 37.39
528 37.06
1642 42.65
167 42.00
404 40.08
464 38.48
493 39.88
720 38.96
540 39.21
605 38.53
698 39.10
537 38.54
656 38.61
415 38.15
672 38.90
466 38.08
554 38.18
558 37.92
700 38.41
444 38.23
615 37.93
391 37.74
667 37.90
587 37.38
620 37.76
579 37.27
723 38.41
503 37.28
631 37.59
540 37.61
812 38.32
485 38.15
638 38.07
408 37.76
1749 42.09
115 41.00
394 39.98
538 38.43
461 40.88
523 39.02
665 39.18
491 38.74
723 39.14
471 39.05
615 38.90
461 38.30
682 38.80
550 38.20
594 38.36
538 38.32
791 38.60
461 38.04
662 37.89
425 37.62
688 38.18
507 37.95
672 37.87
386 37.70
748 37.89
450 37.82
728 37.54
430 37.66
823 37.82
435 37.78
650 38.04
353 38.07
1653 42.80
226 41.10
296 41.48
406 40.34
647 41.03
494 39.58
662 39.51
493 38.56
771 39.85
560 38.57
564 39.27
370 39.07
