1718 45.97
106 45.86
1150 40.72
828 39.81
1106 40.92
816 39.44
1081 39.30
670 38.65
1110 39.54
740 38.50
1011 38.63
742 38.03
1134 38.75
683 37.93
990 37.53
715 37.35
1110 37.81
944 37.24
1087 37.05
540 37.17
1131 37.14
683 37.07
1085 36.38
733 36.20
1162 36.81
572 36.70
1092 36.13
925 35.60
1149 36.45
839 36.03
1095 35.62
712 35.63
2167 41.44
421 39.13
687 38.75
940 37.51
1294 37.61
681 37.44
1087 36.97
674 36.71
1088 37.39
954 36.40
1023 36.53
691 36.44
1120 36.61
693 36.04
1018 35.72
773 35.80
1173 36.25
709 35.42
996 35.34
778 35.16
1139 35.43
783 35.03
1052 34.87
835 34.70
1029 35.59
877 35.27
1101 34.90
614 35.20
1223 35.12
821 34.86
1083 34.43
807 34.59
2794 39.32
188 39.00
463 37.95
783 36.21
969 36.96
993 35.96
1050 35.79
855 35.39
1133 36.22
910 35.36
1044 35.20
734 35.13
1193 36.02
750 35.31
990 35.06
941 34.63
1091 35.56
782 34.93
1086 34.83
718 34.62
1136 35.26
760 34.64
1137 34.46
673 34.16
1119 34.99
882 34.33
934 34.46
986 33.87
1136 34.79
959 34.09
1158 34.32
557 34.51
2813 39.30
280 37.69
510 38.83
773 37.03
1001 37.81
887 35.60
1176 35.55
783 35.11
1383 35.73
786 35.37
1018 35.27
721 35.01
1156 35.77
835 34.72
1016 34.74
760 34.58
1141 35.00
803 34.75
995 34.56
790 34.38
1088 35.06
812 34.52
1045 34.25
1039 33.66
1078 34.63
796 34.35
1080 33.86
949 33.53
1119 34.29
698 33.95
1091 33.84
776 33.52
2929 38.81
216 38.48
489 37.09
607 36.26
1054 37.02
955 35.40
1133 35.34
995 34.23
1088 35.62
917 34.74
1094 34.52
881 34.21
1069 35.35
976 34.54
949 35.14
886 34.31
1131 34.98
856 34.39
1111 34.42
765 34.71
1292 35.03
894 34.51
953 34.89
1030 34.34
1202 35.00
679 34.69
1040 34.60
887 34.06
1217 34.74
682 34.54
1060 34.12
618 34.37
2977 39.16
196 38.13
660 36.78
597 36.13
889 37.24
956 35.43
1063 35.80
984 34.97
1109 36.00
947 35.02
1144 34.90
662 35.20
1154 35.53
740 34.84
1078 34.64
819 34.43
1124 34.74
854 34.30
1081 34.29
673 34.42
1176 34.72
826 34.27
1086 34.00
761 34.15
1288 34.33
784 34.19
1107 33.87
637 34.00
1170 34.36
827 33.76
1130 33.53
633 33.29
2843 38.90
310 37.71
475 37.92
717 36.12
1040 36.32
833 35.38
1131 35.12
861 34.55
1086 35.50
981 34.52
1027 34.64
828 34.28
1082 35.19
994 34.47
1108 34.53
887 34.26
1256 34.65
824 34.16
1039 34.31
789 34.23
1273 35.01
700 34.66
861 34.70
1068 33.77
1061 34.93
982 33.97
972 34.30
992 33.61
1223 34.53
705 34.37
940 34.21
954 33.54
3007 38.93
163 37.79
662 36.79
590 36.36
983 36.27
911 35.76
947 35.67
1078 34.56
1117 35.71
929 34.55
892 35.12
889 34.37
1124 34.92
767 34.69
955 34.46
967 34.29
1174 34.72
651 34.10
1046 34.04
658 34.19
1139 34.54
915 33.86
1036 34.13
844 33.57
1243 34.53
782 34.08
1055 33.93
911 33.70
1208 35.10
970 34.15
980 34.61
759 33.80
3008 38.55
132 37.14
591 36.67
586 36.50
984 36.73
1044 35.53
1231 35.58
814 34.90
1194 35.59
820 35.18
1098 34.76
754 34.89
1102 35.83
974 34.53
1115 34.55
656 34.70
1331 35.15
753 34.86
1112 34.22
534 34.73
1196 34.52
695 34.56
1131 33.97
719 34.42
1235 34.36
864 34.12
1129 34.24
717 34.40
1229 34.42
915 34.26
1018 34.28
672 34.32
2771 39.35
323 38.33
541 37.81
670 36.61
1025 37.48
965 35.80
1065 36.07
915 35.52
1214 36.51
836 35.30
945 35.53
708 35.50
