8538 32.97
382 33.80
1501 31.50
3601 28.92
3616 29.96
3457 28.44
3930 28.53
3341 27.73
4194 28.85
2950 27.78
3819 27.59
2485 27.63
4307 27.53
2358 27.49
3443 26.90
2896 26.88
4157 27.29
3206 26.93
3881 26.65
2838 26.86
4135 27.07
3094 26.76
4013 26.48
3017 26.59
4364 27.23
2798 26.92
3432 26.78
3385 25.99
4252 26.69
3309 26.18
3775 26.34
3189 26.15
9864 30.83
926 30.56
2736 28.46
2110 28.23
3287 28.94
3404 27.67
3756 27.72
3450 26.72
4022 27.95
3521 26.80
3798 26.81
2520 26.95
4049 27.20
2899 26.69
3765 26.67
3105 26.46
4123 26.96
3083 26.41
3693 26.19
2858 26.07
3986 26.49
2583 26.18
3958 25.66
3152 25.54
4249 26.42
3281 26.21
3892 25.93
2751 26.00
4347 26.16
3063 25.83
3940 25.59
2783 25.43
9992 30.08
776 29.53
2338 28.05
2942 27.01
2765 28.77
3503 26.93
3911 26.75
3398 25.96
4068 27.22
3183 26.61
4489 26.22
2556 26.45
4254 27.08
3014 26.33
3507 26.27
3243 25.93
4080 26.58
3153 25.95
3737 25.87
2997 25.66
4121 26.11
2703 26.03
3931 25.48
3051 25.50
3901 26.35
3247 25.70
3302 25.92
3458 25.30
4174 25.92
3533 25.55
3986 25.69
2674 25.82
10057 30.01
780 30.10
1491 29.70
2885 27.82
3584 27.94
3496 26.41
4131 26.16
2927 25.95
4231 27.09
3513 26.04
4080 25.96
2701 26.04
3934 26.84
3193 25.62
3668 25.69
2668 25.69
4135 26.38
3423 25.86
3437 25.89
3153 25.70
4374 25.98
2705 25.81
3574 25.43
3285 24.98
4068 25.54
2892 25.41
3659 24.96
3308 24.58
3992 25.36
3092 24.86
3572 24.96
3789 24.39
10416 29.35
602 30.25
2813 27.15
2340 26.64
2803 28.85
3245 26.48
3865 26.42
3603 25.19
3804 27.28
3967 25.56
3881 26.06
3188 25.43
4110 26.64
3952 25.54
4190 25.90
2676 25.89
4402 26.32
2740 25.99
3600 25.79
3532 25.31
4163 26.21
2997 25.84
3824 25.87
3556 25.44
4551 26.22
2864 26.03
3813 25.88
3073 25.73
4417 26.27
2729 26.00
3878 25.57
2690 25.60
10492 30.04
1233 28.95
1989 28.54
2361 27.45
3769 27.27
3242 26.14
3471 26.53
3242 26.01
3820 26.88
3197 26.18
3608 26.05
3034 25.86
3817 26.52
3409 25.84
4067 25.65
2852 25.65
3945 26.05
2983 25.71
3595 25.34
3398 25.03
3894 26.03
3289 25.33
3774 25.33
3052 25.36
4194 25.68
3021 25.55
3513 25.46
3312 24.86
4085 25.58
3321 24.99
3849 24.93
2928 25.01
10369 29.52
1038 29.14
1708 28.32
2953 26.65
2825 27.88
3507 26.23
3909 26.35
3398 25.69
3957 26.93
3487 25.84
3409 26.03
3151 25.49
4029 26.55
3238 26.07
3588 26.16
3648 25.10
4044 26.03
2820 25.49
3732 25.47
2796 25.66
4443 26.26
3100 25.85
3240 25.92
3615 25.10
4049 25.93
3107 25.52
3696 25.55
3716 24.85
4655 25.53
2742 25.69
3376 25.43
3512 24.77
10233 29.95
873 29.98
1853 28.77
2750 27.43
3083 28.22
3498 26.69
3728 26.69
3632 25.41
3857 26.89
3368 25.95
4368 25.66
2554 25.88
3972 26.44
2961 25.92
3359 25.91
3132 25.60
3932 26.21
3051 25.67
3528 25.51
2998 25.30
4409 25.43
2662 25.15
3931 24.87
2820 24.76
4251 25.59
2878 25.08
3918 24.77
3550 25.03
5208 26.07
3139 25.35
3244 25.74
2736 25.03
10338 29.53
860 29.87
1895 28.74
2145 28.39
3761 28.10
3169 27.01
3657 26.94
3423 25.87
3924 27.08
3589 25.95
3892 26.18
2999 25.98
4590 26.48
2984 25.99
3394 26.08
3103 25.70
4167 26.13
3013 25.78
3804 25.61
2533 25.82
4118 25.74
2998 25.58
3873 25.33
2774 25.38
4162 25.47
3099 25.32
4126 25.30
3068 25.28
4582 25.53
3219 25.40
3794 25.23
2577 25.37
9953 30.01
1000 29.23
1879 28.59
2788 27.28
3477 27.94
4243 26.59
3344 27.39
4018 26.08
4097 27.52
3140 26.48
3932 26.24
2525 26.56
