9755 23.34
6562 24.82
2434 23.81
4399 21.60
5758 22.27
5774 20.26
8675 23.16
7249 23.08
4610 22.95
3798 22.53
5877 21.47
4443 20.92
6329 22.41
5140 20.84
6422 22.60
5995 22.20
6733 22.87
4342 21.90
6203 22.10
7918 23.22
6573 23.34
4739 23.57
5196 22.52
4791 21.63
6545 22.87
4700 22.13
5769 22.37
5247 21.61
6747 23.28
5356 22.30
5924 23.02
5379 22.38
12593 22.51
2897 24.09
5662 23.02
4393 22.78
7540 22.98
4959 22.94
5569 23.28
5154 22.57
7418 22.97
5348 22.46
6132 23.04
4922 22.61
7401 23.41
5226 22.80
5759 23.84
5613 22.66
8069 23.55
5346 23.20
6384 24.06
5198 23.26
8411 24.02
4591 23.66
5664 24.07
4886 23.42
7412 23.99
4380 23.63
5555 24.04
4922 23.39
11260 25.26
7731 25.81
5919 28.36
4691 26.40
8206 26.55
2729 26.02
4214 26.20
4761 24.60
5843 26.75
5175 24.67
5624 25.79
4744 24.56
6304 26.73
4948 24.54
6027 25.10
4643 24.61
6312 26.03
5066 24.66
6182 24.92
4637 24.71
6729 25.87
4783 24.84
6221 24.88
4748 24.39
6707 26.01
5037 24.57
6227 24.51
7903 25.60
6488 25.92
7019 26.71
4574 26.80
4842 26.07
7256 26.08
4831 26.29
5400 26.04
4915 24.85
13886 23.49
2877 26.58
6225 25.39
6934 26.08
6547 27.50
4071 26.26
5298 27.72
4285 26.87
7946 28.44
6132 28.00
6672 28.33
4008 27.01
7201 28.60
6220 28.40
6465 28.39
3628 26.94
6920 28.73
4449 26.90
5666 27.71
4547 27.04
6287 28.88
4476 27.02
5812 26.90
4358 26.11
6457 27.47
5090 27.34
5300 27.19
4751 26.12
6434 27.35
4808 26.37
6146 26.46
4513 26.24
13458 25.49
2638 27.76
5344 26.71
4440 26.34
7964 26.42
3975 26.08
5591 25.97
4334 25.60
6837 26.30
9712 27.90
5038 28.26
4426 27.48
6813 26.52
4609 26.33
6095 26.47
4432 26.00
10053 27.79
7115 27.68
6223 29.81
4526 27.66
7165 29.06
3206 26.94
8496 30.44
5762 29.60
3682 30.02
3880 27.18
5939 26.44
4440 26.09
6162 28.31
8760 29.39
5862 29.36
4350 28.17
12461 23.97
2305 27.68
4855 26.54
3339 26.91
7688 25.41
3282 25.72
5974 25.42
4569 25.50
8165 25.99
5648 26.57
7396 26.05
4285 25.85
7972 26.15
6462 26.98
7131 27.10
6313 27.15
6622 26.80
4817 26.66
4235 26.76
8629 27.98
5027 27.22
3350 26.31
4710 26.17
4674 24.43
6317 25.88
3831 24.60
6814 25.46
5718 25.57
5803 26.41
5042 24.52
5961 25.08
5138 24.73
12683 22.92
3437 26.08
5983 25.88
4705 26.01
7660 25.88
8225 27.46
6076 26.95
4436 26.75
5951 26.33
4057 25.29
4879 25.84
5372 25.51
6723 26.30
5172 25.39
6149 25.70
4593 25.18
6595 26.42
5135 25.11
6265 24.92
4158 24.75
6739 25.47
4079 24.69
6146 23.83
4446 23.71
6285 25.28
4704 24.26
6475 24.39
5588 24.66
10807 27.78
7368 26.99
5816 28.69
3525 26.09
10395 23.59
2166 26.62
6631 25.91
5115 25.60
7225 25.61
4138 25.28
5630 25.61
4740 24.96
7814 26.59
5053 25.59
5653 26.71
4929 25.29
7478 26.47
4625 25.59
6251 25.47
5325 25.96
6525 26.89
4221 25.96
6099 25.25
4752 24.55
6785 26.16
4232 25.62
5924 25.32
4576 24.99
6524 26.37
4872 25.16
6301 26.08
5407 25.36
7153 26.44
4647 25.85
6229 26.87
5463 25.96
14343 22.67
3126 27.85
5631 26.15
4051 25.81
7716 25.51
4329 25.39
5821 25.73
5013 24.95
8081 25.67
4811 24.90
5953 25.60
4692 24.73
6700 25.69
4615 24.54
6065 25.59
4657 25.29
7324 25.65
4713 24.71
6258 25.52
8320 26.41
7575 26.85
3806 26.60
6074 26.01
8077 27.40
6594 27.41
4138 26.95
5082 27.41
5076 25.86
6440 27.35
4413 25.58
5897 25.27
4621 25.23
11778 22.19
3385 26.12
5598 24.90
4940 24.51
7229 24.50
4326 24.41
5657 24.14
4068 23.40
7057 24.10
4414 23.68
6020 23.45
4637 23.07
