3069 35.30
1755 35.76
367 35.78
1269 31.35
1674 31.20
1454 30.44
2702 33.25
1945 33.22
1186 32.72
1292 31.24
1678 31.23
1086 30.93
1836 31.90
1285 30.87
1722 31.54
1821 30.55
1699 31.27
1160 31.47
1876 30.64
2676 32.19
1722 32.20
1184 32.74
1392 32.46
1503 30.68
1882 32.20
1480 31.59
1623 31.71
1388 30.81
1960 31.95
1507 31.13
1668 32.19
1406 31.74
3395 34.53
628 33.58
1352 32.87
1520 31.61
1757 33.55
1656 31.95
1690 32.72
1308 31.83
1984 33.36
1275 31.66
1798 32.09
1421 31.54
1941 33.18
1554 31.80
1676 32.52
1579 31.47
2113 33.33
1404 32.74
1893 33.11
1519 32.28
2262 33.70
1262 32.89
1792 33.20
1342 32.42
1943 34.07
1357 32.47
1756 32.84
1373 32.40
3307 35.43
2157 35.96
1778 37.81
1363 35.08
2330 37.55
631 35.14
1017 36.06
1356 33.66
1769 35.19
1373 33.99
1768 34.72
1349 33.49
1977 35.44
1304 33.97
1659 34.23
1233 33.89
1856 34.86
1388 33.89
1678 34.01
1249 33.43
1950 34.59
1125 34.50
1737 34.23
1403 33.17
1967 34.87
1354 33.31
1665 33.57
2706 34.19
1849 35.08
2272 36.11
1294 35.96
1162 35.49
1918 35.40
1221 35.20
1570 34.81
1576 33.32
3826 34.60
690 34.86
1419 35.09
1920 35.91
2134 35.37
986 35.26
1674 36.08
1306 34.97
3143 36.38
2077 35.91
1928 37.27
1067 35.94
2168 37.14
2090 37.03
1633 39.34
1084 36.03
2233 37.82
1050 36.23
1363 37.30
1240 36.14
1791 37.69
1138 36.18
1769 35.72
1275 34.81
1843 36.73
1411 36.37
1795 36.16
1189 35.72
1902 36.41
1275 35.64
1745 35.61
1356 35.10
3830 36.27
608 37.17
1406 36.20
1069 35.58
2022 35.91
1042 35.25
1773 34.58
1289 33.86
1874 35.68
3306 37.07
1369 37.44
1024 36.71
1845 36.10
1167 35.13
1580 35.73
1350 34.76
3218 37.23
2266 36.63
1759 39.64
1266 37.08
1953 39.70
913 36.30
2399 41.06
1554 39.60
1020 39.82
1191 36.57
1713 36.10
1237 35.79
1746 37.50
2727 39.30
1894 38.71
1025 37.79
3675 34.77
396 37.95
1146 35.65
1305 34.65
2086 34.84
800 35.37
1679 34.39
1300 34.19
2356 35.48
1514 35.78
2164 35.56
1269 35.23
2316 35.28
1951 36.13
2049 36.59
1917 36.49
2019 36.87
1396 36.15
1117 37.05
2600 38.31
1474 37.39
799 36.32
1330 36.25
1560 33.63
1826 36.34
1017 34.84
1916 35.66
1701 34.99
1528 37.22
1548 33.99
1740 34.94
1378 34.49
3941 33.17
713 35.86
1658 35.08
1259 35.45
2235 35.28
2429 37.41
1717 36.54
1211 35.91
1749 35.72
1074 34.79
1530 34.93
1568 34.62
2135 35.86
1341 34.95
1765 35.03
1305 34.67
1917 35.96
1604 34.49
1723 35.14
1226 34.25
1963 35.32
1106 34.11
1825 33.48
1205 33.67
1899 35.17
1220 33.72
1797 34.26
1602 34.23
3535 37.63
2177 37.05
1564 39.96
1049 36.05
2746 35.16
463 36.72
1923 35.63
1352 35.35
2011 35.42
1084 35.43
1604 35.88
1371 34.80
2536 35.92
1189 36.02
1649 36.12
1325 35.50
2208 36.22
1208 35.42
1734 35.02
1414 35.51
1883 36.59
1188 35.33
1708 34.77
1360 33.73
1952 35.83
1153 34.85
1811 34.48
1195 34.63
1946 35.74
1388 34.74
1742 35.57
1450 34.82
2017 36.26
1299 34.94
1785 36.28
1513 35.06
4047 33.89
795 36.84
1525 35.46
1074 35.02
2281 34.52
1204 34.76
1702 34.56
1381 34.45
2562 34.72
1259 34.64
1735 35.07
1355 34.11
2129 34.95
1285 34.09
1752 34.57
1301 34.42
2079 35.12
1329 34.22
1778 34.90
2664 35.88
2430 36.02
1053 36.00
1543 35.97
2530 37.22
2032 36.95
1032 36.62
1425 37.21
1259 36.35
2060 36.76
1152 35.76
1711 35.18
1398 35.16
3878 32.32
948 35.96
1655 35.04
1245 35.09
2130 34.46
1106 34.54
1545 34.44
1097 34.11
1934 34.17
1199 33.75
1733 33.44
1262 32.41
