1855 41.68
760 42.42
262 41.84
878 36.75
919 36.84
773 35.18
1558 37.81
1053 38.15
644 37.07
586 36.33
998 35.68
715 34.91
1060 36.54
586 35.74
894 35.66
1012 34.69
938 36.01
707 35.70
924 35.49
1705 36.48
962 36.62
673 36.53
708 36.20
907 35.43
1097 36.81
713 35.92
939 36.05
709 35.41
1112 36.95
719 35.09
919 35.70
864 35.49
1632 40.99
408 38.62
1021 36.66
739 36.13
997 38.72
834 36.63
969 37.24
761 36.35
1138 37.64
764 36.25
1002 35.95
762 35.67
1085 37.11
788 35.62
908 36.31
816 35.70
1252 36.36
676 36.97
1074 36.42
799 36.06
1443 36.48
700 36.75
877 37.41
837 36.39
1175 37.60
679 36.65
889 36.40
788 35.44
1862 40.05
1271 40.09
1052 41.89
803 39.94
1205 43.42
440 40.37
581 40.81
698 39.35
1021 40.27
884 38.39
1031 38.72
705 38.20
1134 40.08
688 38.97
954 38.97
676 38.40
1032 39.85
804 38.31
1036 38.24
567 38.21
1160 39.01
658 38.28
982 38.91
801 37.70
1151 39.31
745 37.40
976 37.57
1535 38.47
1124 39.21
1447 39.87
731 40.51
667 39.29
1190 39.15
588 39.54
776 39.52
860 37.42
2167 39.19
346 39.71
816 39.15
1102 39.78
1230 39.85
489 38.89
988 40.28
760 39.26
1693 41.44
1026 40.96
1151 41.67
657 40.23
1243 42.28
1088 42.03
1095 43.13
560 40.87
1359 41.95
505 41.12
755 42.19
797 40.41
1056 42.16
581 40.51
920 40.54
742 39.72
1081 41.36
839 40.86
853 40.48
775 39.35
1090 41.19
630 39.58
963 39.84
778 39.34
2220 40.88
285 41.23
727 40.78
725 39.56
1074 41.05
617 39.35
973 39.15
730 38.74
1068 40.11
1921 41.56
719 42.18
556 41.35
972 40.91
618 39.34
977 39.29
847 38.97
1908 41.74
1310 41.48
987 45.84
782 41.93
1105 45.18
607 41.44
1323 46.32
954 44.36
564 46.38
704 41.65
896 41.61
633 41.93
1045 43.16
1473 44.58
971 44.04
666 43.02
2098 39.44
240 43.97
515 41.67
1038 38.24
1111 39.73
395 39.98
940 39.34
618 38.67
1335 40.09
778 40.51
1110 40.17
681 39.80
1294 40.17
1190 40.51
1208 41.14
1054 41.34
1218 40.52
850 40.92
697 41.30
1651 42.46
897 42.42
452 42.20
724 42.18
707 39.46
1090 40.88
577 39.53
1114 40.45
862 39.90
868 41.71
850 38.81
964 40.47
762 39.07
2283 38.02
369 41.21
893 40.30
677 40.57
1347 39.28
1188 43.14
921 40.97
653 40.71
1053 40.06
616 39.39
969 38.47
956 39.37
1324 40.13
701 40.02
956 40.53
791 38.98
1299 40.42
754 39.43
995 39.56
696 38.71
1160 39.81
585 38.47
967 38.06
799 37.59
1122 39.95
779 38.40
1071 38.78
849 38.57
2029 42.91
1139 43.07
930 45.15
576 41.56
1670 39.70
251 41.46
1051 40.80
758 40.37
1127 39.98
574 40.31
1060 39.74
741 39.37
1492 40.61
688 40.28
937 40.70
775 40.17
1350 40.59
608 40.24
963 40.28
744 40.30
1180 41.10
564 40.35
992 39.30
775 38.37
1175 40.20
568 39.44
1002 39.03
720 38.89
1118 39.97
736 39.38
1090 39.01
745 39.08
1267 40.57
789 40.08
1007 41.00
806 39.93
2263 38.88
479 41.36
813 40.20
626 39.48
1378 39.23
654 39.45
983 39.05
727 39.06
1423 39.39
635 38.63
971 39.75
762 38.59
1167 39.69
664 38.72
1016 39.11
689 38.77
1201 39.71
701 39.01
1000 39.63
1524 40.36
1402 40.40
604 40.71
912 40.78
1503 41.76
1188 41.21
655 41.30
901 41.66
695 41.42
1218 41.70
581 40.73
771 41.17
850 39.99
2312 37.01
613 41.04
914 39.94
692 39.20
1170 39.61
530 39.41
782 39.51
868 37.16
1035 38.91
675 38.57
1037 37.54
620 36.93
