7066 26.50
4457 27.91
1371 28.10
3056 24.22
4417 24.57
3449 23.37
6531 25.57
5129 25.78
3419 25.33
2961 24.52
3863 24.33
2875 23.68
4612 24.80
3439 23.76
4522 25.21
4102 24.84
4679 25.33
3049 24.87
4240 24.47
6028 25.60
4612 25.81
3193 26.17
3661 25.18
3374 24.32
4772 25.40
3575 24.36
3966 24.88
3659 24.16
4769 25.79
3793 24.84
4137 25.65
3547 24.81
8962 25.78
1786 27.34
3663 25.92
3251 25.36
4975 25.90
3669 25.26
3847 25.76
3630 25.00
4931 25.89
3846 24.90
4267 25.67
3619 25.14
5174 26.13
3645 25.37
4195 26.37
3762 25.26
5496 26.49
3883 25.78
4428 26.84
3787 25.99
5770 26.91
3153 26.55
4149 26.40
3300 26.12
4963 27.12
3131 26.23
4273 26.30
3052 26.40
7735 28.46
5808 28.42
4142 31.29
3402 29.13
5657 30.06
1911 28.44
2893 28.85
3216 27.38
4022 29.39
4032 27.03
4034 28.38
3422 27.02
4397 29.34
3514 27.23
4223 27.69
3140 27.51
4643 28.73
3254 27.61
4336 27.41
3165 27.14
4747 28.29
3104 27.64
4285 27.51
3502 26.65
4670 28.61
3545 26.80
4331 27.06
5711 27.96
4410 28.91
4994 29.66
3157 29.43
3273 28.50
4978 28.86
3258 29.07
4088 28.03
3653 26.95
9402 26.97
2101 28.87
4423 27.94
4972 28.63
4846 29.74
2818 28.72
3679 30.39
3125 29.06
6232 30.50
4526 30.28
4863 30.76
2650 29.58
5366 30.80
4683 30.61
4343 31.59
2696 29.45
5317 30.89
2792 29.51
3563 30.65
3343 29.52
4226 31.65
3150 29.66
4054 29.59
3182 28.84
4361 30.41
3560 30.10
3826 29.68
3406 28.63
4566 29.94
3407 28.93
4530 28.98
2751 29.03
9402 28.84
1753 30.28
3493 29.66
3026 28.87
5184 29.64
2871 28.67
4026 28.50
3256 27.67
4517 29.32
7378 30.44
3491 30.94
2805 30.66
4436 29.71
3296 28.90
4093 29.30
3126 28.60
7116 30.76
5205 30.36
4324 32.96
3227 30.32
5077 31.97
2219 29.69
5940 33.41
4048 32.41
2447 32.94
2689 29.92
4227 29.04
3192 28.64
4260 30.97
6480 32.14
4214 31.96
2876 30.84
8769 27.16
1520 30.22
3166 29.36
2415 29.37
5370 28.12
2282 28.52
4237 27.82
3131 27.89
5886 28.62
3989 29.31
5485 28.63
2860 28.60
5861 28.69
4674 29.66
5052 29.86
4601 29.80
4390 30.36
3212 29.82
2838 29.87
6030 31.15
3210 30.56
2396 29.07
3475 28.90
3514 26.70
4322 29.12
2756 27.52
4831 28.22
3947 28.28
4087 29.23
3654 26.89
4228 27.72
3549 27.47
9458 25.53
2213 28.79
4188 28.53
3132 28.76
5325 28.49
5987 30.11
4288 29.70
3136 29.27
4306 29.02
2686 28.17
3600 28.15
3543 28.32
4841 28.82
3587 27.87
4365 28.31
3191 27.96
4799 28.91
3648 27.86
4360 27.64
3035 27.15
4745 28.07
2920 27.32
4283 26.47
3184 26.09
4493 27.95
3351 26.76
4459 27.22
3833 27.26
8288 30.31
5330 29.68
3756 32.31
2644 28.80
6973 27.12
1445 29.47
4663 28.63
3413 28.29
5144 28.32
2890 27.98
4014 28.37
3316 27.59
5728 29.22
3408 28.25
4045 29.40
3419 28.45
5246 29.12
3183 28.11
4376 28.06
3754 28.59
4660 29.51
2912 28.72
4250 28.05
3307 27.17
4906 28.82
2919 28.22
4324 27.63
2986 27.77
4702 28.76
3261 27.69
4536 28.46
3555 28.19
5028 29.28
3332 28.10
4441 29.33
3896 28.49
10135 25.82
2116 30.33
3809 29.03
2910 28.27
5482 28.23
2978 27.90
4140 28.15
3529 27.57
5805 28.23
3378 27.77
4130 28.44
3162 27.34
4943 28.23
2986 27.20
4679 27.57
3386 27.40
5194 28.16
3251 27.35
4434 27.98
6193 28.93
5648 29.37
2738 29.20
3864 29.30
5736 30.49
4792 30.08
2773 29.69
3632 30.04
3527 28.61
4652 30.04
3043 28.54
4212 27.96
3256 27.89
8948 24.72
2274 29.15
3857 27.94
3252 27.71
5142 27.13
2975 27.22
3990 26.98
2852 26.21
4961 26.57
2932 26.46
4374 25.83
3155 25.49
