2202 39.07
1149 39.63
270 39.44
1052 34.83
1168 34.49
963 33.63
1924 35.84
1380 35.87
777 36.14
856 34.14
1212 33.47
867 33.65
1287 34.22
849 34.34
1093 34.15
1367 33.20
1073 34.33
909 33.74
1224 33.87
2072 34.94
1271 35.71
861 35.19
939 35.38
992 34.14
1405 35.41
925 33.77
1120 34.24
947 33.33
1320 34.43
947 34.69
1149 34.86
1077 33.97
2230 38.03
520 35.60
1032 35.55
1115 34.05
1210 36.46
1178 34.18
1268 35.04
981 34.29
1392 36.07
1025 33.96
1286 33.99
911 34.44
1400 35.79
1015 34.12
1210 34.72
1040 34.26
1533 35.55
902 34.85
1347 35.31
1076 34.54
1682 36.05
929 34.82
1188 35.70
998 34.93
1407 36.22
920 34.70
1172 35.60
959 34.38
2258 38.37
1552 38.31
1291 40.24
982 38.14
1652 40.36
479 37.85
805 37.90
888 37.08
1272 38.51
1081 36.11
1277 36.37
904 36.20
1418 37.81
949 36.52
1265 37.14
863 36.38
1357 37.98
917 36.41
1298 36.45
794 36.37
1418 36.95
1033 36.13
1281 36.55
932 36.03
1539 36.76
742 36.25
1202 35.96
1937 36.58
1331 37.63
1841 37.99
993 38.01
740 38.45
1520 37.31
867 37.41
920 38.03
1042 36.14
2815 36.92
402 37.86
1157 36.88
1484 37.90
1512 37.56
660 37.52
1230 38.48
846 37.37
2194 39.16
1397 38.84
1469 39.93
707 39.02
1534 39.61
1437 39.61
1215 41.72
805 38.81
1649 40.43
629 39.18
929 39.78
953 38.39
1258 39.90
839 38.14
1258 38.35
848 37.71
1326 39.60
1070 38.83
1175 38.17
871 37.84
1343 38.97
827 37.96
1298 37.81
811 37.88
2837 38.75
361 39.69
894 39.51
801 38.03
1422 38.47
784 37.23
1241 37.11
915 36.74
1328 38.03
2345 40.11
1045 39.75
726 39.33
1322 38.74
691 37.86
1239 37.17
1029 36.85
2333 40.21
1461 39.71
1263 43.03
985 39.40
1415 42.12
596 39.55
1709 43.86
1163 42.28
668 43.04
858 39.35
1213 39.42
884 38.67
1271 40.51
1947 42.24
1417 41.23
730 40.95
2454 38.22
318 40.96
710 39.37
1173 36.40
1367 37.78
567 38.02
1200 37.37
817 37.20
1688 38.17
978 38.35
1519 38.28
722 38.48
1600 38.41
1441 38.62
1535 39.21
1319 39.10
1533 38.97
905 39.54
835 39.64
2033 40.51
1077 40.09
622 38.96
1012 38.78
926 36.98
1298 39.19
751 37.07
1421 38.19
1231 37.84
1033 40.00
1069 37.05
1230 37.62
1015 37.43
2842 36.01
478 38.84
1095 38.26
817 38.04
1715 37.08
1479 41.33
1195 39.15
756 39.06
1404 37.84
770 37.79
1183 36.81
1160 37.03
1577 38.26
922 37.62
1263 37.85
982 36.84
1538 38.34
1040 37.28
1243 37.98
877 37.13
1439 37.88
728 37.26
1282 36.09
898 36.09
1356 37.87
964 36.54
1326 37.01
1140 36.66
2468 40.73
1404 40.83
1205 42.21
727 39.18
2132 37.42
315 39.71
1322 38.44
929 38.15
1499 37.83
706 38.07
1135 37.97
1033 37.88
1927 38.07
875 38.37
1298 38.18
960 38.40
1784 38.23
721 38.37
1175 38.25
963 38.27
1472 38.58
834 38.44
1220 37.41
942 36.60
1503 38.04
737 37.28
1300 36.68
836 36.86
1441 37.98
958 37.05
1302 37.75
1018 37.42
1537 38.33
939 37.96
1320 38.25
1011 37.80
2872 36.84
584 38.92
1093 38.03
754 37.63
1628 37.38
831 37.49
1205 37.69
999 36.68
1784 37.62
833 37.11
1308 37.11
935 37.12
1581 37.09
869 36.84
1304 37.30
908 36.85
1440 37.94
840 37.24
1300 37.65
1866 38.65
1749 38.64
764 38.83
1119 38.89
1888 39.91
1485 39.90
747 39.68
1057 39.77
861 39.30
1493 39.68
699 38.68
1181 38.49
1013 37.68
2837 35.09
675 39.03
1135 37.79
897 37.35
1501 37.32
805 36.75
1094 37.20
801 36.43
1417 36.80
826 36.55
1289 35.97
795 35.34
