1484 45.27
470 46.13
153 46.02
661 40.02
698 39.68
546 37.96
1037 41.24
663 41.24
538 39.76
620 37.70
738 37.70
470 38.30
795 38.17
329 38.39
738 37.22
732 36.82
746 38.57
540 37.35
711 37.70
1222 39.23
663 39.57
435 39.03
638 37.97
705 37.12
826 39.11
559 38.61
741 38.65
512 37.90
798 39.64
583 37.64
637 38.47
632 37.73
1081 44.68
405 40.76
763 40.21
579 38.87
749 42.60
677 39.15
685 40.66
542 39.20
834 40.81
498 37.54
751 38.65
529 38.14
819 39.33
573 38.65
711 38.40
491 38.37
850 39.24
578 38.02
776 38.67
603 37.97
943 39.45
543 39.21
778 39.63
538 38.69
878 40.23
552 38.71
719 38.41
579 37.80
1384 42.79
955 42.67
716 44.78
551 43.17
879 45.81
340 42.49
437 43.56
697 41.08
691 43.61
578 41.14
823 40.70
516 41.08
861 41.91
573 41.21
694 41.83
477 40.69
843 42.76
548 40.78
694 40.82
440 40.82
804 41.99
575 40.63
732 40.72
617 39.65
832 41.43
516 40.26
746 40.34
1074 40.77
851 42.60
977 42.76
602 42.90
469 42.61
971 42.32
448 42.27
506 42.20
684 39.72
1606 42.12
283 41.91
548 41.79
803 42.40
851 43.11
426 41.93
727 42.30
664 41.96
1329 43.78
796 43.34
865 44.73
418 42.82
974 44.33
882 44.01
757 45.81
548 43.22
979 45.14
414 43.75
588 44.41
515 43.31
726 45.01
506 43.37
701 43.64
623 42.60
839 44.71
636 43.98
668 44.14
515 42.95
922 44.38
421 43.00
688 42.66
493 42.28
1690 43.35
246 43.54
483 43.64
560 42.40
780 43.51
488 41.74
780 42.03
529 41.60
836 43.20
1390 44.95
535 45.08
493 44.18
735 43.95
447 42.72
738 41.91
543 41.78
1330 45.13
888 43.95
803 47.51
566 44.34
896 48.06
367 44.10
998 49.15
688 47.25
456 48.07
507 44.23
723 44.73
522 43.90
794 46.29
1114 47.33
773 47.29
526 46.20
1489 42.65
187 46.64
433 45.31
631 41.55
815 42.88
359 42.46
718 42.15
474 41.95
885 43.58
525 43.78
855 42.64
495 42.81
871 43.58
839 43.64
840 44.42
781 43.73
928 43.23
521 43.88
625 43.66
1326 44.49
678 43.97
444 43.82
606 44.30
502 43.21
849 43.56
416 42.56
764 42.90
677 42.12
669 44.51
662 41.54
718 42.66
653 42.12
1682 40.79
305 43.57
648 43.26
522 42.76
1028 42.00
903 46.11
755 43.86
421 43.52
871 42.66
468 42.53
766 41.95
772 41.90
1019 43.01
525 42.10
711 43.37
554 42.76
918 43.30
539 42.22
798 42.49
580 42.19
894 43.02
467 42.15
726 41.74
567 41.09
790 43.08
599 41.75
786 41.95
731 41.54
1459 45.98
845 45.94
775 46.51
388 44.36
1288 42.07
198 44.75
745 43.51
546 43.65
806 42.84
510 42.87
795 42.20
511 42.90
1150 43.12
490 43.26
704 43.36
617 42.88
1083 42.91
525 43.13
739 43.30
538 43.25
919 43.61
392 43.74
738 42.71
576 40.94
1001 43.29
431 42.58
729 41.66
566 41.93
927 43.04
513 42.56
798 42.07
506 42.34
979 43.39
555 42.56
785 43.39
566 42.84
1675 41.84
339 43.84
588 42.61
495 42.10
1034 42.30
513 42.35
811 41.88
545 41.58
1118 42.79
485 42.20
684 42.87
559 41.70
933 42.58
444 42.09
734 41.78
520 41.46
847 42.99
528 41.87
763 42.48
1060 43.86
999 43.75
500 43.90
657 43.75
1043 45.32
947 44.39
496 44.73
680 44.90
567 43.71
906 44.65
486 43.99
640 44.33
643 43.43
1662 39.89
483 43.43
653 42.83
561 42.95
912 42.76
453 42.34
559 42.96
505 41.10
784 42.18
452 41.80
769 40.18
459 39.09
