8955 24.14
6010 25.49
2155 24.57
3881 22.29
5426 22.82
5059 21.02
7884 24.02
6176 24.23
4212 23.54
4032 22.50
5507 22.05
3922 21.65
5823 23.03
4635 21.59
5781 23.22
5665 22.76
6143 23.57
3976 22.48
5438 22.81
7189 24.13
6071 24.08
4290 24.29
4691 23.29
4604 22.14
5930 23.63
4652 22.45
5149 23.05
4777 22.31
6164 23.93
5196 22.68
5199 23.66
4877 22.93
11620 23.32
2518 25.01
5177 23.63
4215 23.08
6595 24.05
4848 23.40
5067 23.99
4576 23.14
6444 24.10
4856 23.11
5284 24.01
4783 23.14
6679 24.29
4796 23.28
5523 24.37
4970 23.36
6942 24.51
4925 23.90
5646 24.98
4834 24.04
7413 25.00
4232 24.21
5302 24.61
4329 23.99
6157 25.38
4249 24.39
5383 24.42
4226 24.34
9945 26.36
7178 26.50
5482 28.97
4270 27.13
7712 27.14
2502 26.65
3879 26.77
4295 25.25
5408 27.34
5080 25.03
4893 26.72
4330 25.22
5753 27.38
4553 25.13
5751 25.50
4126 25.37
5858 26.58
4478 25.45
5454 25.65
4197 25.23
6138 26.51
4415 25.33
5525 25.73
4390 25.07
6095 26.56
4628 25.19
5630 25.09
7148 26.19
5808 26.69
6253 27.74
4196 27.21
4415 26.74
6308 26.96
4510 26.97
5073 26.50
4697 25.24
12359 24.55
2876 26.86
5710 26.07
6400 26.77
5968 28.18
3853 26.80
4894 28.34
4095 27.35
7399 29.06
5608 28.68
6166 28.98
3605 27.54
6456 29.31
5706 29.10
6093 29.04
3333 27.40
6341 29.43
3993 27.60
4893 28.71
4336 27.64
5858 29.44
3994 27.68
5449 27.36
3938 26.75
5786 28.23
4669 27.95
5016 27.65
4328 26.77
5948 28.12
4343 26.85
5733 27.02
4148 26.79
12278 26.37
2327 28.37
4821 27.33
3875 27.09
7081 27.28
3658 26.74
5092 26.70
3946 26.21
6221 27.24
9055 28.56
4532 29.01
4012 28.29
5803 27.67
4327 26.94
5207 27.53
4253 26.65
9359 28.52
6653 28.40
5585 30.84
4223 28.35
6370 30.12
2943 27.62
7566 31.49
5119 30.56
3277 30.88
3545 27.68
5596 26.85
4020 26.85
5528 29.07
8101 30.06
5284 30.20
4020 28.88
11528 24.69
2011 28.47
4364 27.28
3058 27.56
6751 26.35
3044 26.70
5596 25.95
3917 26.39
7060 27.15
5156 27.26
6551 27.17
3940 26.51
6815 27.26
6138 27.66
6584 27.88
5845 27.87
6412 27.21
4360 27.44
3878 27.32
7914 28.69
4727 27.86
3113 27.07
4475 26.60
4338 24.87
5779 26.69
3473 25.39
6213 26.09
5108 26.23
5241 27.24
4904 25.00
5685 25.55
4428 25.66
11699 23.58
3140 26.60
5569 26.46
4573 26.32
6664 26.77
7144 28.57
5252 28.09
4226 27.49
4948 27.48
3844 25.97
4882 26.11
4737 26.14
5829 27.33
4824 26.18
5320 26.71
4531 25.65
5940 27.16
4753 25.79
6171 25.25
3691 25.52
6200 26.11
3931 25.21
5550 24.74
4103 24.34
5752 26.02
4247 24.91
5897 25.25
5040 25.40
10073 28.45
6829 27.70
5014 29.89
3252 26.91
9657 24.27
1990 27.20
6071 26.72
4673 26.31
6520 26.35
3734 25.96
5194 26.30
4298 25.54
7170 27.22
4585 26.18
5190 27.34
4491 26.26
6746 27.06
4314 26.11
5752 26.10
4854 26.61
6126 27.54
3832 26.68
5651 25.95
4215 25.26
6235 26.85
4106 25.93
5518 25.86
4038 25.78
6001 26.92
4151 26.15
5778 26.74
4937 25.94
6522 27.04
4171 26.51
5670 27.46
5085 26.60
13059 23.56
2856 28.34
5066 26.86
3877 26.30
7161 26.23
4024 26.12
5322 26.32
4610 25.60
7347 26.35
4425 25.87
5433 26.22
4145 25.35
6292 26.41
4075 25.28
5636 26.16
4236 25.82
6751 26.36
4332 25.37
5770 26.12
7841 27.05
7018 27.47
3523 27.10
5232 26.99
7539 28.06
6020 28.04
3761 27.61
4687 28.11
4633 26.59
5848 28.01
4017 26.18
5498 25.88
4222 25.81
11033 22.81
2988 26.81
5057 25.71
4528 25.08
6571 25.10
3975 25.11
5168 24.88
3701 24.28
6470 24.81
3934 24.45
5554 24.06
4205 23.71
