5863 28.40
3722 29.66
999 29.49
2397 25.64
3659 25.80
2840 25.00
5753 26.77
4435 26.93
2626 26.89
2366 26.24
3048 25.96
2249 25.27
3684 26.49
2852 25.06
3700 26.54
3381 26.15
3720 26.82
2532 25.81
3436 25.91
4837 27.28
3834 27.11
2654 27.50
2835 26.89
2960 25.43
3848 26.89
2859 25.73
3163 26.44
2866 25.68
3948 27.15
3030 26.66
3419 26.89
3084 26.53
7320 27.61
1479 28.37
2778 28.06
2639 27.26
3943 27.86
3059 26.44
3337 27.35
2813 26.84
3945 27.74
2694 27.03
3674 26.99
2923 26.73
4051 27.87
2883 27.09
3529 27.71
3182 26.55
4363 28.06
3178 27.09
3560 28.44
3124 27.35
4481 28.75
2704 27.69
3261 28.29
2804 27.32
3846 28.90
2634 27.39
3613 27.71
2666 27.34
6047 30.53
4607 30.28
3672 32.25
2839 30.16
4811 31.48
1438 30.49
2308 29.86
2598 28.61
3305 30.49
3244 28.60
3570 29.47
2705 28.59
3722 30.76
2811 28.87
3626 28.93
2546 28.67
3832 30.24
2732 28.90
3485 28.93
2593 28.53
3927 29.72
2412 29.06
3503 28.99
2857 28.39
3913 29.84
2809 28.31
3602 28.23
4805 29.46
3595 30.20
4272 30.97
2705 30.83
2729 29.98
3906 30.60
2583 30.45
3122 30.06
3110 28.39
7918 28.51
1613 30.19
3564 29.36
4233 30.09
3958 31.14
2303 30.33
3042 31.74
2560 30.43
4926 32.40
3612 32.02
4236 31.90
2140 31.01
4179 32.56
3679 32.56
3690 32.88
2084 31.05
4173 32.76
2443 31.06
3030 32.20
2692 31.01
3620 32.82
2552 31.09
3344 30.91
2569 30.13
3578 31.79
3142 31.22
3466 30.87
2577 30.22
3811 31.38
2686 30.58
3497 30.53
2615 30.24
7782 30.60
1380 31.97
2856 31.10
2392 30.48
4061 31.10
2371 30.20
3432 29.83
2629 29.28
3773 30.74
6176 31.99
2933 32.34
2367 31.68
3649 31.10
2452 30.59
3343 30.70
2540 30.21
6440 31.71
4331 31.73
3381 34.74
2608 31.90
3906 34.04
1933 31.07
4729 35.47
3213 34.30
2011 34.51
2202 31.19
3425 30.57
2575 30.15
3595 32.13
5323 33.83
3715 33.34
2270 32.23
7006 29.23
1094 32.17
2484 30.84
2256 30.20
4404 29.65
1836 30.11
3425 29.42
2485 29.50
4505 30.53
3235 30.83
4352 30.44
2354 30.08
4627 30.57
3842 31.11
4236 31.31
3796 31.40
3924 31.36
2757 31.01
2336 31.30
5063 32.63
2737 31.71
1833 30.94
2956 30.18
2979 27.99
3721 30.46
2140 29.34
3883 30.11
3282 29.76
3215 30.85
3121 28.25
3443 29.36
2847 29.00
7715 27.33
1739 30.42
3433 29.97
2749 29.81
4430 29.89
4718 32.09
3525 31.33
2565 30.79
3358 30.55
2243 29.58
3005 29.60
3328 29.20
3956 30.36
2995 29.70
3353 30.20
2604 29.49
3958 30.42
3015 29.27
3622 29.11
2398 29.03
3855 29.58
2130 28.88
3597 27.94
2557 27.57
3713 29.54
2678 28.19
3653 28.68
3273 28.84
6877 32.04
4437 31.28
2973 34.39
2150 30.49
5733 28.92
1165 31.14
3788 30.32
2802 29.86
4213 29.90
2236 29.69
3175 30.02
2845 29.07
4708 30.83
2793 29.85
3279 30.97
2808 30.02
4422 30.62
2605 29.85
3380 30.07
3054 30.15
3935 30.76
2353 30.22
3552 29.47
2640 28.69
4120 30.10
2470 29.45
3473 29.29
2489 29.18
4040 30.04
2664 29.29
3731 30.11
2808 29.77
4362 30.24
2624 29.84
3741 30.69
3201 29.97
8051 27.92
1941 31.17
3059 30.14
2336 29.70
4748 29.18
2310 29.69
3673 29.15
2797 29.05
4825 29.66
2681 29.21
3604 29.48
2537 29.04
4088 29.87
2510 28.86
3639 29.41
2680 29.23
4311 29.81
2653 28.78
3622 29.35
5073 30.65
4653 30.85
2155 30.71
3166 30.55
4889 31.92
3853 31.68
2278 31.27
2969 31.54
3059 30.05
3929 31.48
2497 30.20
3426 29.63
2636 29.49
7510 26.28
1809 30.91
3249 29.31
2552 29.43
4200 28.67
2492 28.70
3287 28.46
2156 28.13
4031 28.30
2406 28.10
3682 27.25
2464 27.28
