3855 32.64
2366 33.66
535 33.71
1584 29.25
2209 29.17
1993 28.28
3744 30.63
2770 30.75
1548 30.79
1326 30.06
1879 29.95
1707 28.46
2360 29.97
1728 28.72
2430 29.69
2113 29.22
2286 29.99
1498 29.39
2366 28.93
3387 30.37
2316 30.55
1589 30.98
1911 30.39
1761 29.27
2596 30.36
1747 29.71
2019 29.85
1829 29.09
2486 30.21
1973 29.94
2169 29.98
1892 29.49
4539 31.94
818 31.91
1480 32.26
2102 29.79
2353 31.60
2063 29.83
2150 30.63
1787 29.80
2504 31.04
1763 29.88
2348 30.05
1867 29.82
2589 31.05
2074 30.31
2308 30.95
1936 29.97
2798 31.30
2062 30.58
2426 31.28
1867 30.94
2947 31.86
1686 31.41
2150 31.21
1877 30.45
2558 31.95
1555 31.01
2251 31.03
1701 30.27
4117 33.65
3006 33.60
2251 36.13
1786 33.56
2998 35.27
854 33.92
1401 33.77
1617 32.18
2265 33.52
1932 31.84
2273 32.63
1815 31.54
2481 33.76
1697 32.09
2304 32.13
1613 32.34
2457 33.05
1765 31.86
2167 32.06
1660 31.80
2544 32.96
1688 31.78
2284 32.03
1603 31.76
2529 32.68
1734 31.85
2184 31.58
3329 32.39
2367 33.17
2903 34.20
1675 33.88
1524 33.51
2592 33.55
1646 33.49
2132 32.88
1770 31.91
4990 32.39
961 33.44
1989 33.03
2682 33.66
2550 34.08
1387 33.47
2065 34.80
1503 33.79
3393 35.61
2415 34.88
2710 35.05
1348 33.73
2578 35.69
2424 35.73
2516 35.56
1231 34.08
2729 35.94
1500 34.08
1881 35.62
1770 34.14
2375 35.85
1535 34.10
2175 33.91
1745 32.93
2318 34.66
2010 34.38
2102 34.39
1672 33.41
2457 34.35
1626 33.57
2233 33.42
1724 32.98
5025 34.14
830 34.94
1733 34.43
1536 33.57
2620 34.21
1421 33.44
2215 32.94
1714 32.17
2402 34.12
4061 35.50
1783 35.60
1378 34.91
2302 34.53
1537 33.44
2322 33.35
1529 33.47
4064 35.74
2672 35.34
2279 37.70
1709 34.95
2511 37.40
1233 34.17
3130 38.90
2069 37.37
1267 37.55
1372 34.75
2238 33.71
1699 33.30
2262 35.72
3407 37.44
2364 36.90
1365 36.10
4747 32.64
575 36.01
1538 33.75
1598 32.74
2762 32.65
1062 33.79
2152 32.63
1590 32.16
3013 33.51
1979 33.86
2775 33.52
1560 33.20
3119 33.28
2561 34.16
2734 34.59
2454 34.64
2415 34.88
1794 34.10
1493 35.04
3312 36.42
1809 35.46
1168 34.31
1683 34.39
1927 31.93
2389 34.01
1365 32.70
2647 33.13
1994 33.15
1977 34.62
1997 31.76
2292 32.87
1820 32.54
5060 31.06
1005 33.99
2060 33.37
1642 33.42
2734 33.58
3198 35.36
2261 34.63
1536 34.27
2087 34.29
1365 33.11
1903 33.05
2139 32.51
2536 33.70
1638 33.41
2536 32.73
1602 32.65
2485 33.82
2051 32.56
2177 33.23
1673 32.14
2515 33.23
1526 32.04
2261 31.46
1636 31.26
2445 33.05
1617 31.86
2457 31.69
2002 32.19
4446 35.69
2753 35.18
1947 37.85
1311 34.17
3745 32.48
679 34.39
2456 33.68
1743 33.20
2789 33.04
1379 33.17
2013 33.38
1850 32.58
3372 33.77
1637 33.72
2245 34.01
1689 33.27
3022 33.48
1486 33.28
2176 33.37
1916 33.41
2525 34.36
1452 33.52
2207 32.91
1755 31.71
2569 33.89
1640 32.49
2189 32.76
1528 32.66
2513 33.60
1701 33.04
2320 33.62
1883 32.99
2665 34.10
1632 33.43
2338 33.83
2014 33.00
5234 31.75
1082 35.04
1900 33.42
1478 32.92
3017 32.72
1446 33.28
2337 32.82
1747 32.53
3162 32.97
1677 32.51
2238 33.03
1639 32.22
2688 33.17
1679 32.10
2315 32.69
1703 32.31
2646 33.43
1725 32.27
2302 33.00
3271 34.11
3077 34.15
1379 34.16
2099 34.05
3208 35.38
2468 35.09
1260 34.81
1934 35.11
1887 33.62
2589 35.10
1506 33.82
2285 32.99
1713 32.77
4992 30.10
1138 34.28
2075 32.89
1621 33.01
2780 32.15
1548 32.20
2041 32.12
1458 31.50
2757 31.44
1408 31.70
2189 31.09
1718 30.23
