8581 24.55
5675 25.97
1964 25.22
3716 22.67
5295 22.97
4838 21.36
7873 23.91
6361 24.08
4084 23.73
4159 22.43
4795 22.86
3746 21.96
5511 23.22
4318 21.94
5956 23.36
4878 23.49
5903 23.77
3769 22.78
5431 23.00
7014 24.15
5791 24.28
4132 24.50
4242 23.93
4491 22.62
5638 24.04
4510 22.79
4875 23.38
4696 22.69
5838 24.38
4734 23.35
5032 24.06
4626 23.43
11118 23.78
2386 25.26
4862 23.97
3781 24.04
6623 24.34
4456 23.67
4650 24.20
4514 23.62
6479 24.03
4614 23.40
5409 24.04
4371 23.47
7242 23.93
4147 23.75
5216 24.61
4748 23.69
7455 24.03
4333 24.36
5985 24.52
4432 24.20
7639 24.82
3723 24.77
4928 24.89
4278 24.48
6282 25.43
3944 24.47
4916 25.03
4273 24.43
9375 26.75
7074 26.77
5279 29.23
4141 27.32
7116 27.83
2482 26.89
3769 26.88
3978 25.58
5067 27.79
4523 25.79
5021 26.70
4102 25.59
5480 27.75
4160 25.61
5283 26.13
3986 25.50
5502 27.14
4429 25.76
5282 26.07
4107 25.70
5817 27.04
4236 25.74
5394 26.05
4088 25.56
6145 26.65
4270 25.61
5297 25.56
6955 26.56
5816 26.84
6307 27.66
3942 27.73
4111 27.02
6278 27.09
4302 27.35
4661 27.05
4232 25.77
12122 24.66
2433 27.53
5462 26.34
6169 27.08
5643 28.60
3772 26.86
4388 29.03
4437 27.06
7067 29.45
5409 28.91
5905 29.37
3251 28.15
6179 29.62
5472 29.46
5835 29.42
3208 27.74
6207 29.72
3856 28.00
4480 29.19
4087 27.94
5318 30.12
3972 28.02
5309 27.77
3496 27.41
5411 28.82
4670 28.25
5109 27.88
3921 27.24
5607 28.46
4125 27.42
5540 27.37
3760 27.30
11666 26.82
2222 28.81
4613 27.73
3702 27.36
6843 27.59
3458 27.11
5108 26.72
3686 26.53
5916 27.59
8654 28.96
4357 29.28
3888 28.55
5635 28.04
4066 27.33
4907 27.93
3959 27.11
8959 28.81
6358 28.70
5427 31.03
3944 28.72
6046 30.52
2905 27.98
7191 31.88
4948 30.80
3087 31.63
3406 28.30
5297 27.37
3770 27.10
5510 28.94
7827 30.32
5522 30.01
3637 29.33
10446 25.59
1947 28.54
4120 27.65
2909 27.74
6563 26.59
2897 26.77
5169 26.26
3947 26.41
6776 27.53
5020 27.55
6264 27.47
3713 26.92
6528 27.54
5829 27.98
6249 28.11
5549 28.17
6048 27.59
4185 27.79
3760 27.77
7605 28.99
4303 28.26
2933 27.47
4162 27.15
4483 25.02
5600 26.82
3282 26.02
5864 26.38
4960 26.63
5021 27.51
4634 25.34
5420 25.81
4309 25.91
11327 23.93
2931 27.23
5329 26.90
4041 27.10
6626 26.87
7330 28.47
5322 27.97
3868 27.95
5260 27.39
3465 26.56
4178 26.75
4650 26.52
6083 27.18
4429 26.46
4703 27.56
4261 26.11
5792 27.39
4479 26.12
5516 26.01
3487 25.86
5908 26.48
3738 25.70
5308 24.95
3957 24.72
5630 26.25
4041 25.29
5386 25.85
4886 25.79
9782 28.79
6519 28.11
4866 30.21
3085 27.35
9057 24.78
1832 27.58
5741 26.99
4433 26.65
6189 26.71
3482 26.31
4817 26.76
4134 25.93
6948 27.55
4324 26.69
5039 27.64
4229 26.67
6474 27.48
4160 26.49
5151 26.96
4804 26.96
5709 27.83
3628 26.90
5423 26.17
3872 25.64
5859 27.37
4026 26.20
5198 26.34
3988 26.04
5975 27.14
3692 26.64
5513 26.97
4376 26.67
5994 27.57
4106 26.78
5499 27.85
4845 26.96
12500 24.03
2681 28.89
4854 27.35
3684 26.61
6915 26.21
3749 26.51
5368 26.25
4295 25.91
7110 26.54
3897 26.40
5277 26.56
4018 25.51
5954 26.69
3915 25.75
5358 26.45
4068 26.22
6417 26.53
4088 25.77
5530 26.42
7582 27.35
6721 27.78
3391 27.46
4725 27.80
7059 28.71
5746 28.42
3509 27.77
4489 28.35
4491 26.98
5685 28.35
3874 26.47
5255 26.34
3945 26.35
10587 23.20
2901 27.05
4841 26.21
4365 25.47
6320 25.47
3792 25.40
4973 25.27
3469 24.56
6178 24.98
3690 24.69
5313 24.26
4200 23.74
