6402 35.62
4557 35.93
1135 36.56
1926 33.48
4196 32.11
3220 31.68
7054 33.32
5247 33.47
2917 33.34
2873 32.52
3397 33.14
2869 32.86
4761 32.69
2632 32.52
4465 32.72
4183 32.15
4180 32.55
2341 32.81
4241 31.80
7046 32.73
4297 33.09
3313 33.66
3512 33.23
2674 33.10
4642 33.52
3507 32.50
3953 32.82
2982 32.57
4517 33.85
3703 32.13
4140 33.18
3433 32.97
9626 33.48
1489 34.41
3144 33.99
3050 33.32
4813 34.17
3645 32.28
4182 33.20
3021 32.87
4923 33.45
3174 32.73
4581 32.59
3068 32.79
5034 33.63
3455 32.85
4306 33.53
3595 32.97
5558 33.66
3798 33.51
4567 34.32
3931 33.87
6485 34.01
2891 34.19
3873 34.44
3391 33.81
5683 34.16
2815 33.61
3799 34.10
3354 33.41
8024 36.34
5736 36.32
5199 37.39
3173 35.87
5826 37.62
1241 37.94
2815 36.36
3136 35.07
3834 37.20
3535 34.93
3642 36.25
3521 35.23
4309 37.01
3482 35.36
4099 35.91
3073 35.43
4387 37.17
3453 35.58
4423 35.77
2873 35.55
4896 36.07
2983 35.18
4156 35.28
3118 34.88
4807 36.01
2933 35.16
4263 34.82
6393 35.48
4790 36.24
5526 36.84
3305 36.74
3379 36.40
5068 36.16
3484 36.53
3684 36.30
2815 35.88
10215 34.07
1278 37.90
4008 35.42
5626 36.31
4783 37.14
2421 36.87
4296 37.56
3022 36.71
6801 38.06
4504 37.78
4658 38.83
2297 38.01
5161 38.71
4608 38.68
4575 39.13
2058 38.56
5217 38.75
2516 37.67
3203 39.15
2782 38.00
4235 39.40
3197 37.62
3528 38.32
3039 37.08
4304 38.64
4270 37.21
3888 37.82
2862 37.05
4421 38.17
3087 37.29
4249 37.21
2782 37.29
10925 35.30
1328 39.43
3236 37.55
2648 37.03
5588 36.56
1969 36.88
3525 36.20
3379 35.30
4739 36.26
8284 37.42
3942 38.16
2971 37.20
4710 36.94
2732 36.97
3950 36.65
2877 36.67
8427 37.52
5415 37.42
4529 40.08
2600 39.02
4921 40.29
2025 37.95
5708 42.03
3819 40.61
2624 40.82
2608 38.11
3243 38.75
3138 37.29
4443 39.13
6278 40.52
4498 40.03
2834 39.03
9566 34.29
1075 40.07
2764 38.09
2153 37.24
4532 36.52
1853 36.87
4177 35.79
3091 35.26
5590 37.08
3766 37.18
4524 37.36
2963 36.68
5380 37.07
5048 37.25
5176 37.85
4607 37.26
5049 37.26
3603 37.17
3009 37.15
6562 38.56
3855 37.53
1902 37.58
3349 36.64
2656 36.00
4658 36.56
2012 36.39
4683 36.36
3850 36.06
4020 37.45
3211 35.27
4014 35.70
3479 35.18
9249 33.32
1916 36.40
4276 36.07
3167 36.21
5593 35.81
6665 37.49
4748 37.27
2975 36.70
4317 36.32
2313 36.18
3337 36.62
3820 35.60
5292 36.30
3198 35.67
3697 36.65
3100 35.86
4691 36.62
3367 35.44
4115 35.84
2650 35.62
4729 36.17
2604 35.35
4117 34.46
3081 33.87
4507 35.92
2801 35.08
4471 34.90
3848 35.09
8336 37.79
5348 37.22
5036 37.76
2025 37.08
7724 33.85
1094 38.64
4537 35.97
3427 35.70
5185 35.60
2574 35.91
4309 35.74
3153 35.63
6455 35.99
3107 36.29
4401 36.30
2956 36.42
5774 36.17
2928 36.15
3959 36.43
3717 35.94
4934 36.64
2485 36.35
3459 36.81
2771 35.43
5120 36.36
2681 35.97
4195 35.24
3215 35.03
5078 36.00
2848 35.75
4493 35.86
3467 35.58
5049 36.66
3059 35.97
4805 36.29
3865 35.93
10606 33.17
2004 37.76
3781 36.59
2651 35.82
5752 35.56
2621 35.89
4165 36.00
3424 35.77
5976 36.08
2997 36.05
4243 36.06
2786 35.38
5074 35.88
2659 35.61
4588 35.46
3014 35.33
5098 36.04
2984 35.45
4398 35.80
6379 36.61
6218 36.52
2640 36.64
3933 36.88
6559 37.36
5029 37.47
2768 37.16
3825 37.30
3150 36.44
4954 37.32
2781 36.63
3490 37.07
3373 35.74
9175 32.33
2090 36.77
3730 36.09
2948 35.79
5277 35.23
2738 35.35
3677 35.45
2457 34.75
5017 34.79
2534 35.22
4162 33.95
3085 33.37
