7008 34.78
5062 35.20
1270 35.54
2060 33.06
4613 31.30
3653 30.74
7273 33.06
5557 33.05
3325 32.56
3121 31.85
3928 32.05
3173 31.59
5394 31.99
2817 32.18
4987 32.08
4536 31.65
4664 31.83
2869 31.78
4462 31.18
7554 32.12
4707 32.61
3522 33.10
3614 32.88
3603 32.16
5217 32.71
3555 31.95
4234 32.18
3594 31.57
4992 32.62
4062 31.81
4404 32.62
3681 32.46
10663 32.59
1688 33.17
3545 32.84
3480 32.92
5620 33.32
4026 31.80
4504 32.62
3299 32.38
5256 32.75
3592 31.83
4882 32.26
3511 32.26
5442 32.95
3918 32.30
4946 32.61
3953 32.14
6289 33.16
4044 33.07
5053 33.67
4333 33.01
7104 33.40
2991 33.71
4177 33.77
3926 32.95
5941 33.32
3096 32.93
4326 33.42
3630 32.71
9045 35.28
6618 35.15
5392 37.15
3627 35.55
6190 36.96
1403 36.97
2862 36.04
3489 34.43
3989 36.60
3933 34.54
4275 35.53
3749 34.49
4815 36.22
3813 34.55
4601 34.96
3293 34.73
4870 35.99
3647 34.74
4877 34.49
3047 34.75
5187 35.54
3383 34.51
4864 34.28
3216 34.13
5221 35.46
3365 34.03
4536 34.20
7078 34.58
5166 35.47
6033 36.04
3752 36.17
3530 35.44
5822 35.39
3850 35.62
3872 35.80
3173 35.10
11466 33.04
1413 37.15
4425 34.72
6253 35.60
5161 36.57
2806 36.04
4677 36.83
3332 35.94
7167 37.59
4708 37.33
5417 37.74
2526 37.17
5688 38.01
5147 37.84
5102 38.50
2093 37.96
5730 38.01
2754 36.59
3452 38.20
3248 37.37
4809 38.56
3261 36.94
4013 37.27
3170 36.35
4793 37.78
4765 36.45
4319 37.10
2987 36.76
4894 37.30
3491 36.43
4864 36.43
3033 36.53
12068 34.47
1433 38.55
3688 36.56
2891 36.16
6231 35.64
2304 36.23
4043 35.60
3097 35.30
5155 35.77
8947 36.72
4554 37.15
3351 36.55
5323 36.29
2969 36.22
4416 36.06
3137 36.07
9008 36.70
5867 36.75
4851 39.62
3277 37.52
5512 39.30
2215 37.21
6556 40.76
4293 39.59
2820 39.73
2656 37.13
3426 37.80
3388 36.39
4883 37.97
6849 39.59
5266 38.86
3151 38.01
10371 33.51
1145 39.95
3177 36.95
2339 36.93
4965 36.25
2119 36.00
4445 35.00
3731 34.24
5882 36.64
4311 36.09
4933 36.67
3276 36.18
5677 36.65
5623 36.50
5448 37.48
5023 36.49
5529 36.45
3943 36.47
3220 36.33
7526 37.31
4243 36.64
2236 36.74
3789 35.93
2870 35.20
4959 35.82
2210 35.88
5087 35.34
4495 35.36
4272 36.67
3521 34.65
4415 35.08
3754 34.48
10056 32.55
2162 35.82
4604 35.30
3632 35.27
6216 34.92
7279 36.69
5262 36.47
3280 36.14
4765 35.53
2507 35.55
3910 35.40
3889 35.20
5624 35.56
3540 34.98
4567 35.49
3204 34.82
5154 35.93
3855 34.71
4345 35.59
2970 34.79
5144 35.43
2777 34.35
4570 33.44
3358 33.17
5244 34.85
3038 34.21
4875 33.95
4152 34.22
9473 36.82
5858 36.43
5239 37.37
2340 36.09
8354 33.01
1174 37.70
5073 35.20
3762 34.87
5719 34.77
2784 35.04
4775 34.98
3361 34.66
7111 35.27
3291 35.59
4712 35.52
3374 35.34
6431 35.35
2973 35.34
4286 35.55
4184 35.09
5247 35.84
2788 35.62
3958 35.64
3059 34.63
5580 35.53
2936 35.12
4629 34.49
3564 34.22
5499 35.22
3170 34.78
5176 34.60
3870 34.55
5547 36.01
3322 35.38
5091 35.75
4405 35.09
11693 32.33
2471 36.74
4244 35.69
2915 35.61
6450 34.48
2814 35.31
4929 34.81
3448 34.86
6486 35.06
3336 34.86
4735 34.95
3260 34.79
5555 35.28
3001 34.74
4613 35.18
3504 34.43
5489 35.71
3309 34.58
4811 35.24
6960 35.83
6660 35.80
2999 36.14
4460 35.95
7205 36.60
5594 36.61
2868 36.88
4118 36.52
3237 36.25
5370 36.56
2958 35.74
3909 36.25
3692 35.14
9966 31.63
2419 35.99
4233 35.16
3310 35.04
5753 34.59
3065 34.41
4148 34.56
2829 33.86
5266 34.12
2877 34.17
4568 33.20
3498 32.65
