8576 32.89
6325 33.55
1678 33.57
2636 31.44
5969 30.04
4034 29.75
8978 31.37
6958 31.53
4152 31.06
4107 30.34
5013 30.67
3512 30.48
6763 30.47
3567 29.99
6097 30.75
5657 30.16
5942 30.46
3481 30.61
5612 29.80
9083 30.76
5896 31.36
4344 31.48
4240 31.40
4109 30.69
6446 31.09
4294 30.41
5487 30.42
4273 29.69
6319 31.41
4904 30.40
5520 31.05
4687 30.83
13409 30.72
2240 31.86
4782 31.65
4076 31.48
7295 31.46
4790 30.42
5396 31.09
4117 31.04
6353 31.45
4648 30.55
5563 30.97
4828 30.71
7038 31.50
4700 31.11
5782 31.29
4909 30.95
7327 31.83
5261 31.49
6304 32.32
5438 31.51
8076 32.52
4039 32.13
5323 32.20
4606 31.46
6834 32.45
3871 31.53
5174 32.14
4570 31.38
10984 33.67
8471 33.35
6377 35.78
4378 33.93
7610 35.15
1808 35.37
3889 34.33
4033 32.99
5176 34.76
5086 32.62
4996 34.22
4729 32.97
5948 34.65
4606 33.17
5624 33.47
4119 33.04
5963 34.80
4705 33.05
6178 32.85
3847 33.03
6320 33.97
4128 33.03
5863 32.78
4056 32.64
6353 33.81
4199 32.85
5667 32.68
8432 33.17
6186 33.92
7371 34.57
4318 34.54
4505 34.01
6534 34.24
4886 34.02
4913 34.13
3962 33.71
14849 30.92
1774 35.67
5574 33.18
7623 33.98
6200 35.36
3424 34.83
5448 35.89
4164 34.68
8932 35.83
6021 35.58
6418 36.21
2956 35.84
7465 36.00
6609 35.93
5616 37.44
2877 36.25
7321 36.05
3399 35.02
4447 36.18
3817 35.60
6270 36.55
3954 35.18
4685 35.74
3852 34.73
5817 36.08
5892 34.69
5119 35.43
3920 34.57
6043 35.81
4434 34.86
6147 34.65
3725 34.94
14713 32.69
1957 36.57
4543 35.07
3668 34.72
7567 34.10
3021 34.33
5211 33.81
3752 33.63
6807 33.80
10554 35.25
5453 35.76
4137 35.13
6451 34.73
3774 34.52
5460 34.51
3931 34.23
10881 35.22
7164 35.21
5957 37.96
4211 35.76
6735 37.37
2641 35.52
8002 38.76
5325 37.88
3634 38.12
3376 35.37
3973 36.53
4322 34.56
5578 36.84
7930 38.36
6072 37.61
4110 36.29
12756 31.70
1591 36.87
4021 34.99
3048 35.17
6449 34.11
2486 34.59
5646 33.41
4478 32.83
7567 34.71
5394 34.57
6524 34.70
3879 34.28
7037 34.84
6793 34.99
6594 35.82
6054 34.86
6556 34.91
4720 34.81
4171 34.70
8929 35.69
5143 35.02
2599 35.26
4426 34.70
3862 33.46
6323 33.59
2653 34.06
6165 33.55
5469 33.71
5675 34.17
3950 33.26
5429 33.01
4923 32.29
12065 30.88
2806 33.81
5765 33.68
4521 33.68
7574 33.28
9184 34.72
6046 34.64
4251 34.31
6057 33.75
3047 33.61
4842 33.52
4809 33.57
6928 33.71
4601 33.38
5627 33.62
3958 33.30
6214 34.41
4676 33.13
5426 33.55
3621 33.00
6263 33.63
3658 32.78
5443 31.96
4289 31.29
6029 33.28
3976 32.44
6044 32.41
5336 32.70
11223 35.41
7157 34.76
6604 35.31
2735 34.38
10575 30.98
1453 36.19
6429 33.52
4767 33.33
7096 33.24
3640 33.30
5761 33.44
4166 33.20
8487 33.56
4287 33.59
5933 33.81
4095 33.63
7447 33.98
3945 33.49
5447 33.88
4838 33.95
6104 34.63
3619 34.17
4862 34.25
3871 33.22
6608 34.02
3852 33.22
5709 32.96
4238 32.75
7061 33.15
4045 33.42
6280 33.21
4806 32.85
7532 33.63
3904 33.70
6769 33.63
5264 33.57
14078 30.76
2899 35.53
5212 34.08
3760 33.77
7620 33.31
3597 33.72
5559 33.70
4478 33.24
8027 33.52
4088 33.52
5710 33.46
4003 32.97
6703 33.60
3794 32.89
6020 33.13
4207 32.82
6812 33.68
4165 32.87
6338 33.07
8957 33.86
8136 34.29
3565 34.37
5003 34.82
8293 35.42
6593 35.04
3613 34.84
5087 34.71
3949 34.84
6356 34.90
3678 34.25
4876 34.54
4454 33.43
12052 30.01
3053 34.18
5226 33.46
4509 32.57
7079 32.72
3795 32.88
5168 32.88
3363 32.27
6578 32.56
3529 32.39
5703 31.61
4142 31.16
