8925 32.59
6552 33.25
1676 33.50
3092 30.86
6097 29.61
4299 29.41
9320 31.19
7107 31.33
4268 30.62
4404 30.09
5194 30.40
3648 30.31
6966 30.23
3727 29.65
6252 30.55
5974 29.91
6099 30.41
3645 30.38
5726 29.57
9352 30.57
6160 30.89
4470 31.50
4797 30.89
4073 30.57
6625 30.86
4408 30.34
5736 30.23
4427 29.41
6485 31.13
5173 30.36
5803 31.00
4698 30.54
13945 30.40
2286 31.92
5123 31.34
4268 31.14
7743 31.01
4958 30.07
5550 31.18
4261 30.70
6729 31.10
4841 30.22
5749 30.68
4673 30.63
7182 31.38
4933 30.66
5694 31.28
5195 30.69
7680 31.70
5447 31.19
6503 32.08
5517 31.15
8127 32.19
4298 31.97
5249 32.35
5009 31.38
7193 32.29
4168 31.49
5823 31.50
4508 31.24
11361 33.42
8698 33.06
6893 35.20
4387 33.62
7876 34.82
1920 34.58
3946 33.95
4145 32.97
5407 34.48
5158 32.25
5298 33.93
4863 32.76
6289 34.40
4476 32.91
6115 33.02
4167 32.72
6211 34.39
4715 32.86
6758 32.50
3713 32.68
6576 33.66
4396 32.66
6125 32.38
4200 32.30
6583 33.51
4283 32.34
5873 32.19
8916 32.92
6481 33.65
7588 34.26
4442 34.10
4892 33.55
6828 33.95
5216 33.75
5001 33.97
3976 33.45
15097 30.82
1863 35.39
5736 32.90
8028 33.69
6250 35.29
3827 34.40
5150 36.17
4132 34.65
8564 36.10
5922 35.58
6602 36.08
3693 34.61
7241 36.16
6363 36.10
6521 36.28
3263 35.07
7091 36.24
3720 34.81
4358 36.37
4235 35.43
5977 36.79
4373 34.82
4991 35.50
4502 34.11
5923 35.99
6136 34.53
5514 35.04
3998 34.43
6430 35.36
4255 34.63
5684 34.83
4463 34.32
15259 32.40
2004 36.62
4773 34.83
3767 34.37
7925 33.91
3009 34.39
5406 33.55
3994 33.68
6979 33.77
10933 34.98
5632 35.37
4319 34.82
6560 34.46
4004 34.44
5553 34.36
4064 34.05
11391 34.98
7288 34.92
6388 37.13
4330 35.36
6929 37.07
2557 35.26
8390 38.34
5448 37.46
3740 37.96
3514 34.94
4190 36.13
4571 34.30
5901 36.18
8096 38.14
6628 36.83
4192 36.13
13298 31.36
1662 36.54
4161 34.46
3279 34.92
6713 33.66
2551 34.35
5964 33.13
4575 32.71
7719 34.44
5552 34.22
6846 34.36
3930 34.19
7372 34.49
6957 34.67
6918 35.46
6275 34.73
6825 34.63
4979 34.53
4268 34.24
9189 35.35
5312 34.66
2785 34.99
4789 33.93
3704 33.18
6359 33.57
2896 33.47
6461 33.41
5664 33.41
5524 34.38
4470 32.54
5624 32.79
4986 32.40
12485 30.62
2879 33.64
5999 33.29
4642 33.24
8004 33.02
9243 34.70
6305 34.47
4546 34.05
6257 33.51
3179 33.47
4970 33.08
5414 32.79
7036 33.63
4711 33.04
5556 33.61
4246 33.14
6630 34.03
4801 32.94
5397 33.69
3760 32.85
6451 33.43
3617 32.62
5743 31.51
4540 31.04
6219 32.94
4018 32.41
6112 32.16
5345 32.25
11380 35.15
7306 34.44
7139 34.57
2918 34.02
11049 30.62
1501 35.62
6689 33.19
4886 32.92
7028 33.21
3941 33.08
5710 33.46
4426 33.24
8420 33.70
4534 33.28
5771 33.91
4347 33.49
7608 33.80
4140 33.18
5615 33.59
5104 33.71
6329 34.39
3705 33.69
5775 33.16
3707 33.02
6652 33.95
4359 32.88
5796 32.69
4504 32.55
7155 33.18
4254 33.01
6449 33.01
5052 32.61
7260 33.87
4151 33.41
6568 33.74
5404 33.25
14690 30.44
3290 34.57
5371 33.79
3843 33.30
7960 33.19
3789 33.27
5974 33.36
4661 32.75
8244 33.23
4256 33.04
5975 33.28
4154 32.52
6883 33.43
3851 32.68
5868 33.22
4479 32.45
6935 33.38
4367 32.65
6431 33.12
9350 33.60
8427 33.99
3839 34.05
5521 34.23
9101 34.69
6660 34.79
3713 34.39
5316 34.61
4298 33.99
6875 34.68
3700 33.93
5011 34.19
4620 33.01
12562 29.76
3078 33.89
5425 33.28
4673 32.71
7211 32.47
3793 32.64
5194 32.59
3431 32.10
6459 32.42
3851 32.14
5817 31.28
4568 30.54
