9222 32.26
6759 32.97
1779 33.13
3125 30.60
6435 29.56
4491 29.17
9587 30.91
7526 31.10
4677 30.46
4401 29.81
5411 30.22
3664 30.02
7253 29.97
3964 29.60
6469 30.42
6446 29.65
6218 30.10
3773 30.00
5908 29.46
9551 30.37
6368 30.79
4642 31.35
4613 31.04
4595 30.10
6831 30.72
4605 30.29
5807 29.93
4649 29.32
6750 30.61
5288 29.76
5885 30.51
4902 30.16
14631 30.06
2299 31.11
5309 31.04
4378 30.82
7885 30.71
5220 29.89
5809 30.49
4354 30.26
7118 30.83
5029 30.11
5937 30.62
5047 30.12
7457 31.04
5094 30.67
6038 31.15
5440 30.51
7927 31.28
5801 30.94
6578 31.84
5680 31.10
8449 32.03
4380 31.54
5736 31.61
4881 31.17
7384 31.87
4308 31.41
5688 31.66
4911 31.07
11641 33.20
9111 32.79
7062 35.03
4606 33.46
8129 34.59
2012 34.59
4157 33.46
4525 32.18
5570 34.26
4935 32.56
5471 33.71
5043 32.38
6553 34.23
4664 32.50
6347 32.52
4203 32.56
6367 34.17
4899 32.64
6471 32.35
4287 32.33
6688 33.26
4484 32.47
6351 32.31
4318 32.31
6979 33.20
4494 32.11
5985 32.14
9150 32.66
6622 33.44
7858 34.06
4756 33.84
4977 33.37
7113 33.76
5063 33.96
5392 33.70
4285 33.03
15737 30.48
1888 35.24
6052 32.65
8086 33.53
6768 34.74
3889 33.91
5607 35.38
4297 34.27
9445 35.35
6482 35.06
6940 35.67
3504 34.91
8102 35.49
6904 35.49
6240 36.54
2762 36.00
7670 35.50
3582 34.71
4775 35.73
4531 34.66
6674 36.01
4174 34.92
4791 35.69
4442 34.12
6312 35.38
6252 34.23
5542 34.76
4317 34.13
6478 35.10
4705 34.43
6330 34.22
4203 34.23
16564 31.71
1808 37.01
4990 34.41
4008 34.14
8127 33.62
3193 34.09
5156 33.70
4291 33.25
7189 33.37
11374 34.68
5941 35.15
4554 34.63
7057 34.20
4200 34.18
6024 34.02
4114 33.83
11576 34.75
7422 34.72
6531 36.92
4345 35.43
7162 36.80
2796 35.00
8616 38.18
5637 37.20
3873 37.79
3747 34.89
4197 36.05
4801 34.17
6128 35.95
9323 36.76
6749 36.62
4349 35.82
13527 31.14
1466 37.26
4290 34.29
3328 34.47
6873 33.68
2720 34.07
6086 32.92
4637 32.38
8168 34.09
5949 33.94
7049 34.06
4192 33.79
7567 34.24
7244 34.42
7128 35.21
6499 34.36
7053 34.36
5202 34.17
4501 33.96
9529 35.10
5501 34.42
3087 34.59
4950 33.68
3920 32.76
6461 33.32
2991 33.21
6635 33.16
5741 33.10
5624 34.27
4928 32.14
5846 32.77
5048 32.25
12914 30.36
3016 33.41
6226 32.95
4914 33.05
8217 32.71
9773 34.15
6574 34.23
4447 33.89
6469 33.21
3224 33.20
5039 32.91
5161 32.97
7235 33.18
5031 32.75
5721 33.42
4388 32.75
6865 33.85
4997 32.50
5776 33.07
3895 32.46
6746 33.05
3806 32.31
6039 31.23
4574 30.97
6486 32.96
4316 31.86
6393 32.01
5567 32.17
11331 35.22
7178 34.66
7246 34.39
3072 33.86
12369 29.76
1586 35.55
6793 32.99
5124 32.76
7569 32.67
4022 32.85
6410 32.87
4413 32.61
9222 33.05
4607 33.10
6365 33.12
4405 33.42
8187 33.44
4166 33.33
5350 33.61
5799 33.09
6580 34.07
3924 33.46
5139 33.77
4149 32.87
7088 33.61
4177 32.73
6040 32.49
4776 32.09
7332 32.95
4583 32.70
6793 32.75
5071 32.42
7364 33.58
4446 32.97
6830 33.52
5845 32.92
15152 30.20
3288 34.53
5554 33.62
4097 33.07
8214 32.99
3877 33.24
6067 32.95
4696 32.71
8722 32.88
4410 32.75
6321 32.82
4147 32.65
7027 33.11
4061 32.68
6191 32.85
4638 32.33
7477 33.09
4638 32.28
6798 32.56
9540 33.35
8794 33.78
3821 33.93
5744 33.92
9306 34.54
6999 34.48
3942 34.34
5354 34.29
4284 34.16
6887 34.33
4028 33.40
5007 34.04
4823 32.80
12970 29.48
3183 33.71
5676 32.72
4480 32.69
7300 32.22
4123 32.34
5498 32.26
3486 31.71
7255 31.77
3775 31.81
6031 30.91
4826 30.32
