1517 51.00
48 51.00
155 51.00
300 51.00
445 50.41
415 49.23
810 49.20
333 51.00
547 48.86
322 49.72
530 48.25
475 47.65
651 48.99
375 49.08
557 47.02
627 47.30
646 48.73
398 49.10
592 48.13
789 49.27
656 50.10
380 48.04
529 48.44
526 47.64
734 49.57
443 48.78
606 48.85
493 49.74
771 49.71
443 49.41
571 49.67
534 50.10
1437 51.00
109 51.00
307 50.98
471 49.71
535 49.87
521 48.19
599 49.96
483 50.25
709 50.46
371 50.82
590 50.24
517 49.92
721 50.36
432 50.06
542 50.37
417 50.47
671 50.38
548 49.96
692 50.06
472 50.38
720 50.88
554 50.67
636 50.90
530 50.79
756 50.70
573 50.89
625 50.88
555 50.87
1428 50.99
592 51.00
723 51.00
441 51.00
1066 51.00
154 51.00
280 51.00
361 51.00
476 51.00
403 51.00
589 50.95
366 51.00
786 51.00
297 51.00
558 51.00
345 51.00
758 50.98
260 51.00
490 51.00
342 51.00
667 50.94
286 51.00
639 50.74
435 51.00
769 50.94
271 51.00
601 50.87
712 50.92
729 51.00
677 51.00
593 51.00
424 51.00
819 51.00
296 51.00
581 51.00
504 50.94
1631 51.00
146 51.00
466 51.00
526 51.00
597 51.00
393 51.00
595 51.00
365 51.00
784 51.00
527 51.00
606 51.00
494 51.00
719 51.00
544 51.00
622 51.00
480 51.00
722 51.00
502 51.00
628 51.00
467 51.00
684 51.00
421 51.00
517 51.00
452 51.00
672 51.00
541 51.00
669 51.00
521 51.00
701 51.00
506 51.00
616 51.00
470 51.00
1694 51.00
72 51.00
380 51.00
379 51.00
724 51.00
363 51.00
558 51.00
463 51.00
783 51.00
1094 51.00
724 51.00
493 51.00
504 51.00
490 51.00
470 51.00
484 51.00
754 51.00
670 51.00
498 51.00
546 51.00
646 51.00
500 51.00
826 51.00
523 51.00
562 51.00
503 51.00
642 51.00
486 51.00
731 51.00
1075 51.00
452 51.00
456 51.00
1465 51.00
38 51.00
303 51.00
422 51.00
624 51.00
433 51.00
654 51.00
503 51.00
918 51.00
489 51.00
548 51.00
556 51.00
795 51.00
661 51.00
630 51.00
538 51.00
775 51.00
574 51.00
543 51.00
1217 51.00
565 51.00
428 51.00
475 51.00
437 51.00
636 51.00
506 51.00
683 51.00
549 51.00
720 51.00
511 51.00
710 51.00
620 51.00
1564 51.00
163 51.00
602 51.00
429 51.00
706 51.00
674 51.00
610 51.00
466 51.00
623 51.00
603 51.00
533 51.00
743 51.00
649 51.00
674 51.00
565 51.00
564 51.00
575 51.00
616 51.00
731 51.00
506 51.00
572 51.00
576 51.00
563 51.00
546 51.00
684 51.00
464 51.00
633 51.00
534 51.00
944 51.00
554 51.00
453 51.00
616 51.00
1333 51.00
107 51.00
516 51.00
432 51.00
656 51.00
458 51.00
748 51.00
543 51.00
1040 51.00
532 51.00
655 51.00
577 51.00
995 51.00
503 51.00
712 51.00
480 51.00
682 51.00
466 51.00
477 51.00
444 51.00
611 51.00
652 51.00
585 51.00
599 51.00
752 51.00
535 51.00
586 51.00
459 51.00
689 51.00
516 51.00
716 51.00
375 51.00
1655 51.00
65 51.00
534 51.00
392 51.00
805 51.00
558 51.00
645 51.00
541 51.00
887 51.00
517 51.00
630 51.00
457 51.00
741 51.00
450 51.00
497 51.00
466 51.00
672 51.00
490 51.00
651 51.00
747 51.00
706 51.00
479 51.00
582 51.00
676 51.00
681 51.00
536 51.00
656 51.00
598 51.00
753 51.00
557 51.00
573 51.00
444 51.00
1506 51.00
283 51.00
603 51.00
396 51.00
511 51.00
554 51.00
651 51.00
361 51.00
696 51.00
431 51.00
594 51.00
400 51.00
