11598 30.33
8401 31.31
2408 31.53
4355 28.87
8077 28.09
5980 27.72
11609 29.42
9179 29.56
5567 29.08
5900 28.44
6771 28.98
4697 28.72
8854 28.84
5152 28.25
8003 29.04
7340 28.69
7803 28.91
4787 28.88
8103 27.85
11344 28.98
7835 29.46
6145 29.63
6223 29.45
5351 28.70
8363 29.27
5734 28.86
7280 28.53
5975 27.88
8724 29.27
6422 28.53
7124 29.36
6390 28.67
18655 28.19
3112 30.12
6642 29.23
5683 29.52
9333 29.56
6539 28.54
7210 29.11
5590 28.62
7934 29.64
6712 28.67
7509 29.28
6420 28.76
8600 30.18
6631 29.22
7629 29.97
6703 29.06
9085 30.48
7307 29.57
8152 30.52
7116 29.67
9609 31.05
5993 30.30
7136 30.50
6033 29.78
8386 30.99
5554 29.82
7236 29.96
5880 29.59
13040 32.26
10272 31.85
9703 32.55
5980 31.54
11374 31.68
2339 33.19
5277 31.68
5423 31.07
8256 31.50
5761 30.76
6532 32.13
6372 30.59
8337 32.15
5528 30.82
7769 30.78
5479 30.81
8189 32.09
6150 30.70
8438 30.59
5259 30.65
8410 31.54
5638 30.80
7815 30.53
5758 30.28
8562 31.61
5922 30.54
7751 30.42
10930 31.22
7814 32.14
8952 32.93
5975 32.10
6277 31.72
8250 32.64
7133 31.83
6893 32.01
5368 31.43
20372 28.47
2567 33.50
7617 31.17
9974 32.07
7909 33.75
4780 32.75
6590 34.28
5902 32.72
10657 34.34
7607 33.81
8212 34.29
4759 32.84
9032 34.41
7508 34.66
8312 34.45
4296 33.17
8935 34.34
5158 32.86
5761 34.43
6123 33.20
7843 35.03
5475 33.39
6712 33.51
5650 32.20
7855 33.97
7669 32.80
6843 33.22
5306 32.49
8049 33.70
5788 32.64
7481 32.86
5610 32.47
20246 30.01
2418 35.34
6233 32.86
5097 32.47
10153 32.11
4218 32.41
7096 31.81
5109 31.79
9155 31.84
13388 33.22
7171 33.63
5802 33.11
8389 32.61
5426 32.48
7401 32.60
5120 32.38
13784 33.29
9229 33.14
8417 34.99
5498 33.65
8890 35.08
3541 33.28
10411 36.51
6932 35.55
4761 36.03
4617 33.10
5404 34.16
5832 32.42
7943 33.91
11400 35.19
8316 34.87
5375 34.04
16596 29.51
2132 34.77
5656 32.69
4253 32.79
8323 32.18
3704 32.21
7426 31.46
6187 30.74
9637 32.75
7274 32.47
8237 32.90
5444 32.02
9368 32.63
8955 32.85
8815 33.42
7846 32.80
8734 32.69
6343 32.62
5571 32.28
11479 33.45
6565 32.78
3859 32.80
6402 31.57
4861 31.20
8380 31.22
3698 31.59
8251 31.21
7282 31.42
7662 31.75
5091 31.07
7431 30.78
6505 30.29
15915 28.73
3956 31.61
7817 31.41
6302 31.31
10202 31.12
11970 32.50
8214 32.57
5406 32.46
8052 31.62
4230 31.42
5976 31.67
6974 30.86
8823 31.57
6163 31.16
7555 31.29
5531 31.02
8132 32.11
6293 30.70
7128 31.34
4870 30.67
8349 31.33
4917 30.57
7412 29.61
5860 29.12
8088 30.98
5272 30.28
7939 30.22
7108 30.48
14950 32.71
9721 32.07
8655 32.92
3884 31.80
13683 29.02
2119 33.63
8521 31.32
6456 31.10
9408 31.02
5054 31.02
7781 31.17
5674 30.88
11152 31.47
5881 31.36
7905 31.62
5534 31.35
9690 31.85
5510 31.16
7119 31.53
6695 31.81
8062 32.47
4999 31.97
6528 32.17
5329 30.85
8659 32.16
5570 31.16
7370 31.14
5891 30.73
9047 31.36
5620 31.10
8642 31.07
6544 30.81
9206 31.90
5600 31.37
8318 32.08
7302 31.21
19236 28.29
3990 33.21
6821 31.80
5022 31.83
9744 31.17
5113 31.30
7555 31.38
6089 30.90
10429 31.33
5505 31.36
7686 31.40
5331 30.79
8791 31.20
5001 30.74
7685 31.27
6099 30.52
9274 31.47
5546 30.68
7847 31.29
11076 32.13
10594 32.19
4899 32.31
6626 32.65
10537 33.23
8907 32.76
5185 32.39
6931 32.58
5751 32.13
8448 32.77
4962 31.67
6742 31.78
5894 31.01
16153 27.86
4088 32.25
6957 31.17
6150 30.54
9103 30.52
5176 30.65
6808 30.64
4552 29.97
8708 30.28
4958 30.16
7439 29.45
6005 29.06
