13999 28.95
9890 30.17
2939 30.44
5226 27.46
9551 27.25
7572 26.53
13840 28.14
11705 28.19
7017 27.84
6749 27.53
7827 28.07
5565 27.37
10366 27.78
6090 26.92
9754 27.95
8398 27.91
10116 27.61
5487 28.11
9224 26.96
12725 28.21
9694 28.23
7561 28.40
6907 28.28
6414 27.62
10265 28.09
6696 27.62
8635 27.35
7369 26.78
10579 28.07
7348 27.68
8651 28.21
7079 27.81
21912 26.99
3921 28.98
7819 28.35
6102 28.60
10915 28.49
7765 27.65
8434 28.16
6621 27.68
9327 28.68
8129 27.73
8705 28.49
7338 28.04
9782 29.27
7771 28.38
8969 28.78
7991 28.20
10329 29.62
8608 28.52
9375 29.62
8292 28.70
10978 30.18
6943 29.32
8420 29.47
7140 28.80
9517 29.90
6484 28.65
8918 28.71
6797 28.48
14505 31.32
11069 31.24
11812 31.18
7344 30.27
13493 30.40
3115 31.33
6118 30.34
6525 29.75
9547 30.43
7284 29.55
7708 31.12
7200 29.51
9868 31.09
6481 29.64
9083 29.61
6386 29.73
9905 30.59
6966 29.70
9839 29.38
6147 29.73
10103 30.42
6531 29.80
9038 29.61
6943 29.33
10247 30.28
6735 29.33
9112 29.37
12715 30.14
9659 30.83
10751 31.41
6938 31.03
7321 30.61
10147 31.13
8337 30.71
7992 30.93
6315 30.36
22742 27.68
2899 32.68
9183 30.27
11480 30.99
9543 32.31
4962 32.20
8068 32.74
6400 31.83
12035 33.25
8813 32.76
9632 33.16
5855 31.75
10654 33.30
9283 33.17
9463 33.33
5175 31.95
10153 33.29
6129 31.73
6747 33.38
7676 31.69
9064 33.93
6605 32.03
7606 32.41
6190 31.59
9065 32.67
8952 31.67
8296 31.85
6103 31.35
9438 32.26
6856 31.48
9595 31.35
6066 31.59
24161 28.57
2672 34.55
7413 31.72
5957 31.50
12109 30.96
5116 31.40
7768 31.00
6488 30.54
10144 31.12
15353 32.17
8498 32.45
6782 32.21
10221 31.47
6424 31.42
8621 31.58
5968 31.44
15673 32.23
10512 32.05
9467 33.92
6454 32.42
10512 33.57
4145 32.14
12408 35.01
7982 34.46
5948 34.23
5085 31.98
6973 32.22
6725 31.18
8625 33.33
12297 34.42
9654 33.72
6503 32.84
19138 28.42
3154 32.53
6859 31.43
5161 31.60
10128 30.82
4373 31.00
8987 30.22
6781 30.05
11745 31.11
8465 31.35
10078 31.40
6172 31.02
11339 31.18
10254 31.72
10667 31.98
9128 31.66
10452 31.09
7322 31.40
6409 31.13
13105 32.30
7862 31.58
4574 31.56
7556 30.32
5732 29.97
9621 30.13
4412 30.23
9626 30.20
8572 30.24
8830 30.59
6247 29.85
8699 29.68
7430 29.45
18551 27.63
4851 30.61
9300 30.21
7362 30.29
11852 29.98
13517 31.41
9273 31.51
6603 31.01
9449 30.46
5012 30.23
7061 30.54
8194 29.75
10767 30.06
7127 30.03
8759 30.31
6420 29.99
10266 30.52
7213 29.76
7750 30.59
6008 29.53
9541 30.15
5848 29.48
8640 28.56
6888 27.96
9419 29.85
6397 29.18
9777 28.80
8249 29.15
16936 31.67
11376 30.92
9727 31.81
4686 30.65
16801 27.49
2334 32.83
10002 30.26
7625 29.96
10582 30.19
5927 30.02
8344 30.42
6842 29.73
12149 30.71
7262 30.24
8607 30.90
6675 30.48
11238 30.69
6514 30.03
8270 30.47
7899 30.73
9468 31.30
5804 30.52
8230 30.43
6139 30.02
9919 30.87
6213 30.04
8986 29.82
6606 29.64
10565 30.21
6637 29.76
9829 30.03
7843 29.66
10507 30.82
6615 30.27
9680 30.92
8543 30.37
22157 27.23
5047 31.81
7852 30.81
6135 30.42
11316 30.18
5996 30.43
8885 30.26
7223 29.78
11980 30.29
6668 30.20
9031 30.26
6235 29.71
10189 30.38
6039 29.50
8836 30.25
7019 29.62
10018 30.63
6834 29.48
9177 30.24
12584 31.06
11422 31.55
6060 31.03
7742 31.50
12130 32.23
10038 31.62
6173 31.26
8078 31.45
6847 30.99
9878 31.61
5690 30.61
8429 30.20
6596 30.06
18788 26.79
4825 31.14
8327 29.88
7256 29.45
10471 29.32
6150 29.53
8038 29.43
5381 28.84
9788 29.31
6053 28.83
8787 28.53
7086 27.79
