14333 28.75
10125 30.01
3053 30.37
5474 27.41
9683 27.10
8129 26.35
13799 28.09
11871 28.01
7431 27.72
7001 27.31
7903 28.03
5683 27.48
10848 27.47
6318 26.75
9944 27.83
8533 27.83
10202 27.60
5602 27.74
9486 26.73
13039 27.98
9964 28.03
7683 28.33
7127 28.26
6417 27.49
10249 28.16
6926 27.51
9080 27.32
7041 26.88
10331 28.30
7585 27.54
8993 27.95
7244 27.78
22503 26.79
3941 29.14
8143 28.15
6886 27.84
10881 28.25
8033 27.48
8714 28.04
6690 27.61
9263 28.58
8461 27.62
8346 28.65
7783 27.83
10190 29.17
8132 27.93
8966 28.72
8130 28.07
10563 29.41
8773 28.49
9095 29.76
8700 28.48
11394 29.96
7041 29.21
8532 29.33
7326 28.59
9769 29.85
6758 28.62
8932 28.50
6836 28.43
14852 31.16
11197 31.15
12101 31.00
7467 30.17
14570 29.80
2861 32.07
6851 29.92
6306 29.58
10673 29.96
6792 29.55
8256 30.62
7220 29.44
10787 30.51
6564 29.41
9513 29.32
6407 29.56
10290 30.38
6944 29.57
9206 29.53
6915 29.39
10337 30.19
6664 29.43
9433 29.30
7010 29.23
10410 30.27
7173 29.10
9170 29.31
12937 29.99
9773 30.52
11132 31.22
6998 31.04
7556 30.39
10512 31.02
8638 30.55
8061 30.82
6596 30.28
23233 27.51
3076 32.37
9324 30.08
11617 30.93
9578 32.42
5429 31.93
7720 33.06
6995 31.39
12481 33.07
8874 32.52
9715 33.02
6089 31.49
10784 33.20
8922 33.39
9765 33.20
5242 31.85
10406 33.11
6309 31.44
7595 32.76
7351 31.53
9141 33.70
6815 31.81
8650 31.87
5859 31.41
9162 32.62
9186 31.54
8752 31.66
6271 31.19
9635 32.23
7112 31.45
9689 31.22
6320 31.31
24661 28.40
2757 34.16
7666 31.52
6184 31.22
12224 30.82
5255 31.07
8202 30.72
6337 30.59
10668 30.94
15526 32.02
8640 32.33
6823 32.04
10164 31.37
6787 31.22
9103 31.38
6126 31.04
15881 32.07
10596 31.96
10115 33.36
6737 32.22
10389 33.76
4448 31.68
12180 35.20
7959 34.48
5749 34.48
5566 31.89
7882 31.61
6329 31.11
9268 32.95
12489 34.32
9753 33.54
6613 32.64
19523 28.26
3208 32.26
7007 31.32
5177 31.64
10116 30.89
4644 30.79
9080 30.13
7082 29.82
11326 31.49
8771 31.19
9671 31.76
6544 30.78
11262 31.44
10527 31.61
10264 32.22
9372 31.48
9943 31.41
7565 31.23
6487 30.98
13396 32.15
7918 31.45
4704 31.42
7691 30.16
6497 29.37
10262 29.84
4397 29.96
9869 30.04
8704 30.14
8927 30.62
6534 29.63
8994 29.60
7744 29.11
19245 27.36
4959 30.33
9340 30.15
7706 30.13
11906 29.84
13785 31.25
9487 31.31
6782 30.84
9619 30.33
5233 30.12
7536 29.92
7686 29.99
11160 29.89
7532 29.73
8989 30.08
6440 29.79
10159 30.47
7461 29.59
8863 29.70
5861 29.38
9549 30.21
5944 29.17
8913 28.37
7120 27.96
9636 29.75
6433 28.94
10057 28.67
8223 29.18
16568 31.81
10820 31.18
10365 31.33
4751 30.34
18551 26.83
2373 32.61
10241 30.03
7889 29.82
10689 30.02
6307 29.72
8614 30.30
7140 29.52
12302 30.56
6982 30.29
8857 30.70
6993 30.02
11417 30.57
6772 29.80
8569 30.22
8003 30.59
9769 31.18
5955 30.42
8285 30.31
6178 29.76
10288 30.69
6333 29.99
9047 29.72
6960 29.46
10869 29.98
6910 29.69
10741 29.54
7875 29.60
10678 30.68
6720 30.04
9939 30.69
8772 30.08
22804 27.03
4923 31.90
8154 30.54
6259 30.27
11622 30.01
6289 30.08
9110 30.12
7490 29.64
12437 30.09
6727 29.92
9084 30.07
6386 29.61
10270 30.20
6236 29.43
8949 30.13
7228 29.33
10295 30.48
6881 29.41
10224 29.72
13437 30.55
11853 31.40
6009 30.94
8565 31.00
13123 31.59
10462 31.50
6063 31.26
8161 31.45
6365 31.14
10074 31.58
5902 30.44
8108 30.29
6926 29.88
19194 26.66
4985 30.87
8378 29.83
7418 29.28
10780 29.23
6444 29.18
8152 29.39
5781 28.57
10262 28.93
6236 28.67
8790 28.34
7291 27.77
