14763 28.54
10239 29.91
3107 30.05
5859 27.10
9851 27.10
8232 26.20
13462 28.29
11546 28.18
7627 27.69
7057 27.26
8234 27.84
5860 27.17
11201 27.28
6212 26.73
10119 27.73
8864 27.65
10456 27.34
5778 27.36
9691 26.74
13428 27.83
10110 27.91
7383 28.36
8029 27.67
6389 27.47
10617 27.76
7231 27.23
9141 27.04
7626 26.51
11011 27.86
7707 27.42
9128 27.94
7614 27.66
22985 26.64
4123 28.80
8366 27.95
6667 28.11
11147 28.16
8276 27.32
8918 27.88
6765 27.67
9651 28.52
8559 27.45
9095 28.28
7892 27.69
10378 29.07
8447 27.90
9226 28.59
8362 27.99
10784 29.42
8936 28.22
9277 29.56
7979 28.72
11774 29.84
7107 29.13
8720 29.15
7421 28.30
10055 29.65
6822 28.47
9172 28.27
7076 28.30
15232 30.97
11477 30.96
12353 30.84
7636 30.05
14901 29.62
2988 31.34
6974 30.08
6701 29.32
10657 29.81
7447 29.30
8355 30.56
7557 29.15
10931 30.37
6605 29.34
9666 29.03
6651 29.42
10059 30.45
7297 29.31
9600 29.42
7016 29.24
10365 30.24
6948 29.47
9507 29.25
7123 29.04
10184 30.45
7479 29.10
9495 29.10
13309 29.79
9906 30.36
11335 31.10
7033 30.75
7802 30.21
10670 30.88
8724 30.48
8253 30.71
6650 30.17
24228 27.20
3035 32.34
9693 29.96
12054 30.76
9327 32.64
5959 31.58
7572 33.26
7325 31.37
11094 33.92
8673 32.80
8749 33.86
6700 31.42
9733 33.89
9525 33.17
8698 33.95
6183 31.70
9537 33.77
6711 31.37
8676 32.18
7266 31.54
9688 33.42
6853 31.73
8870 31.49
6623 30.89
9676 32.25
9178 31.47
8774 31.63
6232 31.17
10036 32.01
7145 31.33
10017 31.10
6277 31.33
25383 28.21
2841 33.96
7804 31.37
6279 31.09
12542 30.72
5371 30.98
8045 30.83
6690 30.32
10776 30.79
15904 31.86
8829 32.18
7176 31.80
10456 31.15
6759 31.19
9093 31.19
6335 30.98
16347 31.91
10946 31.78
10222 33.25
7118 31.83
10933 33.29
4451 31.51
12730 34.82
8343 34.15
6277 33.91
5433 31.63
7408 31.85
6936 30.91
8836 33.11
12880 34.10
9472 33.83
6909 32.51
19875 28.10
3369 32.04
7222 31.21
5299 31.22
10841 30.46
4697 30.63
9311 29.99
7314 29.68
12054 30.91
8860 31.04
10669 31.07
6406 30.54
12188 30.81
10663 31.46
11119 31.65
9489 31.37
11037 30.73
7613 31.07
6629 30.74
13623 31.99
8223 31.27
4737 31.20
7841 30.02
6025 29.70
10085 29.89
4809 29.95
9841 29.97
9050 29.92
8933 30.48
7028 29.13
8926 29.55
7978 29.05
19557 27.24
5169 30.25
9564 30.00
7729 30.03
12465 29.67
14116 31.09
9680 31.22
6890 30.85
9542 30.11
5299 30.07
7808 29.80
8564 29.50
11229 29.76
7676 29.77
9223 30.07
6674 29.60
10632 30.19
7758 29.45
8136 30.27
6286 29.25
9610 30.20
6138 29.17
9070 28.30
7307 27.74
10143 29.25
6397 28.85
9688 28.79
8641 29.07
18652 30.86
11638 30.59
10232 31.46
4913 30.39
16735 27.52
2753 31.76
10530 29.86
8073 29.59
11483 29.55
6276 29.47
9283 29.70
7049 29.40
13479 29.89
7242 29.98
9788 30.01
6729 29.91
12282 29.91
6844 29.64
8887 30.00
8194 30.37
10657 30.52
6091 30.30
7846 30.52
6544 29.53
10209 30.64
6936 29.54
8874 29.81
7000 29.36
10957 29.80
7052 29.55
10409 29.68
8124 29.33
11092 30.46
6967 29.86
10243 30.51
8929 29.96
23104 26.92
5374 31.63
8565 30.55
6279 30.06
12056 29.77
6289 30.06
9390 29.98
7553 29.47
12658 29.99
6919 29.82
9312 29.80
6650 29.27
10560 29.96
6254 29.41
9284 29.90
7491 29.21
10503 30.35
7123 29.15
10279 29.52
13918 30.39
11738 31.30
6248 30.68
8027 31.25
12612 31.93
9928 31.71
6511 30.97
7986 31.54
7417 30.67
9655 31.77
6248 30.27
8866 29.88
6929 29.67
19630 26.50
5022 30.62
8573 29.58
7623 29.12
10966 29.05
6711 29.06
8479 29.12
5807 28.58
10204 29.09
6441 28.48
9098 28.24
7472 27.69
