16332 27.76
11399 29.18
3496 28.93
6644 26.37
10080 26.79
9624 25.68
15025 27.47
13116 27.33
8441 27.15
7811 26.70
8830 27.31
6478 26.72
11574 27.01
7342 26.18
11255 27.23
9517 27.17
10499 27.24
6680 26.87
10592 26.41
14279 27.40
10477 27.81
8888 27.57
8181 27.54
7317 26.95
11518 27.44
7650 26.81
9944 26.66
8498 26.11
11908 27.46
8681 26.99
9764 27.50
8261 27.04
25380 25.92
4369 28.35
9035 27.50
7817 27.55
11959 27.61
9030 26.92
9656 27.19
7521 27.00
10551 28.00
9586 26.98
9134 28.11
8798 27.33
10963 28.61
8988 27.51
10210 28.22
9034 27.41
11730 28.86
9715 27.65
10058 29.11
8828 28.25
12597 29.34
8016 28.29
10310 28.22
7729 27.86
10848 29.19
7541 27.85
10065 27.72
7930 27.76
16096 30.49
12396 30.31
13036 30.31
8467 29.66
17233 28.52
3287 30.94
8329 28.90
7014 28.63
12466 28.82
7902 28.70
9776 29.51
7888 28.63
12711 29.32
6962 28.79
10384 28.46
7388 28.76
11122 29.67
8114 28.71
11076 28.50
7634 28.71
11241 29.62
7622 28.79
10381 28.76
7943 28.50
11508 29.73
7830 28.57
10441 28.59
14235 29.27
10794 29.90
12277 30.53
7896 30.11
8480 29.76
11596 30.29
9563 29.80
9183 30.08
7394 29.40
26067 26.67
3426 31.58
10755 29.40
12812 30.11
9811 32.39
6690 30.97
7797 33.04
7032 31.47
12033 33.26
9375 32.21
9560 33.25
8061 30.39
10514 33.29
10620 32.26
9539 33.31
6672 30.99
10593 32.99
7228 30.73
9511 31.46
7685 30.83
10699 32.70
7440 31.10
9764 30.89
7161 30.30
10567 31.62
10038 30.85
9381 30.96
7226 30.36
10789 31.47
7854 30.51
10960 30.43
6940 30.76
27442 27.57
3178 33.44
8659 30.54
6903 30.51
13714 30.05
6091 30.26
8828 30.16
7417 29.57
11596 30.23
17156 31.23
9551 31.53
7958 31.13
11404 30.61
7704 30.47
10108 30.61
7001 30.30
17412 31.33
11920 31.20
11099 32.66
7537 31.36
11885 32.63
5115 30.97
13604 34.13
9008 33.43
6717 33.23
5931 30.91
7614 31.53
7697 30.32
10196 31.99
13820 33.41
10805 32.71
7410 31.86
21709 27.46
3908 31.42
8097 30.51
5950 30.66
11928 29.90
5077 30.12
10227 29.33
7842 29.28
13076 30.37
9731 30.41
11507 30.45
7055 29.93
12446 30.69
11712 30.82
11425 31.48
10390 30.67
11139 30.68
8403 30.37
7122 30.14
14736 31.32
8957 30.56
5437 30.33
8611 29.48
7221 28.61
11115 29.14
5197 29.20
10698 29.30
9872 29.34
10207 29.62
7181 28.79
9913 28.81
8819 28.50
21295 26.67
5840 29.56
10289 29.34
8580 29.43
13454 29.11
15273 30.48
10410 30.51
7690 30.18
10637 29.42
5934 29.18
8608 29.11
9174 28.87
12089 29.18
8361 29.10
9926 29.40
7484 28.98
11328 29.66
8392 28.79
9270 29.34
6707 28.65
10990 29.09
6579 28.54
9956 27.68
8104 27.05
10767 28.81
7326 28.17
11096 27.89
9417 28.30
18770 30.74
12588 29.94
11615 30.48
5462 29.71
19191 26.59
2942 31.56
11365 29.22
8852 29.02
11956 29.29
6901 28.98
9545 29.50
8038 28.64
13652 29.76
8237 29.29
9973 29.92
7778 29.17
12706 29.84
7525 29.03
9586 29.38
8939 29.77
10759 30.30
6901 29.52
8882 29.84
7296 28.99
11752 29.77
7089 29.23
10101 28.89
7766 28.56
11967 29.30
7660 29.05
11277 29.12
9154 28.75
12093 29.74
7561 29.13
11527 29.58
9688 29.28
25230 26.27
5621 31.15
9273 29.77
6881 29.48
12887 29.19
7015 29.31
10427 29.31
8496 28.97
13768 29.39
7690 29.12
10120 29.30
7361 28.80
11229 29.40
6960 28.69
10057 29.38
8210 28.59
11178 29.81
7927 28.60
10551 29.33
14123 30.24
12773 30.68
6810 30.09
9447 30.16
14382 30.83
11480 30.67
6984 30.26
9391 30.53
7837 30.05
11079 30.76
6709 29.60
9651 28.99
7569 29.05
21297 25.90
5534 29.97
9520 28.94
8347 28.53
12102 28.41
7330 28.47
9173 28.49
6400 27.87
11627 28.09
7091 27.93
9787 27.77
8409 27.13
