17310 27.35
11649 28.97
3725 29.03
7020 26.17
10402 26.64
10378 25.41
14640 27.73
12668 27.55
8309 27.10
8708 26.51
9373 27.07
6831 26.30
11432 27.08
7688 26.18
11643 26.96
11247 26.59
11031 27.08
6801 26.76
10898 26.19
14672 27.27
10689 27.69
9333 27.33
8448 27.43
7751 26.77
11881 27.19
8237 26.55
10277 26.46
9137 25.93
11836 27.48
9120 26.79
10834 27.00
8435 26.87
26349 25.66
4628 28.24
9378 27.43
8108 27.36
12506 27.41
9546 26.80
10253 27.01
8042 26.83
10836 27.70
9785 26.79
10136 27.57
8990 27.10
11579 28.39
9281 27.20
10258 27.95
9544 27.25
12059 28.66
10112 27.36
10397 28.88
10001 27.57
12861 29.10
8523 28.09
9988 28.27
8479 27.50
11220 28.97
7824 27.68
10505 27.43
8240 27.40
16658 30.23
12906 30.14
13667 30.02
9065 29.21
17577 28.33
3492 30.43
8825 28.53
7213 28.50
13075 28.61
7928 28.61
10236 29.19
8302 28.44
13191 29.14
7158 28.39
10682 28.29
7645 28.42
12086 29.09
7981 28.60
11536 28.22
7895 28.38
11672 29.34
7914 28.47
10808 28.42
8448 28.06
12079 29.44
8397 28.34
10623 28.42
14864 29.02
11008 29.63
12633 30.25
8156 29.81
9070 29.40
12053 30.05
9954 29.56
10134 29.43
7454 29.27
27333 26.34
3720 31.57
11147 29.17
13424 29.91
11001 31.56
6292 30.80
9022 32.07
8171 30.40
13000 32.63
10124 31.80
10407 32.49
7589 30.41
11637 32.65
10166 32.40
10593 32.50
6606 30.71
11266 32.44
7583 30.45
9224 31.67
8529 30.63
10948 32.50
8048 30.77
10269 30.56
7515 29.99
11055 31.27
10238 30.62
9861 30.62
7573 30.12
11252 31.09
8158 30.38
11389 30.16
7392 30.33
29631 26.95
2967 33.87
9099 30.38
7297 30.14
14066 30.06
6490 29.93
9416 29.91
7682 29.37
12074 30.03
17542 31.05
9864 31.26
8005 31.09
11919 30.31
8176 30.13
10411 30.44
7233 29.95
18076 31.10
12179 30.95
11494 32.34
7694 31.19
12252 32.37
5206 30.63
14189 33.83
9362 33.23
7027 32.88
6286 30.62
8544 30.89
7915 29.95
10715 31.73
15124 32.68
11266 32.41
7637 31.55
22596 27.17
4024 31.13
8446 30.19
6392 30.24
12591 29.43
5432 29.71
10106 29.45
8334 28.88
14064 29.67
10150 30.07
12726 29.76
7244 29.62
13657 29.90
12019 30.53
12537 30.73
10824 30.42
12283 29.84
8764 30.05
7676 29.76
15249 31.00
9061 30.28
5724 30.10
8391 29.57
7237 28.65
10322 29.54
5802 28.76
10952 29.12
10415 29.02
10655 29.25
7551 28.53
10347 28.53
9015 28.18
22035 26.42
6083 29.17
10942 29.13
9130 29.02
13950 28.78
15641 30.21
10771 30.29
8081 29.84
11201 29.08
6149 28.79
9043 28.92
8900 29.00
12702 28.84
8756 28.74
10340 29.13
7880 28.72
11617 29.34
8874 28.49
9748 28.97
7089 28.35
11588 28.80
6891 28.09
10369 27.42
8237 26.89
11838 28.20
7626 27.79
11365 27.58
9864 28.14
20510 30.02
13063 29.69
12080 30.13
5655 29.26
19977 26.32
2838 31.86
11935 28.95
9191 28.71
12319 29.02
7371 28.59
9888 29.25
8288 28.42
14066 29.49
8658 28.84
10361 29.59
8105 28.92
12864 29.53
8087 28.71
9454 29.46
10256 29.10
11069 30.16
7272 29.26
9747 29.26
7226 28.69
11679 29.78
7467 29.08
10515 28.56
8021 28.36
12644 28.96
8238 28.57
11776 28.89
9406 28.60
12967 29.35
7983 29.06
11984 29.40
10241 29.13
26178 26.01
5628 31.14
9594 29.52
7433 29.08
13418 28.95
7447 28.92
10608 29.16
8731 28.74
14105 29.18
8073 28.99
10636 29.05
7597 28.52
11805 29.20
7401 28.28
10436 29.09
8711 28.32
11811 29.56
8092 28.36
10778 29.19
14478 29.96
13239 30.38
7137 29.93
9841 29.79
14887 30.51
11899 30.42
7418 30.00
9650 30.27
8871 29.36
11454 30.51
6837 29.37
9979 28.87
7993 28.81
22216 25.65
5838 29.76
9837 28.58
8733 28.22
12531 28.07
7571 28.12
9580 28.31
6790 27.64
11478 28.26
7627 27.62
10817 27.28
8100 27.16
