18678 26.84
12194 28.59
3981 28.45
8024 25.69
10737 26.39
8853 25.78
15807 27.12
13803 27.05
8369 27.02
9700 25.98
10349 26.65
7651 25.95
12746 26.58
8380 25.59
12188 26.73
11852 26.29
11397 26.81
7534 26.40
11522 25.95
15372 26.92
11357 27.28
9816 27.08
9955 26.68
7672 26.39
12033 27.17
9074 26.15
10758 26.22
9000 25.90
12359 27.19
9740 26.42
11207 26.91
9054 26.62
28126 25.22
5038 28.12
10156 26.88
8804 26.70
13195 27.23
10226 26.45
9860 27.13
8596 26.61
11530 27.51
10502 26.54
10355 27.52
9881 26.71
13049 27.69
9710 26.96
10091 27.99
10524 26.90
13480 28.06
10345 27.20
11583 28.18
10551 27.31
14320 28.47
8592 27.80
11263 27.65
8771 27.37
11624 28.62
8525 27.20
11708 27.04
8558 27.09
17204 29.99
13302 29.84
14294 29.71
9296 29.08
20102 27.40
3679 30.49
9183 28.08
7752 27.93
13897 28.26
8981 28.07
10972 28.85
8603 28.03
13803 28.82
7752 27.90
10770 28.10
8479 28.04
12170 29.02
8913 28.18
11640 28.14
8522 28.08
12810 28.88
8465 28.23
11282 28.10
8843 27.80
12766 28.92
8884 27.94
11361 28.07
15640 28.66
11656 29.37
13235 29.90
8684 29.52
9354 28.98
12741 29.70
10522 29.19
10002 29.47
8164 28.85
30169 25.64
3868 31.19
11908 28.79
14035 29.50
11513 31.20
6615 30.53
9496 31.68
8676 30.02
13887 32.23
10792 31.31
11211 32.08
8035 30.07
12486 32.19
10791 32.12
11024 32.19
7068 30.23
11795 32.08
8169 30.04
9637 31.25
9200 30.19
11656 32.08
8335 30.44
10575 30.22
8205 29.38
11795 30.80
10866 30.24
10335 30.20
8227 29.54
11852 30.64
8866 29.79
12035 29.81
8018 29.81
31184 26.57
3282 33.21
9829 29.96
8048 29.73
15177 29.44
6875 29.62
9995 29.50
8260 29.03
13065 29.62
18463 30.66
10409 31.00
8537 30.69
12395 29.96
8695 29.84
11125 30.01
7847 29.60
18764 30.74
12929 30.53
11999 32.09
7776 31.08
12909 32.00
5753 30.29
14835 33.50
9891 32.77
7489 32.70
6801 30.34
8880 30.44
8418 29.61
11342 31.25
15845 32.31
11724 32.06
8373 31.06
23716 26.80
4439 30.44
9035 29.87
6807 29.77
13570 28.97
5768 29.45
10934 29.00
8248 28.86
15090 29.16
10778 29.64
13700 29.29
7631 29.20
14439 29.57
12756 30.12
13158 30.34
11283 29.91
13040 29.48
9204 29.69
8060 29.45
15903 30.62
9682 29.88
6193 29.53
9639 28.70
7497 28.28
11480 29.02
6046 28.34
11609 28.79
10990 28.60
11391 28.84
8012 28.13
10835 28.22
9685 27.79
23320 26.07
6476 28.86
11476 28.74
9506 28.79
14877 28.37
16272 29.86
11434 29.96
8485 29.40
11737 28.65
6782 28.44
9562 28.42
9591 28.65
13575 28.47
9214 28.44
11172 28.77
8311 28.38
12368 28.96
9298 28.15
10360 28.51
7592 27.89
12187 28.45
7366 27.66
10972 26.96
8924 26.48
12544 28.07
8005 27.28
12094 27.30
10363 27.63
21426 29.63
13875 29.31
12582 29.77
6161 28.95
21594 25.80
3023 31.47
12731 28.53
9716 28.43
12771 28.87
7280 28.58
10453 28.86
8711 28.01
13961 29.58
9404 28.49
10261 29.62
8806 28.77
12943 29.61
8812 28.37
11523 28.42
10659 28.75
11794 29.80
7729 28.87
10388 28.77
7603 28.36
13131 28.93
7706 28.78
11066 28.10
8803 27.80
13033 28.62
8545 28.29
13202 28.13
9972 28.17
12958 29.20
8473 28.60
12603 28.99
10831 28.72
27589 25.62
6173 30.62
10358 29.12
7750 28.81
13658 28.95
8038 28.57
10614 29.03
9699 28.25
13969 29.17
8692 28.38
11343 28.56
8275 27.95
11611 29.14
8083 27.85
11299 28.76
9080 28.01
11986 29.52
8834 28.00
12256 28.48
16128 29.22
13101 30.48
7839 29.51
10538 29.60
15600 30.24
11223 30.84
7938 29.69
10324 29.90
9301 29.03
10860 30.88
7717 28.80
10630 28.60
8809 28.11
23796 25.20
6204 29.29
10529 28.28
9325 27.85
13061 27.78
8251 27.86
10099 28.00
7258 27.30
12447 27.72
7997 27.24
11462 26.87
9015 26.76
