20980 26.06
13260 28.04
4583 27.63
9103 25.16
12908 25.70
10672 25.02
17564 26.43
14782 26.64
10766 25.96
9520 25.79
10786 26.23
8766 25.27
12933 26.39
9444 25.18
12514 26.61
11885 26.29
12585 26.39
8503 25.87
12399 25.57
16574 26.45
12419 26.83
9759 26.99
11004 26.11
8773 25.89
13557 26.52
9930 25.78
11742 25.73
9968 25.33
13815 26.59
10876 25.86
11929 26.50
10088 26.02
30591 24.58
5769 27.15
11228 26.48
9701 26.10
14279 26.65
11190 26.04
10661 26.68
9693 26.03
12639 26.99
11668 26.00
11929 26.80
10527 26.28
14070 27.24
10644 26.55
11738 27.21
11177 26.46
14546 27.48
11474 26.64
12478 27.69
11352 26.76
15350 28.00
9601 27.09
11353 27.42
10114 26.66
12600 28.16
9484 26.74
12823 26.51
9475 26.59
18473 29.45
14473 29.25
15352 29.17
10249 28.48
22773 26.50
3965 29.69
10250 27.42
8820 27.35
16164 27.25
9682 27.66
12787 27.90
9206 27.36
16088 27.77
8241 27.45
11454 27.67
9212 27.50
14171 28.15
9467 27.62
12543 27.52
9325 27.52
13702 28.40
9361 27.59
12381 27.64
10002 27.22
13663 28.55
9957 27.34
12222 27.43
16895 28.17
13042 28.69
14207 29.36
9409 28.95
10473 28.42
13925 29.07
11608 28.57
11872 28.47
8713 28.43
32484 25.08
4325 30.68
13347 28.22
15246 28.97
12438 30.74
7829 29.67
9602 31.41
8447 30.14
14785 31.64
11748 30.71
11956 31.50
9558 29.16
13438 31.63
11807 31.41
12020 31.50
7918 29.60
12882 31.43
8910 29.44
11377 30.28
9568 29.66
13061 31.28
9032 29.62
11824 29.49
8749 28.84
12478 30.53
12190 29.53
11598 29.59
8812 29.18
13051 30.11
9533 29.28
13222 29.19
8730 29.33
33774 25.97
3862 32.38
10789 29.34
8667 29.13
15764 29.23
7996 28.99
11161 28.91
9032 28.43
13059 29.55
18662 30.54
11569 30.39
9786 29.95
12639 29.78
9906 29.21
11405 29.89
8821 28.88
18923 30.60
14118 29.94
15195 30.12
9493 29.79
15320 30.62
5907 29.55
17612 31.97
12040 31.30
9432 30.87
6833 29.47
8886 30.08
9641 28.83
11617 30.92
16283 32.08
12914 31.32
9234 30.41
25752 26.22
5288 29.92
10241 29.15
7596 29.16
14965 28.48
6518 28.66
11689 28.42
9174 28.31
16243 28.67
11951 29.00
14863 28.75
8407 28.63
15662 28.92
13790 29.55
14396 29.68
12356 29.34
14134 28.86
10129 28.99
8997 28.72
17126 29.99
10663 29.25
6941 28.69
10639 28.03
8439 27.65
13058 27.99
6590 27.68
12610 28.21
12031 27.99
12516 28.27
8865 27.55
12057 27.51
10492 27.28
25426 25.47
7390 28.20
12592 28.15
10742 28.07
16243 27.84
17675 29.28
12372 29.27
9240 28.99
12983 28.04
7324 27.87
10569 27.91
11141 27.56
14613 27.91
10177 27.76
11911 28.18
9278 27.72
13459 28.38
10321 27.63
11311 27.99
8246 27.29
12650 28.20
8333 27.11
12034 26.53
9821 26.02
13232 27.45
9142 26.75
13169 26.73
11449 27.14
22834 29.10
14842 28.74
14643 28.75
6574 28.31
23138 25.35
3608 30.21
13769 28.00
10873 27.81
14333 28.01
8578 27.66
11328 28.26
9762 27.44
15876 28.52
9705 28.12
12142 28.56
9539 28.09
14964 28.51
9605 27.74
11728 28.05
10760 28.55
13028 29.12
8324 28.32
11476 28.22
8455 27.66
13934 28.55
9333 27.79
12667 27.35
9135 27.42
14117 28.03
9560 27.61
14467 27.47
11010 27.61
14029 28.63
9373 27.92
13793 28.46
11962 28.18
29704 25.06
7064 29.92
11408 28.62
8567 28.24
14827 28.36
9058 27.86
12346 28.14
10193 27.79
15282 28.65
9763 27.76
11635 28.43
9383 27.38
12677 28.68
8778 27.33
12120 28.24
10050 27.42
12903 28.87
9824 27.32
13389 27.93
17229 28.65
13992 29.93
8467 28.75
12359 28.52
16657 29.55
12202 30.26
8905 28.97
11286 29.22
10507 28.39
12258 29.90
8483 28.13
11288 27.85
9907 27.38
25932 24.65
7051 28.38
11495 27.58
10302 27.21
14674 27.17
9092 27.16
11290 27.36
8052 26.74
13503 27.15
9004 26.68
12474 26.43
9879 26.22
