21454 25.91
13522 27.95
4781 27.43
9349 24.93
12883 25.64
10805 24.98
17629 26.31
15030 26.54
11115 25.82
10340 25.55
10917 26.17
8863 25.20
12947 26.26
9625 25.08
13480 26.14
13044 25.79
12749 26.39
8861 25.76
12370 25.70
16629 26.38
12707 26.73
11019 26.48
10955 26.08
9007 25.74
13999 26.31
9927 25.72
11941 25.46
10243 25.22
14069 26.54
10920 25.80
12778 26.28
9958 25.86
31151 24.45
5893 27.16
11284 26.29
9743 26.25
15475 25.92
11235 25.99
11990 26.09
9402 25.90
13648 26.56
10379 26.28
11990 26.70
10774 26.17
14217 27.15
11002 26.37
12049 27.07
11410 26.26
14655 27.44
11770 26.53
12386 27.73
11490 26.67
15596 27.90
9968 26.95
12224 26.99
9907 26.53
12720 27.93
9588 26.55
12895 26.31
9632 26.39
18670 29.33
14835 29.13
15762 29.02
10461 28.41
22695 26.53
4156 29.65
10561 27.44
8920 27.27
16470 27.25
9975 27.54
12901 27.83
9523 27.35
16556 27.64
8620 27.45
11571 27.54
9377 27.52
14219 27.93
9541 27.44
12703 27.50
9578 27.34
13736 28.31
9768 27.53
12640 27.55
10214 27.09
13654 28.47
10014 27.22
12581 27.31
17071 28.03
13245 28.61
14581 29.24
9621 28.76
10523 28.32
14082 29.06
11880 28.45
11243 28.67
9202 28.10
32895 24.99
4625 30.22
13592 28.14
15474 28.86
12983 30.51
8017 29.38
10391 31.04
9620 29.40
14836 31.56
11785 30.71
12190 31.41
8911 29.38
13545 31.51
11865 31.28
12148 31.44
7952 29.48
13126 31.27
9112 29.34
10995 30.51
10090 29.43
13374 31.12
9188 29.51
11938 29.52
8987 28.74
13015 30.13
11145 29.82
11677 29.41
9162 28.70
13270 29.91
9843 29.18
13373 28.97
9062 29.06
34351 25.84
3980 32.01
11005 29.23
9089 28.93
16716 28.72
8082 28.80
11113 28.84
9396 28.28
14277 28.95
20094 30.01
11738 30.26
9410 30.23
13799 29.20
9741 29.09
12297 29.30
8715 28.84
20556 30.00
14122 29.83
13645 30.95
8903 30.16
14404 31.10
6546 29.37
16389 32.63
10967 32.02
8395 31.62
7462 29.23
10738 29.26
9223 28.69
11840 30.90
16483 31.92
13089 31.24
9450 30.31
26279 26.07
5410 29.68
10409 29.08
7691 29.08
14662 28.55
6701 28.68
12711 28.01
9731 27.96
15937 28.71
12217 28.90
14080 29.03
8777 28.53
15836 28.80
14083 29.43
14457 29.56
12567 29.28
14610 28.71
10304 28.87
9036 28.70
17370 29.88
10901 29.10
6930 28.72
11012 27.93
8287 27.56
13215 27.92
6922 27.59
12867 27.96
12332 27.91
12439 28.22
9494 27.33
12574 27.25
10670 27.10
26075 25.29
7441 28.09
12920 28.06
10747 28.05
16359 27.77
18005 29.15
12669 29.26
9685 28.71
13029 28.03
7488 27.86
10405 27.99
10611 27.86
14991 27.83
10345 27.69
12532 27.91
9491 27.65
13725 28.27
10370 27.38
11435 27.85
8507 27.16
13297 27.84
8472 27.00
12227 26.38
10180 25.91
14628 27.08
8827 26.80
13150 26.72
11434 27.01
23161 29.01
15073 28.66
14763 28.65
6796 28.14
24124 25.07
3791 29.91
13929 27.91
10969 27.65
14595 27.97
8600 27.55
11540 28.18
9907 27.31
16359 28.41
10521 27.73
12067 28.54
9604 27.91
15477 28.43
9571 27.62
12761 27.58
11697 27.98
13764 28.64
8399 28.11
10640 28.40
8919 27.66
13493 28.61
9569 27.57
12277 27.65
9515 27.40
14584 27.93
9846 27.55
14460 27.46
11341 27.47
14203 28.56
9657 27.81
13733 28.32
11988 28.04
29916 25.01
7934 29.43
11570 28.54
8800 28.08
15762 27.98
8929 27.88
12418 28.04
10187 27.60
16745 28.05
9662 27.71
12721 27.92
9196 27.26
13663 28.08
8910 27.22
12148 28.24
10194 27.29
13694 28.44
9703 27.32
13505 27.74
17611 28.53
15284 29.39
8466 28.71
11638 28.80
16949 29.39
13084 29.75
9037 28.83
10662 29.63
9913 28.60
12530 29.77
8617 27.91
12238 27.59
9477 27.53
26135 24.59
7285 28.19
11888 27.41
10629 27.03
14861 27.03
9162 27.07
11427 27.13
8429 26.50
13483 27.27
9368 26.54
12521 26.36
10202 26.04
