23226 25.33
14431 27.48
5389 27.05
10338 24.52
13713 25.32
10456 25.00
19082 25.88
16060 26.14
11175 25.74
10260 25.56
12118 25.78
9677 24.69
13248 26.19
10778 24.78
14490 25.80
12637 25.88
13717 25.94
9750 25.26
14526 25.02
17417 26.08
13521 26.52
11780 26.14
11758 25.80
9681 25.39
14489 26.05
11113 25.30
13773 25.14
11080 24.90
14644 26.25
11671 25.46
13647 25.85
10638 25.59
33487 23.93
6318 26.93
12217 25.93
9734 26.13
15375 26.27
12237 25.59
11703 26.10
10559 25.67
13788 26.45
12575 25.61
13137 26.38
11265 25.86
15109 26.82
11832 26.02
12917 26.70
11869 25.85
15765 27.09
12363 26.24
13434 27.31
12580 26.30
16472 27.54
10609 26.57
13075 26.66
10710 26.32
13758 27.67
10287 26.23
13833 26.09
10375 26.15
19389 29.02
15333 28.83
16354 28.69
11270 27.99
26167 25.53
4344 29.40
11345 26.93
9683 26.94
16590 27.22
10899 27.05
12760 27.85
10464 27.00
16173 27.77
9587 27.00
12604 27.10
10165 27.14
14386 28.04
10630 27.18
14585 26.81
10113 27.01
14747 27.95
10217 27.06
13471 27.08
10764 26.82
14767 27.99
10849 26.83
13349 27.05
17968 27.66
14039 28.17
15165 28.90
10240 28.46
11211 27.95
15227 28.67
12727 28.07
12974 27.93
9593 27.85
34738 24.59
5355 29.58
14491 27.78
16187 28.49
13872 30.10
8779 28.81
10893 30.54
10376 29.05
16627 30.77
12708 30.02
13610 30.55
9913 28.64
15511 30.67
12998 30.55
13926 30.51
8278 29.08
14484 30.47
9616 28.86
11183 30.22
10938 29.01
13209 31.10
10078 29.16
13399 28.83
8882 28.68
13986 29.68
12960 29.02
12228 29.06
9907 28.36
14124 29.43
10589 28.70
14380 28.64
9885 28.66
35910 25.48
4623 31.41
11717 28.78
9812 28.54
17876 28.33
8725 28.39
11989 28.49
9996 27.93
15492 28.57
21042 29.60
12488 29.86
10155 29.69
14921 28.81
9980 28.94
13355 28.83
9403 28.47
21260 29.63
15275 29.37
14673 30.46
9581 29.68
15702 30.38
6956 28.88
17939 31.87
12274 31.17
9449 30.84
7649 29.00
10619 29.22
10154 28.29
12852 30.34
17357 31.49
13957 30.73
10046 29.89
27748 25.68
5963 29.28
11349 28.58
8250 28.52
16454 27.86
7443 28.12
12595 28.13
10149 27.79
17250 28.25
12834 28.49
15148 28.68
9322 28.05
16914 28.42
14862 29.00
15444 29.15
13535 28.81
15396 28.32
10950 28.46
9870 28.31
18257 29.46
11402 28.69
7554 28.07
11558 27.47
9429 27.01
13948 27.66
7601 27.10
14252 27.41
12980 27.49
13394 27.80
9491 27.16
12932 27.06
11663 26.77
27492 24.92
8227 27.76
13609 27.71
11536 27.65
17397 27.32
18745 28.75
13469 28.81
10492 28.23
13902 27.59
8252 27.40
11613 27.32
12312 27.01
15695 27.50
11131 27.30
13442 27.59
9898 27.22
14494 27.91
11247 27.02
12124 27.46
9239 26.75
13808 27.55
9278 26.48
12946 26.11
10887 25.56
14331 26.96
9794 26.18
14344 26.26
12175 26.56
23048 29.08
16092 28.20
15414 28.31
7390 27.76
27987 24.08
3788 30.06
14925 27.46
11595 27.31
15055 27.83
9732 27.14
11556 28.11
10535 26.88
16031 28.49
11280 27.31
12140 28.55
10583 27.34
14987 28.44
10576 27.21
13654 27.15
12794 27.57
13715 28.71
9359 27.72
13239 27.27
9211 27.21
15260 27.90
10076 27.28
14043 26.82
10148 26.94
15216 27.58
10381 27.07
15286 27.03
12027 27.11
15098 28.19
10253 27.36
14667 27.91
12790 27.69
31836 24.57
8947 28.70
12324 28.04
9309 27.78
16573 27.57
9722 27.49
13503 27.62
11436 27.14
17693 27.68
10486 27.33
13307 27.49
10063 26.79
14651 27.58
9496 26.77
12987 27.80
10857 26.95
14394 28.10
10261 27.03
13624 27.69
17392 28.52
16240 28.95
9133 28.16
13424 27.92
17769 28.98
13878 29.32
9538 28.44
11549 29.05
11618 27.79
13287 29.38
9274 27.48
12986 27.13
10352 27.15
27843 24.15
7820 27.86
12645 27.03
11301 26.72
15811 26.68
10025 26.66
12346 26.67
9183 26.20
14078 26.96
10056 26.10
13580 25.99
10704 25.87
