24728 24.91
15049 27.19
5718 26.54
10965 24.20
16036 24.68
10963 24.67
21062 25.24
18166 25.48
12108 25.26
10944 25.21
12407 25.58
10219 24.70
14410 25.78
11062 24.49
13760 26.06
12142 26.08
14508 25.74
9954 25.22
13950 25.11
18181 25.78
14085 26.20
12660 25.86
12418 25.50
10276 25.13
15087 25.87
11559 25.02
14432 24.66
11814 24.70
15364 26.01
12433 25.20
14000 25.76
11726 25.31
35016 23.61
6808 26.37
12921 25.88
10208 25.87
17045 25.56
12593 25.41
13209 25.54
10847 25.35
15303 25.98
13012 25.44
13270 26.26
11988 25.57
16801 26.28
12006 25.73
13323 26.42
12753 25.69
17021 26.59
12869 26.03
14610 26.83
12836 26.06
18198 26.96
10870 26.32
12492 26.81
11379 26.07
14978 27.07
10675 25.98
13234 26.19
11251 25.83
21660 28.28
17114 28.07
18294 27.92
11972 27.55
20919 27.14
4961 28.66
11340 27.23
9886 26.86
15815 27.48
11837 26.78
12363 28.11
11688 26.72
15717 27.98
10503 26.73
14292 26.59
10506 26.81
14880 27.81
11286 26.79
15255 26.61
10671 26.77
15720 27.52
10615 26.89
13977 26.83
11323 26.48
15839 27.38
11223 26.74
14367 26.74
18627 27.45
15400 27.63
16999 28.17
10621 28.00
11778 27.73
16666 28.06
13133 27.79
13480 27.64
9986 27.48
35642 24.38
4735 29.97
15289 27.49
17033 28.13
13884 30.02
8666 29.00
10971 30.60
10107 29.02
16404 30.82
13253 29.93
13568 30.64
10990 28.26
15227 30.81
13172 30.53
13491 30.62
9054 28.64
14439 30.52
10366 28.49
13956 28.98
10803 28.74
14916 30.31
10375 28.79
13238 28.66
10419 28.02
14521 29.34
13614 28.67
12798 28.71
10465 28.05
14900 29.20
11102 28.39
15006 28.35
10266 28.31
37544 25.16
5034 30.94
12590 28.47
10114 28.25
18708 28.04
9275 28.19
12486 28.23
10595 27.62
17125 27.86
21727 29.33
13038 29.55
10585 29.43
15454 28.44
11113 28.40
13862 28.66
9867 28.10
22126 29.38
15746 29.11
14949 30.23
10026 29.48
15998 30.30
7428 28.45
17733 31.91
12292 31.14
9414 30.88
8329 28.54
12167 28.43
10493 27.99
13774 29.90
18134 31.11
13815 30.69
10788 29.53
29118 25.35
6325 28.89
12112 28.27
8755 28.29
16126 27.87
7795 27.84
14198 27.40
11058 27.33
17523 28.11
13611 28.21
15456 28.37
9965 27.82
17417 28.14
15598 28.68
15902 28.87
14033 28.53
15913 27.97
11743 28.08
10419 27.90
18944 29.14
12295 28.34
7948 27.82
12273 27.12
9933 26.63
14836 27.06
7813 26.90
15016 26.89
13883 27.15
14054 27.50
9633 27.08
13735 26.72
12032 26.51
28843 24.63
8854 27.40
14724 27.35
12148 27.41
18129 27.08
19601 28.47
13824 28.47
11034 27.91
14707 27.38
8607 26.92
12233 27.05
12950 26.77
16326 27.22
11815 27.00
14011 27.20
10449 26.92
15006 27.63
11850 26.84
12811 27.26
9868 26.49
14635 27.17
9885 26.16
13528 25.79
11449 25.33
15561 26.38
10476 25.88
14641 26.07
12950 26.21
25160 28.34
16551 27.92
17139 27.58
7605 27.37
27922 24.09
4059 29.59
15813 27.20
12516 26.99
15469 27.57
10027 26.92
12027 27.84
11244 26.61
16489 28.24
11987 26.97
12501 28.27
11135 27.11
15624 28.12
11199 26.90
14467 26.86
13543 27.24
15474 27.87
9243 27.47
12887 27.33
10118 26.83
16038 27.47
10719 26.90
14582 26.56
10653 26.74
15621 27.37
11223 26.74
16190 26.73
12836 26.74
15779 27.80
10826 27.08
15326 27.61
13393 27.36
32994 24.29
9418 28.50
12897 27.76
9880 27.39
17526 27.30
10224 27.19
13825 27.34
11977 26.87
18288 27.35
10999 27.09
13837 27.33
10587 26.61
15115 27.31
10150 26.45
13465 27.49
11708 26.69
14938 27.86
10815 26.65
15327 27.04
19157 27.89
16691 28.66
9594 27.94
12934 28.06
18768 28.65
14518 29.07
10368 28.23
11832 28.90
11384 27.91
13896 29.10
9656 27.27
13410 26.93
11028 26.78
29026 23.86
8436 27.39
13424 26.72
11969 26.36
16533 26.39
10495 26.35
13072 26.47
9642 25.88
14867 26.66
10657 25.85
14249 25.77
11193 25.60
