25448 24.69
15649 26.98
6242 26.07
11447 24.20
16458 24.57
12238 24.25
21300 25.15
18339 25.37
12472 25.18
11283 25.04
12818 25.43
10528 24.34
14873 25.63
11498 24.36
14137 25.87
12239 25.91
14974 25.56
10441 24.92
15570 24.63
18703 25.67
14478 26.05
12963 25.71
12606 25.32
10546 24.99
14331 26.07
12223 24.85
13899 24.92
12437 24.57
15216 26.06
12965 25.00
15105 25.46
11802 25.14
36420 23.33
6830 26.55
13412 25.49
10669 25.70
17688 25.30
12144 25.54
12863 25.71
11651 25.19
15862 25.83
13579 25.29
13668 26.09
12378 25.43
17281 26.15
12374 25.55
13720 26.34
13161 25.47
17478 26.41
13323 25.89
14947 26.71
13378 25.92
18546 26.79
11198 26.17
12925 26.75
12021 25.87
15176 26.93
11024 25.85
13683 26.04
11606 25.70
22053 28.12
17651 27.87
18513 27.75
12301 27.38
22205 26.67
5476 28.23
12676 26.71
9906 26.76
17647 26.90
11236 26.90
13740 27.49
11522 26.46
17463 27.33
10471 26.57
14650 26.41
10785 26.61
16225 27.28
11562 26.61
14660 26.77
11480 26.60
15672 27.60
11191 26.62
15544 26.34
11691 26.29
16065 27.52
11612 26.47
14597 26.56
19023 27.30
15029 27.78
16170 28.46
11098 28.04
12147 27.44
16090 28.23
13681 27.61
13847 27.45
10397 27.20
38262 23.89
6143 29.02
15682 27.36
17369 28.02
14847 29.60
9366 28.56
11828 30.06
10994 28.61
16504 30.75
13542 29.74
13618 30.51
11229 28.06
14479 31.05
13762 30.32
13219 30.95
9800 28.47
14268 30.64
10862 28.34
13722 29.12
11051 28.51
15367 30.16
10717 28.56
13627 28.41
10610 27.83
15384 28.88
13850 28.50
13229 28.48
10852 27.81
15345 28.94
11407 28.18
15165 28.17
10641 28.17
38385 24.96
5227 30.42
12924 28.31
10488 27.97
18919 28.06
9729 27.97
12992 27.92
10994 27.42
16434 28.04
22380 29.12
13419 29.36
10914 29.18
16225 28.24
11536 28.22
14347 28.41
10240 27.82
22668 29.15
16198 28.93
16167 29.70
10374 29.19
16997 29.80
7606 28.25
18900 31.36
13186 30.62
10370 30.21
8407 28.43
11581 28.69
11012 27.74
13208 30.12
18720 30.88
14341 30.46
11203 29.26
29948 25.14
6711 28.71
12479 28.08
9093 27.91
17408 27.40
8154 27.56
13831 27.47
11135 27.25
18374 27.85
14053 28.00
16057 28.16
10232 27.62
18006 27.93
16028 28.50
16504 28.61
14359 28.30
16637 27.73
11939 27.91
10605 27.71
19394 28.94
12464 28.14
8173 27.49
12705 26.93
10059 26.57
15316 26.86
8453 26.38
15233 26.84
14270 26.95
14565 27.27
10226 26.72
14572 26.30
12325 26.30
29617 24.45
9174 27.10
14882 27.20
12634 27.17
18860 26.86
20036 28.29
14243 28.37
11367 27.68
15027 27.11
9110 26.87
12737 26.89
13297 26.62
16935 26.95
12232 26.81
13996 27.18
11101 26.74
15426 27.46
12224 26.54
13128 26.99
10036 26.23
14918 27.09
10030 26.06
14023 25.59
11612 25.15
15360 26.50
10874 25.73
15470 25.82
13434 26.13
24432 28.62
16865 27.77
16479 27.83
8142 27.32
29910 23.66
4565 29.00
16139 27.05
12910 26.82
16929 27.05
10142 26.69
13075 27.34
11354 26.46
18284 27.59
12192 26.85
13785 27.63
11233 26.80
17078 27.51
11193 26.68
14587 26.73
13750 27.13
14663 28.13
10143 27.32
12571 27.47
10546 26.64
15138 27.92
11270 26.74
14985 26.43
11078 26.37
16181 27.16
11519 26.57
16576 26.54
13145 26.58
16335 27.67
11151 26.99
14965 27.79
13829 27.22
33622 24.15
10186 28.07
13427 27.49
10392 27.16
19053 26.77
10449 26.95
15606 26.72
11935 26.81
20350 26.75
11053 27.00
15318 26.68
10681 26.50
16750 26.78
10210 26.38
14745 26.95
11720 26.48
16402 27.37
11110 26.51
13666 27.44
18393 28.16
18377 28.06
9791 27.77
12368 28.28
18081 28.89
16316 28.35
10471 27.92
13043 28.30
11562 27.67
14982 28.46
9965 27.00
13985 26.63
11322 26.54
29832 23.69
8818 27.09
13955 26.50
11636 26.55
17197 26.16
10838 26.08
13301 26.38
10003 25.72
15376 26.48
11260 25.63
15005 25.56
11667 25.41
