2648 45.16
1348 46.73
463 47.53
569 44.81
1310 42.87
1046 40.92
2110 42.32
1386 42.73
1154 43.04
558 41.99
1356 40.92
1145 40.72
1552 41.95
870 41.28
1279 40.59
1369 40.48
1420 41.75
1015 40.65
1442 40.73
2514 40.88
1475 41.95
1072 41.16
1077 41.83
1043 41.85
1640 42.99
982 41.39
1395 41.52
946 41.11
1550 42.52
1254 41.56
1354 42.38
1248 42.36
3032 43.80
502 43.73
1033 43.29
986 41.50
1462 43.46
1237 40.87
1363 41.99
1191 40.89
1629 42.76
1095 41.52
1379 41.69
1096 41.02
1629 42.43
1080 41.48
1420 41.98
1126 40.88
1727 41.82
1188 42.44
1609 42.68
1299 42.16
2154 42.76
1244 42.36
1511 42.52
1180 42.24
1999 42.53
1143 42.32
1325 43.41
1211 41.87
2875 45.93
1808 45.69
1626 47.04
1322 45.34
2133 47.41
568 47.62
902 47.47
966 45.78
1330 48.01
1072 45.01
1322 46.34
1204 44.14
1532 46.72
1235 44.18
1413 45.14
1148 44.50
1651 46.93
1059 44.65
1435 44.84
962 44.36
1572 45.45
1021 44.92
1472 45.01
1190 44.55
1808 45.49
894 44.62
1396 44.33
1972 45.35
1803 45.56
1994 46.08
1455 46.49
1221 46.74
1994 45.91
1035 46.27
1072 46.85
1011 46.01
3417 43.89
643 47.26
1264 46.57
1504 47.08
1425 48.89
957 47.25
1171 49.31
1205 47.82
2126 49.20
1449 47.68
1511 49.28
1245 48.01
1880 49.71
1365 48.63
1210 49.67
1244 47.78
1657 49.74
1169 48.45
1218 49.59
1193 48.29
1449 50.11
1111 48.51
1460 48.38
994 48.19
1535 49.76
1269 48.58
1423 49.52
1266 48.74
1743 49.78
938 48.58
1319 48.99
982 48.42
4006 44.47
467 50.23
1268 49.12
984 49.19
1559 50.04
978 48.44
1365 48.76
1119 48.12
1544 49.84
2283 49.65
1488 50.06
1131 49.63
1553 50.22
1012 49.34
1131 49.71
1145 48.84
2122 50.07
1371 49.87
1500 50.39
1044 49.43
1820 50.19
584 49.24
2260 50.38
1314 49.88
1081 50.39
911 49.42
1501 48.80
886 48.62
1565 49.82
2119 50.23
1469 49.91
980 49.27
3126 44.99
547 50.16
988 49.74
718 49.74
1616 47.47
826 48.20
1518 47.53
1008 47.20
1962 48.29
1073 48.35
1518 48.33
935 48.42
1790 48.23
1611 48.08
1764 48.69
1347 48.52
1744 48.10
1367 48.26
1462 47.84
2604 48.36
1551 48.10
879 48.61
1358 47.91
966 47.18
1589 48.10
834 47.95
1440 48.62
1300 47.06
1382 49.38
1033 47.59
1544 47.61
1263 47.53
3008 44.49
835 47.98
1572 48.04
1075 48.20
1902 47.15
2113 49.05
1396 48.66
983 48.14
1671 47.69
1012 47.48
1617 47.36
1341 47.59
1960 48.02
983 47.95
1470 47.88
1109 47.73
1822 47.77
1096 47.71
1387 48.47
1044 47.45
1773 47.86
917 47.21
1441 47.45
1209 47.01
1678 48.09
1123 47.39
1585 47.36
1268 47.21
3033 48.95
1779 48.25
1753 49.29
847 48.93
2588 44.39
388 50.15
1461 48.35
1027 48.36
1526 47.67
917 47.91
1471 47.10
1199 47.37
2096 48.07
1308 47.80
1692 48.32
1206 48.55
2016 48.14
1006 48.77
1458 48.82
1159 48.53
1697 49.03
926 49.00
1287 49.12
1014 47.77
1707 48.72
1005 48.05
1353 47.57
981 46.99
1759 48.18
958 47.96
1529 47.80
991 48.19
1769 48.68
1074 47.67
1589 47.99
1035 48.10
3180 44.53
778 48.61
1222 47.93
983 47.28
2056 47.81
1001 47.85
1411 47.84
1097 47.14
1943 47.48
1041 47.67
1435 47.88
1040 47.12
1768 47.72
849 47.05
1425 47.11
1074 46.83
1748 48.11
988 46.92
1499 47.32
1854 47.78
1964 48.69
1124 48.15
1500 48.98
2011 49.36
1787 48.90
1012 49.07
1247 49.36
1055 48.58
1717 49.22
1114 48.02
1248 49.41
1184 47.42
2946 43.60
912 48.03
1467 47.38
1129 47.04
1670 46.79
850 47.17
1210 46.51
1003 44.52
1487 46.03
829 45.60
1434 44.47
1019 43.48
