26977 24.27
16229 26.75
6651 25.75
12520 23.96
17164 24.34
11842 24.36
22082 24.91
19359 25.13
13501 24.88
11943 24.85
13280 25.24
11154 24.35
15297 25.40
12165 24.18
14421 25.74
12881 25.78
15477 25.45
11174 24.55
15049 24.75
19343 25.45
15185 25.86
13554 25.46
12538 25.42
11333 24.77
16427 25.47
12381 24.67
15395 24.37
12816 24.38
16423 25.70
13293 24.76
15493 25.24
12527 24.89
38140 23.02
7244 26.13
13975 25.32
11102 25.41
18570 25.09
13734 25.19
12987 25.59
12053 25.02
16390 25.64
14130 25.14
14298 25.88
13008 25.11
17928 25.93
12904 25.40
14179 26.10
13529 25.36
18332 26.21
14047 25.63
15578 26.45
13765 25.71
19353 26.56
12099 25.94
13487 26.46
12446 25.57
15859 26.70
11680 25.64
14097 25.83
12285 25.37
22518 27.91
18164 27.69
19364 27.54
12880 27.15
23461 26.29
5563 28.21
13438 26.36
10360 26.60
18255 26.70
12478 26.39
14322 27.25
12188 26.24
17909 27.10
11075 26.30
14213 26.50
11770 26.32
17098 26.95
12138 26.41
15262 26.59
12013 26.31
16251 27.36
11819 26.40
15808 26.22
12107 26.15
16580 27.44
12235 26.22
14963 26.41
19842 27.06
16488 27.17
18003 27.79
11335 27.79
12814 27.25
17806 27.56
14246 27.36
14182 27.29
11094 26.89
38303 23.89
5875 29.23
16377 27.09
18039 27.76
15390 29.36
9937 28.22
12231 29.82
12648 27.97
16869 30.52
13228 29.77
14340 30.22
11751 27.80
14972 30.80
14138 30.07
13531 30.68
10452 28.18
14741 30.41
11666 28.04
15139 28.60
11461 28.37
15986 29.93
11121 28.28
14099 28.17
11423 27.45
16069 28.76
14350 28.27
13902 28.27
11325 27.59
15960 28.65
11865 27.93
15828 27.88
11242 27.94
39703 24.72
5777 29.99
13607 28.06
11165 27.75
20244 27.56
10097 27.63
13588 27.73
11354 27.12
18319 27.37
22945 28.88
13870 29.13
11388 29.01
16664 28.00
12017 27.95
15088 28.09
10816 27.65
23384 28.87
16873 28.64
16194 29.67
10872 28.89
17499 29.54
8085 27.88
19412 31.11
13666 30.30
10071 30.35
9229 28.02
13111 27.98
11329 27.57
13608 29.94
19559 30.48
14906 30.20
11724 28.98
30942 24.89
7150 28.46
13170 27.82
9750 27.68
18341 27.07
8537 27.24
14153 27.35
11701 27.00
18544 27.67
14679 27.70
16617 27.87
10813 27.26
18977 27.58
16811 28.18
17137 28.38
15109 28.00
17168 27.52
12613 27.60
11221 27.44
20251 28.66
13043 27.87
8800 27.25
13088 26.69
11030 26.17
15556 26.92
8910 26.11
15785 26.66
14842 26.77
15072 27.02
10922 26.43
15198 26.12
12919 25.99
30915 24.17
9551 26.95
15438 26.96
13118 26.99
19594 26.61
20723 28.03
14786 28.02
11182 27.72
15827 26.78
9458 26.48
13205 26.55
13877 26.33
17505 26.69
12893 26.55
15155 26.87
11534 26.47
16359 27.17
12882 26.28
13851 26.75
10319 26.10
15000 27.07
10687 25.76
14564 25.38
12321 24.89
17002 25.92
11251 25.47
15824 25.70
14004 25.85
26174 27.93
17546 27.48
18412 27.10
8477 26.92
29608 23.68
4992 28.57
16877 26.74
13436 26.60
18430 26.43
10696 26.48
14555 26.66
11688 26.20
19953 26.83
12227 26.72
15652 26.88
11455 26.63
18868 26.80
11666 26.50
14075 26.87
13729 27.09
16686 27.46
10444 26.99
12716 27.29
11000 26.41
16140 27.50
11678 26.33
15550 26.22
11463 26.16
16698 27.04
12322 26.25
17483 26.30
13819 26.37
15674 27.83
11985 26.55
16496 27.18
14540 27.01
34762 23.89
10570 27.80
13978 27.20
10807 26.87
19226 26.78
11142 26.69
15296 26.85
12728 26.53
19644 26.96
11861 26.67
14836 26.89
11545 26.17
16254 26.97
11087 26.13
14282 27.14
12561 26.25
16267 27.48
11736 26.28
15669 26.79
20505 27.44
17683 28.28
10362 27.53
14061 27.55
19718 28.26
15529 28.59
11087 27.65
12859 28.43
12933 27.03
14685 28.65
10739 26.74
14980 26.35
11678 26.34
31092 23.44
9378 26.97
14287 26.36
11837 26.43
17821 25.93
11639 25.83
13882 26.10
10683 25.44
15959 26.27
11661 25.36
15440 25.27
12336 25.23
