28626 23.90
16826 26.49
7297 25.47
12870 23.76
19817 23.72
12956 23.94
23975 24.37
19957 24.99
12857 24.87
11589 24.98
14100 25.02
11617 23.98
15979 25.21
12948 23.96
15126 25.58
13464 25.59
15966 25.25
11771 24.54
15453 24.58
19966 25.26
15742 25.69
12720 25.77
14014 24.86
11907 24.48
15759 25.62
13520 24.33
14717 24.53
13734 24.09
16529 25.67
14073 24.60
16377 25.00
13094 24.73
39580 22.75
8038 25.96
14969 24.98
11593 25.07
18145 25.19
14412 24.99
13742 25.44
12812 24.71
15887 25.82
15120 24.87
14942 25.74
13545 25.02
17323 26.06
13902 25.19
15060 25.81
14236 25.19
17636 26.31
14613 25.44
15439 26.54
14548 25.48
18719 26.71
12822 25.67
15631 25.77
12747 25.39
15741 26.72
12563 25.41
16083 25.23
12498 25.31
21554 28.21
17534 27.91
17314 28.19
13410 27.12
33788 23.77
5337 28.25
13767 26.00
11849 25.94
20278 26.02
12878 26.18
16021 26.54
12348 26.04
20023 26.39
11175 26.05
14447 26.32
12321 26.05
17316 26.72
12660 26.12
15785 26.25
12645 26.04
16728 27.16
12496 26.07
17076 25.84
12864 25.98
16037 27.42
13286 26.04
16689 26.05
20306 26.82
16155 27.45
17401 27.99
11925 27.54
13345 26.98
17307 27.75
15159 27.10
15216 27.00
11362 26.69
40754 23.43
6768 28.68
17096 26.92
18825 27.59
15963 29.10
10425 27.89
12491 29.62
13255 27.68
17553 30.21
13745 29.54
14924 29.96
12101 27.57
15850 30.48
15654 29.37
14028 30.39
10866 27.87
15350 30.12
11754 27.89
15686 28.32
11890 28.01
16693 29.62
11593 28.02
14847 27.88
11667 27.25
16744 28.45
14881 28.02
14198 27.94
12201 27.25
16631 28.34
12722 27.61
16287 27.70
11895 27.56
41041 24.46
6223 29.57
14432 27.76
11808 27.42
20935 27.26
10697 27.40
14181 27.46
12045 26.91
18955 27.15
23736 28.63
14511 28.83
11831 28.72
17332 27.72
11894 27.91
15793 27.86
11233 27.38
24101 28.66
17714 28.33
17012 29.37
11411 28.64
18935 28.92
8409 27.67
21366 30.40
15090 29.62
11605 29.50
9075 27.85
12291 28.17
12236 27.23
13828 29.77
19737 30.40
15183 30.04
12398 28.73
31999 24.64
7616 28.12
14036 27.49
10106 27.40
19417 26.82
9024 27.00
14662 27.14
12161 26.73
19777 27.37
15268 27.47
17328 27.70
11537 26.99
19417 27.41
17183 27.96
17694 28.09
15668 27.77
17890 27.23
12943 27.32
11463 27.19
20828 28.37
13616 27.57
9228 26.96
13972 26.41
11545 25.90
16091 26.70
9489 25.92
16350 26.45
15352 26.47
15762 26.68
11733 25.98
15670 25.89
13982 25.70
31981 23.91
10115 26.71
16153 26.74
13633 26.75
20309 26.37
21359 27.80
15476 27.76
12517 27.19
16310 26.59
10208 26.27
13724 26.29
14506 26.05
18061 26.50
13367 26.38
15898 26.48
12066 26.26
16650 26.92
13347 26.01
15312 26.17
10927 25.80
16236 26.47
11206 25.51
15785 24.98
11989 24.91
17410 25.68
12019 25.21
16372 25.45
14583 25.70
27242 27.68
18142 27.23
19147 26.85
8926 26.65
32062 23.16
4823 28.71
17655 26.48
14050 26.37
18164 26.54
11168 26.20
14113 26.81
12439 25.83
19666 27.05
13366 26.35
15066 27.10
12381 26.31
18505 26.99
12361 26.21
14908 26.54
13926 26.97
16123 27.59
11174 26.66
14650 26.63
11312 26.11
17567 26.93
12186 26.18
15775 26.09
12044 25.85
18628 26.30
12477 26.05
17974 26.06
14240 26.11
18564 26.71
12027 26.42
17132 26.88
14982 26.70
36220 23.62
10850 27.69
14673 26.99
11356 26.66
19465 26.57
11693 26.38
15850 26.55
13469 26.23
20367 26.73
12502 26.40
15623 26.55
11985 25.89
16861 26.65
11673 25.77
15059 26.87
13005 26.01
16877 27.12
12363 26.05
16575 26.45
20943 27.20
18507 28.01
10863 27.27
14511 27.32
20429 27.94
16257 28.31
11566 27.38
13435 28.06
13430 26.75
15436 28.29
11061 26.45
15495 26.08
12418 25.97
32292 23.17
9878 26.58
15256 26.03
12413 26.14
18535 25.63
12206 25.61
14620 25.85
11457 25.23
16342 26.00
12351 25.11
16493 25.04
13008 25.09
