3820 41.07
2283 42.06
741 42.43
1025 39.91
2021 37.31
1833 36.00
3908 38.33
2653 38.44
1493 38.58
1198 37.52
2232 36.69
1720 36.65
2469 37.56
1491 37.27
2259 37.20
2268 36.36
2196 37.72
1472 36.75
2299 36.80
3927 37.28
2423 38.27
1685 38.45
1695 38.47
1589 37.76
2644 38.48
1645 37.53
2186 37.30
1733 37.45
2587 38.42
1663 38.02
2216 38.42
1753 37.40
4957 39.22
753 39.06
1777 38.45
1342 38.22
2425 39.38
2104 36.69
2133 37.69
1697 37.02
2486 38.31
1776 37.39
2354 37.85
1808 37.34
2729 38.42
1584 38.02
2379 37.58
2047 36.99
2827 38.41
1934 37.53
2606 38.10
2167 38.02
3455 38.34
1644 39.01
2191 38.99
1896 37.83
3017 38.82
1652 38.01
2005 38.90
1799 38.54
4721 41.19
3149 41.33
2855 42.55
1645 41.17
3123 43.32
773 42.90
1393 41.88
1518 41.48
1861 43.64
2056 39.65
2145 40.75
1752 39.69
2439 42.18
2044 40.37
2263 40.87
1680 40.47
2488 42.22
1929 40.64
2281 40.66
1443 40.26
2518 41.52
1749 40.37
2218 40.80
1600 40.31
2529 41.34
1696 39.86
2369 39.95
3476 40.27
2536 42.08
2897 42.31
2046 41.96
1709 41.72
2675 42.14
1707 41.66
2014 41.45
1457 41.20
6103 38.62
781 42.73
1940 41.11
2824 41.10
2636 41.76
1277 41.49
2492 42.03
1590 41.63
3944 42.71
2505 42.59
2731 43.47
1505 42.82
2816 44.24
2475 43.86
2569 44.53
1137 44.20
2981 44.28
1351 43.14
1649 44.87
1790 43.35
2232 45.28
1668 42.69
1981 43.82
1649 42.50
2386 44.52
2173 42.97
2356 43.45
1590 43.01
2523 44.85
1610 42.89
2230 43.02
1415 42.65
5979 40.72
714 44.80
1708 43.06
1327 42.82
2801 42.71
1114 42.46
2163 40.89
1829 40.29
2463 41.88
4302 43.25
2189 43.70
1353 43.12
2312 43.24
1592 42.29
1902 43.04
1806 41.62
4326 43.63
2845 43.05
2885 44.67
1577 43.02
2961 45.23
1033 43.19
3461 47.12
2280 45.86
1608 46.52
1500 43.66
1663 45.39
1821 43.25
2256 46.45
3325 46.67
2426 46.29
1660 44.99
5327 39.75
642 46.95
1379 44.51
1176 43.73
2278 42.81
1239 42.41
2233 41.81
1565 40.61
3018 43.05
1857 42.73
2517 42.81
1471 42.60
2820 42.82
2681 42.55
2715 43.61
2313 42.81
2999 42.73
1703 42.81
1674 42.65
4060 43.32
2286 42.61
1336 42.78
1973 42.66
1251 42.20
2527 42.56
1162 42.03
2459 42.36
2056 41.73
2303 43.57
1629 41.38
2208 41.14
1932 40.84
5225 38.81
1071 41.85
2198 41.94
1600 42.03
3267 41.17
3000 44.17
2526 42.62
1527 42.60
2536 41.53
1329 41.68
2199 41.56
2033 41.50
3279 41.70
1506 41.97
2291 41.82
1592 41.59
2725 41.99
1689 41.35
2126 41.64
1590 41.25
2729 41.94
1366 41.30
2228 40.34
1683 39.93
2601 41.82
1584 40.87
2496 40.47
1910 40.73
4532 43.77
2842 43.34
2777 43.77
1254 42.50
4214 39.38
660 44.02
2338 41.72
1662 41.88
2637 41.39
1409 41.34
2183 41.36
1632 41.47
3449 42.02
1703 41.92
2350 42.44
1806 42.25
3335 42.07
1555 42.25
1974 42.99
1759 41.97
2604 42.83
1433 42.43
2315 41.18
1517 40.66
2630 42.29
1492 41.41
2207 41.15
1792 40.59
2696 41.97
1557 41.37
2497 41.09
1624 41.16
2803 42.52
1693 41.91
2532 42.37
1737 41.29
5854 38.55
1168 42.79
1976 41.97
1492 41.38
3243 41.50
1361 41.40
2298 42.24
1676 41.19
3163 41.72
1592 41.53
2311 41.15
1594 40.86
2715 41.96
1457 40.84
2517 40.73
1538 40.97
2683 42.09
1836 40.54
2515 41.32
3368 42.50
3015 43.18
1638 42.70
2040 43.33
3190 44.08
2791 43.50
1681 43.01
2035 43.84
1983 42.17
2807 43.14
1626 42.12
1792 43.86
1571 42.97
5125 37.81
1242 42.53
2192 41.60
1624 41.55
2970 41.29
1384 41.16
1759 41.93
1460 40.76
2444 41.27
1371 40.72
2236 39.81
1705 39.10
