4070 40.27
2614 40.83
754 41.96
1070 38.92
2162 36.46
2023 35.30
4372 37.45
2904 37.58
1703 37.05
1271 36.60
2243 36.47
1941 35.92
2649 36.67
1683 36.60
2464 36.45
2426 35.62
2403 36.84
1750 36.29
2430 36.18
4441 36.51
2671 37.62
1923 37.43
2067 37.48
1539 37.40
2848 37.37
1753 36.80
2406 36.64
1894 36.25
2766 37.49
1781 37.02
2611 36.81
2001 36.62
5454 38.37
889 38.13
1680 38.12
1745 37.33
2708 38.02
2230 36.22
2363 37.13
1978 36.66
2952 37.36
1854 36.97
2463 37.14
2066 36.41
2902 38.01
2067 36.92
2525 37.28
2204 36.13
3187 37.51
2341 37.49
2571 38.35
2253 37.42
3674 38.05
1752 37.65
2309 38.44
2105 37.41
3308 38.22
1842 37.42
2257 37.96
2015 37.30
5000 40.57
3360 40.62
3198 41.47
1767 40.05
3444 42.34
786 41.64
1517 41.93
1803 39.96
2048 42.39
2256 39.06
2423 39.73
1945 39.24
2686 41.13
1992 39.74
2482 40.48
1996 39.74
2752 41.61
1933 39.85
2433 40.02
1623 39.80
2700 40.68
1909 39.30
2507 39.45
1786 39.73
2785 40.71
1902 39.44
2533 39.24
3827 39.43
2629 41.32
3208 41.47
2168 40.93
1865 40.96
3055 41.10
1893 40.96
2338 40.59
1578 40.48
6657 37.85
818 42.36
2081 40.07
3205 40.38
2656 41.46
1464 40.84
2493 41.62
1807 41.05
4284 42.12
2672 41.74
3181 42.00
1498 41.88
3078 43.47
2650 43.38
2773 43.34
1357 42.57
3174 43.39
1477 42.32
1864 43.83
1921 42.41
2551 44.45
1901 41.92
2005 43.49
2073 41.78
2657 43.92
2397 41.69
2671 42.27
1465 41.93
2791 43.30
1615 42.01
2443 41.86
1776 41.52
6769 39.58
758 44.41
1812 42.27
1557 41.64
2977 42.08
1233 41.68
2298 40.61
1897 39.55
2664 41.74
4714 42.41
2344 42.78
1613 41.80
2572 42.80
1730 41.57
2093 42.47
1893 41.04
4362 43.29
2960 42.95
3166 43.55
1588 42.92
3440 43.50
1094 42.34
4104 45.28
2599 44.34
1898 44.57
1485 42.46
1652 44.36
1948 42.05
2438 43.97
3884 44.86
2871 44.22
1632 43.83
5671 39.15
698 45.35
1622 42.93
1248 42.46
2525 42.06
1203 41.60
2470 40.41
1766 39.78
3558 42.01
2163 41.52
2645 42.03
1886 41.23
3131 41.86
2814 41.88
2856 42.78
2781 41.98
3129 41.93
2128 41.79
1833 41.67
4138 42.98
2526 41.99
1349 42.22
2045 42.29
1673 41.07
2620 42.01
1251 41.16
2590 41.47
2317 40.90
2566 42.41
1756 40.69
2431 40.77
1998 40.32
5597 38.03
1168 41.07
2448 40.86
1716 41.33
3364 40.29
3656 42.86
2667 41.85
1682 41.57
2742 41.04
1460 40.75
2192 40.78
2303 39.95
3598 40.77
1711 41.12
2566 40.70
1733 40.43
3230 40.99
1903 40.51
2270 41.28
1717 40.16
2818 41.22
1501 40.27
2492 39.41
1788 38.91
2869 41.12
1712 40.02
2786 39.59
2211 39.92
5067 42.53
3210 41.97
2932 42.90
1393 41.85
4509 38.81
705 43.60
2573 40.92
1768 40.99
2901 40.41
1494 40.81
2469 40.42
1743 40.77
3787 41.25
1952 40.84
2460 41.56
1878 41.32
3509 41.48
1643 41.29
2472 41.26
1918 41.13
2863 41.84
1554 41.41
2450 40.17
1876 39.44
3185 41.23
1471 40.90
2312 40.21
1977 39.24
2870 41.41
1669 40.46
2609 40.59
1965 40.24
3027 42.05
1922 40.76
2862 41.07
1966 40.76
6391 37.75
1237 42.07
2290 41.09
1585 40.39
3454 40.01
1526 40.72
2539 40.31
1794 40.24
3600 40.50
1745 40.62
2615 40.80
1738 40.09
3017 40.60
1519 40.09
2618 39.90
1711 39.83
3044 40.94
1830 39.71
2739 40.10
3933 40.61
3893 41.12
1534 41.39
2418 41.38
4028 42.02
3189 41.98
1381 43.26
2324 42.05
1777 41.93
3040 42.22
1740 40.92
1964 42.76
1789 41.67
5626 36.96
1279 41.79
2257 40.75
1747 40.33
2888 41.44
1526 40.68
1717 41.85
1656 39.51
2673 40.87
1679 39.94
2536 39.71
1720 39.02
