4609 38.89
3107 39.21
825 40.24
1170 37.27
2900 34.98
2143 34.20
5428 35.65
3544 36.28
1901 36.04
1709 35.12
2407 35.16
1810 35.41
3158 35.55
1879 35.18
2969 35.25
3021 34.52
2715 35.32
1983 34.62
2866 35.13
5128 35.35
3045 36.36
2115 36.42
2256 36.90
2036 35.68
3319 36.36
2355 35.78
2762 35.88
2196 35.65
3231 36.33
2442 35.43
2801 36.30
2390 35.78
6549 36.83
973 36.67
2274 36.24
1935 36.54
3196 37.07
2531 35.01
2679 35.98
2384 34.91
3142 36.44
2256 35.46
3006 35.77
2143 35.33
3330 36.43
2532 35.74
3132 36.07
2358 35.34
3884 36.40
2515 36.04
3115 36.71
2746 35.98
4373 36.66
2136 36.66
2529 37.30
2438 36.28
3653 37.03
2136 36.35
2733 36.65
2331 35.93
5946 39.13
4153 38.95
3439 40.97
2237 39.07
3832 41.44
959 40.49
1859 39.68
2081 38.47
2529 41.00
2366 37.98
2781 38.54
2400 37.71
3085 39.96
2465 38.21
2896 39.01
2197 38.24
3061 39.97
2186 38.56
3068 38.53
1766 38.28
3185 39.45
2225 38.18
3170 38.23
2090 38.30
3277 39.10
2096 37.99
2984 37.83
4474 38.19
3073 39.63
3675 40.15
2537 39.80
2194 39.52
3396 39.56
2329 39.40
2655 39.27
1847 38.77
7673 36.66
943 40.40
2516 38.50
3829 38.87
3030 40.60
1771 39.68
2625 41.04
2148 39.76
4764 41.30
3090 40.57
3617 40.88
1850 40.38
3772 41.64
3279 41.48
3553 41.66
1432 41.51
3929 41.72
1649 40.88
2195 42.54
2075 41.14
3016 42.45
2031 40.45
2525 41.10
1991 40.28
3171 41.91
2710 40.16
2789 41.06
2024 40.59
3133 41.57
2019 40.35
2865 40.44
2068 40.07
7835 38.17
905 42.62
2227 40.54
1640 40.01
3619 40.24
1527 39.63
2658 38.93
2332 38.10
3126 39.63
5591 40.85
2742 41.24
1827 40.42
3164 40.67
1871 39.78
2494 40.34
2142 39.37
5772 40.78
3847 40.39
3490 42.49
2102 40.99
3543 43.38
1432 40.97
4150 45.20
2763 43.81
1980 44.03
1888 41.07
2306 42.18
2009 40.60
2873 42.88
4234 43.95
3220 43.30
1914 42.73
6827 37.42
775 43.61
1865 41.58
1347 41.33
3285 39.27
1357 39.63
2897 38.68
2146 37.79
4111 39.86
2541 39.77
3478 39.90
1801 40.20
4075 39.61
3462 40.35
3662 40.69
3180 40.58
3756 39.91
2400 40.29
2222 40.15
4834 41.49
2698 40.94
1469 40.43
2383 40.86
1933 39.41
3084 40.83
1575 40.02
3280 39.65
2612 39.51
2834 41.05
2043 39.35
2804 39.02
2431 38.42
6579 36.59
1290 40.05
2813 39.54
2043 39.30
3916 38.85
4238 41.28
3289 40.39
2062 39.91
3197 39.21
1631 38.97
2386 39.93
2680 38.71
4027 39.21
2091 39.26
2990 39.15
1858 38.88
3575 39.47
2450 38.58
2867 39.20
1897 38.67
3503 39.13
1796 38.35
2890 37.81
1970 37.61
3486 39.00
1928 38.17
3154 38.15
2564 38.08
6173 40.79
3759 40.39
3456 41.40
1356 40.64
5096 37.61
805 41.50
3100 39.34
2276 39.12
3636 38.99
1729 39.17
2798 39.14
2186 38.43
4660 39.20
2022 39.45
3045 39.59
1981 39.76
4136 39.36
1861 39.69
2776 40.01
2451 39.29
3513 39.86
1794 39.37
2809 38.76
1802 38.88
3593 39.42
1666 39.25
2781 38.47
2332 37.55
3580 38.97
1992 38.55
3285 38.54
2315 38.54
3855 39.74
2060 38.84
3381 39.41
2374 38.86
7597 36.18
1435 40.77
2607 39.44
1916 38.92
4246 38.40
1738 38.85
3044 38.70
2180 38.71
4073 38.98
2085 38.96
2951 39.07
2236 38.44
3572 38.88
1754 38.56
2906 38.97
2075 38.40
3676 39.07
2134 38.42
3284 38.68
4728 39.33
4326 39.53
1807 40.11
2683 40.10
4724 40.49
3631 40.30
1691 41.37
2707 40.61
2121 40.17
3714 40.71
1950 39.73
2312 41.25
2373 39.09
6347 35.75
1403 40.69
2795 39.08
2048 38.90
3479 38.98
1853 38.63
2314 39.01
1646 37.99
3289 38.56
1858 38.15
2927 37.10
2104 36.37
