5211 37.65
3593 37.88
850 38.48
1552 35.91
3314 33.53
2473 33.24
6137 34.58
4091 35.21
2213 35.21
2049 34.30
2548 34.81
2505 33.86
3962 34.39
2004 34.34
3522 34.37
3455 33.52
3249 34.37
1901 34.49
3220 33.73
5732 34.35
3498 35.34
2485 35.40
2574 35.10
2263 35.14
3832 34.97
2577 34.53
3126 34.75
2472 34.04
3672 35.19
2935 34.03
3246 35.02
2677 34.28
7545 35.54
1084 35.90
2611 35.41
2380 35.67
3791 36.24
2872 34.32
3405 34.94
2231 34.87
3839 35.41
2677 34.23
3379 34.27
2467 34.47
3847 35.52
2904 34.69
3388 35.11
2930 34.33
4681 35.15
2516 35.33
3651 35.88
3191 35.18
4857 36.03
2445 35.39
3075 36.25
2823 35.24
4290 36.02
2326 35.51
3231 35.41
2650 35.23
6656 38.10
4594 38.05
4072 39.36
2598 37.62
4566 39.70
1012 39.50
2087 38.74
2469 37.31
2724 40.07
3142 36.53
2938 37.98
2681 37.15
3549 38.65
2786 37.42
3350 37.42
2285 37.48
3459 38.96
2849 37.15
3647 36.86
2213 37.30
3840 37.94
2307 37.11
3441 36.92
2356 36.93
3698 38.06
2618 36.67
3308 36.89
4746 37.62
3429 38.42
4340 39.04
2774 38.49
2429 38.44
3893 38.56
2641 38.17
3050 37.64
2153 37.60
9112 34.99
976 39.87
3047 37.29
4460 37.75
3572 39.40
2096 38.60
3134 39.89
2386 38.72
5331 40.30
3560 39.81
4047 40.17
1967 39.34
4108 40.99
3570 40.95
3651 41.08
1936 39.66
4069 41.13
2003 39.63
2487 41.29
2641 39.76
3255 41.85
2399 39.77
3069 40.05
2248 39.18
3506 41.14
3290 39.31
3194 40.03
2273 39.12
3547 40.66
2273 39.36
3489 38.91
1958 39.44
8818 37.23
997 41.72
2541 39.59
1852 38.99
3921 38.89
1750 38.70
3284 37.24
2584 36.90
3701 38.42
6208 39.73
3104 40.04
2264 39.32
3535 39.38
2092 38.67
2861 39.04
2409 38.29
6557 39.64
4433 39.09
3908 41.77
2403 39.72
4082 42.07
1588 40.28
4772 43.89
3239 42.52
2123 42.54
2018 40.08
2487 40.99
2413 39.34
3583 41.08
5004 42.34
3592 41.88
2265 41.00
7839 36.16
808 42.44
2070 40.23
1730 39.51
3586 38.57
1565 38.36
3299 37.65
2482 36.77
4381 38.97
3089 38.69
3939 38.79
2251 38.60
4306 39.03
3970 39.15
4251 39.66
3715 39.35
4172 39.12
2852 39.11
2278 39.30
5708 39.97
2924 39.81
1645 39.32
2570 39.71
2213 38.26
3361 39.52
1866 38.29
3787 38.57
3033 38.20
3196 39.75
2486 37.41
3252 37.69
2673 37.43
7501 35.30
1524 38.79
3330 38.09
2460 38.16
4600 37.72
4873 40.12
3774 39.28
2406 38.64
3511 37.99
1803 37.89
2862 38.11
3073 37.57
4206 38.37
2501 37.95
3079 38.54
2344 37.77
3752 38.61
2745 37.43
3286 37.94
2073 37.45
3729 38.01
2133 37.23
3273 36.47
2426 35.85
3865 37.74
2192 36.86
3568 36.83
2883 37.10
6945 39.59
4271 39.13
3964 40.15
1514 39.23
6052 35.96
834 40.67
3727 37.94
2668 37.59
4146 37.50
1889 37.88
3244 37.73
2557 37.50
5401 37.90
2470 38.18
3441 38.50
2378 38.33
4639 38.10
2288 38.44
3154 38.18
2818 37.92
3907 38.64
1997 38.67
3198 37.82
1970 37.69
3860 38.44
2171 37.61
3296 37.50
2596 36.65
4099 38.09
2269 37.79
3855 37.49
2739 37.26
4320 38.23
2268 37.54
3850 37.94
2912 37.66
8521 35.08
1742 39.10
3018 38.20
2156 37.64
4758 37.62
1925 38.07
3363 37.57
2469 37.92
4630 38.20
2384 37.89
3563 37.34
2331 37.38
3848 38.36
2265 37.21
3831 37.01
2255 37.35
3925 38.58
2542 36.98
3431 37.93
5083 38.56
4762 38.79
2160 38.82
3089 39.14
5019 39.82
4067 39.35
2154 39.31
3044 39.46
2548 38.26
3955 39.26
2246 38.37
2844 38.83
2403 38.73
7465 34.22
1739 38.56
3061 38.07
2323 37.74
4182 37.81
2169 37.49
2645 38.03
1986 36.59
3687 37.93
2267 37.04
3225 36.50
2371 35.65
