5498 37.06
3847 37.45
984 38.12
1650 35.68
3409 33.61
2773 32.60
5764 35.00
4081 35.28
2400 34.33
2220 34.05
3442 33.61
2412 33.62
4094 33.93
2128 33.71
3597 34.09
3677 33.33
3619 33.75
1955 33.61
3438 32.99
6002 33.90
3645 34.21
2777 34.76
2998 34.71
2261 34.43
4281 34.46
2524 33.79
3387 33.70
2705 33.41
3886 34.65
2968 33.64
3477 34.28
2950 33.66
8074 34.93
1207 35.30
2619 35.25
2529 34.39
4056 35.08
3105 33.68
3514 34.45
2538 34.18
4238 34.79
2628 33.57
3667 33.67
2719 34.06
4320 34.84
2935 34.24
3485 34.80
3270 33.56
4715 34.76
3274 34.56
3953 35.51
3349 34.69
5258 35.44
2603 35.44
3144 35.98
3104 34.81
4474 35.70
2440 35.16
3105 35.67
2879 34.83
6973 37.72
4975 37.64
4482 38.74
2593 37.20
4861 39.13
1002 39.13
2204 38.57
2711 36.84
3092 38.62
3046 36.21
3320 37.18
2764 36.35
3703 38.22
2974 36.83
3585 37.03
2536 36.83
4052 38.24
2568 36.88
3578 36.43
2402 36.42
4012 37.34
2604 36.61
3766 36.21
2413 36.41
4038 37.25
2597 36.18
3501 36.04
5522 36.60
4010 37.44
4887 38.04
2962 38.02
2679 37.57
4484 37.18
2836 37.46
2920 37.87
2416 37.29
8714 35.50
1168 39.23
3418 36.87
4725 37.48
3823 38.76
2066 38.18
3246 39.40
2563 38.19
5671 39.77
3723 39.29
4341 39.42
2144 38.63
4472 40.11
3937 39.91
4043 40.18
1570 39.60
4540 40.10
2071 38.88
2672 40.36
2809 39.05
3724 40.69
2502 38.57
2867 39.79
2614 38.25
3669 39.97
3638 38.55
3136 39.29
2596 38.11
3777 39.78
2486 38.63
3616 38.36
2281 38.42
9309 36.70
1056 40.74
2795 38.81
2077 38.19
4593 38.01
1791 38.31
3119 37.39
2912 36.25
3902 37.66
7066 38.75
3326 39.39
2321 38.78
4057 38.35
2148 38.29
3402 37.99
2452 37.80
7341 38.74
4631 38.67
3948 41.21
2271 40.06
4306 41.58
1650 39.19
5095 43.15
3300 42.00
2291 42.46
2064 39.42
2847 39.56
2377 38.72
3761 40.36
5448 41.72
3962 41.42
2420 40.58
8237 35.57
817 42.30
2242 39.29
1733 39.47
3790 38.19
1560 38.31
3549 37.09
2640 36.27
4794 38.46
3280 38.19
4154 38.11
2281 38.24
4710 38.41
4279 38.59
4440 39.22
3894 38.74
4420 38.58
3037 38.46
2628 38.31
5974 39.48
3263 39.02
1703 39.04
2658 39.01
2318 37.46
3524 39.03
1906 38.01
4112 37.84
3198 37.80
3327 39.34
2739 36.93
3403 37.38
2892 36.57
7924 34.82
1527 38.10
3420 37.52
2516 37.55
4894 37.14
5186 39.55
3955 38.51
2753 38.07
3696 37.52
1933 37.38
3188 37.23
3164 36.95
4535 37.70
2635 37.37
3793 37.18
2269 37.33
3944 38.11
2857 37.01
3586 37.15
2179 37.02
4025 37.54
2226 36.75
3596 35.96
2416 35.72
3933 37.54
2461 36.09
4078 36.03
3025 36.51
7209 39.25
4562 38.69
4125 39.54
1777 38.38
6477 35.42
922 39.59
3956 37.45
2807 37.21
4366 37.15
1993 37.27
3569 37.11
2668 37.16
5618 37.39
2516 37.79
3734 37.67
2454 37.72
5086 37.46
2197 38.08
3560 37.34
3045 37.48
4184 38.24
2222 37.70
3161 37.62
2195 37.14
4466 37.56
2196 37.25
3429 36.89
2834 36.17
4216 37.55
2509 37.14
4093 37.00
2908 36.74
4426 38.20
2491 37.57
4049 37.93
3187 37.06
8789 34.84
1895 38.51
3177 37.62
2266 37.57
4907 36.59
2145 37.35
3903 36.88
2646 37.22
5137 37.40
2451 37.36
3823 37.14
2263 36.81
4283 37.29
2373 36.66
3667 37.15
2597 36.72
4415 37.61
2549 36.90
3910 36.90
5781 37.51
5280 37.89
2165 38.27
3456 38.32
5567 38.86
4291 38.70
1921 39.48
3173 38.94
2501 38.38
4196 38.79
2316 37.98
2969 38.30
2977 37.03
7905 33.72
1861 37.96
3331 37.54
2494 37.09
4333 37.20
2304 36.76
2873 37.25
2140 36.07
3912 36.74
2265 36.20
3547 35.39
2535 34.78
