5788 36.65
4148 37.05
981 37.71
1668 34.67
3757 33.07
2823 32.29
6393 34.14
4695 34.26
2658 34.16
2494 33.33
2954 34.02
2504 33.83
4447 33.35
2193 33.65
3973 33.50
3764 32.75
3762 33.26
2106 33.02
3711 32.66
6499 33.49
3942 33.99
2912 34.39
3020 34.10
2444 33.83
4185 34.32
2870 33.44
3670 33.68
2777 33.10
3999 34.51
2996 33.50
3696 33.62
3039 33.80
8665 34.43
1331 35.20
2876 34.70
2599 34.28
4360 34.78
3353 32.91
3705 34.35
2678 33.71
4283 34.84
2988 33.42
3925 33.59
2952 33.38
4410 34.43
3198 33.60
3879 34.19
3329 33.20
5091 34.48
3309 34.14
4145 34.96
3603 34.40
5528 35.09
2688 35.00
3610 35.22
2908 34.69
4601 35.27
2800 34.47
3549 34.70
3099 34.55
7639 36.97
5437 36.77
4333 38.82
2781 37.20
5065 38.68
1157 38.71
2514 37.48
2717 36.23
3152 38.60
3218 35.78
3472 36.97
2961 36.15
3931 37.79
3117 36.31
3816 36.80
2639 36.43
4050 37.63
3068 36.21
4079 36.09
2490 36.09
4262 37.15
2648 36.26
4048 35.82
2623 36.05
4213 37.15
2928 35.96
3817 35.56
5660 36.30
3890 37.55
4804 38.08
3114 37.60
2821 37.15
4416 37.22
3143 37.10
3459 37.05
2441 36.98
9989 34.31
1137 38.28
3464 36.31
4945 37.02
4468 37.56
2131 37.64
4137 37.82
2658 37.30
6105 39.05
3967 38.86
4256 39.55
2135 38.46
4644 39.63
4317 39.37
4119 40.36
1726 39.80
4829 39.58
2218 38.65
2822 40.02
2496 39.08
3981 40.26
2716 38.66
3216 39.11
2508 37.99
3798 39.51
3649 38.18
3699 38.52
2523 37.88
3992 39.08
2823 38.26
3926 37.88
2277 38.14
9859 36.23
1235 40.28
2909 38.46
2221 37.97
4967 37.29
1834 37.96
3335 36.98
2901 36.21
4589 36.93
7379 38.22
3579 38.97
2535 38.16
4330 37.82
2282 37.92
3673 37.55
2516 37.49
7507 38.45
4950 38.19
4030 41.52
2544 39.49
4527 40.84
1682 38.85
5472 42.42
3652 41.24
2350 41.75
2443 38.77
2905 39.72
2742 38.18
3442 40.89
5525 41.69
4069 41.08
2431 39.88
8867 34.92
909 41.11
2370 38.73
1821 38.34
4248 37.52
1719 37.31
3708 36.49
2920 35.79
5147 38.05
3509 37.58
4172 38.29
2615 37.68
4724 38.12
4526 38.23
4642 38.80
4146 38.21
4549 38.20
3221 37.99
2689 37.92
5919 39.37
3426 38.27
1712 38.45
2778 38.43
2561 36.90
4145 37.67
1796 37.45
4144 37.47
3576 37.12
3926 37.71
2301 37.09
3611 36.36
3167 35.95
8390 34.21
1817 37.29
3675 37.09
2818 37.09
5109 36.45
5629 38.96
4178 38.02
2878 37.64
4011 36.95
2096 37.19
3197 37.03
3467 36.57
4900 36.72
2774 36.92
3553 37.11
2666 36.79
4471 37.09
3105 36.21
3772 36.54
2303 36.52
4437 36.69
2179 36.40
3529 35.36
2831 34.90
4274 36.59
2498 36.06
3983 35.72
3452 35.83
7808 38.54
4823 38.02
4399 38.93
1810 38.04
6723 34.97
1010 39.18
4277 36.77
3025 36.66
4593 36.81
2236 36.95
3600 36.97
2988 36.50
5487 37.45
2875 37.15
3857 37.68
2627 37.58
5023 37.50
2451 37.34
3741 37.13
3296 36.94
4161 38.14
2355 37.52
3365 36.98
2592 36.15
4718 37.26
2396 36.95
3789 36.34
2807 35.73
4487 36.89
2474 36.94
4363 36.23
3071 36.21
4541 37.87
2687 36.90
4204 37.33
3295 36.62
9624 34.04
1998 38.00
3349 37.05
2455 37.02
5191 36.26
2440 37.01
3975 36.40
2753 36.40
5477 36.75
2644 36.86
3882 36.64
2650 36.23
4487 36.89
2448 36.25
3810 36.75
2754 36.05
4498 37.17
2750 36.15
4133 36.35
6082 37.03
5583 37.44
2414 37.60
3576 37.71
6035 38.06
4481 38.25
2093 39.10
3400 38.40
2790 37.62
4563 38.11
2414 37.20
3093 37.95
3091 36.84
8240 33.23
1854 37.86
3453 37.02
2688 36.67
4508 36.65
2436 36.39
3049 36.75
2289 35.67
4179 36.09
2508 35.48
3730 34.99
2736 34.60
