9371 23.66
4573 21.71
8572 19.91
11178 20.93
7753 21.75
7566 19.99
8334 20.53
9186 20.13
9053 20.84
8747 19.93
9834 20.53
8090 19.78
10559 21.34
7371 20.47
9575 20.85
8466 20.56
12059 22.99
6217 22.35
8141 22.55
6141 22.67
8978 22.68
7886 21.44
8352 22.70
8197 21.60
10755 22.35
8316 22.09
10363 22.35
7916 21.78
9974 23.42
7599 22.03
12258 24.45
10190 24.23
9695 25.13
5635 24.48
7993 24.48
6846 24.31
8978 25.14
7548 23.33
7528 24.88
5932 24.79
9075 25.04
7892 23.35
8289 24.54
7727 22.83
9970 23.96
7498 23.41
9564 23.80
8323 23.06
12740 24.22
7100 24.68
9431 24.91
8230 24.46
10773 27.27
8217 26.58
8783 26.90
8999 26.04
9491 26.95
7294 25.86
7857 27.27
4999 27.23
9210 26.85
7309 25.17
7248 26.86
5896 26.71
12822 25.94
6047 25.97
8475 25.88
5753 25.76
9347 25.70
8030 25.19
8516 25.04
6421 26.00
11939 26.69
9603 26.20
9166 26.89
9985 28.98
9713 26.20
5604 25.68
8352 25.57
9222 25.74
12620 23.90
6462 24.83
9075 24.30
5110 26.11
8915 26.00
8611 25.02
8631 25.46
9104 25.34
9299 25.03
6074 24.20
8148 23.73
6113 24.03
8819 24.03
8419 23.54
8161 23.58
6733 23.99
12897 22.71
8153 23.84
9666 24.10
8229 24.55
10509 23.60
6929 23.22
8077 24.82
8175 23.66
9811 24.76
7953 23.09
8314 24.17
5436 24.38
9115 24.16
8260 22.77
12378 26.47
8983 25.23
11076 23.09
8136 24.46
9155 23.69
7504 23.50
10081 25.53
7992 24.36
8560 25.57
7822 23.98
9439 25.82
7221 23.95
7833 25.35
5282 25.76
9038 25.35
8140 24.27
8837 24.71
8509 24.49
13251 23.41
7252 24.45
8949 24.24
7713 23.68
9745 25.44
7842 23.66
7681 24.87
7749 23.71
9569 25.21
7917 23.88
9584 24.93
8011 23.93
10202 25.25
7597 24.44
9139 24.49
5605 25.43
13194 21.20
7077 23.13
7900 23.65
6528 23.19
10478 22.62
7606 21.77
