10512 22.56
5524 20.38
9755 19.01
12455 20.11
8881 20.60
8519 19.10
9324 19.65
10429 19.19
10185 19.85
9920 19.02
11390 19.48
9162 19.02
11604 20.54
8588 19.56
10390 20.27
9422 19.74
13701 21.79
7047 21.58
9436 21.30
6965 21.88
10600 21.47
8954 20.49
9278 21.82
9303 20.74
12399 21.19
9405 21.09
11567 21.39
9169 20.82
11100 22.48
8566 21.06
13604 23.58
11669 23.14
11015 23.94
6595 23.23
9319 23.32
7596 23.42
10524 23.99
8445 22.40
8558 23.95
6709 23.83
10458 23.94
8879 22.49
9461 23.55
8702 22.05
11289 23.00
8679 22.36
10838 22.91
9379 22.23
14637 22.96
8017 23.73
10572 23.98
9066 23.71
12496 25.87
9537 25.46
10199 25.80
10209 25.01
11092 25.73
8438 24.81
8745 26.34
5731 26.36
10762 25.67
8187 24.31
8179 25.95
6653 25.76
14466 24.85
7253 24.84
9553 24.98
6557 24.86
10417 24.89
9036 24.27
9709 24.11
7351 25.04
13276 25.81
10590 25.28
10845 25.40
11738 27.49
11098 25.16
6228 24.75
9429 24.66
10404 24.72
14636 22.49
7495 23.79
10296 23.12
6004 24.99
10206 25.10
9728 24.11
9639 24.61
10258 24.35
10424 24.08
6902 23.21
9250 22.70
6955 23.05
9936 23.02
9690 22.48
9521 22.56
7322 23.25
14676 21.58
9328 22.84
11183 22.88
9343 23.51
11448 22.93
7853 22.27
9039 23.86
9264 22.64
11108 23.71
8938 22.15
9375 23.21
6268 23.39
10257 23.11
9334 21.76
13806 25.48
10054 24.23
12765 21.76
9198 23.38
10433 22.65
8569 22.54
11332 24.43
8965 23.38
9760 24.56
8892 23.07
10735 24.84
8410 22.87
8932 24.48
5943 24.94
9970 24.49
9127 23.32
10074 23.71
9783 23.41
15277 22.08
8308 23.41
9922 23.61
8593 22.92
10586 24.48
8925 22.78
8714 23.79
9032 22.71
10539 24.34
9044 22.87
10515 24.09
9069 23.10
11509 24.16
8618 23.40
10312 23.47
6367 24.16
14727 20.22
8256 22.06
9176 22.71
7295 22.41
11758 21.56
8592 20.84
