12465 20.90
7009 18.84
11882 17.50
14575 18.66
10527 19.34
10421 17.78
11180 18.37
12305 17.94
12256 18.56
11797 17.76
13261 18.23
11057 17.54
13750 19.22
10461 18.24
13013 18.67
11480 18.35
16084 20.26
9320 19.77
11414 20.02
7978 20.69
12291 20.28
10808 19.21
10988 20.53
10891 19.44
14151 20.14
11373 19.80
13773 19.96
11189 19.45
13039 21.22
10652 19.61
16135 21.91
13721 21.75
13425 22.08
8331 21.66
11536 21.74
8847 22.14
12861 22.35
10137 20.95
10166 22.56
8206 22.36
12515 22.36
10641 20.93
11241 22.12
10669 20.56
13657 21.46
10191 21.14
13039 21.39
11148 20.83
17422 21.36
9605 22.38
12689 22.44
10889 22.24
14696 24.39
11427 24.06
12210 24.39
12566 23.49
13053 24.37
9939 23.48
10539 24.89
7156 24.90
12740 24.41
9811 22.91
11612 23.27
7540 24.60
17201 23.14
8819 23.41
11926 23.38
7797 23.58
12630 23.31
10814 22.92
11472 22.78
8725 23.76
15448 24.38
12523 23.84
12718 23.95
13885 25.90
13180 23.68
8074 22.99
11194 23.24
12635 23.11
17468 20.83
9102 22.27
12899 21.47
10300 21.45
14656 21.88
12666 21.90
12155 22.60
12194 22.82
13734 21.75
8352 21.68
11209 21.01
8579 21.58
12273 21.31
11293 21.13
11225 21.28
9032 21.73
17572 19.93
11334 21.33
12833 21.70
10850 22.33
13967 21.21
9579 20.94
10776 22.60
11063 21.30
12835 22.45
11007 20.69
10997 21.82
7682 21.96
11946 21.83
10889 20.45
16074 24.08
11315 23.18
16352 19.58
11052 21.90
12658 21.16
10219 21.11
13258 22.95
10856 21.91
11662 22.95
10626 21.56
12835 23.39
9935 21.50
10762 23.03
10188 21.48
11604 23.18
10838 21.99
11726 22.43
11199 22.22
18219 20.43
10287 21.84
11992 22.05
10178 21.63
12574 23.09
10672 21.30
10480 22.40
10686 21.39
12338 22.88
10696 21.64
12473 22.62
10949 21.64
13731 22.69
10467 21.98
12138 22.04
7680 22.71
17958 18.38
10040 20.60
12304 20.12
8608 20.93
14108 20.00
10238 19.58
