14534 19.59
8549 17.59
13806 16.31
17000 17.27
12436 18.07
11961 16.69
13096 17.18
14520 16.71
14216 17.35
13821 16.54
15611 16.89
13621 16.18
15557 18.14
12149 17.22
14275 17.88
13253 17.34
18502 18.93
11120 18.45
13554 18.61
9396 19.46
14496 19.04
12446 18.02
12732 19.35
12701 18.29
16225 18.91
13397 18.50
15369 19.01
12633 18.41
14933 19.97
12160 18.51
18541 20.67
15856 20.37
15953 20.55
10065 20.42
13049 20.60
10637 20.85
14761 21.08
11845 19.69
11825 21.29
9815 21.18
14512 21.18
12217 19.87
13034 20.86
12346 19.44
15054 20.55
12163 19.88
14937 20.38
12831 19.78
20665 19.61
12747 20.37
14433 21.37
11693 21.57
17797 22.68
13552 22.57
14513 22.95
14227 22.24
14984 23.05
11845 22.14
12299 23.61
8485 23.66
14997 22.91
11538 21.65
13642 21.83
9000 23.30
20567 21.34
10605 22.07
14084 21.93
9240 22.30
15982 21.51
12673 21.46
13745 21.24
10302 22.50
18215 22.73
15243 22.09
15006 22.51
15049 25.13
15226 22.32
9735 21.70
12894 22.13
14575 21.86
20308 19.32
10992 20.93
14849 20.31
12224 20.16
17959 20.14
14661 20.62
15473 20.58
14501 21.29
15007 20.94
9886 20.46
12915 20.13
9822 20.52
13480 20.50
13314 19.72
13004 20.03
10681 20.45
20504 18.42
13125 20.11
15129 20.41
12505 21.12
15982 20.18
11225 19.84
12352 21.43
12993 20.10
14577 21.33
12726 19.50
12848 20.60
9211 20.71
13772 20.75
12721 19.29
18137 22.83
13224 21.82
19416 17.95
12929 20.67
14480 19.97
11988 19.89
15351 21.66
12373 20.80
13545 21.71
12443 20.33
14502 22.23
11709 20.34
12322 21.88
11846 20.23
13509 21.95
12513 20.73
13546 21.10
13263 20.87
21318 18.76
11862 20.54
13755 20.96
11608 20.57
14592 21.80
12536 20.11
12022 21.21
12425 20.20
14199 21.64
12700 20.25
14618 21.33
12616 20.43
15638 21.44
12373 20.69
14607 20.60
9076 21.55
20214 17.20
11808 19.42
14401 18.86
10141 19.79
16483 18.78
12368 18.30
