15143 19.19
9312 17.13
14674 15.87
17842 16.90
12904 17.72
12719 16.27
13554 16.87
15280 16.31
14964 16.89
15055 15.93
16521 16.41
13965 15.97
16372 17.68
12995 16.68
14999 17.44
13974 16.94
19563 18.34
11663 18.16
14391 18.16
9979 19.07
15137 18.57
13198 17.66
13478 18.93
13205 18.02
17000 18.45
14132 18.11
16422 18.53
13288 18.07
15518 19.60
12812 18.11
18651 20.61
15841 20.43
18819 18.96
11727 19.22
14869 19.68
10844 20.54
16086 20.32
12502 19.21
12457 20.88
10486 20.70
15499 20.66
12904 19.37
13741 20.41
12960 18.95
16147 20.03
12498 19.50
15529 19.98
13754 19.29
21967 19.06
13603 19.88
15415 20.90
12216 21.19
19187 21.91
14851 21.79
15625 22.22
14850 21.80
16363 22.40
12034 21.85
13031 23.13
9111 23.16
15609 22.55
12051 21.22
14010 21.59
9578 22.78
21265 21.02
11231 21.66
14960 21.49
9737 21.96
16034 21.46
13453 21.08
14170 20.96
11019 22.02
18779 22.43
15997 21.71
15836 21.97
16397 24.38
16105 21.84
10134 21.35
13530 21.63
15199 21.45
21876 18.52
11745 20.43
15527 19.90
12927 19.72
18716 19.65
15487 20.12
16714 19.94
15273 20.79
15857 20.46
10648 20.01
13660 19.67
10425 20.11
14748 19.79
13931 19.31
13810 19.68
11188 20.14
21785 17.81
13914 19.73
16143 19.82
13891 20.39
16923 19.57
11713 19.51
13056 20.99
13561 19.64
15565 20.79
13461 19.12
13578 20.15
9691 20.36
14434 20.26
13638 18.88
19088 22.35
14131 21.31
20778 17.24
13792 20.13
15547 19.44
12542 19.48
15978 21.42
12824 20.53
14135 21.29
13022 19.97
15207 21.75
12318 19.89
13035 21.37
9258 21.76
13963 21.52
13336 20.32
14351 20.78
14128 20.40
22404 18.27
12887 20.00
15735 19.67
13105 19.70
16659 20.59
12436 19.91
12933 20.64
13277 19.65
15277 21.03
13149 19.94
15520 20.90
13438 19.93
16707 20.88
13081 20.24
15291 20.12
9665 21.07
21525 16.60
12659 18.91
15272 18.46
13018 18.10
17216 18.37
12741 18.07
