16588 18.29
10797 16.23
16109 15.11
19309 16.19
14405 16.90
14131 15.57
15007 16.13
16880 15.52
16757 16.05
16543 15.28
17825 15.78
15564 15.17
17725 16.94
14345 15.93
16599 16.61
15538 16.10
21404 17.37
13121 17.28
15762 17.38
11197 18.23
16526 17.84
14565 16.84
14987 18.12
14680 17.15
18652 17.70
15675 17.28
17940 17.71
14916 17.12
17276 18.73
14061 17.44
21011 19.44
18301 19.17
19816 18.47
12533 18.80
16375 18.87
12147 19.68
17697 19.45
13943 18.43
13812 20.05
11540 19.94
16891 19.86
14301 18.56
15276 19.63
14204 18.28
17624 19.24
14265 18.61
16896 19.13
15195 18.54
24046 18.09
15145 19.03
17003 20.02
13530 20.38
20930 21.01
16456 20.91
16599 21.68
16246 21.10
18313 21.33
13727 20.78
14455 22.28
10162 22.33
17759 21.37
13375 20.32
15934 20.66
10755 22.02
23951 19.75
13298 20.40
16297 20.75
10962 21.13
17955 20.30
15250 20.06
16221 19.98
12187 21.18
20581 21.53
17500 20.83
17770 20.85
18152 23.38
17558 20.97
11635 20.34
15002 20.75
16999 20.51
24228 17.47
13175 19.54
17163 19.08
14398 18.82
20479 18.81
17125 19.23
18444 19.09
16932 19.90
17569 19.54
11959 19.09
14944 18.86
11727 19.23
16106 18.95
15584 18.44
15204 18.78
12428 19.31
24049 16.77
15380 18.86
17408 19.13
14616 19.79
19328 18.41
13751 18.28
14573 20.13
14856 18.96
16761 20.00
15036 18.25
14911 19.33
10879 19.50
15718 19.54
14999 18.18
21064 21.32
15900 20.19
22640 16.41
15416 19.22
17001 18.56
14076 18.54
18743 19.80
13878 19.77
15557 20.37
14555 19.07
16816 20.81
13751 18.98
14661 20.52
14181 18.79
15424 20.68
14677 19.48
15941 19.85
15357 19.62
24779 17.16
14137 19.11
17278 19.06
14403 18.96
18745 19.48
13788 19.17
14708 19.63
14598 18.80
17404 19.92
14500 19.09
16897 20.01
14847 19.09
18594 19.81
14645 19.31
17074 19.18
11050 20.15
23630 15.70
14215 18.07
16804 17.60
14449 17.27
18742 17.49
14486 17.18
