17877 17.59
12277 15.42
17393 14.55
20177 15.70
15598 16.34
15292 14.98
15945 15.65
17988 15.03
17707 15.60
17239 14.90
19324 15.15
16741 14.65
19081 16.36
15381 15.44
17963 15.97
16661 15.58
22572 16.85
14315 16.73
16690 17.00
12259 17.70
17312 17.45
15894 16.18
15801 17.62
15999 16.56
19795 17.10
16121 17.01
18974 17.22
16181 16.58
18321 18.18
15312 16.77
22310 18.82
19489 18.58
21335 17.69
13753 18.18
17246 18.36
13284 19.07
18825 18.92
15181 17.75
17527 18.15
12012 19.41
17976 19.22
15497 17.92
16297 18.95
15581 17.59
18704 18.59
15614 17.91
18397 18.54
16397 17.90
25981 17.30
16528 18.40
17727 19.77
14339 19.93
22243 20.47
17621 20.33
17648 21.11
17491 20.36
19593 20.66
14943 20.12
15689 21.64
10902 21.79
18889 20.79
14489 19.73
16999 20.06
11684 21.41
25699 18.97
14564 19.74
18686 19.58
14351 19.30
19949 19.51
15804 19.67
17792 19.13
13049 20.72
22860 20.53
18758 20.21
18807 20.43
18617 22.99
18869 20.35
12738 19.66
16478 19.94
18408 19.77
26014 16.70
14324 18.93
18288 18.55
15733 18.21
21899 18.23
18392 18.65
19658 18.48
18085 19.35
18669 18.97
12823 18.48
15989 18.24
12785 18.61
17178 18.46
16349 17.91
16458 18.21
13499 18.73
25834 16.02
16879 18.19
18422 18.58
15724 19.28
20485 17.93
15015 17.77
19064 17.78
17517 17.57
18125 19.49
15980 17.81
16070 18.81
11569 19.08
17021 18.99
16043 17.60
22376 20.64
16983 19.59
24796 15.42
16403 18.69
17728 18.54
14134 18.53
18700 19.81
15578 18.92
16935 19.85
15232 18.64
17957 20.34
14733 18.49
15391 20.01
15020 18.35
16342 20.09
15778 18.86
17048 19.25
16267 19.10
26555 16.39
15280 18.53
17915 18.72
14914 18.67
20721 18.60
15297 18.33
15759 18.92
15806 18.19
18622 19.27
15754 18.36
18223 19.25
16029 18.48
19946 19.16
15577 18.71
18313 18.58
11975 19.54
24784 15.20
15366 17.47
18047 16.95
12944 18.04
20303 16.90
15777 16.55
