18179 17.46
11994 15.49
17392 14.53
20833 15.46
15933 16.15
15554 14.87
16605 15.37
18656 14.69
18110 15.43
17805 14.62
19822 14.88
16938 14.45
19419 16.16
15986 15.13
18325 15.76
17163 15.33
23131 16.61
14712 16.49
17159 16.74
12545 17.49
17675 17.34
16156 16.10
16142 17.46
16150 16.48
20233 16.92
16449 16.84
19485 16.97
16774 16.25
18621 18.01
15998 16.51
22560 18.68
20178 18.33
22399 17.21
14897 17.58
19015 17.50
16248 17.44
19038 18.84
15273 17.65
17839 17.99
12446 19.23
18359 19.05
15668 17.82
16738 18.74
15770 17.54
19030 18.41
15987 17.74
18790 18.31
16807 17.68
26460 17.09
16901 18.21
18565 19.29
14892 19.65
22718 20.19
18007 20.20
18175 20.89
17717 20.25
19915 20.51
15277 19.91
15852 21.45
11167 21.53
19205 20.56
14949 19.47
17420 19.79
11940 21.22
26150 18.78
15009 19.50
19025 19.39
14709 19.10
20081 19.22
16547 19.30
18177 18.88
13406 20.43
23168 20.32
19281 19.96
19270 20.16
19818 22.44
19283 20.09
12792 19.63
16922 19.77
18795 19.56
26598 16.49
14747 18.72
18783 18.31
16061 17.99
22582 18.01
18864 18.43
19947 18.42
18498 19.16
19223 18.76
13146 18.34
16092 18.14
13261 18.39
17636 18.18
17120 17.60
16725 18.02
13825 18.51
26377 15.79
17159 18.05
19048 18.33
16048 19.08
20296 18.03
14806 17.88
18836 17.85
17648 17.55
18271 19.35
16050 17.72
16403 18.56
12050 18.76
17254 18.85
16335 17.40
22858 20.46
17377 19.42
25266 15.25
16996 18.45
18629 17.76
15497 17.82
20163 19.01
15304 18.97
17212 19.59
16070 18.24
18373 20.06
15279 18.14
15855 19.85
15530 18.10
16816 19.95
16160 18.70
17319 19.07
16848 18.83
27158 16.15
15718 18.32
19291 17.91
15702 18.24
20518 18.67
15113 18.42
16041 18.87
16110 18.05
18955 19.15
16151 18.15
18716 19.16
16146 18.35
20065 19.07
15942 18.48
18921 18.38
12236 19.37
25445 14.93
15689 17.32
18624 16.78
16197 16.45
20039 16.88
16195 16.37
