19285 16.80
12952 14.95
18630 13.96
21736 15.00
17154 15.53
16678 14.28
17945 14.73
20219 14.12
19202 14.87
18840 14.18
20854 14.46
18293 13.95
20352 15.66
16874 14.71
19300 15.33
18326 14.80
24407 16.04
15829 15.92
18258 16.17
13364 17.05
18923 16.71
16781 15.76
17141 16.93
17127 15.94
21455 16.36
17607 16.32
20623 16.47
13174 17.87
20041 17.22
16612 16.14
24275 17.96
21097 17.79
23349 16.79
15277 17.42
18752 17.59
14458 18.37
20354 18.19
16493 17.09
18974 17.37
13457 18.63
19606 18.50
16813 17.29
17839 18.25
16903 16.98
20264 17.82
17033 17.23
20038 17.77
17896 17.14
28593 16.20
18123 17.65
19984 18.64
16052 19.05
24034 19.64
19142 19.60
19182 20.44
18477 19.90
21207 19.93
16434 19.35
17031 20.93
12073 21.04
20367 20.13
15946 18.93
18313 19.39
12936 20.70
28386 17.80
15914 18.99
21273 18.36
16190 18.24
21839 18.63
17542 18.78
19505 18.28
14481 19.89
24571 19.73
20291 19.41
20671 19.61
20913 21.86
20519 19.57
14030 18.90
17982 19.28
20006 18.93
28589 15.71
16022 18.11
19450 18.11
16575 17.75
23475 17.48
19901 17.90
19154 18.58
19244 18.84
21316 17.74
14603 17.62
18404 17.09
13940 17.95
19274 17.42
18372 17.00
18368 17.31
14962 17.97
27927 15.21
18516 17.45
20092 17.85
17146 18.47
22264 17.07
16395 16.99
20896 17.01
19045 16.82
19510 18.71
17495 17.01
17439 18.04
12939 18.23
18303 18.20
17406 16.86
24056 19.87
18899 18.54
26588 14.74
18082 17.87
19468 17.43
16281 17.40
20337 19.07
16947 18.19
18181 19.04
16912 17.78
19616 19.53
16321 17.62
17366 18.99
16135 17.71
17876 19.38
17031 18.11
18545 18.51
17736 18.31
28911 15.42
17044 17.68
19172 17.99
16490 17.88
22600 17.69
16856 17.62
17233 18.25
17066 17.58
20239 18.51
16654 17.87
19790 18.53
17305 17.76
21569 18.42
17109 17.94
20072 17.81
13184 18.74
26787 14.36
17061 16.69
20771 16.25
17013 16.10
21273 16.43
17231 15.86
