20190 16.38
14143 14.45
19830 13.48
23224 14.38
18133 15.11
18221 13.64
18315 14.57
20966 13.78
20265 14.40
20135 13.64
22007 13.96
19308 13.41
21786 15.17
18448 14.09
20535 14.85
19470 14.33
25759 15.44
17814 15.08
18915 15.87
14510 16.46
19639 16.36
17906 15.25
18232 16.44
18309 15.47
22524 15.83
18902 15.67
21956 15.85
14246 17.26
21495 16.69
17601 15.66
25266 17.51
22646 17.19
25058 16.07
17308 16.44
20887 16.69
17935 16.63
21367 17.68
17745 16.47
20021 16.85
14382 18.13
20751 17.96
17707 16.85
19075 17.73
17800 16.50
21473 17.36
18181 16.71
21336 17.27
19228 16.64
30086 15.62
19196 17.17
21229 18.09
17030 18.60
26098 18.81
21037 18.69
21122 19.44
19764 19.24
22537 19.32
16846 19.09
18080 20.34
13043 20.49
21833 19.47
16846 18.48
19789 18.64
13890 20.14
29835 17.19
17078 18.42
22781 17.81
17166 17.77
22635 18.14
18966 18.19
20244 18.04
15333 19.43
25749 19.24
21493 18.90
22312 18.73
21734 21.46
21725 18.98
15182 18.35
18983 18.70
21448 18.42
30159 15.09
17275 17.55
20988 17.37
17703 17.21
25049 16.94
21051 17.34
20376 18.15
20264 18.37
22325 17.21
15831 16.99
19260 16.61
15061 17.38
20433 16.88
18870 16.78
19299 16.77
15876 17.43
29195 14.67
19568 16.96
22031 17.02
18995 17.64
23292 16.72
17487 16.54
21789 16.54
20425 16.22
20481 18.22
18416 16.59
18779 17.53
13946 17.77
19552 17.61
18632 16.37
25255 19.35
20373 17.93
27871 14.23
19279 17.31
21114 16.62
17622 16.65
23296 17.58
17904 17.67
19451 18.50
17614 17.42
20632 18.97
17098 17.17
17326 18.67
13638 18.95
19235 18.66
18303 17.52
19671 17.93
19072 17.70
30727 14.76
18436 17.08
21075 17.09
17712 17.27
22976 17.56
17373 17.33
18116 17.80
18237 16.95
21170 18.06
17758 17.35
20953 18.04
18457 17.25
22581 17.83
18231 17.34
21440 17.20
14255 18.25
28237 13.84
18073 16.19
20955 15.70
18439 15.43
22672 15.88
18728 15.23
