20560 16.21
14552 14.28
20038 13.43
23451 14.30
18575 14.91
18034 13.67
18747 14.28
21194 13.66
20793 14.17
20458 13.49
22299 13.83
19830 13.22
22140 14.99
18676 13.99
20889 14.68
19816 14.20
26204 15.30
18162 14.92
19393 15.62
14672 16.35
19793 16.19
18368 15.09
18620 16.30
18692 15.29
23017 15.69
19293 15.49
22473 15.68
19459 15.08
21162 16.80
17917 15.55
24823 17.71
22177 17.32
27191 15.14
17649 16.25
23366 15.70
19199 16.09
22368 17.31
16963 16.74
19485 17.06
14878 17.93
20291 18.23
18111 16.64
18707 17.80
18344 16.34
21795 17.28
18345 16.58
21431 17.15
19513 16.49
30825 15.32
19619 16.93
21787 17.89
17323 18.35
26411 18.65
21353 18.56
21592 19.29
20283 19.03
22858 19.16
17258 18.88
18409 20.19
13253 20.30
22396 19.30
17316 18.26
20057 18.53
14139 19.97
30626 16.88
17401 18.28
23251 17.60
17641 17.57
23167 18.00
19115 18.10
20326 17.87
16037 19.06
27194 18.65
23049 18.25
21529 19.15
21987 21.38
22065 18.81
15328 18.25
19324 18.62
21695 18.26
30821 14.81
17492 17.36
21493 17.18
18030 17.09
25458 16.73
21710 17.15
20643 17.96
20724 18.14
23057 17.03
15892 16.91
19945 16.38
15211 17.26
20712 16.76
19273 16.59
19758 16.60
16034 17.33
29562 14.53
19911 16.79
22615 16.82
19097 17.55
23696 16.49
17939 16.35
22508 16.33
20557 16.23
20734 18.10
18663 16.48
19055 17.35
14142 17.57
20178 17.41
18814 16.18
25592 19.12
20882 17.68
28378 14.05
19672 17.12
21668 16.42
17785 16.60
23979 17.38
18077 17.58
19621 18.28
18294 17.11
21059 18.77
17633 16.91
17841 18.46
17738 16.92
19449 18.64
18615 17.37
19870 17.71
19627 17.45
31273 14.57
18914 16.87
21119 17.24
17743 17.20
23632 17.30
17804 17.10
18445 17.52
18523 16.79
21794 17.81
18213 17.19
21326 17.81
18944 17.03
22799 17.64
19159 16.99
21895 17.03
14446 18.10
28889 13.58
18583 15.92
21466 15.52
18829 15.26
23320 15.67
18699 15.19
