25316 14.13
18994 12.33
25327 11.41
28592 12.29
24125 12.60
23149 11.63
23965 12.23
27021 11.52
26689 11.94
26042 11.38
28384 11.50
25595 11.06
28010 12.71
23777 11.96
26361 12.50
25293 12.04
31899 13.08
23677 12.76
24579 13.62
18907 14.36
28871 12.76
24942 12.48
23020 14.27
23697 13.25
30459 12.88
25957 12.89
29775 12.94
25329 12.68
26357 14.60
23200 13.38
31040 15.19
28886 14.63
33635 12.82
23311 13.93
29182 13.46
24833 13.77
28138 15.06
21104 14.88
24751 14.86
19342 15.77
26689 15.31
23844 14.24
24425 15.36
23466 14.20
28356 14.64
24146 14.18
27683 14.66
25163 14.15
39687 12.28
25490 14.61
27600 15.61
22456 16.16
33119 16.02
27533 16.04
28545 16.49
26777 16.30
27548 17.27
21472 16.95
25036 17.32
17564 18.04
25731 17.77
22276 16.13
25115 16.47
18502 17.82
39671 13.67
22874 15.94
28986 15.37
22221 15.63
28376 15.89
24391 15.82
26000 15.56
20538 16.98
32795 16.45
28448 15.95
29059 16.03
27299 19.04
27948 16.37
20622 15.86
24124 16.49
26518 16.24
38726 12.08
23400 14.94
27239 14.88
22499 15.09
31471 14.48
27473 14.85
26249 15.66
26225 15.81
28871 14.74
21317 14.58
25136 14.33
19603 15.18
26012 14.61
24632 14.39
24387 14.80
20768 15.24
36283 12.20
25465 14.52
28865 14.42
25511 14.85
28342 14.76
22440 14.48
26860 14.51
25677 14.18
25912 15.90
23437 14.54
23982 15.29
18716 15.45
24820 15.40
23275 14.40
30839 17.09
26394 15.33
34615 11.80
25056 14.89
27213 14.19
23629 14.18
26715 16.19
23873 15.21
24537 16.13
22745 15.16
25831 16.65
22567 14.81
22789 16.41
22267 14.95
25303 15.87
23828 15.12
25702 15.29
25029 15.16
38294 12.16
24029 14.67
27700 14.58
23860 14.68
29971 14.76
23204 14.83
23539 15.41
23599 14.63
27001 15.63
23130 14.98
26777 15.57
23962 14.86
27559 15.84
24121 14.93
26923 14.94
19374 15.74
35200 11.36
24299 13.70
26913 13.37
24374 13.13
28299 13.64
24150 13.15
