25887 13.89
19329 12.22
25704 11.29
28910 12.20
24317 12.51
23619 11.44
24435 12.04
27199 11.39
27054 11.80
26472 11.25
28805 11.39
26117 10.95
28065 12.64
24203 11.83
26779 12.36
25682 11.96
32021 13.02
23193 12.91
24925 13.45
19223 14.25
29243 12.63
25437 12.31
23561 14.12
23993 13.15
31832 12.43
26466 12.73
29421 13.06
25540 12.63
26640 14.51
23576 13.26
31555 15.04
29202 14.55
34181 12.65
23792 13.75
29439 13.36
25164 13.69
29300 14.57
21786 14.52
25813 14.42
19584 15.56
28447 14.81
23689 14.21
24694 15.22
23503 14.21
28738 14.46
24319 14.07
28555 14.50
25615 14.02
40194 12.12
25827 14.48
27788 15.49
22952 15.93
33829 15.86
27890 15.96
28916 16.38
27335 16.10
27717 17.18
21083 17.11
23999 17.72
17995 17.92
26947 17.35
22538 15.96
25757 16.28
18744 17.72
40054 13.54
23264 15.78
29405 15.26
22589 15.47
29119 15.75
24528 15.72
26504 15.47
20699 16.85
33283 16.33
28819 15.84
29504 15.78
27755 18.81
28193 16.27
20962 15.71
24966 16.14
27153 15.95
38957 11.98
23774 14.81
27639 14.74
22936 14.93
31817 14.35
27995 14.66
26658 15.49
26511 15.64
29495 14.56
21657 14.43
25279 14.28
20028 15.05
26214 14.45
24934 14.27
24627 14.63
21202 15.05
36670 12.06
25789 14.39
29873 14.04
27340 14.26
28647 14.64
22435 14.48
27277 14.38
26038 14.06
26406 15.72
23861 14.42
24152 15.16
18949 15.31
25499 15.22
23554 14.31
31019 16.96
26821 15.16
35106 11.62
25460 14.73
27419 14.09
23998 13.99
27167 16.01
24073 15.05
24945 15.95
23117 15.03
26155 16.50
22879 14.66
23636 16.20
22700 14.79
25705 15.73
24706 14.81
25791 15.28
25159 15.07
38761 11.98
24484 14.53
28077 14.43
24300 14.52
30962 14.41
24369 14.38
24123 15.19
24282 14.43
27185 15.54
23491 14.83
27179 15.39
24562 14.71
27850 15.69
24474 14.77
27174 14.78
19559 15.65
35432 11.26
24518 13.60
27375 13.20
20711 14.43
28809 13.45
24698 12.94
