3070 35.30
1059 32.22
2283 30.36
3449 31.38
2197 31.60
2253 29.94
2605 29.99
2572 29.66
2561 31.74
2337 29.80
2476 31.20
2250 29.67
3262 31.31
1995 29.75
2574 30.12
2480 29.90
3396 34.53
1547 32.59
2358 31.94
1842 32.02
2450 32.89
2432 30.52
2416 32.05
2508 30.85
3249 31.86
2366 31.22
3110 31.84
2279 31.24
3138 32.75
1998 31.42
3751 34.68
2881 34.49
2984 35.24
1458 33.72
2398 33.23
2090 33.15
2712 34.64
2189 32.69
2241 34.36
1615 33.87
2767 34.18
2300 32.31
2462 33.16
2199 31.74
2866 33.34
2304 32.16
2823 32.90
2459 31.92
3902 34.33
1725 33.99
2632 33.98
2553 33.62
3351 37.06
2444 35.87
2507 36.29
2858 35.07
2747 36.78
2083 34.84
2209 36.33
1400 36.11
2825 35.77
2184 34.33
2136 35.66
1561 35.63
3858 36.27
1649 35.35
2530 34.99
1701 34.36
2769 35.15
2520 34.08
2400 34.15
1720 34.82
3697 37.02
2631 36.42
2677 36.96
3391 38.31
2731 36.68
1415 35.46
2349 34.93
3043 34.87
3830 34.40
1463 34.45
2585 33.53
1481 34.76
2880 34.78
2696 33.95
2618 34.49
2802 34.45
2961 34.32
1616 34.01
2437 32.67
1883 33.05
2986 33.26
2624 32.99
2384 33.22
1900 33.55
3956 33.16
2140 33.28
2796 33.60
2660 33.34
2779 34.23
1537 34.15
2622 33.87
2486 32.73
3094 34.13
2270 32.67
2471 33.44
1588 33.76
2933 33.40
2330 32.20
3901 36.96
2593 35.43
3338 33.47
2310 34.08
2619 33.39
1723 34.62
3160 35.34
2196 33.95
2612 35.11
2152 33.45
2922 35.45
2045 33.41
2321 34.60
1520 34.99
2761 34.69
2440 33.36
2747 34.02
2573 33.60
3915 34.21
1860 34.46
2503 33.80
1694 34.53
3096 34.73
2252 33.43
2408 34.28
2419 32.62
2963 34.52
2298 33.14
3036 34.15
2214 33.38
3269 34.84
2132 34.04
2748 33.96
1648 34.95
3931 32.19
2016 33.25
2551 32.89
1841 32.73
3121 32.53
2060 31.56
