26392 13.69
20025 11.93
26289 11.09
29389 11.98
25322 12.19
24334 11.24
25207 11.78
28337 11.09
27631 11.60
27213 11.01
29441 11.17
26912 10.65
29025 12.32
25003 11.57
27536 12.11
26277 11.69
32975 12.69
23757 12.72
25632 13.18
19904 13.99
29855 12.35
26425 11.98
24237 13.84
24761 12.88
31702 12.42
27149 12.45
30909 12.55
26774 12.22
27598 14.22
24270 12.99
32167 14.77
30349 14.13
34745 12.40
24579 13.50
30597 13.01
26049 13.40
29904 14.30
21950 14.49
26396 14.26
20435 15.28
28907 14.60
24748 13.88
25525 14.96
24143 13.92
29596 14.17
25181 13.82
29203 14.21
26172 13.77
41127 11.83
26666 14.20
28658 15.17
23607 15.72
34796 15.55
28705 15.59
29872 16.02
28228 15.76
29218 16.50
22539 16.46
26605 16.70
18569 17.58
27440 17.09
23422 15.64
26210 15.96
19459 17.41
41264 13.10
24214 15.44
30149 14.95
23369 15.12
29879 15.48
25459 15.42
27287 15.18
21380 16.59
32700 16.46
28713 15.83
28658 16.12
30988 17.56
29178 15.91
21990 15.31
25512 15.97
27482 15.80
39916 11.66
24618 14.50
28608 14.45
23653 14.68
32783 14.03
28671 14.39
27403 15.23
27114 15.44
29872 14.26
22792 14.00
26187 13.90
20777 14.74
26975 14.22
25708 14.01
25489 14.30
21770 14.82
37551 11.74
26631 14.12
30060 13.94
26560 14.47
29713 14.27
23568 14.06
28133 14.08
27185 13.71
26667 15.54
25105 13.99
24855 14.90
19454 15.08
26433 14.91
24290 14.03
32326 16.49
26775 15.21
36109 11.31
26330 14.42
28408 13.74
24759 13.74
27852 15.78
25012 14.74
25617 15.71
23801 14.69
26798 16.24
23180 14.55
23889 15.91
23529 14.47
26390 15.47
24614 14.75
26705 14.95
26112 14.73
39501 11.75
25456 14.20
29185 13.87
24916 14.30
31164 14.36
24881 14.27
24695 14.95
24688 14.18
27793 15.31
24408 14.49
27960 15.13
25136 14.47
28701 15.37
25240 14.53
28305 14.46
20167 15.43
36222 11.01
25182 13.35
28305 12.87
21277 14.23
29513 13.19
25433 12.73
