5864 28.40
2376 26.28
5130 23.98
6965 25.22
4576 25.84
4473 23.91
5081 24.43
5631 23.85
5537 24.78
5211 23.72
5099 25.65
4611 23.90
6556 25.33
4213 24.42
5669 24.82
5002 24.47
7321 27.61
3436 26.88
4736 26.68
3779 26.16
5294 26.77
4962 25.10
5009 26.69
4997 25.46
6380 26.54
4861 26.23
6204 26.35
4773 25.81
6141 27.32
4391 25.86
7441 28.70
5988 28.65
5972 29.49
3305 27.76
4820 28.20
4181 27.94
5413 29.29
4462 27.02
4524 28.69
3468 28.57
5541 28.73
4711 27.06
4924 28.10
4565 26.80
6068 27.98
4696 26.95
5705 27.66
4857 26.95
7726 28.77
3762 28.96
5314 29.03
5021 28.54
6743 31.18
5076 30.29
5278 30.74
5530 29.97
5774 31.01
4278 29.74
4752 31.06
2963 31.13
5738 30.63
4352 29.07
4316 30.74
3395 30.43
7747 30.64
3433 30.02
4969 29.92
3689 29.19
5362 30.07
4946 29.16
4815 29.21
3885 29.82
7026 31.45
5325 31.04
5718 30.73
6963 32.35
5702 30.78
2972 29.83
4776 29.71
5845 29.67
7591 28.56
3536 28.88
5265 28.20
3141 29.65
5692 29.64
5398 28.88
5230 29.48
5492 29.24
6077 28.85
3317 28.57
5011 27.36
3752 27.84
5582 27.90
5181 27.76
4841 27.72
3868 28.14
7716 27.33
4797 27.76
6030 27.59
5439 27.88
5975 28.19
4071 27.00
4890 28.54
4931 27.53
6039 28.68
4754 26.99
4994 28.23
3177 28.40
5774 27.98
4874 26.69
7866 30.86
5078 29.95
6599 27.60
4836 28.51
5303 28.09
3417 29.23
6269 29.60
4780 28.26
5176 29.58
4646 27.79
5817 29.91
4325 27.88
4775 29.52
3086 29.83
5685 29.29
4850 28.20
5306 28.80
5162 28.38
8072 27.91
4111 28.70
5567 28.01
4783 27.35
5965 29.29
4742 27.55
4658 28.89
4774 27.55
5883 29.08
4664 27.84
5948 28.83
4612 27.90
6323 29.17
4463 28.29
5780 28.43
3252 29.57
7893 25.85
4280 27.08
4881 27.56
3831 27.33
6349 26.65
4432 25.74
