6673 27.07
2741 24.44
5892 22.83
7922 23.93
5253 24.70
5258 22.75
5810 23.44
6410 22.89
6338 23.96
6020 22.71
5821 24.69
5265 22.88
7331 24.33
4936 23.35
6528 23.77
5749 23.38
8379 26.34
3967 25.55
5485 25.54
4230 25.52
6006 25.76
5684 24.09
5727 25.68
5691 24.52
7255 25.58
5650 25.19
6959 25.37
5556 24.74
7048 26.29
5107 24.93
8358 27.70
7029 27.39
6828 28.30
3909 26.85
5503 27.22
4734 27.06
6198 28.24
5142 26.21
5136 27.81
3996 27.66
6381 27.88
5424 26.19
5648 27.31
5322 25.78
6911 27.10
5268 26.14
6527 26.77
5604 25.94
8843 27.52
4558 27.78
6145 28.12
5539 27.60
7632 30.21
5884 29.31
6053 29.94
6219 29.08
6552 30.04
4969 28.76
5448 30.07
3309 30.17
6620 29.52
4988 27.98
5118 29.55
3818 29.56
8648 29.70
4052 28.90
5688 28.92
4124 28.43
6068 28.93
5694 28.15
5599 28.14
4384 28.78
7946 30.44
6030 30.03
6502 29.76
7947 31.10
6532 29.65
3615 28.69
5411 28.84
6551 28.67
8878 27.05
4125 27.78
6173 27.08
3593 28.59
6605 28.67
6139 27.81
6041 28.44
6270 28.26
6792 27.66
4010 27.17
5685 26.41
4139 26.77
6286 26.99
6119 26.42
5523 26.87
4507 27.01
8907 26.05
5558 26.68
6778 26.68
5949 27.17
6822 27.11
4701 25.85
5828 27.52
5595 26.37
6716 27.73
5470 26.05
5709 27.04
3780 27.21
6246 26.92
5734 25.66
9066 29.57
5992 28.52
7566 26.41
5560 27.42
6421 26.69
5169 26.51
7068 28.65
5291 27.35
5853 28.56
5364 26.84
6613 28.89
4949 26.90
5294 28.23
3586 28.59
6097 28.44
5588 27.13
6128 27.74
5948 27.31
9245 26.69
4789 27.46
6352 27.03
5262 26.48
6786 28.20
5412 26.48
5372 27.79
5371 26.50
6479 27.99
5470 26.56
6794 27.65
5396 26.85
7326 28.07
5175 27.29
6392 27.33
3715 28.33
9011 24.66
4859 26.16
5636 26.38
4424 26.12
7292 25.66
5140 24.75
