6079 34.68
1602 35.54
3765 32.33
3197 31.51
4311 33.23
3680 30.86
4320 31.10
2994 30.73
4378 31.66
3221 30.45
3847 30.55
3340 29.53
4456 30.95
3413 29.77
4141 29.58
3635 29.23
4688 31.65
3517 29.06
4512 29.66
3140 29.32
4965 30.31
3218 29.46
3904 29.68
3433 29.08
4745 29.84
3287 28.76
4502 28.15
2990 29.20
4677 28.98
3068 28.37
4310 28.01
3071 28.53
8400 28.47
1655 31.30
2926 30.03
3874 26.57
4339 28.42
2947 26.63
4084 26.37
3519 26.14
4313 27.46
3526 26.17
4213 26.67
3270 27.20
4671 28.38
3335 26.52
4165 27.11
3607 26.12
4709 27.94
3510 26.77
4106 26.85
3548 26.23
4729 27.26
3485 26.07
4384 25.98
3134 25.82
4781 27.60
3779 25.79
4473 27.07
3533 25.93
5015 27.96
2900 27.41
3972 27.45
3560 25.90
10962 26.01
1811 30.46
3078 30.07
2594 28.87
4463 29.02
3269 27.20
4144 27.29
3460 25.85
4733 27.68
3394 26.35
4011 26.47
3386 25.49
4722 27.03
3599 25.89
4148 25.94
3512 25.64
4560 26.87
3745 25.48
4066 25.70
3507 25.31
4770 26.73
3776 25.32
4143 26.21
3834 25.45
4926 27.85
2981 26.63
3893 26.06
3626 25.44
4615 27.23
3414 26.46
4085 26.56
3768 25.00
11927 25.18
1463 31.16
3269 28.05
3048 25.97
4471 28.80
3673 25.73
3265 28.72
3558 25.28
4724 26.66
3976 25.72
4223 26.15
3992 25.16
4756 27.95
4181 26.32
4399 26.60
3806 26.08
4635 28.26
4226 26.08
4596 26.77
3735 26.79
4852 29.35
4004 26.87
4176 28.24
4069 27.06
4804 30.16
4142 26.66
4125 27.07
3910 27.87
4579 28.58
4092 27.20
4413 27.59
3475 27.78
11654 26.23
1408 33.02
2904 30.61
2598 28.50
4170 30.19
3140 27.73
4091 27.17
3743 25.72
4711 28.05
3703 26.59
4654 26.79
3651 26.54
5099 28.37
3691 27.29
4177 27.91
3487 27.28
4872 28.92
3696 26.99
4330 27.39
3947 26.61
4893 28.39
4254 26.43
4288 27.98
4105 26.92
5384 28.10
3798 27.37
4014 29.09
4144 26.94
5312 28.87
4029 27.98
4418 29.32
4113 27.67
11345 26.74
1848 33.59
3788 30.64
3055 29.96
5394 29.24
3036 29.09
3879 29.81
3441 28.98
5090 29.13
3373 28.58
4193 29.51
3587 28.78
5293 29.76
3578 28.48
4107 30.11
3842 27.91
5417 29.51
3614 28.45
4304 28.66
3800 28.25
5104 29.54
3573 28.05
4225 29.06
3415 28.09
5224 29.52
3564 29.38
4098 30.45
4095 28.17
5666 29.80
3787 29.35
4372 30.20
3849 29.27
11467 26.99
1655 32.89
3988 30.47
3153 30.63
6085 30.26
3153 30.77
4902 29.67
3319 30.54
5837 30.22
3460 30.55
4279 31.26
3679 29.85
6102 30.60
3393 29.84
4292 31.00
3326 29.76
5558 30.32
3152 29.76
4213 29.56
3270 29.92
4943 30.63
3504 29.97
4821 28.70
3002 30.22
5209 29.95
3566 29.72
4758 29.53
3141 30.12
5395 30.41
3458 30.02
4598 29.77
3173 29.63
11728 27.46
1705 33.20
3884 31.15
3190 31.38
6152 31.09
3406 31.22
4505 30.97
3748 30.59
5740 31.98
3391 31.29
3779 32.02
3579 31.95
5612 32.07
3495 31.25
4141 31.64
3659 30.89
