7072 33.05
1910 34.78
4594 30.25
3983 30.10
5231 31.42
4348 29.16
5186 29.51
3714 29.35
5428 30.13
4045 28.37
4997 28.16
3773 27.88
5245 28.98
4061 27.67
5120 27.69
4127 27.64
5649 29.67
4140 27.78
5038 27.69
4002 27.65
5892 28.52
3829 27.85
4668 27.70
4160 27.27
5605 28.44
3869 27.68
5332 26.74
3729 27.02
5561 27.99
3873 26.72
5345 26.33
3624 26.67
10506 26.74
1999 29.34
3632 27.39
3955 25.54
5349 26.41
3514 25.60
4804 25.11
4157 24.71
5094 26.18
4093 25.32
5142 25.54
3957 25.05
5683 26.62
4071 24.89
5281 25.13
4272 24.50
5536 26.54
4579 24.96
5307 25.22
4072 24.73
5516 26.04
4168 24.64
5370 24.48
3815 24.55
5648 25.40
4620 24.64
5307 25.05
4117 25.10
5666 26.24
4346 25.02
5121 25.86
4061 24.76
13558 24.47
1887 29.94
4012 26.69
3242 26.47
5758 25.98
3327 25.94
4592 25.53
4244 24.12
5914 25.40
3861 24.82
4700 24.54
4282 23.72
5539 25.47
4448 23.99
5240 24.31
4107 24.06
5708 24.99
4307 23.84
4850 24.17
4171 24.04
5597 25.23
4481 23.93
4988 24.65
4088 24.09
5759 25.61
3823 24.44
4747 24.64
4542 23.58
5402 25.92
4588 24.01
5027 24.66
4469 23.46
14086 24.02
1804 28.45
4394 24.85
3578 24.82
5104 26.10
4083 24.06
3922 25.76
4159 24.43
5562 25.39
4996 24.00
5323 24.42
4618 24.11
5691 26.14
4831 24.12
5156 25.08
4640 24.74
5561 26.04
4912 24.80
5457 24.99
4549 25.18
5797 26.23
5031 25.05
4912 26.31
5057 24.97
5944 27.75
4771 25.10
5011 25.97
4501 25.70
5333 26.78
4912 25.15
5476 25.50
4348 25.24
14039 24.87
1619 32.39
3470 27.24
3033 27.21
4981 27.31
3765 25.38
4949 25.40
4486 24.18
5512 26.34
4503 25.01
5703 24.81
4362 24.76
5889 27.25
4507 26.03
4954 25.86
4183 25.73
5707 26.94
4655 25.18
5045 26.03
4932 24.92
5645 27.09
5453 24.99
5062 26.92
4926 25.38
5741 27.43
4854 25.87
4816 27.06
4997 25.50
5735 27.97
5020 26.63
5055 27.84
4997 26.31
13853 25.24
2137 31.97
4410 28.66
3623 27.73
6797 26.65
3423 27.80
4873 27.35
4081 26.57
6705 26.54
3807 27.17
4568 28.09
4423 25.92
6853 27.20
4212 26.58
4943 27.96
4602 26.16
6815 27.26
4223 26.69
4851 27.25
4667 26.49
6442 27.47
3603 27.04
5246 26.68
4182 26.45
6417 27.77
4355 26.95
5198 28.37
4911 26.75
7125 27.82
4278 27.46
5179 28.36
4676 27.91
13621 25.72
1939 31.39
4685 29.29
3646 29.55
7161 29.06
3709 28.98
5819 28.25
4216 28.48
7201 28.94
4236 28.52
5125 29.38
4236 28.12
7289 28.84
3999 28.47
4967 29.03
4119 28.09
6711 28.70
3666 28.61
4534 29.71
4049 28.00
6089 29.37
4100 28.49
5841 27.64
3666 28.16
6108 28.89
4196 28.07
5926 27.91
3575 29.15
6375 28.79
4220 29.01
5458 28.87
4094 28.09
13788 26.18
2077 31.77
4538 29.42
3836 29.65
7269 29.16
3852 29.93
5637 29.25
4367 29.52
7306 29.82
3918 29.40
4750 30.21
4015 30.32
6902 29.83
4079 29.67
4812 30.38
4372 29.39
