7560 32.36
2069 33.90
4942 29.50
4351 29.50
5520 30.58
4842 28.50
5663 29.31
4002 28.62
5881 29.27
4429 27.91
5553 27.44
4010 27.16
5697 28.51
4512 27.13
5604 26.89
4334 27.76
6141 29.02
4566 27.17
5412 27.13
4396 27.12
6665 27.49
4084 27.18
5071 27.07
4522 27.08
6275 27.62
4100 27.01
5695 26.53
4146 26.65
6006 27.45
4264 25.95
5801 25.88
3907 26.29
11537 26.00
2117 28.11
4015 26.68
3958 25.02
6143 25.91
3690 24.97
5167 24.28
4540 24.02
6139 24.96
4175 24.30
5423 24.53
4353 24.44
6140 26.01
4444 23.99
5696 24.40
4351 24.45
6167 25.51
4972 24.22
5222 25.12
4690 23.74
5918 25.58
4716 23.94
5812 23.95
4199 23.76
6023 25.17
4816 24.10
5914 24.11
4375 24.47
6273 25.45
4559 23.91
5002 25.26
4544 24.33
14587 23.89
2055 28.48
4422 25.98
3506 25.62
6138 25.53
3936 24.51
4887 25.01
4423 23.46
6432 24.60
4172 23.77
5031 24.08
4808 22.95
6103 24.45
4458 23.75
5271 23.96
4551 23.61
6001 24.41
4666 23.53
5161 24.14
4836 22.75
6124 24.74
4705 23.27
5392 23.93
4507 23.85
6100 24.94
4739 23.30
5259 23.62
4519 23.52
5835 24.91
5300 23.29
5113 23.90
4848 22.99
15667 23.19
1761 29.27
4618 24.83
3525 24.20
5861 25.15
4298 24.05
4340 25.26
4917 23.47
6092 24.58
4913 23.65
5490 24.14
5047 23.25
6235 25.64
4177 24.36
5271 24.56
5233 23.68
5984 25.20
5212 23.62
5885 24.69
4991 24.14
6254 25.53
5305 24.18
5354 25.42
5575 24.29
6553 26.32
5138 24.77
5039 25.64
5133 24.98
6255 26.42
5133 24.52
5120 25.52
4885 24.75
15838 23.97
1500 31.85
3865 25.84
3293 26.27
6216 25.40
3866 24.73
4776 25.44
4711 23.39
6233 25.42
4757 24.35
5561 24.76
4531 24.79
6575 25.68
4786 24.82
5491 25.32
4704 24.44
6579 25.59
4955 24.23
5350 25.16
5365 24.30
6389 26.07
5477 24.35
5389 25.63
5422 24.43
6683 26.31
5162 25.02
5318 26.05
5140 24.89
6651 26.64
5341 25.63
5301 27.52
5461 25.73
14469 24.93
2482 31.05
4873 27.46
4067 26.76
7194 25.96
3770 26.42
5342 26.34
4389 25.87
6800 26.18
4470 25.84
5676 26.18
4712 24.98
6553 27.47
4823 25.77
5402 26.90
4976 25.72
6274 27.93
5074 25.82
5129 26.88
5251 25.69
6201 27.81
4810 25.58
5302 26.57
4551 25.91
6357 27.50
4973 26.00
5425 28.14
5191 25.96
6864 28.33
5093 27.09
5274 28.84
5231 27.00
15261 24.86
1933 31.10
5066 28.30
4073 28.55
7640 28.32
4122 28.65
6353 27.80
4314 28.22
7675 28.91
4415 28.40
5331 29.00
4687 27.90
7720 28.23
4311 27.32
5241 29.03
4486 27.62
7216 28.34
4082 27.50
5791 27.71
4097 27.79
6509 28.77
4515 27.53
6242 27.21
3927 27.72
6811 28.10
4415 27.85
5879 27.64
4195 27.93
6828 27.68
4466 27.65
5898 27.71
4414 27.43
15775 25.16
1832 32.47
4885 28.92
4175 28.43
7762 29.40
4370 28.51
5620 29.47
4868 28.54
7264 29.91
4499 28.70
4852 30.32
4849 28.99
6905 30.07
4650 29.08
4917 30.09
4800 29.05
