8875 30.79
2560 31.82
6046 28.20
5507 27.16
6675 29.57
5927 26.77
6774 27.36
5013 26.72
6934 28.03
5254 26.20
6184 26.98
5070 25.85
6889 27.11
5337 25.64
6633 25.64
5197 26.10
7184 27.44
5409 25.81
6677 25.68
5281 25.08
7601 26.19
4974 25.71
6091 25.62
5482 25.34
7292 26.52
5143 25.28
6941 24.89
4901 25.42
7349 25.76
4775 24.98
6936 24.24
4449 24.66
14221 24.49
2682 27.14
4792 25.42
4058 24.26
7068 24.45
4365 23.73
6764 22.89
4983 23.06
7119 24.01
5012 23.44
6469 23.30
5327 23.07
7326 24.65
5366 22.91
5942 23.83
5830 22.76
7045 24.54
5876 22.98
6549 23.36
5121 22.92
7266 24.04
5521 22.56
6790 22.62
4946 22.58
7310 23.96
5478 22.86
6979 22.95
5186 23.08
7135 24.23
5771 22.89
6026 24.27
5294 23.17
17470 22.44
2430 26.66
5148 24.13
4167 24.42
7250 23.85
4967 22.94
5767 23.65
4950 22.66
7476 22.99
5120 22.41
6590 22.37
5558 21.66
7273 22.93
5467 22.30
6362 22.75
5380 22.31
7211 22.91
5625 22.27
6460 22.43
5363 21.90
7311 23.06
5875 21.84
6377 22.47
5908 21.81
7223 23.43
5971 21.70
6064 22.69
5714 22.09
7099 23.19
6236 21.96
6383 22.74
5864 21.65
17604 22.31
2497 25.29
5629 23.18
4629 22.82
7340 23.25
5344 22.26
5214 23.65
5649 22.39
7379 23.34
6067 22.13
5971 23.11
6054 22.21
7647 23.62
6132 22.22
6482 23.05
5995 22.48
7670 23.58
5974 22.60
6490 23.37
5856 22.73
7548 24.24
6000 23.06
6631 24.12
6077 23.04
7616 24.86
5974 23.38
6380 23.91
5628 23.32
7315 24.50
5726 23.53
6445 24.18
5277 23.59
18731 22.59
1894 29.97
4852 24.29
3973 24.66
7332 23.37
4685 22.93
6072 23.04
5619 22.18
7670 23.61
5492 23.24
7109 22.93
5581 22.68
8051 23.89
5387 23.30
6534 23.44
5239 23.11
7884 23.89
5683 22.77
6486 23.62
6193 23.15
7663 24.22
6537 23.13
6287 24.82
6371 23.21
7714 25.00
6148 23.67
6204 24.78
6538 23.52
7588 25.32
6380 24.44
6440 25.88
6580 24.30
17996 23.21
2429 29.63
5811 25.40
4796 24.99
8112 24.82
4691 24.72
6006 25.17
5589 23.90
8120 24.56
5284 24.27
6477 24.93
5726 24.30
8357 25.37
5486 24.32
6659 25.10
5270 24.99
8526 25.01
5588 24.53
6393 25.01
5650 24.77
8120 25.12
5447 24.30
6291 25.04
5652 24.07
7706 25.66
5845 24.72
6680 25.95
6074 24.62
8438 26.84
6062 25.28
7209 25.96
5809 25.74
17341 23.89
2312 29.56
6123 27.03
4800 26.90
9165 26.47
5036 26.87
7676 26.05
5298 26.72
8923 27.05
5219 26.70
6510 27.28
5136 26.62
9035 26.73
5146 26.58
6092 27.68
5339 26.65
7745 27.86
5277 26.04
6710 26.53
5224 26.08
7188 27.90
5733 26.05
7638 25.62
4794 26.43
7800 26.78
5389 26.49
7030 26.63
4994 26.61
8584 26.32
5229 26.78
7351 26.15
5190 26.23
18570 23.97
2200 30.45
5858 27.58
5130 27.42
9141 27.12
5135 27.35
6873 28.13
5220 27.71
8982 27.76
5169 27.64
6246 28.23
5187 27.95
8595 28.13
4972 28.20
6311 28.20
5623 27.48
