9304 30.25
2671 31.40
6755 27.36
5986 26.46
7362 28.73
6206 26.25
7035 26.53
5505 26.22
7427 27.74
5582 26.15
6475 26.26
5553 24.97
7111 27.31
5759 25.10
6919 25.26
5631 25.39
7726 27.02
5727 25.38
6878 25.48
5747 24.94
7846 26.11
5405 25.08
6486 25.71
5868 25.01
7674 25.85
5453 25.04
7307 24.51
5268 24.43
7784 25.48
5369 24.49
7172 24.06
4946 24.16
15410 23.90
2858 26.20
5068 24.96
4198 24.17
7717 23.47
4331 23.34
6834 22.54
5979 21.99
7891 22.94
5057 22.82
6854 22.75
6115 22.56
8440 23.47
5246 23.02
6923 23.01
6129 22.45
8254 23.36
5847 22.60
6723 22.88
5957 22.41
7750 23.43
5825 22.22
7230 22.26
5523 22.03
7705 23.26
5978 22.34
7346 22.71
5483 22.51
7949 23.78
5772 22.55
6178 23.52
5879 22.42
18742 21.98
2533 26.50
5567 23.51
4307 23.82
9032 22.24
4800 23.11
6424 23.03
5275 22.13
8366 22.33
5219 22.04
7084 21.66
6017 21.10
8306 22.22
5541 21.86
7008 22.27
5651 21.65
7766 22.64
6021 21.35
6649 22.16
5884 21.45
7764 22.57
6144 21.30
7043 21.85
6237 21.44
7671 23.13
6358 21.50
6747 21.95
5705 21.64
7775 22.79
6660 21.30
6782 22.30
5977 21.42
19244 21.74
2386 25.54
5932 22.72
5169 22.26
7826 22.54
5527 21.79
5638 23.04
5911 21.97
7761 22.94
5889 21.94
6715 22.42
6816 21.48
7738 23.50
7216 21.71
6849 22.85
6547 21.87
7985 23.42
6166 22.16
6952 22.79
6398 22.50
7861 23.63
6858 22.33
6783 24.05
6526 22.72
8121 24.50
6403 22.79
6888 23.16
6414 22.70
7626 24.30
6257 22.82
7300 23.09
5689 23.20
19128 22.48
2215 27.64
5042 24.27
4696 23.39
7179 23.95
5530 22.30
6447 22.62
5923 21.92
7732 23.59
6261 22.30
7433 22.89
6034 22.33
8234 23.81
5982 22.89
6878 23.16
5626 23.03
8206 23.86
6104 22.64
6983 23.34
6439 22.51
8212 24.09
6684 22.80
6924 23.87
6573 22.92
8701 23.84
6271 23.25
6550 24.42
6698 23.24
8788 24.38
6352 23.79
6805 25.21
6675 24.21
19483 22.58
2504 29.54
6209 24.91
5082 25.09
8890 23.96
5007 24.44
6475 24.52
5782 23.81
8523 24.11
5452 24.01
6559 24.34
6135 23.42
8222 25.53
6111 23.74
6296 25.51
6487 23.65
8206 25.50
6268 23.84
6816 24.63
6572 23.78
7729 25.25
6206 23.71
7051 24.51
5886 24.09
8150 25.57
6229 24.29
7120 25.40
6466 24.34
8984 26.03
5563 25.46
7085 26.36
6230 25.40
18901 23.21
2659 29.16
6524 26.50
4833 27.18
9816 25.73
5424 26.29
7904 26.14
6012 26.28
9358 26.45
5619 26.23
6810 27.27
5558 25.91
9494 26.59
5312 26.21
6747 26.64
5826 26.25
8862 26.59
5295 25.79
7117 25.85
5491 25.63
7890 27.17
5996 25.46
7775 24.99
5223 25.96
8473 26.27
5672 26.28
8002 25.61
5212 26.06
8683 26.24
5616 26.22
7565 25.85
5602 25.72
20045 23.38
2231 30.80
6368 26.99
5154 27.27
10082 26.38
5293 26.97
7542 26.95
5898 26.65
10339 26.65
5334 26.77
7224 27.05
5901 27.45
9526 26.86
5516 27.44
6532 27.61
5873 26.65
