10558 29.06
3132 29.55
8051 26.06
7063 25.16
8331 27.53
7317 25.05
8255 25.44
6196 25.06
8489 26.28
6460 24.69
8208 24.22
5730 24.42
8458 25.22
6663 24.12
8247 23.85
6463 24.29
8806 25.75
6936 23.97
8650 23.90
6269 24.08
8746 24.72
6600 24.04
8660 23.76
5950 23.99
8883 25.02
6311 23.77
8628 23.34
5937 23.66
8936 24.68
6015 23.48
8257 23.07
5764 23.02
18123 22.59
3345 25.15
5933 23.71
5007 22.99
8878 22.47
5361 22.19
8011 21.44
6623 21.07
9213 21.78
6163 21.72
8109 21.61
6929 21.25
9494 22.63
6440 21.48
8050 21.86
6769 21.62
9253 22.58
7043 21.49
7790 21.97
7015 21.37
8823 22.62
6866 21.18
8124 21.56
6429 21.31
8672 22.38
6936 21.33
8542 21.65
6485 21.40
9122 22.61
6683 21.37
8375 21.46
6357 21.53
22459 20.83
2370 26.54
6434 22.53
5519 22.09
9704 21.44
5873 21.53
7308 21.79
6145 20.91
9929 21.28
6164 21.10
7440 21.33
6308 20.53
9070 21.44
6336 20.81
7650 21.22
7126 20.54
9013 21.30
6561 20.70
7997 20.82
6562 20.24
8873 21.40
6865 20.39
7655 21.12
6594 20.58
9289 21.80
6966 20.48
7513 21.06
6733 20.62
8975 21.70
7414 20.51
7713 21.26
7020 20.37
21583 21.02
3056 23.80
7328 21.32
5327 21.61
9042 21.90
6911 20.86
6406 22.01
7070 21.00
8256 22.40
6963 21.02
7644 21.82
7781 20.65
8596 22.47
8131 20.92
8284 21.52
7013 21.33
8784 22.53
7312 21.21
8182 22.01
7443 21.56
8719 22.79
7864 21.53
8491 22.42
7448 21.90
9007 23.55
7543 21.66
7742 22.41
7048 21.78
8188 23.25
7805 21.79
8570 22.02
6906 21.95
23116 21.21
2212 28.21
5670 23.23
4951 22.93
9349 21.43
5658 21.44
7077 21.52
6634 20.97
10295 21.35
6525 21.27
8101 21.34
6967 21.26
10152 21.99
6658 21.52
8093 21.88
6925 21.33
10625 21.80
6632 21.65
7726 22.03
7559 21.48
10219 22.36
7523 21.85
8401 22.64
7385 21.99
10410 22.63
6787 22.26
7797 23.06
7620 22.12
10631 22.93
7143 22.82
8158 23.62
7458 22.94
20297 22.30
3101 26.82
7203 23.83
5570 23.81
10066 22.79
5983 23.16
7455 23.54
6760 22.72
9809 23.27
6603 22.43
7532 23.47
6467 23.17
9342 24.22
7532 22.52
7284 24.37
7585 22.76
9721 24.13
7064 22.77
7531 23.99
7637 22.74
9372 24.22
6746 22.74
7953 23.61
6788 22.82
9451 24.35
6950 23.55
8030 24.35
7398 23.52
10170 24.86
7103 24.05
7961 25.07
7396 24.11
21792 22.22
3042 27.89
7425 25.18
5685 26.16
11208 24.89
6243 25.58
9143 24.91
6680 25.22
11569 25.05
6388 25.22
8532 25.22
6722 24.88
11495 24.79
6217 24.99
8062 25.31
6407 25.10
9998 25.78
6298 24.56
7093 26.06
6848 24.65
9176 26.05
6761 24.56
7460 25.58
6750 24.54
9069 25.61
6770 24.81
8811 24.88
6402 24.62
9781 25.42
5653 26.01
8698 25.11
6553 24.73
23002 22.39
2541 29.65
7317 25.88
6417 26.06
11048 25.67
6345 25.65
8267 26.15
6469 26.33
10987 26.30
6294 25.88
7701 26.76
6365 26.31
10473 26.14
6701 25.73
7667 26.70
6991 25.48
