10983 28.80
3217 29.27
7971 25.91
7461 24.78
8525 27.28
7500 24.81
8519 25.44
6331 25.07
8789 25.97
6567 24.50
8517 24.07
5769 24.27
8592 25.05
6902 23.91
8414 23.86
6561 24.05
9125 25.65
6990 24.11
8903 23.79
6365 24.09
8973 24.89
6773 23.89
8631 23.59
6282 23.98
9072 24.65
6588 23.79
8462 23.55
6243 23.31
9177 24.17
6231 23.21
8590 22.84
6087 22.97
18501 22.44
3366 24.95
6143 23.47
5265 22.73
9282 21.96
5377 21.77
8441 21.22
6330 21.26
9519 21.49
6308 21.26
8367 21.27
7044 21.41
9712 22.27
6643 21.50
7860 22.00
7140 21.31
9478 22.43
7197 21.47
8240 21.74
6762 21.42
9079 22.39
7036 21.09
8463 21.41
6690 20.90
8999 22.15
7116 20.98
8384 21.54
6822 21.23
9396 22.31
6946 21.13
8746 21.46
6283 21.24
23116 20.61
2456 26.38
6567 22.62
5721 21.90
9835 21.23
5786 21.64
7552 21.67
6127 20.96
9125 21.64
6702 20.85
8248 20.67
6407 20.39
9021 21.60
6967 20.50
8776 20.67
6760 20.50
8782 21.48
6957 20.66
8523 20.57
6700 20.24
8859 21.49
7352 20.35
8140 20.75
7140 20.14
9025 21.90
7465 20.35
8088 20.82
7113 20.37
9072 21.77
7757 20.43
7930 21.15
7094 20.39
22207 20.77
3080 24.21
7312 21.53
5925 21.20
9380 21.52
6423 20.93
6602 21.79
7100 20.94
8971 21.77
7549 20.53
7484 21.55
8049 20.62
8975 22.23
7745 20.80
8541 21.26
7298 20.97
9115 22.19
7357 21.08
8246 21.71
7479 21.19
9282 22.61
7656 21.31
8073 22.30
7841 21.34
9189 23.28
7793 21.49
7766 22.17
7479 21.53
8741 22.89
7755 21.61
8790 21.81
6887 21.78
23630 21.02
2202 27.99
6017 22.75
5774 22.06
8853 21.74
6117 21.37
7514 21.40
6730 21.09
9098 22.26
7066 21.36
8353 21.56
7333 21.17
9824 22.49
7231 21.46
8187 21.92
7168 21.27
9831 22.24
7325 21.32
8252 21.85
7522 21.49
10091 22.29
7974 21.68
7778 22.95
8131 21.70
10991 22.33
7279 22.07
7925 23.09
7694 21.98
10956 22.60
7288 22.72
8376 23.38
7641 22.69
20743 22.13
3351 26.97
7230 23.64
5665 24.06
10412 22.66
6247 22.98
7707 23.47
6510 22.66
9893 23.10
6982 22.31
7759 23.23
7847 22.00
10208 23.53
7105 22.64
7906 23.76
6663 22.86
10526 23.55
6982 22.75
7898 23.61
6955 23.04
10096 23.41
7214 22.58
8268 23.39
6896 22.68
10373 23.62
6878 23.07
8796 23.59
7350 23.26
11157 24.02
6992 23.91
8693 24.38
6941 23.89
21872 22.19
3298 27.52
7712 24.83
5894 25.62
11411 24.79
6491 24.92
9402 24.60
6978 24.95
11061 25.25
6728 24.76
7981 25.55
6608 24.96
11113 25.31
6147 25.32
7827 25.60
7140 24.50
10309 25.45
6564 24.68
8202 24.82
6569 24.32
9399 25.86
6971 24.55
8690 24.54
6545 24.59
9197 25.62
7093 24.87
9365 24.27
6226 24.72
10113 25.24
6144 25.30
8790 24.83
6792 24.36
22507 22.52
3249 28.47
7712 25.94
6578 25.57
11731 25.14
6366 25.58
8651 25.83
7032 25.60
11883 25.57
6291 25.69
8465 26.12
6964 25.70
11504 25.70
6254 25.88
8576 25.97
6869 25.52
