11198 28.58
3357 29.30
8610 25.24
7326 24.72
8745 27.09
7768 24.75
8634 25.19
6440 24.69
9240 25.68
6722 24.26
8509 24.04
6155 23.87
8642 25.17
7239 23.64
8237 23.70
6463 23.85
9356 25.46
7100 23.85
9200 23.48
6530 23.77
9778 24.25
6501 23.75
8279 23.50
6597 23.82
9261 24.55
6662 23.60
8736 23.16
6461 22.94
9305 24.00
6616 22.98
8531 22.71
6527 22.69
19114 22.21
3548 24.26
6358 23.27
5752 22.28
9081 22.17
5703 21.67
8474 21.26
6850 20.88
9127 21.76
6858 21.13
8124 21.54
6860 21.15
9629 22.47
7022 21.16
8370 21.31
7271 21.20
9304 22.39
7553 21.27
8354 21.63
6981 21.07
9242 22.32
7213 20.97
8625 21.31
6780 20.81
9238 22.02
7492 21.05
8565 21.50
6767 21.21
9372 22.38
7202 21.21
7642 22.11
7072 21.05
23766 20.40
2516 26.17
6772 22.32
5304 22.29
10092 21.01
6085 21.10
7745 21.38
6336 20.69
9905 21.18
6653 20.87
8372 20.46
7070 20.02
9279 21.36
6893 20.42
8540 20.62
6800 20.32
9383 21.12
6909 20.56
8264 20.55
6941 20.07
9250 21.19
7341 20.22
8443 20.58
7466 19.99
9923 21.13
6337 20.54
8188 20.53
7125 20.25
9485 21.51
7886 20.13
7998 20.96
7024 20.42
22885 20.58
3083 23.74
7488 21.01
6213 20.76
9185 21.53
6722 20.92
7077 21.60
6540 20.99
8873 21.94
7828 20.45
8321 21.31
8194 20.35
9241 22.13
8318 20.56
8655 21.06
7615 20.72
9661 22.03
7482 20.84
8364 21.62
7919 21.13
9333 22.42
7953 21.16
8366 22.19
7942 21.59
9412 22.99
7619 21.55
8326 21.80
7616 21.39
9028 22.64
8144 21.14
8988 21.69
7283 21.34
24251 20.78
2305 27.44
6102 22.26
5128 22.59
9747 21.15
6027 21.38
7540 21.37
6775 20.65
10786 21.04
6814 21.05
8639 21.07
7163 21.06
10848 21.38
6881 21.34
8350 21.50
7224 20.96
10070 22.07
7315 21.35
8476 21.53
7996 21.28
10046 22.30
8330 21.31
8259 22.68
8590 21.43
10017 22.95
7985 21.84
7935 22.93
7762 22.03
10334 23.35
7882 22.38
8365 23.55
7888 22.48
22544 21.54
3275 26.57
7568 23.26
5802 23.90
11155 22.23
6208 22.73
8203 22.77
7058 22.03
10653 22.27
6683 22.16
7730 22.95
7735 21.98
10288 23.41
7537 22.20
7995 23.55
7042 22.63
10669 23.13
6729 22.77
7969 23.52
7507 22.80
10616 22.96
7067 22.24
8259 23.34
7670 22.00
9983 23.72
7422 22.72
8478 24.17
7915 22.96
10622 24.56
7262 23.69
8578 24.55
7494 23.85
23072 21.83
3254 27.96
7937 25.20
6548 24.59
11482 24.74
6630 25.06
9543 24.52
7030 24.87
11231 25.08
6782 24.98
8385 25.42
6718 24.96
11323 25.05
6531 24.83
7983 25.76
7223 24.47
10502 25.23
6810 24.46
7626 25.70
7132 24.02
9800 25.86
7093 24.47
8581 24.60
6690 23.97
9521 25.26
7052 24.47
8732 24.80
6809 24.67
10200 24.94
7189 24.46
9642 24.18
6771 24.55
22853 22.42
3484 28.05
7752 25.45
6725 25.57
12217 24.78
6464 25.48
9639 25.26
7077 25.38
11645 25.82
6816 25.29
7850 26.35
6744 25.95
10261 26.77
6940 25.51
7367 27.35
7728 25.21
