11493 28.38
3475 29.03
8717 25.15
7570 24.48
8987 27.04
8189 24.44
9284 24.83
6508 24.43
9036 25.95
7024 23.86
9196 23.73
6024 23.76
9215 24.62
7183 23.61
8798 23.54
6743 23.69
9534 25.13
7139 23.95
8819 23.83
6842 23.20
9853 24.09
6706 23.55
7993 23.66
7450 22.97
9619 24.34
6831 23.29
8543 23.12
7291 22.87
9505 23.94
6587 22.93
8933 22.43
6626 22.56
19729 22.00
3612 24.46
6408 23.13
5877 21.93
9368 21.98
5900 21.53
8415 21.23
7193 20.62
9712 21.48
6754 20.93
8841 20.89
7044 20.99
10440 22.02
7078 21.00
8691 21.28
7194 21.02
9980 21.99
7546 21.21
8436 21.62
7393 21.03
9481 22.24
7511 20.83
8794 21.10
6784 20.69
9434 21.76
7558 20.73
9015 21.07
6950 20.99
9624 22.08
7462 20.97
8380 21.54
6772 21.07
24295 20.22
2591 25.50
6760 22.10
5450 21.99
10087 20.93
6312 21.10
7867 21.02
6506 20.48
9864 20.98
6851 20.33
8593 20.26
7243 19.85
9593 21.04
7361 20.02
8371 20.62
7075 20.27
9634 20.94
7334 20.15
8850 20.08
7157 19.73
9450 20.94
7721 19.92
8539 20.36
7258 20.05
9585 21.20
7546 19.98
8706 20.25
7383 19.96
9377 21.38
8317 20.04
8259 20.83
6969 20.32
23452 20.35
3070 23.80
7572 20.99
6348 20.65
9553 21.25
6803 20.60
7856 20.87
6718 20.73
9083 21.84
8198 20.11
8555 21.00
7434 20.51
9447 21.86
8352 20.44
8858 20.87
7940 20.41
9539 21.93
8067 20.62
8798 21.32
7646 21.00
10047 22.02
8062 21.13
8443 21.99
8150 21.11
9837 22.59
8054 21.35
8368 21.73
7756 21.28
9302 22.37
8136 21.28
8677 21.74
7444 21.30
24677 20.63
2448 27.20
6391 22.31
5462 22.03
9238 21.45
6539 21.03
7215 21.70
7208 20.45
10065 21.61
7486 20.74
8805 20.98
7465 20.82
10284 21.70
7560 20.94
8501 21.43
7572 21.14
10182 21.91
7630 20.88
8510 21.61
8256 20.93
10607 22.07
8505 21.38
8377 22.50
8549 21.43
10303 22.70
8017 21.85
7988 22.92
8057 21.77
10485 23.00
8394 22.18
8576 23.25
8148 22.30
23259 21.30
3222 26.98
7675 23.37
5877 23.39
10701 22.53
6452 22.58
7868 23.18
7246 21.97
10185 22.67
7189 21.99
8394 22.68
7812 21.94
10881 23.06
7496 22.09
8282 23.18
7271 22.48
11069 23.16
7711 22.15
8261 23.19
7365 22.59
10051 23.30
7680 22.07
8478 23.03
7743 22.00
9987 23.76
7839 22.52
8636 23.85
8135 22.90
11485 23.80
6758 23.87
9240 23.86
7691 23.46
23426 21.72
3444 27.06
8119 24.71
6241 25.34
11958 24.36
6900 24.69
9004 24.99
7492 24.78
11561 24.99
6995 24.70
8406 25.36
6858 24.72
11462 24.92
6645 24.66
8152 25.14
7430 24.52
10976 24.99
6802 24.40
8508 24.73
7136 23.94
9745 25.57
7432 24.05
9042 24.16
6813 24.03
9914 25.31
7268 24.51
9569 24.08
6858 24.27
10315 24.74
7318 24.53
9286 24.54
7149 24.13
23470 22.24
3338 27.52
7956 25.29
6852 25.44
12355 24.62
6787 25.11
9806 25.00
7385 25.18
12514 25.28
6676 25.54
8755 25.87
7388 25.35
12086 25.17
6787 25.67
8886 25.81
7035 25.36
