12340 27.72
3812 28.06
9197 24.87
8340 23.84
9663 26.10
8472 23.96
10101 24.16
6913 24.00
9822 25.37
7460 23.33
9350 23.30
7039 22.94
9813 23.99
7569 23.16
9514 22.92
7395 23.09
10247 24.79
8172 23.20
9542 23.23
7264 23.14
10191 23.85
7495 23.14
10078 22.59
7008 22.88
10198 23.86
7725 22.72
9988 22.29
6838 22.50
10261 23.56
7332 22.44
9446 22.03
7292 22.11
21635 21.41
3923 23.89
6803 22.89
6292 21.65
10774 21.03
5820 21.21
9229 20.42
8067 19.98
10323 20.99
7102 20.49
9128 20.89
7313 20.80
10591 21.69
7626 20.67
9278 20.76
7739 20.47
10271 21.63
8221 20.60
9139 20.99
7823 20.50
10120 21.78
7929 20.23
9419 20.50
7514 20.10
10162 21.26
8098 20.35
9533 20.65
7512 20.53
10735 21.50
7738 20.55
9313 20.68
7415 20.39
25977 19.75
2816 25.04
7352 21.56
6481 20.91
10945 20.45
6735 20.69
8258 20.82
7187 19.83
10422 20.50
7517 19.83
8986 19.96
8125 19.29
10194 20.68
7797 19.81
9222 20.08
7184 20.07
10128 20.79
7752 19.76
9195 19.96
7631 19.36
10234 20.32
8306 19.32
9103 19.93
8290 19.53
10080 21.05
8237 19.62
9122 19.98
8085 19.59
10121 20.92
8832 19.65
9177 20.27
8130 19.66
24842 19.95
3543 22.92
8272 20.52
6901 20.23
10606 20.76
7159 20.22
8154 20.75
7137 20.42
10063 20.94
8843 19.71
8312 20.88
9327 19.65
10205 21.37
9190 19.94
8632 20.93
8523 20.10
10462 21.35
8192 20.34
9174 20.97
8311 20.61
10633 21.68
8619 20.66
9605 21.23
8490 20.68
10549 22.18
8544 20.73
8928 21.24
8284 20.79
10051 21.79
8648 20.92
9758 21.07
7697 20.85
26536 20.15
2614 26.29
6661 21.75
5780 21.59
10822 20.24
6679 20.48
8239 20.66
7720 20.02
11429 20.56
7751 20.16
9551 20.69
7842 20.23
11742 20.85
7735 20.64
9335 21.00
7896 20.38
11843 20.83
7873 20.43
9103 21.10
8593 20.35
12237 20.99
8448 20.81
9513 21.61
8637 21.03
13010 21.21
7903 21.49
9812 21.51
7940 21.49
12828 21.58
8169 21.71
10327 21.95
8466 21.81
20706 22.14
3989 25.31
8626 22.33
6732 22.68
10558 22.47
7773 21.51
7896 23.16
8645 21.19
10137 22.84
8309 21.59
8818 22.46
8587 21.25
10618 23.15
7805 22.03
8852 22.89
7662 22.36
10245 23.50
8863 21.66
8950 22.75
8980 21.76
9931 23.54
8544 21.73
9365 22.65
8043 21.79
10260 23.64
8765 22.20
10024 22.85
8427 22.44
11530 23.73
7437 23.41
9832 23.43
8265 22.95
24861 21.34
3962 26.42
8396 24.38
6691 25.09
12839 23.59
7272 24.21
10277 23.79
7872 23.91
12947 24.03
7548 24.17
9802 24.43
7706 23.84
12995 23.90
7164 24.31
8983 24.61
6860 24.48
11331 24.86
6926 24.02
7662 25.53
8370 23.26
10622 24.75
8030 23.65
9598 23.73
7628 23.33
10309 24.74
7964 23.80
10760 23.39
7049 23.78
11087 24.51
7824 23.89
9859 23.86
7610 23.58
25678 21.67
3496 27.72
8506 24.89
7326 24.89
13251 24.15
7255 24.71
10611 24.30
7721 24.95
12989 24.61
7285 25.05
8620 25.90
7320 25.29
11926 25.35
7123 25.43
8704 25.72
8081 24.54
