12902 27.35
4009 27.70
9580 24.49
8837 23.48
9592 26.35
9269 23.68
10512 23.96
7138 23.64
10488 24.84
8002 23.01
9319 23.17
7796 22.68
10727 23.40
7805 22.84
10275 22.46
7665 22.97
10629 24.47
8052 22.82
9814 22.98
8111 22.59
10730 23.44
7912 22.73
10322 22.26
7979 22.50
10746 23.54
7820 22.33
9622 22.17
8119 21.97
10793 23.11
7538 21.99
9766 21.86
7308 21.96
22912 21.02
3967 23.60
7395 22.18
6182 21.52
11252 20.64
6157 21.05
9694 20.22
8328 19.75
10638 20.70
7198 20.45
9588 20.52
8310 20.05
11565 21.12
7617 20.53
9823 20.37
8024 20.29
11248 21.17
8420 20.22
9517 20.62
8165 20.23
10671 21.15
8216 20.00
9832 20.24
7881 19.77
10625 21.14
8413 20.09
9689 20.41
7755 20.24
11300 20.95
8016 20.14
10169 20.29
7667 20.18
27113 19.41
2902 24.91
7743 20.82
6895 20.48
11632 19.96
7046 20.37
8597 20.40
7587 19.41
11022 20.13
7750 19.62
9427 19.70
8454 18.97
10587 20.44
8305 19.26
10380 19.42
8036 19.50
10624 20.14
8367 19.31
9819 19.46
7622 19.18
10656 20.08
8379 19.23
10028 19.40
8183 19.15
10698 20.58
8773 19.21
9299 19.78
8108 19.21
10691 20.50
9237 19.34
9405 20.10
8401 19.48
26242 19.58
3669 22.81
8477 20.32
7273 19.83
11046 20.30
7582 19.83
8614 20.44
7451 20.07
10554 20.58
8622 19.74
9169 20.44
8694 19.68
10706 20.85
9432 19.68
9747 20.33
8945 19.83
10820 21.06
8681 19.95
9645 20.60
8781 20.21
10954 21.38
9114 20.50
9416 21.10
9088 20.32
10808 21.92
9271 20.44
9303 20.93
8578 20.48
10483 21.48
9109 20.37
9558 21.23
8469 20.43
27918 19.78
2608 26.10
7036 21.39
5984 21.38
11376 20.05
6976 20.28
8546 20.31
8098 19.80
11495 20.35
8008 20.03
10476 20.09
8146 20.08
12147 20.72
8102 20.20
9659 20.64
8605 19.91
12145 20.58
8079 20.25
9652 20.61
9026 20.11
12490 20.83
8927 20.53
10176 21.20
9007 20.61
12470 21.38
8593 21.04
9533 21.56
8738 21.09
12574 21.54
8893 21.38
9924 21.93
9172 21.51
23853 21.13
3954 25.56
9033 22.15
6784 22.32
12241 21.59
7462 21.41
8936 22.10
8380 21.03
11470 21.90
8070 21.19
9152 21.82
8888 21.16
12015 22.03
8614 21.19
9273 22.35
7547 22.10
12147 22.19
8524 21.41
9323 22.27
8019 22.13
11994 22.10
8621 21.31
9465 22.24
8566 21.29
11937 22.38
8531 21.94
9545 23.03
9191 21.94
12555 23.21
8778 22.44
9347 23.67
8937 22.50
25826 21.04
3798 26.92
9017 23.74
6733 24.53
13661 23.28
7842 23.63
10923 23.30
8626 23.65
14842 22.99
7912 23.50
11173 23.22
8172 23.63
11406 24.90
7211 24.42
8227 25.36
7120 24.67
10133 25.58
7789 23.73
8999 24.55
8783 22.86
9664 25.80
9205 23.25
9393 24.20
8399 23.06
10166 24.95
8529 23.36
10631 23.29
7799 23.23
10617 24.68
8721 23.28
10452 23.62
7928 23.20
26571 21.40
3867 26.91
8737 24.81
7558 24.51
13778 23.96
7437 24.54
10900 24.15
8062 24.23
13919 24.18
7533 24.59
9677 25.27
8287 24.59
13131 24.66
7489 24.90
9704 25.04
8110 24.50
