14283 26.42
4772 26.65
11076 23.24
9781 22.60
11410 25.01
9931 22.73
12401 22.56
7891 22.66
11486 23.98
8742 22.42
10801 22.13
8295 21.78
11217 22.78
9022 21.91
11580 21.70
8527 21.92
11676 23.78
9536 22.03
11271 22.04
8704 22.04
11838 22.67
8975 22.02
11273 21.50
8487 22.04
11743 22.58
8830 21.60
10809 21.75
8800 21.05
11937 22.15
8498 21.27
10709 21.21
8318 21.23
25701 20.13
4743 22.66
8138 21.51
6964 21.00
11657 20.48
7176 20.00
10820 19.34
9189 18.96
11746 20.00
8387 19.41
10719 19.63
8906 19.38
12468 20.47
9045 19.62
10653 19.82
9249 19.54
11895 20.56
9592 19.55
10553 20.07
9276 19.38
11800 20.54
9489 19.30
10967 19.44
9033 19.27
11920 20.26
9045 19.41
10981 19.58
8841 19.47
12070 20.47
8830 19.47
11450 19.54
8469 19.42
30887 18.59
2895 25.12
8559 20.29
7621 19.83
12533 19.53
7995 19.80
9638 19.82
8892 18.88
12739 19.40
8689 19.01
9201 19.49
8972 18.72
12430 19.35
9274 18.71
10761 18.96
9108 18.72
11727 19.65
9298 18.65
11021 18.76
8940 18.56
11943 19.30
9243 18.67
10621 18.97
8603 18.84
11904 19.82
9709 18.73
10777 19.17
9055 18.82
11846 19.89
10478 18.78
10921 19.07
9012 18.82
29055 18.85
4153 21.98
9537 19.61
8107 19.40
11841 19.97
8054 19.62
8631 20.28
8782 19.44
11127 20.49
10761 18.82
10339 19.64
10343 18.93
11100 20.58
10941 19.14
10653 19.90
9718 19.36
11578 20.42
9806 19.47
11174 19.82
9501 19.70
12029 20.76
10179 19.74
10458 20.45
10127 19.91
11861 21.28
10010 20.03
10428 20.39
9362 19.91
11684 20.59
9821 19.90
11069 20.26
8953 20.15
29865 19.30
3286 24.80
7818 20.56
6792 20.48
12914 19.29
8109 19.39
9561 19.69
8908 19.08
13083 19.43
9048 19.32
11190 19.51
9295 19.39
12873 20.21
9114 19.71
11059 19.84
9235 19.42
12200 20.52
9617 19.51
10698 20.19
10464 19.51
12386 20.75
10213 19.95
10661 20.88
10232 20.06
12926 21.14
9763 20.39
10671 20.92
10465 20.25
12901 21.40
10261 20.65
10190 22.10
10226 20.87
28915 19.71
4214 24.68
9562 21.73
7482 21.75
13832 20.53
7929 20.85
10344 20.92
9041 20.25
13327 20.67
8622 20.58
9915 21.14
8822 20.82
13028 21.24
9612 20.57
10219 21.54
8383 21.31
12604 21.86
10079 20.44
9793 22.17
9944 20.97
12437 21.76
9787 20.62
10497 21.58
9748 20.62
12713 21.96
9560 21.24
10770 22.27
10108 21.31
12684 23.00
10160 21.69
10719 22.84
9997 22.08
29025 20.18
4387 25.49
10142 22.94
7561 23.25
14951 22.28
8703 23.09
12109 22.78
9389 22.81
16187 22.29
8848 22.77
12075 22.69
9259 22.67
13315 23.59
8260 23.35
9788 23.80
7731 24.05
12201 24.28
8466 23.20
8114 25.17
8364 23.13
11372 24.67
10085 22.33
11340 22.66
9214 22.34
11775 23.70
9723 22.36
11167 22.99
9150 22.67
13065 23.16
8400 23.35
11867 22.58
9250 22.55
29149 20.72
4345 25.95
9765 23.89
8661 23.98
15199 23.31
8603 23.58
12144 23.52
9284 23.67
14813 23.68
8296 23.90
9745 24.99
8009 24.79
13321 24.38
8169 24.49
10112 24.79
9647 23.44
