15876 25.57
5484 25.12
12418 22.64
11224 21.94
12064 24.29
11118 22.23
12621 22.48
9051 22.17
12357 23.48
9858 21.61
12558 21.31
8687 21.29
12261 22.20
10120 21.37
12272 21.13
9342 21.38
12923 23.07
10184 21.43
12545 21.31
9568 21.15
12860 22.18
10134 21.34
12001 21.18
9230 21.42
12972 22.04
9502 21.32
11982 20.93
9512 20.78
12830 21.85
9292 20.58
11824 20.61
9068 20.49
28526 19.40
5195 22.23
8921 20.96
7852 19.98
13696 19.42
7811 19.35
11596 18.93
10235 18.39
13243 19.24
8773 18.83
12490 18.79
9341 19.02
13437 19.74
9882 19.03
11832 19.18
9983 19.09
13059 20.08
10824 19.08
12182 19.34
9917 18.96
12931 19.87
10218 18.86
11736 19.10
10133 18.54
13060 19.56
10438 18.78
13084 18.79
9549 18.91
13033 19.93
9889 19.00
11999 19.10
9661 18.93
34299 17.94
2978 24.91
9498 19.78
7612 19.96
14634 18.77
8773 18.86
10452 19.13
9715 18.39
13398 18.87
10039 18.40
9787 19.24
10140 18.12
13503 18.98
10181 18.32
12155 18.46
10175 18.28
13074 18.79
10222 18.33
11723 18.35
9938 18.10
12980 18.73
10388 18.18
11638 18.53
10240 18.29
13062 19.13
9411 18.61
11225 18.80
10454 18.22
13013 19.21
11174 18.31
12199 18.64
10360 18.30
32481 18.17
4098 21.92
10913 19.08
9016 18.86
13528 19.24
9440 18.86
9205 19.85
9239 19.27
12496 19.52
10697 18.65
10992 19.27
11896 18.33
12603 19.99
11379 18.73
11353 19.38
11128 18.66
12557 20.00
10598 18.99
11734 19.40
11007 19.14
13005 20.19
11041 19.33
12093 19.87
11116 19.37
13105 20.61
10892 19.49
11922 19.67
10266 19.39
12400 20.21
10858 19.42
12179 19.59
10320 19.28
32630 18.72
3646 24.50
8624 19.99
7722 19.79
14102 18.90
8884 19.02
10688 19.06
9729 18.66
14307 18.94
10121 18.79
11838 19.15
10428 18.72
14614 19.24
9939 19.06
12256 19.16
10162 18.99
14152 19.44
10165 19.01
11852 19.43
11136 19.11
14140 19.91
11030 19.35
11947 20.05
11076 19.54
14604 20.15
10563 19.77
11527 20.22
11457 19.68
14758 20.58
10513 20.07
11807 20.85
10711 20.25
30640 19.30
4994 23.77
10862 21.00
8130 20.88
15080 19.88
8809 20.29
11212 20.39
8981 20.38
14465 20.13
9668 19.89
10902 20.42
10890 19.66
14073 20.74
10717 19.87
11307 20.95
9992 20.28
14757 20.74
9833 20.39
11468 20.87
9711 20.89
14422 20.79
10480 19.99
11517 20.92
10561 19.96
13437 21.43
9914 20.93
11962 21.39
11292 20.43
14019 22.14
10975 21.32
11528 22.40
10757 21.28
31627 19.57
5052 24.70
11341 22.22
8654 22.54
16479 21.55
9709 22.15
13055 21.92
10524 21.94
17360 21.63
9787 21.94
13446 21.77
9941 21.99
14802 22.89
9172 22.56
10910 22.96
9084 22.67
13233 23.61
8939 22.62
9787 23.67
9934 22.16
12045 23.87
10120 22.23
11405 22.62
10496 21.62
11992 23.59
10789 21.71
12766 22.15
9928 21.79
14246 22.69
9258 22.56
12928 22.10
10058 21.83
31885 20.06
4825 25.69
10716 23.10
9434 23.27
16394 22.43
9602 22.87
13372 22.76
10126 22.88
16769 22.68
9450 23.10
11826 23.50
10341 23.09
15655 23.26
9386 23.45
11847 23.33
10032 22.73
