16121 25.44
5808 24.76
12631 22.51
11257 21.88
12246 24.17
11435 22.01
12966 22.30
9270 21.91
12888 23.15
9920 21.63
12071 21.51
8779 21.39
12491 22.15
10378 21.34
12423 21.10
9539 21.45
13143 22.76
10266 21.37
12812 21.28
9657 21.40
13113 21.99
10276 21.12
12304 20.98
9554 21.19
13642 21.64
9595 20.99
11801 20.96
10236 20.39
13081 21.43
9378 20.62
12089 20.44
9233 20.34
29297 19.24
5393 22.12
9074 20.82
7996 19.99
12721 19.64
8272 19.15
11553 19.09
10023 18.48
13223 19.19
9482 18.86
12211 18.84
10508 18.70
13226 19.86
10021 18.92
12298 19.08
10345 18.87
12612 20.23
11298 18.87
12219 19.28
10302 18.88
12984 19.95
10630 18.78
13447 18.59
9733 18.78
13916 19.19
9714 18.82
11827 19.05
10410 18.55
13187 19.74
10267 18.87
12454 18.94
9710 18.85
34586 17.90
3151 24.81
9953 19.59
7850 19.74
14551 18.77
8750 18.95
10712 18.91
9789 18.35
13653 18.74
10179 18.43
11021 18.71
10449 18.07
13263 18.82
10604 18.30
12403 18.36
10253 18.20
13254 18.74
10533 18.19
12629 18.04
9824 18.00
13235 18.59
10442 18.12
11996 18.38
9864 18.29
13522 18.94
11005 18.14
11773 18.52
10661 18.10
13527 19.12
11364 18.26
12170 18.64
10394 18.24
32793 18.11
4365 21.61
10726 19.09
8200 19.25
14218 19.00
10530 18.57
10552 19.20
9305 19.14
12360 19.66
10520 18.73
11230 19.17
11811 18.41
12859 19.75
11594 18.64
11616 19.30
11080 18.63
12804 19.87
11076 18.89
11774 19.48
11163 19.05
13312 20.02
11502 19.16
12156 19.75
11014 19.30
13568 20.43
11067 19.26
12040 19.45
10487 19.25
13036 19.92
11145 19.28
12367 19.61
10278 19.24
35523 18.23
2771 26.53
8926 19.85
7553 19.86
14340 18.82
9286 18.87
10487 19.03
10526 18.43
14019 19.03
10192 18.75
12127 19.08
10771 18.57
15108 19.18
10110 18.98
12360 19.27
10623 18.80
14949 19.23
10316 18.86
12136 19.25
11115 18.96
15366 19.39
10681 19.39
12821 19.63
11175 19.29
15703 19.73
10645 19.73
12361 19.95
10357 19.96
15697 20.02
10544 20.02
12533 20.36
10836 20.13
28374 19.85
4658 24.02
11313 20.62
8533 20.98
14912 20.12
9304 19.95
10866 20.52
9578 19.99
13957 20.31
10034 19.73
11267 20.39
11304 19.55
14417 20.76
10972 19.80
11497 20.92
9634 20.41
14949 20.69
9761 20.26
11507 20.74
10068 20.66
14539 20.74
10721 19.94
11601 20.92
10834 19.80
13867 21.31
10843 20.31
12050 21.36
11374 20.56
14862 21.77
11114 21.03
11754 22.18
11291 21.16
31573 19.58
5079 24.45
11452 21.92
8703 22.57
16666 21.45
9867 22.17
13242 21.88
10634 22.04
17699 21.54
10056 21.75
13517 21.81
10115 21.93
14975 22.62
9206 22.53
11222 22.94
9240 22.69
13761 23.48
8944 22.36
9906 23.58
9090 22.21
12216 23.71
10213 21.98
11986 22.40
10601 21.41
13418 22.84
10698 21.57
11790 22.51
10430 21.63
14349 22.53
9578 22.52
13323 21.81
10183 21.84
32677 19.90
4800 25.51
10924 22.87
9770 22.83
16823 22.26
9670 22.81
13647 22.42
10408 22.62
17071 22.46
9532 22.95
11917 23.29
9843 23.20
16058 23.08
9748 23.01
11867 23.47
10256 22.61
