16396 25.30
5771 24.54
13214 22.30
11362 21.62
12647 24.07
11379 21.83
13132 22.08
9666 21.80
12968 23.19
10235 21.29
13142 21.10
8715 21.15
12795 21.97
10518 21.03
12759 20.86
9708 21.20
13341 22.74
10446 21.37
13048 21.17
9843 21.10
13399 21.99
10212 21.13
12723 20.89
9651 21.06
13538 21.65
9915 20.74
12014 20.71
10393 20.45
13274 21.33
9612 20.36
12185 20.25
9412 20.24
30002 19.08
5497 22.15
9333 20.45
8150 19.92
14154 19.17
8193 19.19
11022 19.02
10703 18.30
13751 18.99
9331 18.76
12591 18.54
9968 18.80
15129 19.06
9858 18.83
11916 19.03
10685 18.68
14308 19.33
10755 18.89
11997 19.16
10341 18.82
13427 19.72
11051 18.52
12436 18.72
10328 18.41
13374 19.32
10348 18.69
12144 18.87
10840 18.44
14213 19.42
10231 18.78
12074 18.87
10335 18.57
33891 18.03
3805 23.54
10039 19.38
8083 19.62
14754 18.66
9505 18.66
10896 18.90
9775 18.37
13943 18.61
10493 18.33
11015 18.57
10485 18.03
13685 18.87
10809 18.22
12459 18.34
10533 18.22
13423 18.62
10715 18.13
12743 18.12
9958 17.93
13465 18.45
10898 17.99
12807 17.94
10530 18.09
13491 19.12
10946 18.13
12798 18.19
10714 18.15
13480 19.19
11289 18.30
12503 18.56
10642 18.21
33185 18.03
4477 21.33
10905 19.07
8153 19.21
14413 18.91
11124 18.34
11736 18.80
9799 18.82
12499 19.58
10819 18.61
11169 19.25
12073 18.28
12931 19.83
11892 18.57
11595 19.27
11542 18.59
12804 19.78
11050 18.82
11631 19.56
11869 18.87
13172 20.03
11424 19.15
12358 19.68
11296 19.18
13966 20.07
10858 19.28
11461 19.63
10191 19.24
13144 19.71
11623 19.12
12387 19.51
10660 19.05
35920 18.16
2901 26.04
9351 19.50
8217 19.51
14523 18.67
9626 18.74
10694 19.04
9222 18.89
14524 18.86
10021 18.90
12804 18.84
10958 18.64
15590 19.00
10642 18.89
12584 19.14
10781 18.77
15373 19.11
10490 18.86
12287 19.24
11259 18.88
15535 19.45
10945 19.25
13146 19.54
10348 19.61
16247 19.60
10759 19.65
12419 19.83
10470 19.82
15880 19.92
10317 20.13
13032 20.09
11086 19.95
29966 19.44
4496 24.30
11521 20.54
8658 20.76
14466 20.37
9144 20.20
10707 20.89
10263 19.84
13361 20.81
10714 19.60
11697 20.17
11455 19.50
13840 20.85
11290 19.66
11880 20.67
11382 19.68
14038 21.01
9434 20.69
11899 20.69
10947 20.17
13448 21.35
11241 19.80
11715 20.83
11472 19.72
13557 21.58
11355 20.23
12237 21.31
11691 20.29
15058 21.67
11574 20.94
11821 22.16
11177 21.11
32332 19.41
5152 24.76
11373 22.22
8730 22.41
16778 21.49
9985 22.08
13736 21.66
10603 21.78
16791 21.97
10079 21.76
12679 22.28
10654 21.77
16465 21.88
9668 22.09
12200 22.27
10203 21.93
14669 22.78
9267 22.20
10043 23.25
10058 21.98
13557 23.24
9302 22.78
10544 23.04
11355 21.35
13296 22.83
10787 21.44
12989 21.93
10332 21.51
14803 22.18
9651 22.36
13552 21.58
10124 21.75
33108 19.80
5000 25.61
11203 22.96
9994 22.91
17055 22.20
9933 22.64
13779 22.58
10608 22.43
17219 22.43
9819 22.80
12113 23.03
10135 23.08
16253 22.98
9931 22.85
12027 23.01
10366 22.57
