16998 25.03
6173 24.57
13438 22.23
11722 21.39
12900 23.78
11697 21.68
13596 21.79
9810 21.46
13062 22.91
10801 21.12
13695 20.72
9498 20.89
13084 21.87
10854 20.69
13262 20.66
9940 20.98
13862 22.13
10739 21.01
13692 20.87
10230 20.85
13623 21.66
10609 21.00
13101 20.66
10166 20.74
13900 21.41
10246 20.55
12593 20.41
10740 19.96
13861 21.07
9841 20.24
12819 19.96
9673 20.08
31230 18.83
5805 21.67
9658 20.16
8588 19.50
14800 18.93
8747 18.89
11803 18.68
9687 18.49
13995 18.86
10093 18.45
12998 18.43
10217 18.56
14033 19.43
11185 18.49
12593 18.77
11032 18.73
13913 19.65
11773 18.62
12530 19.04
10354 18.74
13963 19.40
11044 18.47
12334 18.66
10609 18.33
13720 19.20
11128 18.36
12695 18.71
10728 18.46
13893 19.41
11020 18.51
12673 18.74
10683 18.50
37225 17.40
2989 25.27
10314 19.31
8251 19.50
15355 18.55
9776 18.43
11407 18.68
10736 18.07
14507 18.48
10872 18.23
11612 18.43
10714 17.90
12952 18.88
11443 18.01
12560 18.28
11070 17.98
13835 18.52
11150 17.94
13343 17.79
10266 17.86
13990 18.33
11213 17.88
13182 17.94
10869 17.84
13933 18.74
11503 18.01
13637 17.97
10966 18.04
14038 18.91
11761 18.09
12889 18.39
10673 18.04
34071 17.85
4790 21.26
11371 18.90
8575 19.03
14829 18.81
11425 18.29
11264 18.89
10926 18.43
12914 19.33
10858 18.61
11743 19.05
12459 18.12
13532 19.43
12650 18.40
11878 19.14
11657 18.44
12851 19.87
11604 18.58
12461 19.13
12051 18.74
13754 19.87
11816 19.04
12966 19.42
11806 19.13
14161 20.03
11582 19.14
12792 19.22
10926 19.10
13840 19.58
11443 19.11
12687 19.42
10965 19.05
35929 18.12
3388 25.12
9591 19.52
8397 19.44
15333 18.50
10001 18.45
11065 18.85
10849 18.33
14633 18.82
10869 18.52
12691 18.76
11295 18.38
16003 18.73
10577 18.73
12480 19.06
11028 18.60
14868 19.17
10653 18.76
12498 19.17
11891 18.68
15272 19.35
11694 19.05
12680 19.76
12112 19.05
15465 19.85
11477 19.39
12101 19.93
11519 19.55
15497 20.21
11794 19.63
12652 20.42
11596 19.95
32925 18.80
5319 23.03
11527 20.41
8843 20.53
16258 19.47
9602 19.54
12195 19.82
10075 19.59
15438 19.51
10443 19.41
11643 20.01
11881 19.17
15927 19.91
11017 19.55
12815 19.88
10315 19.88
16503 19.87
10687 19.71
12813 20.02
10777 20.01
16125 19.93
10502 19.96
13099 20.16
10577 19.73
16761 19.95
10383 20.16
13112 20.46
10518 20.69
17273 20.64
10854 20.89
13048 21.45
10666 21.11
29425 20.10
5686 24.25
12542 21.28
9559 21.63
17085 21.19
10800 21.44
13141 21.96
10544 22.07
17536 21.63
10584 21.72
13355 22.11
10895 21.52
17327 21.76
10162 21.78
12861 21.93
10306 21.83
16355 22.04
9986 21.68
11224 22.36
9923 21.64
14917 22.10
9696 22.03
11409 22.31
10026 21.79
14832 22.13
10977 21.40
11800 22.39
11189 21.48
15297 22.27
11304 21.41
11739 22.52
11574 21.17
30951 20.30
6234 24.13
11795 22.43
10399 22.57
17469 22.02
10539 22.25
14199 22.22
11001 22.11
17819 22.08
10234 22.55
12627 23.11
10537 22.85
16734 22.61
10245 22.67
12644 22.87
10788 22.40
