18174 24.43
6783 23.96
13278 22.16
13183 20.86
13879 23.24
12792 21.08
14380 21.42
10480 21.18
14370 22.18
11340 20.72
14524 20.41
10140 20.41
14386 21.19
11359 20.31
14121 20.23
10634 20.59
14841 21.72
11384 20.65
14497 20.45
10927 20.38
14766 21.20
11511 20.39
13680 20.23
10733 20.25
14555 21.06
11259 20.04
13182 20.12
11663 19.49
15081 20.49
10550 19.75
13452 19.55
10824 19.44
34143 18.26
5924 21.41
10402 19.97
9097 19.10
15763 18.65
9653 18.46
11513 18.76
10503 18.16
15601 18.34
10531 18.15
13707 18.14
11091 18.31
15115 19.05
11627 18.25
13298 18.54
11825 18.25
14772 19.31
12396 18.26
13661 18.52
11965 18.14
14674 19.07
11902 18.20
13904 18.22
11539 18.02
14790 18.85
11525 18.13
13716 18.31
11236 18.14
14891 19.02
11557 18.25
13734 18.46
11018 18.29
37870 17.29
3899 23.04
11349 18.93
10199 18.56
16465 18.23
10419 18.36
12132 18.41
11016 17.79
15332 18.15
11437 17.96
10851 18.49
11791 17.70
14458 18.29
11987 17.66
13876 17.83
11677 17.66
14869 18.18
11592 17.59
13334 17.72
11789 17.33
14683 18.03
12089 17.54
13942 17.57
11479 17.51
14842 18.45
12287 17.66
14270 17.83
11567 17.80
15101 18.61
12702 17.87
13617 18.12
11393 17.89
37275 17.28
4379 21.46
12570 18.49
10603 18.29
15121 18.74
11032 18.24
10607 19.01
10815 18.64
13895 18.96
12381 18.14
12477 18.65
13351 17.82
14116 19.18
13487 18.07
12152 19.11
12318 18.20
14732 19.00
12212 18.31
13968 18.64
12442 18.46
14882 19.29
12999 18.66
13588 19.13
12441 18.78
15143 19.79
12161 18.76
13657 18.84
11636 18.69
14781 19.32
12363 18.66
13620 18.94
12000 18.65
37383 17.85
4079 23.25
10182 19.10
9048 19.02
16565 18.16
10534 18.21
11635 18.54
11716 18.00
15733 18.41
11707 18.16
13470 18.50
12015 18.18
16851 18.54
11349 18.40
13623 18.65
11564 18.32
15767 18.79
11775 18.35
13191 18.85
12696 18.44
16109 19.24
12970 18.74
13267 19.45
12678 18.77
15974 19.61
12321 19.08
12971 19.61
12020 19.36
15667 19.99
12695 19.27
13534 19.94
12649 19.42
36307 18.16
5556 23.21
11869 20.10
9449 20.10
17286 19.12
10320 19.30
12806 19.44
10422 19.21
16307 19.25
11254 19.04
12100 19.79
11673 19.20
15622 19.89
12693 18.96
12799 20.00
11249 19.55
16433 19.84
12177 19.22
12693 20.02
11925 19.58
15709 20.05
12761 19.06
13317 20.12
12642 19.09
15832 20.31
11996 19.50
13240 20.68
11884 20.14
16927 20.78
12336 20.33
12939 21.41
12518 20.34
35819 18.76
5749 23.99
12497 21.39
9720 21.70
18605 20.68
11019 21.20
15389 20.94
12218 20.95
19480 20.79
11522 21.08
14957 21.04
11539 21.17
16415 22.04
10327 21.78
12361 22.32
10512 21.84
14919 22.64
10353 21.54
11356 22.42
11169 21.26
13859 22.89
11644 21.33
13946 21.25
11354 20.83
13458 22.56
12381 20.92
14350 21.33
11567 20.84
15940 21.89
10787 21.74
14470 21.14
11714 20.97
35897 19.22
5830 24.77
12427 22.22
10072 22.57
18683 21.47
11094 21.97
15189 21.72
11721 21.83
19643 21.41
10770 22.04
14739 21.76
11514 21.82
17674 22.19
10892 22.16
13445 22.33
11441 21.90
