18941 24.09
7187 23.35
15452 21.23
13118 20.67
14324 22.90
13619 20.82
15319 21.01
11460 20.61
14508 22.13
12133 20.42
15055 20.21
10595 20.13
15227 21.02
12122 20.11
14354 20.06
11270 20.36
15525 21.41
11866 20.36
15056 20.32
11447 20.14
15479 20.92
11714 20.25
14744 19.89
11250 20.04
15932 20.66
11381 19.76
13995 19.85
12159 19.28
15158 20.46
11274 19.44
13975 19.46
11482 19.26
36223 17.88
6041 21.18
11177 19.58
9962 18.82
16609 18.32
9946 18.34
12007 18.52
11104 17.97
15778 18.22
11220 17.83
14294 17.92
11922 17.98
15453 18.75
12498 18.10
14169 18.20
11923 18.14
15585 18.95
12790 18.14
14572 18.27
12600 18.01
15528 18.83
12533 17.83
15271 17.78
11711 17.86
15576 18.54
11930 17.86
14333 18.12
11850 17.97
16534 18.51
11809 18.14
13832 18.24
11761 17.97
41318 16.62
3318 24.33
12031 18.61
10811 18.22
16228 18.22
11504 17.95
12712 18.16
11809 17.53
15614 18.20
10850 17.99
11784 18.21
12406 17.33
15090 18.39
12889 17.53
14365 17.72
12593 17.46
15318 18.03
12558 17.42
14396 17.54
12049 17.39
15484 17.85
12822 17.31
14238 17.50
12200 17.44
15571 18.19
12468 17.52
14826 17.60
12210 17.53
15737 18.42
12884 17.80
14487 17.92
12121 17.65
38309 17.10
5041 20.78
13276 18.21
9654 18.54
17300 18.07
11601 18.04
11871 18.49
10992 18.38
15789 18.34
12151 18.03
12784 18.46
14206 17.51
16064 18.50
13149 17.93
13252 18.52
12687 17.95
15529 18.75
12353 18.15
13934 18.50
13119 18.19
16037 18.92
12907 18.44
14200 18.85
13216 18.43
15631 19.42
13109 18.46
14344 18.62
12360 18.35
15242 18.94
13211 18.46
14527 18.71
12452 18.43
41731 17.07
3129 25.17
10977 18.86
9529 18.84
17184 17.95
11466 17.95
12588 18.17
12118 17.86
16492 18.27
12388 17.93
14284 18.17
11569 18.13
17186 18.31
12146 18.20
14658 18.30
12306 18.11
17874 18.30
11893 18.19
14240 18.45
11709 18.44
17182 18.66
13221 18.48
15030 18.93
12829 18.67
18285 18.89
12215 18.90
14269 19.02
12340 19.18
17992 19.25
12876 19.13
14577 19.41
12638 19.28
31999 19.03
6459 21.81
13552 19.72
10059 19.80
18386 18.91
11215 19.03
13441 19.26
11081 19.05
17135 19.05
10776 19.17
13008 19.39
12038 19.08
15999 19.73
13595 18.71
13132 19.72
11575 19.49
16958 19.59
11904 19.28
13581 19.70
12450 19.37
16668 19.72
12374 19.17
14151 19.88
13389 18.87
16852 19.91
12686 19.34
13530 20.36
13701 19.47
17222 20.67
12985 19.99
13607 21.15
12960 20.23
36629 18.63
6530 23.12
13329 21.00
10184 21.44
19522 20.40
11612 20.82
15490 20.66
12674 20.78
20664 20.39
11640 20.76
15886 20.67
12014 20.84
17188 21.62
10842 21.53
12846 21.88
10388 21.86
15483 22.33
10663 21.36
12963 21.66
11390 20.85
14431 22.50
11952 21.10
14800 20.94
12281 20.48
15310 21.79
12402 20.68
14810 21.02
11941 20.62
16759 21.54
11230 21.45
15715 20.77
12147 20.67
38017 18.82
6043 24.86
13133 21.95
10270 22.65
19195 21.24
11802 21.43
15760 21.35
12234 21.42
20301 21.20
11273 21.57
15236 21.36
12026 21.52
18704 21.81
11339 22.14
14006 22.05
12198 21.68
