19331 23.91
7501 23.21
15530 21.18
13439 20.61
14789 22.75
13405 20.61
14248 21.34
12089 20.47
15109 21.85
12177 20.22
14999 20.12
10842 20.08
15485 20.82
12344 19.90
14560 20.03
11692 20.14
15740 21.26
12227 20.19
14886 20.18
11650 20.02
16075 20.65
11608 20.10
13730 20.10
11866 19.84
16037 20.43
10672 19.92
14616 19.59
12099 19.25
15533 20.19
11706 19.26
15420 19.02
11383 19.03
37212 17.72
5813 21.62
11542 19.38
10075 18.78
17172 18.16
10296 18.18
12295 18.49
11302 17.93
15978 18.22
11588 17.76
14247 17.97
12961 17.69
16303 18.63
12063 18.04
14223 18.10
12516 17.94
15555 18.83
12967 18.06
14703 18.23
12470 17.92
15629 18.77
12568 17.86
13994 18.12
12516 17.61
16195 18.35
12143 17.84
14218 18.07
11931 17.82
15745 18.70
12171 18.00
15029 18.03
11665 17.89
41478 16.59
3649 23.47
12852 18.41
10993 18.19
16484 18.15
11490 17.92
12891 18.15
11852 17.51
15619 18.13
11446 17.89
11722 18.25
12991 17.14
15460 18.22
12827 17.59
14233 17.78
12719 17.41
15540 18.01
12688 17.33
14485 17.34
12557 17.13
15467 17.86
13179 17.22
14330 17.48
12452 17.22
15755 18.08
12985 17.39
14687 17.61
12573 17.51
15843 18.27
13670 17.61
14350 17.88
12574 17.47
38642 17.04
5339 20.49
13594 18.22
9969 18.38
17946 17.99
11647 18.07
12192 18.47
11161 18.31
16076 18.24
12160 17.96
12956 18.34
14081 17.56
16095 18.43
13514 17.81
12924 18.63
13163 17.83
15374 18.70
12415 18.08
14678 18.45
13425 18.10
15769 18.91
13511 18.31
14385 18.74
13741 18.38
15784 19.40
13209 18.42
14583 18.57
12646 18.28
15269 18.99
13376 18.41
15918 18.34
12145 18.42
41950 17.08
3370 24.86
11134 18.73
10133 18.58
17408 17.93
11472 17.98
12804 18.15
11051 18.13
16893 18.15
12625 17.84
14541 18.15
11558 18.16
17962 18.10
12376 18.12
14763 18.32
12497 18.02
17999 18.27
12053 18.14
14884 18.28
13020 18.13
17661 18.48
13542 18.42
15027 18.89
13060 18.58
18294 18.77
12381 18.81
14517 18.89
12462 19.07
17871 19.24
12857 19.02
14688 19.47
12785 19.16
35083 18.40
5117 23.65
13218 19.69
10126 19.66
17479 19.04
11102 19.12
12965 19.32
10981 19.20
16034 19.40
12354 18.70
13194 19.47
13832 18.52
16517 19.59
13391 18.75
13682 19.67
12181 19.22
16846 19.66
11998 19.22
13551 19.73
12276 19.32
16470 19.74
12021 19.24
14612 19.72
13441 18.73
15710 20.40
13567 19.09
14243 20.08
14085 19.27
17084 20.67
13455 19.86
13887 21.05
13338 20.06
38684 18.24
5850 23.44
13422 20.92
10349 21.23
19721 20.25
11864 20.88
15955 20.62
12777 20.59
20704 20.28
11875 20.68
16046 20.60
12309 20.54
17414 21.51
11075 21.36
13162 21.78
10952 21.34
15702 22.29
11349 21.12
11972 22.43
10868 21.26
14701 22.31
12267 20.86
13760 21.36
11824 20.77
15185 21.87
13086 20.39
15481 20.76
12267 20.52
15774 21.89
11985 21.15
15467 20.67
12429 20.55
37744 18.87
6762 23.92
13366 21.80
11798 21.85
19414 21.14
11690 21.37
16067 21.30
12395 21.33
20685 21.14
11545 21.57
15323 21.36
12220 21.56
17432 22.23
10956 22.20
13113 22.56
11407 22.13
