2895 44.87
474 47.28
968 44.67
883 43.54
1389 44.42
966 41.69
1442 41.07
1051 40.85
1524 41.30
918 41.49
1368 40.20
1051 38.96
1449 40.59
1037 40.95
1313 39.84
1229 39.09
1584 42.95
1115 40.19
1275 40.36
1153 38.73
1546 40.83
1155 40.00
1313 39.16
1079 40.17
1536 39.92
1007 40.02
1509 38.72
917 39.72
1552 39.45
948 38.97
1428 37.56
966 39.33
2535 40.20
609 41.04
1174 38.33
1269 36.41
1395 38.33
891 37.54
1406 35.96
1043 37.58
1446 37.36
1069 38.58
1424 37.26
1039 38.26
1545 38.53
925 36.60
1360 37.66
1100 36.50
1612 37.79
1091 37.58
1361 37.26
1095 36.86
1533 37.34
1011 37.82
1481 35.84
971 34.74
1619 37.88
1114 36.81
1365 37.42
1231 36.48
1690 38.18
888 37.61
1303 36.77
1120 35.85
3086 37.73
664 39.83
887 41.88
926 38.74
1457 38.64
959 38.73
1283 37.95
1087 37.55
1445 37.96
1054 37.12
1423 35.88
1074 35.92
1526 37.55
1115 37.17
1340 36.35
1172 36.88
1564 36.73
1074 36.46
1340 36.44
1166 36.14
1558 37.35
1281 35.14
1329 38.10
1273 36.51
1582 37.88
1148 36.73
1343 37.22
1088 36.21
1529 37.87
1205 36.73
1351 35.99
1132 34.26
3403 36.31
712 39.24
1028 40.12
1006 37.69
1410 39.17
1078 36.65
1275 36.01
1227 35.56
1504 37.43
1222 37.47
1335 37.99
1232 35.48
1559 38.13
1256 37.67
1571 37.28
1071 37.24
1554 38.05
1254 38.06
1563 36.94
1109 37.52
1640 39.40
1341 37.38
1349 38.81
1314 35.69
1568 38.85
1196 37.89
1230 38.87
1217 37.66
1527 38.14
1346 37.09
1432 37.84
1190 37.31
3632 36.91
583 40.32
856 39.88
817 38.90
1497 38.34
1028 38.53
1363 36.48
1097 36.61
1529 38.37
1160 35.30
1466 37.75
1133 36.70
1554 38.56
1252 37.93
1369 38.90
1182 37.13
1548 38.60
1222 37.08
1409 37.80
1221 36.82
1671 38.10
1238 37.86
1371 38.68
1376 37.70
1692 39.16
1182 37.55
1379 38.86
1418 36.89
1751 40.24
1314 38.29
1326 40.79
1475 37.41
3637 37.22
778 40.35
1199 40.90
1051 40.15
1590 40.91
981 40.70
1199 39.78
1231 40.25
1554 41.63
1150 39.50
1404 39.69
1133 38.67
1517 40.83
1254 38.92
1413 40.53
1266 38.53
1648 41.68
1071 39.25
1420 39.03
1275 39.57
1617 40.91
1164 39.23
1258 39.65
1161 39.30
1605 40.99
1086 41.36
1361 41.56
1300 38.28
1737 41.34
1277 39.45
1329 41.37
1412 39.78
3754 37.69
699 41.10
1329 40.61
1050 40.01
2008 40.69
1092 40.44
1498 40.82
1082 41.35
2038 40.52
1084 39.59
1489 40.16
1203 40.13
2091 40.89
1102 39.65
1458 39.99
1102 40.77
1841 39.99
985 40.13
1138 40.18
1051 39.79
1711 39.92
1034 40.02
1569 39.71
1014 39.50
1790 39.22
1223 39.22
1554 40.24
1047 40.27
1907 40.97
1110 39.56
1498 40.16
1102 39.73
4040 37.75
632 42.38
1334 40.68
1093 41.42
1891 42.71
1203 41.35
1284 43.01
1324 40.99
1599 43.60
1049 42.66
1271 42.42
1318 42.30
1539 43.71
1257 41.71
1626 41.27
1070 42.04
