20208 23.53
8321 22.52
16114 20.90
14248 20.26
13933 23.17
14782 20.47
16177 20.73
11974 20.26
15348 21.76
12749 20.08
15944 19.81
11111 19.79
16160 20.62
12809 19.71
15378 19.70
12413 19.63
16363 21.09
12723 20.06
15925 19.90
12159 19.76
16700 20.35
12456 19.76
15181 19.63
12220 19.60
16645 20.19
12030 19.40
14527 19.53
13444 18.85
16116 20.04
11993 19.11
14551 19.16
12133 18.92
38844 17.37
6231 21.21
12053 19.07
10989 18.46
17746 18.01
10755 18.01
12493 18.28
11851 17.64
16106 18.04
12245 17.55
14925 17.75
13333 17.47
16307 18.61
13307 17.65
15360 17.90
13392 17.66
16458 18.62
13673 17.83
14869 18.12
13039 17.74
16161 18.64
13296 17.67
16121 17.54
12678 17.51
16689 18.27
12714 17.53
14559 17.93
12660 17.62
16392 18.40
12650 17.80
15400 17.80
12091 17.74
43185 16.28
3784 23.06
13141 18.23
10265 18.40
18194 17.61
11913 17.70
13618 17.82
12402 17.27
17013 17.73
12813 17.37
12468 17.93
13154 17.08
15808 17.99
13689 17.24
14641 17.70
13671 17.15
16812 17.57
12991 17.15
15238 17.11
12978 16.94
16363 17.49
13312 17.15
15089 17.32
13100 17.11
17024 17.71
13616 17.14
14667 17.53
13558 17.20
17290 17.84
13670 17.40
14802 17.68
13317 17.28
40806 16.63
5340 20.41
14217 18.07
11716 17.73
18131 17.85
12339 17.78
12882 18.22
11346 18.23
16048 18.17
12938 17.72
13352 18.24
14743 17.32
16800 18.26
14011 17.68
13886 18.32
13855 17.55
16069 18.42
13078 17.83
14495 18.29
14508 17.82
16929 18.59
14020 18.07
14564 18.64
13945 18.21
16481 19.11
13616 18.20
15310 18.34
13049 18.10
16092 18.76
14109 18.14
15425 18.40
13353 18.20
41817 17.09
4342 22.51
11973 18.56
10830 18.39
18191 17.73
12194 17.67
13073 18.11
13249 17.49
17264 17.99
13055 17.76
15131 18.09
11969 18.11
18629 18.08
12805 18.00
15576 18.19
13218 17.85
18384 18.15
12779 17.91
14935 18.29
13971 17.96
18282 18.40
13889 18.27
15299 18.72
14121 18.30
18797 18.73
13125 18.67
14889 18.87
13080 18.78
18753 19.01
13715 18.79
15483 19.12
13201 19.01
36329 18.16
5304 23.41
14274 19.31
10353 19.65
18314 18.90
11898 18.76
13361 19.30
12193 18.67
16812 19.18
13045 18.45
13896 19.08
14356 18.20
17037 19.46
13929 18.62
13795 19.59
11919 19.29
15904 19.97
12772 19.11
14327 19.59
13311 19.06
16019 19.88
14230 18.56
15271 19.44
13660 18.68
16505 20.02
14084 18.86
14992 19.86
14477 19.11
17755 20.45
13953 19.76
14566 20.79
13729 19.78
40742 17.89
6034 23.36
14135 20.62
11093 21.07
20302 20.04
12393 20.62
16617 20.32
13660 20.28
21358 20.09
12480 20.41
16710 20.34
12887 20.28
17969 21.35
11493 21.14
13738 21.44
11581 21.10
16467 22.08
11254 21.23
12716 21.81
11346 21.08
15356 22.13
12648 20.68
14298 21.21
13655 20.08
16113 21.53
13490 20.27
15344 20.64
12819 20.24
17303 21.09
12000 20.94
16512 20.41
13057 20.34
39558 18.54
6933 23.64
13817 21.57
11042 21.90
20382 20.87
12379 21.06
16826 20.91
13306 20.91
21309 20.87
11978 21.21
16297 21.08
12777 21.17
19453 21.35
12146 21.55
14798 21.77
12678 21.28
