21721 22.97
9412 21.84
17181 20.56
15409 19.78
15052 22.43
15737 19.94
17268 20.25
12785 20.02
15802 21.46
14340 19.43
16972 19.49
12029 19.33
17047 20.21
13956 19.24
16374 19.29
13111 19.45
17481 20.52
13701 19.58
16967 19.44
13170 19.44
17600 19.84
13785 19.29
16070 19.25
13035 19.18
17718 19.85
13253 18.98
17103 18.74
13290 18.80
17311 19.51
13323 18.69
16832 18.38
12802 18.60
42161 16.84
6229 21.09
13222 18.70
11770 18.22
18700 17.75
11563 17.78
13743 17.83
12640 17.37
17057 17.76
13126 17.22
16655 17.26
13565 17.29
17583 18.12
14224 17.35
16159 17.52
14516 17.28
17728 18.16
14591 17.43
15980 17.73
13339 17.43
17575 18.17
14080 17.27
15539 17.59
13983 17.11
18097 17.76
13550 17.34
15794 17.55
13743 17.26
18025 17.97
13977 17.28
15924 17.60
13040 17.43
45981 15.87
4171 22.15
14259 17.96
11254 18.00
19673 17.29
12884 17.37
14566 17.56
13711 16.95
18164 17.43
13039 17.35
13284 17.65
14285 16.80
17201 17.67
14718 16.81
15625 17.25
14293 16.87
17233 17.43
14411 16.83
16081 16.94
14435 16.56
17252 17.39
14269 16.82
16386 16.91
14160 16.79
18295 17.38
14352 16.95
15805 17.28
14322 16.92
17505 17.78
15334 17.05
16264 17.34
14017 17.06
46164 15.73
4077 21.94
15249 17.71
11180 17.98
19441 17.57
13132 17.50
13775 17.98
12998 17.72
17323 17.85
13473 17.67
14609 17.84
16034 17.00
17678 18.01
15577 17.31
15178 17.99
14802 17.22
17205 18.24
14377 17.49
14877 18.19
15209 17.65
17820 18.41
15300 17.82
15333 18.50
15170 17.91
18214 18.62
14492 17.92
15805 18.11
13827 17.95
17213 18.28
14450 17.95
16309 18.11
14523 17.79
44365 16.61
4813 21.85
13357 18.15
11642 18.19
19444 17.38
12874 17.50
14040 17.79
12507 17.51
18483 17.64
14575 17.31
16265 17.64
14439 17.26
19529 17.73
13653 17.69
16123 17.93
14029 17.52
19962 17.79
13816 17.65
16189 17.90
14995 17.59
19844 18.08
14648 18.04
16814 18.33
14615 18.06
20271 18.29
13903 18.37
15719 18.61
13897 18.54
19728 18.70
14510 18.47
16379 18.95
14498 18.64
38981 17.64
5573 22.98
14729 19.17
11534 19.12
19537 18.51
12582 18.46
14159 18.87
12315 18.55
17480 18.80
14309 18.07
14770 18.81
15425 17.97
18455 18.91
13685 18.54
15136 19.07
12606 18.85
16857 19.63
15571 18.28
15283 19.14
16073 18.32
16792 19.62
14133 18.56
16223 19.11
15171 18.26
18119 19.47
14622 18.70
16597 19.23
14942 18.89
19250 19.86
14947 19.24
15118 20.28
14937 19.39
43157 17.49
6824 22.67
15381 19.99
11868 20.59
21740 19.62
13562 19.98
17831 19.88
14477 20.08
22952 19.74
13350 20.10
17603 19.95
13626 20.06
18784 20.95
12366 20.71
14302 21.10
11615 20.89
17462 21.64
12633 20.40
13139 21.48
12459 20.54
16225 21.68
13900 20.24
15510 20.55
14623 19.59
17036 21.01
14285 19.84
17032 20.00
13953 19.83
18251 20.80
12990 20.48
17350 19.99
14324 19.81
42930 17.96
7210 23.59
15080 21.01
11785 21.51
21575 20.52
13327 20.61
18157 20.46
14239 20.50
22865 20.38
12888 20.85
17236 20.59
13554 20.87
20689 21.16
13075 21.03
15816 21.39
13527 20.76
