22525 22.71
9801 21.64
17428 20.36
15929 19.68
15307 22.39
16135 19.86
17779 20.05
13058 19.70
16322 21.33
14820 19.36
17194 19.33
12710 19.23
17985 19.84
13989 19.22
16673 19.10
13069 19.41
17924 20.30
14474 19.41
17119 19.35
13622 19.27
18044 19.87
14032 19.23
16665 19.08
13285 19.18
18008 19.65
14030 18.80
17190 18.72
13499 18.63
17776 19.44
13832 18.48
16869 18.40
13583 18.36
43031 16.62
6643 20.71
13946 18.58
12031 18.04
19566 17.64
11933 17.55
14089 17.73
12665 17.17
16712 17.88
13940 17.02
16891 17.28
13974 17.25
18360 17.95
14428 17.30
16447 17.38
15506 17.04
17993 18.03
14805 17.41
16891 17.60
14420 17.21
18268 18.02
14174 17.16
16090 17.41
14285 17.01
17714 17.84
13863 17.18
16677 17.28
13744 17.13
17815 17.99
14555 17.25
16407 17.49
13682 17.26
47248 15.69
4210 22.04
14902 17.72
11442 18.01
19920 17.16
13354 17.24
14930 17.43
14079 16.79
18571 17.28
13225 17.26
13586 17.69
14555 16.65
17205 17.67
15298 16.77
15989 17.22
14715 16.79
18647 17.05
14612 16.79
16102 16.90
14082 16.67
17854 17.09
15208 16.60
16463 16.91
14415 16.67
19107 17.24
15101 16.80
17419 16.84
15052 16.81
17623 17.78
15402 17.04
18065 16.96
14012 17.03
48013 15.50
3783 22.01
15448 17.69
11392 17.86
19789 17.38
13626 17.38
14106 17.79
12918 17.76
17847 17.71
14933 17.22
14722 17.86
16054 16.99
18168 17.87
15786 17.21
15405 17.79
15211 17.19
17386 18.11
14428 17.44
15142 18.15
15905 17.48
16983 18.51
15794 17.65
16646 18.13
15656 17.78
17945 18.71
15157 17.78
16672 17.91
14118 17.78
17529 18.25
15571 17.76
17881 17.74
14381 17.69
44963 16.48
5200 21.44
13477 18.16
11744 18.08
19685 17.28
13273 17.30
14543 17.56
14176 17.09
18875 17.58
14694 17.25
16638 17.65
14780 17.27
19828 17.65
14067 17.55
16507 17.85
14552 17.50
20045 17.70
14483 17.48
16111 17.85
15329 17.50
20541 17.93
14796 17.96
17326 18.26
14938 17.98
20729 18.21
14337 18.20
16245 18.45
14492 18.37
20637 18.46
14840 18.35
16423 18.85
14782 18.55
40140 17.42
5840 22.57
15565 18.94
11756 19.03
20032 18.41
12731 18.33
14363 18.88
12472 18.54
17964 18.67
14539 17.99
14797 18.63
14524 18.14
17428 19.29
14788 18.33
15986 18.74
15381 18.03
17348 19.40
15648 18.13
15676 18.96
16225 18.28
17741 19.33
15732 18.13
16393 19.02
15528 18.18
18098 19.37
15186 18.56
16777 19.12
15240 18.80
19555 19.77
15558 19.15
15533 20.10
14957 19.34
44739 17.22
6745 22.37
15599 19.88
12291 20.35
22618 19.51
13801 19.96
18269 19.77
15084 19.75
23318 19.63
13682 19.79
18195 19.80
13988 19.92
19149 20.75
12643 20.54
14795 20.88
11917 20.83
17742 21.30
12377 20.48
13488 21.32
12607 20.45
16496 21.68
14243 19.99
17260 19.98
14736 19.50
17338 21.02
14930 19.69
16103 20.38
15105 19.57
19872 20.24
14570 19.82
16669 20.19
14706 19.70
43760 17.81
7448 23.45
15538 20.69
12252 21.28
22109 20.31
13850 20.42
18372 20.23
14445 20.50
23139 20.19
13467 20.67
17560 20.63
13848 20.79
20900 20.87
13290 20.90
16241 21.28
14005 20.61
