3044 43.61
551 45.64
1220 42.39
1059 41.77
1604 42.43
1126 41.88
1701 39.47
1129 39.52
1648 40.36
1319 38.42
1525 38.12
1155 39.36
1668 39.20
1193 38.10
1529 38.08
1351 37.74
1818 40.37
1265 39.53
1679 38.12
1200 37.18
1813 39.52
1283 38.86
1637 38.02
1141 39.05
1739 39.09
1186 38.60
1661 37.67
1178 37.85
1848 38.75
1032 37.81
1614 35.91
1180 37.36
2983 38.72
757 39.75
1171 37.81
1447 35.35
1655 37.59
1024 36.50
1521 35.99
1157 36.46
1650 36.65
1200 36.96
1542 35.97
1310 35.13
1738 37.26
1081 37.10
1607 35.60
1302 34.51
1743 36.39
1331 35.27
1651 34.75
1251 34.89
1760 36.65
1234 34.96
1666 34.35
1203 34.22
1797 36.11
1313 34.47
1653 36.12
1254 35.87
1819 37.29
1259 35.53
1489 36.24
1328 35.53
3578 36.00
740 39.47
985 40.56
1134 37.46
1613 37.55
1302 36.31
1517 35.71
1281 35.11
1711 36.78
1339 35.28
1604 33.89
1150 33.50
1729 36.26
1343 34.72
1671 34.91
1155 34.89
1779 35.87
1345 33.36
1521 35.72
1321 33.77
1744 36.07
1377 33.65
1584 35.65
1293 34.68
1834 36.32
1200 35.83
1448 34.88
1364 35.52
1699 36.75
1255 35.08
1504 35.76
1352 33.42
3953 34.68
789 38.28
1120 38.47
1237 35.55
1727 38.55
1135 35.11
1434 35.57
1332 34.34
1730 36.27
1451 35.03
1515 35.82
1465 34.59
1826 37.55
1464 35.20
1485 36.92
1440 34.22
1765 36.51
1478 34.12
1722 34.84
1357 35.05
1841 36.11
1535 36.19
1709 36.96
1356 34.89
1876 36.69
1374 36.66
1441 37.04
1515 34.83
1695 36.37
1402 34.92
1611 37.55
1376 36.61
4227 35.25
686 39.03
1050 38.26
919 35.99
1576 37.07
1373 35.44
1613 34.97
1338 35.09
1701 37.54
1476 35.91
1648 35.40
1415 36.21
1824 38.30
1507 35.04
1540 37.35
1369 35.24
1753 37.55
1484 34.98
1471 36.14
1516 34.98
1855 37.83
1102 36.40
1541 37.71
1648 36.34
1996 37.44
1521 36.14
1541 37.55
1613 35.33
2032 37.98
1479 37.50
1543 39.13
1615 37.65
4282 35.53
792 39.91
1417 39.81
1193 39.23
1926 39.24
1044 38.91
1408 39.43
1256 38.72
1734 39.09
1356 38.23
1673 38.00
1284 37.90
1847 40.03
1401 37.59
1594 39.02
1499 37.07
1839 40.07
1255 37.72
1666 38.49
1444 38.00
1811 40.24
1417 37.87
1678 38.13
1228 38.44
1832 40.22
1456 38.49
1626 39.15
1544 37.64
2002 40.02
1312 38.85
1696 39.17
1633 38.41
4291 36.10
784 39.20
1570 38.87
1189 38.49
2151 39.98
1285 39.15
1569 39.71
1275 40.15
2231 39.05
1275 38.77
1618 39.33
1292 38.46
2280 39.25
1315 38.83
1502 39.90
1287 38.99
1980 39.42
1163 39.39
1676 38.39
1048 38.53
1860 39.24
1237 39.19
1713 37.70
1205 38.55
2006 38.91
1282 37.36
1774 38.26
1208 38.54
2135 39.73
1278 39.06
1683 38.96
1140 38.14
4551 36.44
701 40.55
1521 39.89
1266 40.60
2217 41.08
1321 40.05
1520 40.69
1437 40.24
1980 41.94
1413 40.08
1476 41.51
1248 41.68
1814 41.80
1233 40.93
1532 40.50
1317 40.16
