3277 42.32
658 44.14
1422 41.32
1241 39.67
1781 41.20
1407 38.54
1877 38.40
1313 38.07
1808 39.39
1508 37.16
1754 37.77
1269 37.96
1938 38.26
1300 39.18
1776 37.67
1445 38.44
1994 38.68
1367 38.79
1857 36.93
1344 36.99
2123 39.66
1347 36.83
1657 36.95
1431 36.95
2001 37.73
1177 36.86
1912 35.91
1310 36.10
1953 36.78
1222 36.24
1867 35.15
1262 35.24
3335 37.37
775 39.03
1400 36.01
1585 33.55
1789 35.72
1316 34.28
1729 34.59
1382 34.31
1863 35.24
1476 34.28
1694 34.87
1476 34.34
1977 36.30
1413 33.82
1866 34.60
1393 34.08
2002 35.61
1455 34.65
1688 34.10
1498 32.94
1959 35.09
1417 34.27
1828 33.91
1231 33.17
2087 36.05
1571 33.14
1758 34.51
1432 33.90
2083 36.89
1286 34.74
1608 35.34
1487 33.38
4095 34.64
873 37.52
1144 36.73
1128 37.10
1851 35.83
1342 35.74
1699 34.74
1415 34.22
1900 35.40
1425 34.81
1838 33.36
1243 33.67
1954 34.93
1458 34.14
1758 34.21
1376 34.20
2026 35.57
1379 34.15
1681 33.85
1430 33.20
2003 34.46
1584 33.86
1806 35.22
1544 33.43
2077 35.54
1244 34.98
1548 35.02
1542 33.16
1982 36.28
1366 34.52
1747 34.03
1533 32.27
4563 33.31
870 36.90
1354 36.46
1181 36.32
1930 37.50
1383 35.09
1500 35.90
1708 34.89
1907 36.24
1623 35.15
1714 34.39
1536 34.83
2057 36.51
1707 35.59
1781 36.59
1547 35.47
2033 36.13
1665 33.78
1773 35.74
1587 36.14
2054 37.12
1791 35.63
1885 36.09
1724 34.99
2181 37.12
1654 35.52
1662 36.21
1541 34.32
1875 37.01
1823 33.80
1750 35.21
1560 35.55
4450 34.73
794 36.28
1114 37.74
1071 36.71
1847 35.73
1388 35.27
1689 35.43
1493 34.42
2055 36.31
1535 34.79
1712 35.24
1511 34.51
2204 37.09
1559 35.91
1710 35.99
1535 34.99
2182 36.35
1438 34.89
1709 35.51
1551 34.20
2293 36.44
1496 35.54
1889 36.13
1704 35.05
2363 35.79
1600 34.67
1756 37.15
1806 34.92
2307 36.28
1710 35.55
1756 37.89
1741 35.74
4670 34.59
969 38.90
1661 38.67
1323 38.78
2089 38.38
1351 37.56
1677 37.81
1445 37.14
1864 38.62
1590 37.44
1898 37.80
1419 36.74
2006 38.66
1668 36.46
1806 37.61
1606 36.86
2099 38.73
1386 36.59
1701 37.28
1701 36.51
2009 38.53
1504 36.27
1850 37.19
1401 36.43
2078 39.17
1570 38.08
1782 38.37
1688 37.02
2313 38.72
1547 37.28
1910 38.26
1720 37.36
4810 34.97
915 38.12
1777 37.68
1329 37.67
2491 37.45
1391 38.81
1881 38.41
1434 38.71
2541 38.65
1440 38.35
1757 38.61
1558 37.93
2505 37.70
1494 37.34
1711 38.61
1514 38.10
2177 37.96
1335 37.70
1693 37.75
1294 37.16
2190 37.38
1402 37.89
1965 37.96
1267 37.35
2220 36.79
1472 36.67
2032 37.56
1351 37.98
2427 38.28
1371 37.55
1892 37.02
1319 36.90
5164 35.12
781 39.57
1687 37.88
1449 38.95
2434 39.67
1507 38.26
1708 39.91
1598 38.71
2206 40.30
1302 40.04
1665 40.15
1652 39.38
2106 40.35
1287 40.36
1785 40.10
1534 39.21
