3495 41.67
766 41.86
1584 39.73
1387 38.95
2027 39.95
1576 37.88
2022 37.83
1519 38.06
2048 38.46
1635 37.31
1892 36.67
1459 36.43
2088 37.16
1481 36.32
1996 36.62
1583 37.08
2225 37.73
1524 36.47
2090 35.58
1480 35.88
2467 37.84
1504 35.46
1908 35.81
1539 35.77
2205 36.54
1439 35.84
2014 34.83
1564 34.43
2240 35.75
1357 35.78
2031 33.83
1466 35.78
3718 36.21
854 36.48
1504 34.56
1802 32.20
1996 34.66
1466 33.08
1924 32.70
1510 32.86
2106 34.05
1589 33.33
1951 33.36
1514 33.42
2224 35.32
1534 33.01
1975 33.70
1533 33.07
2184 34.68
1750 34.01
1899 33.42
1591 34.17
2180 34.02
1514 32.10
2081 32.01
1472 33.12
2361 34.49
1598 32.66
1980 33.65
1560 33.79
2314 34.95
1467 33.62
1775 33.92
1721 33.63
4584 33.46
917 36.81
1260 37.88
1442 35.04
2005 35.63
1527 35.46
1960 35.57
1525 33.70
2159 36.09
1515 33.21
1939 32.60
1474 32.58
2054 35.03
1711 34.31
1993 34.37
1578 33.80
2230 35.11
1688 33.56
1857 33.49
1634 33.35
2078 34.92
1928 33.08
1995 35.25
1826 33.61
2250 35.55
1645 33.71
1839 33.33
1620 33.34
2148 34.38
1708 33.57
1912 34.23
1656 31.97
5063 32.18
1016 35.48
1415 35.97
1458 34.54
2219 35.79
1504 33.44
1626 35.06
1690 33.93
2167 34.35
1707 34.32
1846 34.32
1784 34.11
2336 35.93
1917 32.94
1794 35.80
1875 33.69
2241 35.09
1806 33.50
2058 35.15
1775 35.07
2323 36.21
1575 34.94
1921 35.45
1957 34.46
2301 36.72
1755 34.71
1805 35.20
1834 35.27
2102 35.33
2059 34.89
2060 35.08
1702 34.62
5140 33.25
806 36.08
1232 35.74
1307 36.44
1929 35.40
1511 34.73
1921 34.29
1615 32.24
2250 35.38
1710 35.48
2108 35.48
1566 35.02
2331 37.01
1770 34.68
1889 35.43
1757 34.74
2192 36.26
1776 34.02
1953 35.07
1823 33.92
2258 35.99
2067 34.20
2015 36.09
2017 33.73
2461 35.64
1431 35.24
2003 35.50
2017 34.67
2357 37.11
1849 35.33
2086 36.82
1974 34.43
5400 33.24
1031 37.99
1884 37.36
1396 37.42
2500 36.77
1402 36.05
1703 37.44
1699 36.85
2423 36.26
1576 36.61
1906 36.87
1651 36.12
2347 37.78
1695 36.14
2010 36.11
1761 35.58
2478 36.67
1732 35.42
1862 36.46
1875 35.67
2322 37.89
1679 35.18
1748 36.77
1790 34.72
2214 38.66
1924 36.33
2040 37.13
1941 35.31
2505 38.11
1654 36.24
2064 36.52
1893 36.78
5387 33.74
977 36.86
1919 36.74
1498 36.00
2882 37.86
1493 37.17
1946 37.39
1508 37.76
2699 38.20
1452 37.09
2065 38.11
1696 36.65
2639 37.87
1668 36.80
1893 37.62
1725 36.52
2511 37.51
1396 37.07
2101 36.69
1370 36.26
2338 36.67
1518 36.77
2211 35.83
1514 36.68
2463 36.84
1634 35.98
2169 36.95
1495 36.27
2578 37.91
1615 36.30
2179 36.36
1501 35.65
5707 33.97
838 38.08
1831 37.51
1492 37.67
2756 38.01
1595 37.12
1958 38.44
1747 37.64
2476 39.39
1795 37.63
1881 38.85
1663 38.19
2359 39.64
1750 38.04
1873 38.75
1752 37.95
