4014 39.85
948 41.84
2028 37.46
1581 37.50
2426 37.90
1854 36.64
2494 35.62
1750 35.61
2400 36.52
2030 34.69
2357 35.01
1753 34.49
2487 35.97
1833 35.36
2337 34.90
1941 34.63
2722 36.39
1886 34.24
2477 34.01
1714 34.89
2883 35.08
1771 34.64
2230 33.97
1852 33.51
2743 34.90
1639 34.03
2476 33.31
1836 32.83
2592 34.59
1802 33.13
2431 32.64
1727 32.92
4495 34.31
1042 34.75
1743 33.37
2147 30.79
2348 33.25
1720 31.51
2398 31.39
1798 31.53
2540 32.79
1755 33.88
2422 31.69
1779 32.04
2766 34.34
1790 32.43
2087 32.67
1956 31.25
2529 33.43
2059 30.92
2312 31.48
2016 31.59
2595 32.10
2017 30.49
2370 31.44
1697 31.00
2773 32.05
2065 30.82
2269 32.96
1961 32.34
2796 33.88
1697 32.75
2042 32.79
2182 31.55
5539 31.55
1165 35.27
1579 35.95
1508 35.07
2492 34.11
1699 32.69
2284 32.67
1830 32.23
2622 33.52
1804 31.79
2207 31.04
1827 30.61
2583 32.43
2041 31.06
2373 31.35
1870 32.38
2629 32.03
2088 31.91
2294 31.56
1885 31.36
2596 32.21
2083 32.01
2360 33.07
2157 31.94
2710 34.90
1847 32.75
2090 31.58
2018 32.21
2574 32.81
2017 31.43
2230 31.37
1979 32.13
6276 30.22
1180 33.30
1798 32.17
1561 32.80
2641 34.38
1816 32.12
1994 33.42
2087 31.55
2596 32.01
2061 31.41
2287 31.72
2332 32.01
2853 33.94
2132 32.08
2235 32.49
2110 31.88
2734 34.06
2286 32.07
2332 33.56
2192 32.93
2713 33.35
2471 32.63
2440 34.33
2336 32.36
2809 34.61
1978 33.85
2123 34.64
2096 33.76
2579 33.93
2361 32.82
2629 33.52
1975 33.47
6177 31.46
1038 35.51
1509 35.43
1418 35.27
2351 34.03
1883 31.58
2270 32.96
1913 32.71
2677 34.24
2128 33.08
2631 32.84
1948 34.13
2781 35.13
2017 33.93
2328 34.14
2111 32.38
2705 34.72
2264 31.85
2327 32.90
2288 32.14
2813 33.79
1734 33.42
2480 33.26
2311 31.88
2861 34.04
2306 33.54
2293 35.14
2447 32.01
2767 35.70
2474 33.02
2579 34.30
2277 32.86
6399 31.63
1188 37.63
2251 35.72
1832 35.26
3059 34.22
1642 34.58
2128 35.55
1978 34.15
2869 34.74
1902 35.02
2224 35.63
2020 33.39
2965 35.22
2031 33.84
2450 34.82
2153 33.52
3014 35.13
2049 33.28
2337 34.08
2189 33.27
2906 35.34
1923 34.15
2359 34.30
1937 33.30
2833 35.17
2165 34.84
2415 35.55
2333 33.68
3142 35.68
1960 35.35
2467 35.03
2232 34.57
6401 32.06
1151 36.02
2313 35.20
1746 35.48
3531 35.59
1819 34.88
2539 34.77
1883 35.86
3468 35.16
1977 36.14
2505 35.47
1936 34.78
3474 34.45
1906 34.84
2433 34.85
1977 34.74
3227 34.91
1648 34.29
2279 34.70
1691 34.24
3058 35.09
1887 34.17
2557 34.82
1794 34.66
3057 34.30
2013 34.33
2638 34.94
1825 35.23
3127 35.81
1908 34.80
2662 34.46
1748 34.20
6895 31.94
950 36.57
2276 36.21
1770 36.45
3338 36.64
1986 35.15
2290 36.71
1817 37.30
3166 37.57
2132 35.57
2261 37.39
2205 35.99
2753 37.88
2102 36.66
2294 36.38
2148 36.31
