4224 39.07
983 39.72
2266 37.04
1786 36.40
2780 37.39
1905 35.88
2692 35.28
2003 35.24
2696 35.62
2123 34.00
2421 34.66
1898 33.20
2656 35.15
2042 33.97
2656 33.49
2052 35.12
2919 35.61
2009 35.05
2783 33.34
1847 33.58
3031 34.64
1955 33.40
2427 33.55
2081 33.50
2960 35.53
1787 33.44
2612 32.59
1990 32.37
2835 33.97
1947 32.63
2617 31.94
1873 33.24
4917 33.39
1121 33.81
1854 33.21
2203 30.59
2516 32.64
1863 31.46
2510 31.31
1986 32.14
2681 32.07
2060 32.12
2627 31.44
1938 31.19
2920 32.95
2030 30.85
2511 31.17
2139 30.30
2928 32.87
2037 31.45
2500 30.79
2101 30.54
2832 31.81
2009 29.93
2668 30.02
1908 30.46
2857 31.09
2445 31.20
2920 30.84
2082 31.77
3185 32.50
1818 31.55
2574 31.10
2064 30.81
5991 30.74
1202 34.68
1722 35.08
1775 33.55
2661 33.37
1875 32.98
2377 32.34
2057 30.53
2798 31.87
2064 31.18
2499 30.05
2136 31.11
2756 31.24
2192 31.77
2547 31.69
2171 31.33
2884 31.29
2059 31.62
2527 31.34
2003 30.58
2874 31.97
2402 31.07
2574 31.46
2315 30.54
2888 32.85
2117 31.24
2370 30.81
2245 30.01
2859 31.60
2304 30.59
2373 31.61
2310 29.90
6911 29.40
1261 31.88
1973 31.61
1831 32.18
2842 33.29
1826 32.09
2125 32.21
2277 30.10
2928 31.19
2140 30.62
2474 30.50
2485 31.49
3003 32.91
2241 31.38
2576 31.13
2339 30.72
2881 33.18
2521 31.44
2644 31.76
2349 32.25
2954 34.21
2618 31.92
2789 33.30
2409 31.65
3078 33.93
2325 32.16
2251 33.23
2364 32.87
2724 33.50
2327 32.77
2677 32.97
2365 32.12
6971 30.27
1084 35.27
1736 34.26
1463 33.64
2500 34.10
1977 33.47
2292 32.18
2221 31.26
2769 32.96
2253 31.76
2888 31.97
2218 32.10
3059 34.33
2128 32.86
2502 32.68
2326 32.56
2868 34.15
2379 31.47
2702 32.21
2356 32.29
3153 33.05
1980 32.42
2734 31.72
2511 31.61
3251 33.48
2540 31.03
2569 32.68
2230 31.00
3290 33.44
2598 32.28
2631 33.79
2471 32.04
6924 30.88
1204 36.81
2489 34.95
1825 35.43
3285 34.31
1903 34.24
2325 34.67
2179 33.91
3207 33.87
2058 34.23
2518 33.98
2113 32.38
3180 34.21
2265 32.97
2762 33.62
2307 32.48
3395 34.60
2396 32.38
2352 33.85
2420 31.90
3015 34.96
2105 32.64
2570 33.49
2101 32.82
2988 35.07
2355 33.49
2571 34.33
2466 33.40
3400 34.85
2231 33.71
2725 34.01
2379 34.42
7020 31.19
1167 35.34
2516 34.21
1855 34.28
3912 34.50
1977 34.42
2657 34.36
2116 34.41
3684 34.22
2097 34.82
2706 34.59
2180 33.89
3891 33.80
1968 33.72
2622 34.31
2056 33.62
3596 34.42
1829 34.39
2236 34.68
1976 33.09
3267 34.69
2001 34.48
2803 33.78
1902 34.22
3193 34.08
2124 33.45
2883 34.38
2049 34.28
3454 34.38
1998 34.11
2855 33.35
1913 33.75
7380 31.46
1084 36.05
2364 34.91
1929 34.98
3725 35.59
2058 35.18
2716 35.79
2095 35.72
3566 36.64
2240 35.03
2248 36.45
2391 35.83
3220 36.78
2197 35.64
2489 35.87
2396 35.37
