5185 36.47
1338 36.56
2888 33.83
2515 33.45
3472 34.81
2848 33.09
3574 32.67
2468 32.85
3536 33.78
2682 32.30
3128 32.14
2727 31.59
3534 33.04
2523 32.34
3453 31.70
2814 31.39
3808 32.98
2575 31.58
3620 30.93
2508 31.18
4223 31.78
2425 31.02
3237 30.92
2730 30.73
4032 31.75
2344 30.49
3463 29.91
2570 30.08
3869 30.91
2403 30.54
3422 29.79
2560 29.19
6535 30.59
1366 31.96
2394 30.89
3024 27.80
3484 30.37
2365 28.96
3294 28.35
2719 28.00
3457 29.74
2805 28.93
3393 29.13
2659 28.49
3839 30.72
2686 29.23
3171 28.96
2769 28.52
3752 29.98
2915 28.77
3123 28.83
2814 27.83
3661 29.17
2711 28.33
3712 28.04
2407 27.84
3705 28.88
3063 28.07
3794 28.60
2615 28.47
4058 30.92
2427 28.64
3231 28.71
2823 28.07
8300 28.02
1518 32.22
2416 31.87
2051 31.56
3742 30.76
2540 29.94
3146 29.86
2721 27.83
3627 30.23
2718 27.73
3151 28.00
2724 27.43
3808 28.55
2864 27.63
3300 28.45
2749 27.38
3780 28.86
2918 27.35
3258 28.03
2898 27.19
3715 28.90
2994 27.48
3424 28.15
3148 27.64
3864 30.09
2603 28.48
3160 28.48
2885 27.60
3808 29.73
2781 28.24
3140 28.79
3115 27.28
9386 27.08
1384 30.50
2674 31.17
2427 28.54
3701 31.22
2638 27.84
2658 29.79
3162 27.38
3818 28.84
3227 27.78
3451 27.46
3130 27.78
3958 30.47
2188 30.41
3214 28.90
3421 27.50
3779 30.36
3476 27.89
3528 28.75
3115 30.21
3892 30.83
3346 29.95
3306 31.40
3359 29.89
3903 32.12
3322 29.70
3120 31.53
2990 29.62
3660 30.53
3268 29.74
3338 30.21
3036 29.60
9306 27.95
1288 33.52
2263 31.98
2056 31.85
3383 31.56
2407 30.41
3002 29.13
3115 27.14
3677 30.13
3114 28.51
3614 29.07
3028 28.63
4015 31.20
3109 29.47
3299 29.88
3089 28.41
3930 30.95
3134 28.52
3305 29.18
3174 28.85
3858 30.70
3527 28.19
3405 30.13
3368 28.47
4206 30.60
3243 29.98
3307 30.68
3303 29.22
4024 31.29
3485 29.53
3425 31.62
3414 29.16
9292 28.34
1505 35.14
3121 33.03
2499 31.64
4325 31.66
2386 31.72
3211 31.48
2774 30.85
4122 31.40
2732 30.43
3502 30.78
2750 30.39
4151 32.24
2944 30.55
3731 31.04
2898 30.28
4326 31.55
2840 30.43
3389 30.45
3043 30.00
4059 31.33
2785 30.07
3291 31.28
2910 30.26
3919 32.27
2818 31.65
3451 32.08
3268 30.35
4253 32.51
2919 31.34
3703 31.95
2953 31.62
9473 28.58
1396 33.46
3195 32.60
2556 31.75
4925 31.88
2587 32.65
3695 32.91
2775 32.24
4818 31.90
2693 31.82
3523 32.36
2714 31.40
5060 32.14
2631 31.64
3449 31.81
2817 31.82
4491 31.84
2491 31.31
3054 32.09
2649 31.21
4150 32.49
2752 32.03
3728 31.53
2478 31.93
4340 31.78
2819 32.17
3744 31.88
2618 31.87
4378 32.62
2802 31.83
3759 31.60
2540 31.86
9454 29.15
1423 34.77
3115 32.55
2581 32.88
5014 33.19
2620 33.33
3561 33.21
2776 32.98
4661 33.66
2942 32.64
3151 33.83
3061 33.14
4508 33.95
2835 33.07
3462 33.49
2873 33.28
