5708 35.48
1416 36.38
3521 32.91
2799 32.40
3855 33.97
3304 31.81
4039 32.00
2713 32.14
4157 32.45
2892 31.96
3577 31.14
2893 30.05
4013 31.73
2933 30.45
3878 30.31
3066 30.82
4239 32.03
3002 30.02
3946 29.78
2938 29.82
4484 30.82
2788 30.82
3599 30.23
3224 29.30
4398 31.91
2833 29.80
3994 29.28
2897 29.11
4253 30.71
2668 29.18
3906 28.22
2773 28.67
7331 29.55
1557 31.63
2656 29.77
3524 27.09
3793 29.70
2656 28.67
3750 27.58
3033 26.83
3929 28.67
2996 27.48
3843 27.68
2983 27.90
4212 29.32
3011 27.67
3814 28.19
3024 27.62
4156 29.60
3439 27.45
3782 27.76
3098 26.81
4039 28.40
3346 26.83
3937 27.11
2754 26.40
4622 28.00
2633 28.00
3797 27.77
3052 27.03
4701 29.43
2952 27.33
3559 28.08
3238 26.65
9664 26.98
1621 31.46
2886 29.73
2471 30.65
3979 30.53
2645 29.68
3537 28.33
3187 26.73
4165 28.77
3232 27.23
3543 27.42
3018 26.39
4281 27.94
3145 26.46
3620 27.80
3253 25.97
4249 28.28
3251 25.98
3721 27.01
3267 25.79
4294 27.63
3415 25.86
3759 27.07
3247 26.63
4406 30.35
3011 26.52
3622 27.26
3147 26.38
4209 28.59
3729 26.25
3477 27.69
3173 26.32
10548 26.11
1459 30.30
2900 29.47
2683 27.41
4127 30.17
2779 26.30
3118 28.43
3469 25.79
4199 27.66
3648 26.25
3711 27.53
3686 26.00
4323 28.65
3780 27.28
3848 27.81
3389 27.05
4246 28.71
3715 27.09
4155 28.26
3251 27.61
4267 29.04
3973 28.05
4318 29.46
3379 28.42
4566 30.89
3590 27.68
3346 29.75
3690 28.87
4155 29.92
3573 28.48
3872 28.11
3277 28.44
10622 26.99
1338 33.54
2578 30.38
2139 30.30
3911 29.48
2870 28.95
3586 27.93
3322 26.92
4256 29.62
3248 27.64
4095 27.76
3216 27.76
4580 29.81
3422 28.51
3780 28.25
3327 27.35
4309 29.57
3565 27.83
3855 27.95
3676 27.69
4475 30.39
3624 27.73
3822 28.28
3710 27.76
4522 29.73
3624 28.08
3933 29.59
3705 27.83
4445 30.48
3739 28.95
3846 30.44
3772 28.84
10761 27.11
1522 33.90
3442 32.07
2799 31.62
4852 30.97
2661 30.48
3556 31.02
3132 30.01
4817 29.83
2741 29.97
3802 30.20
3183 29.12
4897 30.54
2750 30.44
3829 30.31
3425 29.07
5019 30.11
3270 29.23
3728 30.37
3576 28.76
4567 30.63
2727 29.18
3813 29.42
3237 29.18
4602 30.65
3443 29.71
3812 30.97
3602 28.83
5035 31.42
3436 30.17
3838 31.83
3601 30.35
10509 27.74
1517 33.13
3467 31.85
2906 31.15
5659 31.46
2788 32.05
4363 30.92
2927 31.07
5367 30.96
3148 30.89
3983 31.20
3104 30.90
5578 30.88
3054 30.78
3798 31.23
3154 30.64
4986 30.94
2751 30.35
3748 31.08
2995 30.49
4525 31.92
3181 30.56
4485 29.86
2708 31.08
4765 30.59
2938 31.35
4135 30.94
2850 30.82
4938 31.08
3042 30.99
4241 31.00
2742 30.89
10518 28.32
1594 34.19
3455 31.76
2962 31.88
5432 32.37
2988 32.12
4154 31.72
3244 32.04
5339 32.63
3174 32.18
3647 32.65
3013 32.98
4967 32.85
3279 31.74
3466 32.75
3313 32.08
