3453 43.76
273 42.22
1537 39.20
1636 38.12
1673 36.66
1427 36.85
1747 36.22
1841 35.65
1992 35.47
1296 35.87
1635 35.72
1917 35.45
1822 35.06
1553 35.21
1995 34.95
1424 34.93
1861 35.29
1742 34.96
1944 34.44
1985 34.66
1840 34.77
1681 34.82
1735 34.29
2002 34.96
1763 34.74
1876 35.03
1860 34.61
1933 34.46
1785 34.85
1901 34.87
1910 34.79
1742 34.85
4346 40.35
1098 37.82
1336 37.34
1591 36.86
1833 35.98
1539 36.24
1768 35.90
1880 35.64
1743 35.40
1937 35.33
1695 35.47
1706 35.60
2056 35.02
1739 35.16
1723 35.34
1703 35.50
1935 35.30
1996 35.02
1631 35.24
1975 34.78
1889 35.25
1911 34.72
1952 34.66
1555 35.10
1841 34.83
2001 34.75
1691 35.04
2088 34.82
1727 35.26
1836 35.34
1928 35.16
1939 35.09
4734 39.48
674 38.90
1241 37.72
1179 37.63
1886 36.56
1856 36.07
1810 35.64
1712 35.41
1643 35.53
1633 35.45
2002 35.09
1771 35.06
1764 34.97
1589 35.30
2005 34.98
1546 35.42
1787 35.11
1992 34.68
1712 34.86
1672 35.01
1709 35.08
2090 34.52
1748 34.84
1629 34.95
1818 35.01
1979 34.74
1903 34.78
1856 35.04
1752 35.06
2024 35.05
1906 34.93
1878 34.92
4531 39.98
968 37.86
1177 37.80
1616 37.01
1856 36.17
1399 36.35
1955 35.94
1560 36.03
1746 35.62
1926 35.44
1621 35.70
1873 35.39
2018 34.82
1596 35.24
1629 35.33
1857 35.20
2031 34.99
1677 35.37
2033 34.82
1898 34.78
1656 35.03
1995 34.57
1764 34.77
1928 34.74
1915 34.59
1789 34.45
1789 34.49
1982 34.11
1700 34.51
2130 34.04
1761 34.40
1843 34.53
5105 38.97
289 40.27
1178 37.37
1778 36.32
1677 36.01
1617 35.86
1926 35.21
1681 35.18
1613 35.35
1770 35.06
1692 35.05
2038 34.83
1794 34.70
1667 34.73
1875 34.70
1666 34.80
2088 34.35
1617 34.89
2054 34.36
1669 34.71
1910 34.37
1839 34.44
1996 34.45
1712 34.42
2065 34.18
1628 34.35
2051 34.17
1685 34.53
1768 34.55
2007 34.05
1783 34.54
1860 34.09
5139 38.80
326 38.49
1253 36.93
1555 36.37
1910 35.49
1882 35.07
1731 35.03
1789 34.82
1659 34.89
1746 34.60
1696 34.80
1991 34.33
1612 34.64
2028 34.31
1621 34.64
2018 34.23
1733 34.45
1927 34.23
1714 34.41
2034 33.88
1684 34.53
1924 34.31
1928 34.31
1806 34.27
1841 34.44
2067 34.16
1772 34.35
1837 34.42
1919 34.42
1862 34.49
1806 34.58
1990 34.34
4850 39.40
487 38.45
905 38.00
1659 36.62
2080 35.82
1922 35.29
1728 35.23
1707 35.10
1779 34.92
1725 34.91
1728 34.65
1692 34.71
2037 34.50
1520 34.60
2038 34.22
1686 34.73
1857 34.64
1847 34.19
1807 34.32
2039 34.06
1604 34.32
1731 34.47
1875 34.16
2025 33.97
1550 34.48
1884 34.02
1834 34.11
1741 34.17
2002 33.85
1736 34.27
1917 33.85
1925 33.87
4853 39.59
498 38.54
1150 37.53
1454 36.73
1595 36.14
2143 35.38
1874 35.00
1702 34.91
1699 34.92
1773 35.04
1773 34.86
1995 34.47
1708 34.53
1881 34.61
1896 34.40
1864 34.25
2039 34.26
1625 34.47
1890 34.11
1756 34.48
1892 34.39
1979 34.18
1712 34.27
1828 34.40
1983 34.02
1725 34.34
1783 34.35
2069 33.90
1560 34.24
1969 34.11
1777 34.30
1900 33.90
5197 38.96
216 39.51
1373 36.81
1685 36.06
1873 35.21
1720 34.83
1713 34.71
1747 34.52
1629 34.48
1732 34.19
1698 34.49
1885 33.85
1632 34.09
1941 33.89
1446 34.01
1951 33.58
1974 33.57
1597 34.03
1974 33.57
1896 33.48
1678 33.74
2043 33.22
1601 33.95
2100 33.24
1605 33.63
1893 33.28
1894 33.29
1764 33.32
2073 33.04
1584 33.41
1863 33.26
2064 33.21
4762 39.70
637 37.76
1254 36.98
1310 36.44
2083 35.51
2044 34.84
1589 34.79
1745 34.48
1790 34.40
1830 34.06
1717 34.21
1785 34.19
