9755 23.34
5699 25.77
1656 26.39
3646 22.73
5075 23.04
4036 22.01
7793 24.02
6164 24.25
4254 23.60
3775 22.68
4486 23.13
3684 22.10
5155 23.69
4183 22.15
5597 23.58
5453 23.02
5562 24.08
3626 23.16
5303 23.07
6626 24.44
5670 24.50
3985 24.76
4370 23.87
3673 23.33
5628 23.99
4086 23.20
4916 23.53
4205 22.88
5989 24.26
4685 23.30
4885 24.20
4454 23.66
12610 22.52
2076 25.83
4495 24.23
3761 23.95
6425 24.15
4500 23.50
5121 24.01
4091 23.79
6252 24.19
4520 23.62
5231 24.30
4103 23.84
6770 24.26
4101 24.06
5104 24.77
4303 24.12
7188 24.42
4250 24.44
5820 24.82
4166 24.79
7081 25.41
3871 24.94
4568 25.70
4110 24.65
5777 25.90
3732 24.72
4315 25.59
4186 24.64
9055 26.96
7007 26.95
4597 30.45
3597 28.27
7155 27.79
1684 28.36
3865 26.84
3847 25.79
5009 27.94
4536 25.77
4695 27.12
4227 25.62
5288 28.10
4111 25.91
5271 26.16
3647 26.03
5696 27.17
4008 26.03
5311 25.96
3693 25.87
5845 26.88
3867 26.23
5259 26.04
3963 25.95
6366 26.60
3773 25.58
5324 25.50
6685 26.78
5562 27.30
6240 27.90
3841 27.98
3933 27.39
5982 27.48
4472 27.20
4809 26.93
3603 26.52
13251 23.93
1796 28.92
5054 26.68
5955 27.29
5996 28.03
3212 27.37
4701 28.45
4007 27.30
7775 28.72
5686 28.62
5063 30.48
2964 28.86
6891 28.94
5507 29.35
4473 31.18
3092 28.57
6246 29.63
3550 28.15
4217 29.38
4035 28.31
5275 30.16
3709 28.09
4728 28.28
3457 27.76
5128 29.23
4656 28.25
4799 28.22
3479 27.92
5569 28.66
3889 27.67
5430 27.49
3455 27.43
13632 25.35
1588 30.77
4244 28.02
3504 27.65
6963 27.32
3192 27.31
4852 26.91
3497 26.78
5841 27.52
8410 29.27
4151 29.61
3757 28.81
5634 27.88
3811 27.70
5099 27.70
3667 27.40
8682 29.11
6135 29.04
5317 31.12
3799 28.97
5841 30.88
2777 28.30
6845 32.19
4809 31.10
3057 31.35
3242 28.40
4593 28.34
3509 27.90
5229 29.45
7610 30.61
5270 30.22
3571 29.51
11155 24.91
1574 29.75
3903 27.90
2688 28.29
6089 27.00
2762 27.08
4713 26.96
3775 26.87
6874 27.53
4610 28.03
6265 27.42
3456 27.19
6718 27.48
5577 28.32
5945 28.43
5355 28.48
6123 27.64
3982 28.10
3661 27.83
7281 29.49
4294 28.64
2742 27.77
4252 27.23
3344 26.58
5759 26.64
2894 26.54
5525 26.85
4764 26.94
4765 27.77
4447 25.57
4968 26.41
4161 26.22
10696 24.44
2712 27.60
4979 27.27
4123 27.11
6851 26.59
7373 28.43
5037 28.39
3885 27.91
5587 26.95
3069 26.82
4194 27.00
4649 26.49
6221 26.85
4091 26.82
5079 27.15
3780 26.52
6024 27.20
4186 26.44
5103 26.35
3358 26.31
5620 26.86
3488 25.88
4892 25.39
3944 24.68
6040 25.68
3608 25.68
5450 25.60
4527 26.12
10030 28.70
6332 28.35
5303 29.46
2785 27.43
9607 24.29
1438 29.51
5529 27.32
4218 26.99
6164 26.69
3253 26.65
4970 26.68
3821 26.30
6914 27.48
4123 26.92
5141 27.60
3941 26.98
6577 27.39
3883 26.82
4889 27.20
4415 27.29
5839 27.75
3362 27.15
4441 27.51
3480 26.62
6033 27.17
3637 26.55
5059 26.52
3685 26.50
6190 26.79
3918 26.42
5764 26.78
4411 26.55
6340 27.39
3771 27.09
5529 27.60
4480 27.29
12604 23.92
2704 28.77
4410 27.62
3446 27.08
6691 26.41
3564 26.69
5368 26.32
4198 26.33
7204 26.55
3833 26.46
4949 26.94
3681 26.21
6160 26.70
3551 26.03
5353 26.39
4149 26.11
6200 26.83
3935 26.00
5282 26.82
7247 27.61
6537 28.12
3215 27.80
4533 28.08
6605 29.18
5641 28.64
3347 28.20
4277 28.67
4278 27.21
5384 28.80
3607 27.03
5098 26.58
3897 26.54
10163 23.55
2779 27.65
4621 26.52
4139 25.98
5962 25.93
3610 25.94
4602 25.77
3333 24.98
5679 25.55
3537 25.30
5072 24.63
3895 24.01
