10511 22.56
6244 25.02
1909 25.64
4020 22.00
5539 22.44
4874 21.00
8352 23.35
7098 23.20
4491 23.09
3880 22.53
4483 22.91
4146 21.55
5658 23.09
4547 21.46
5832 23.28
5454 22.86
6082 23.56
4040 22.57
5746 22.57
7341 23.78
5974 24.11
4456 24.04
4806 23.16
4021 22.75
5850 23.77
4635 22.50
5590 22.65
4449 22.39
6129 23.92
5147 22.83
5337 23.58
4713 23.11
13700 21.79
2285 24.92
5002 23.78
4141 23.20
6842 23.81
4892 23.09
5179 23.47
4450 23.28
6735 23.56
4794 23.09
5629 23.59
4507 23.09
6824 24.10
4639 23.32
5267 24.65
4973 23.36
7389 24.23
4686 23.97
5907 24.55
4738 24.06
7864 24.55
4154 24.29
5191 24.66
4376 24.13
6686 24.60
4057 24.25
4962 24.72
4572 24.10
10153 26.20
7433 26.42
4805 30.06
3829 27.77
7840 27.07
1691 28.37
3939 26.72
4276 25.25
5450 27.30
4533 25.55
5429 26.15
4456 24.85
5454 27.75
4752 25.14
5820 25.66
4043 25.46
6216 26.55
4267 25.20
5813 25.26
3981 25.32
6282 26.31
4264 25.41
5723 25.46
4425 25.29
6737 25.82
4220 25.12
5814 24.90
7046 26.24
5952 26.58
6676 27.27
4181 27.32
4358 26.64
6639 26.78
4902 26.51
5262 26.42
3871 25.91
14259 23.26
1988 28.43
5457 26.11
6377 26.75
6563 27.48
3655 26.75
5144 28.04
4003 27.18
8284 28.17
6148 27.95
5724 29.58
3310 28.11
7352 28.38
6043 28.61
4896 30.53
3343 28.01
6721 29.02
3840 27.62
4630 28.82
4371 27.58
5978 29.25
3896 27.60
5030 27.70
3706 27.24
5421 28.62
5117 27.63
5173 27.59
3893 27.24
6030 28.08
4234 27.08
5961 26.87
3955 26.92
14629 24.65
1831 29.61
4725 27.40
3737 27.14
7553 26.69
3415 26.86
5239 26.21
3727 26.28
6324 26.85
8893 28.60
4538 28.98
4008 28.29
6102 27.19
4287 27.01
5585 27.05
4036 26.72
9120 28.59
6666 28.38
5908 30.19
3951 28.55
6551 29.79
3037 27.44
7793 31.21
5319 30.24
3287 30.74
3624 27.86
4551 28.16
4145 27.21
5224 29.47
7885 30.22
5784 29.64
3932 28.91
11818 24.37
1911 28.61
4228 27.29
2979 27.74
6436 26.43
3093 26.68
5488 26.16
3824 26.49
7314 26.85
5033 27.45
6866 26.82
3778 26.64
7166 26.96
5961 27.75
6450 27.96
5735 27.89
6601 27.03
4294 27.35
4026 27.12
7924 28.78
4662 27.96
2991 27.00
4738 26.22
3624 25.81
6265 26.05
3096 25.57
6026 26.30
5025 26.37
5197 27.09
4924 24.92
5351 25.85
4565 25.60
11584 23.75
3056 26.84
5361 26.71
4576 26.47
7542 25.95
7786 27.88
5373 27.84
4326 27.30
6028 26.32
3400 26.14
4548 26.15
5042 25.84
6736 26.20
4496 26.30
5515 26.52
4101 25.87
6548 26.58
4488 25.91
5435 25.99
3732 25.57
6005 26.45
3874 25.11
5220 25.05
4014 24.44
6079 25.73
4092 25.00
6111 25.09
4954 25.47
10476 28.21
6850 27.70
5979 28.51
3063 26.85
10542 23.45
1475 29.11
5902 26.81
4630 26.43
6686 26.16
3684 26.04
5239 26.12
4097 25.70
7471 26.94
4494 26.33
5491 26.99
4331 26.42
7119 26.76
4192 26.20
5244 26.55
4887 26.69
6264 27.16
3724 26.69
5120 26.62
3652 26.00
6232 27.18
4166 25.97
5304 26.09
3975 25.91
6422 26.70
4279 25.75
6339 26.01
4740 26.06
6494 26.94
4219 26.47
6311 26.70
4896 26.72
13247 23.42
3203 27.82
5031 26.98
3704 26.35
7536 25.73
3773 26.20
5699 25.78
4328 25.78
7806 25.94
4102 26.02
5445 26.22
4038 25.39
6567 25.99
3820 25.47
5788 25.91
4461 25.54
6774 26.18
4274 25.36
5891 25.96
7712 27.14
6986 27.51
3499 27.07
4853 27.35
7177 28.48
6082 28.14
3716 27.59
4664 28.10
4590 26.68
5800 28.23
3961 26.40
5307 26.35
4301 25.85
10763 23.06
2996 26.76
4949 25.94
4465 25.20
6379 25.34
3906 25.25
5078 25.20
3540 24.59
6372 24.87
3792 24.61
5542 24.12
4160 23.75
