11752 21.56
7124 24.06
2263 23.52
4328 21.46
6549 21.24
5385 20.19
9824 22.03
7830 22.38
5415 21.93
4053 21.82
4982 22.16
4934 20.59
6287 22.05
5123 20.65
6661 22.22
5633 22.39
7250 22.20
4389 21.70
6126 22.02
8282 22.94
6676 23.13
4906 23.44
4921 22.82
4764 21.96
6609 22.91
5097 21.68
6162 21.89
5234 21.52
7166 23.04
5747 21.96
6296 22.67
5192 22.50
14101 21.52
2685 24.31
5444 22.93
4824 22.31
7392 23.11
5633 22.34
5847 22.84
5059 22.40
7029 23.22
5518 22.42
6129 22.97
5222 22.33
7096 23.68
5509 22.38
5888 23.84
5584 22.71
7664 23.84
5311 23.33
6314 24.14
5420 23.26
8075 24.28
4716 23.55
5468 24.15
5032 23.21
7261 24.31
4539 23.65
5958 23.68
4928 23.40
10417 25.80
8139 25.59
6743 27.46
4907 26.01
8919 25.85
1921 27.11
4722 25.39
4674 24.28
6402 26.11
5121 24.60
5638 25.69
5146 24.14
6373 26.57
5048 24.41
6282 24.73
4638 24.76
6809 25.71
4930 24.59
6487 24.42
4656 24.43
7266 25.30
4789 24.53
6217 24.96
5042 24.32
7485 25.28
4832 24.35
6436 24.11
7927 25.51
6652 25.72
7327 26.51
4671 26.50
4994 25.92
7158 26.07
5370 25.79
5789 25.55
4399 25.11
16251 21.93
2195 27.80
6272 25.21
6967 25.95
7050 26.90
4252 25.77
5343 27.48
4579 26.45
8590 27.87
6421 27.55
7118 27.91
3999 26.88
7730 28.01
6800 27.75
6031 28.94
3503 27.19
7515 28.13
3996 27.14
4932 28.37
5070 26.71
6660 28.49
4487 26.82
5772 26.87
4141 26.35
6268 27.82
5661 26.87
5825 26.81
4297 26.56
6565 27.34
4635 26.42
6332 26.41
4533 26.18
15999 23.83
2193 28.49
5331 26.56
4338 26.25
8406 25.96
3885 26.03
5900 25.58
4228 25.52
7019 26.11
9664 27.86
4993 28.16
4508 27.42
7002 26.41
4645 26.23
6170 26.32
4577 25.90
10049 27.78
7252 27.55
6670 29.29
4605 27.47
7344 28.94
3354 26.69
8496 30.43
5913 29.47
3713 29.90
3946 26.95
5554 26.96
4340 26.33
5995 28.32
8937 29.10
6278 28.86
4195 28.23
13028 23.49
2386 27.49
4958 26.37
3310 26.90
7322 25.69
3472 25.78
5869 25.63
4411 25.59
8161 26.04
5671 26.59
7479 26.04
4300 25.81
7913 26.10
6664 26.90
7167 27.06
6359 27.04
7216 26.22
4723 26.58
4496 26.31
8684 27.90
5130 27.07
3420 26.23
5291 25.40
4094 24.92
6759 25.37
3768 24.56
6726 25.41
5720 25.55
5858 26.23
5280 24.34
5965 25.09
5140 24.81
12569 22.95
3392 26.01
6073 25.92
5142 25.68
8367 25.18
8606 27.07
6095 26.93
4759 26.51
6841 25.47
3838 25.31
5718 24.81
5509 25.01
7379 25.53
5118 25.47
6200 25.69
4596 25.24
7307 25.82
4967 25.17
6345 24.80
4134 24.70
6608 25.61
4403 24.50
6361 23.80
4380 23.79
6906 24.67
4483 24.22
6611 24.21
5504 24.55
11381 27.35
7436 26.86
6930 27.23
3413 25.99
12151 22.19
1675 28.08
6667 25.85
5146 25.51
7181 25.55
4199 25.19
5719 25.49
4639 24.87
7796 26.49
5157 25.43
5861 26.56
5134 25.64
7445 26.36
4743 25.42
5926 25.77
5581 25.84
6544 26.73
4318 25.80
5803 25.62
4174 25.25
7169 25.90
4537 25.15
6357 24.97
4409 25.14
7363 25.52
4676 25.07
6722 25.47
5376 25.22
7641 25.74
4497 25.64
6938 25.89
5459 25.89
14442 22.56
3838 26.65
5677 26.04
4200 25.67
8350 24.89
4280 25.32
6575 24.98
4813 24.93
8694 25.17
4646 24.90
6114 25.41
4574 24.64
7372 25.10
4426 24.56
6420 25.09
4955 24.94
7542 25.43
4659 24.68
6250 25.50
8534 26.33
7801 26.69
3959 26.33
5488 26.69
7936 27.58
6719 27.27
4194 26.69
5154 27.32
5265 25.79
6317 27.36
4503 25.44
6077 25.19
4721 25.09
11778 22.21
3435 25.94
5605 24.97
5000 24.41
7157 24.47
4353 24.43
5958 23.91
3982 23.46
6833 24.23
4394 23.70
6104 23.33
4668 23.07
