12464 20.90
7682 23.41
2534 23.23
4708 20.88
6946 20.81
5592 19.96
10643 21.44
8250 21.91
5966 21.39
4449 21.44
5294 21.63
5396 20.13
6836 21.56
5545 20.21
7036 21.83
6358 21.66
7738 21.86
4741 21.26
6437 21.68
8503 22.58
7142 22.68
5174 23.01
5381 22.15
5048 21.33
6870 22.44
5786 21.20
6245 21.72
5761 21.12
7519 22.53
6239 21.52
6302 22.58
5599 21.95
15112 20.93
2994 23.55
6055 22.36
4794 22.44
8159 22.32
5942 21.95
6267 22.36
5491 21.90
7978 22.38
5902 21.86
6648 22.42
5350 21.94
8413 22.52
5447 22.07
6488 22.87
5946 22.12
9048 22.60
5540 22.72
7310 23.06
5476 22.98
8915 23.55
5132 22.82
6107 23.24
4962 23.06
7588 23.81
5046 22.76
5854 23.50
5519 22.79
11849 24.78
8799 25.14
5393 29.10
4519 26.87
9105 25.70
2230 26.25
4811 25.11
5213 23.89
6697 25.70
4879 24.55
6438 24.79
4927 24.03
7032 25.90
5261 23.94
6999 23.91
4917 23.96
7585 25.00
5216 23.98
6844 24.03
4930 24.03
7543 24.96
5135 24.12
6752 24.26
5309 23.87
7902 24.68
5202 23.99
6874 23.68
8344 24.95
7186 25.11
7701 26.03
4982 26.11
5336 25.40
7601 25.51
5350 25.67
6375 24.89
4796 24.52
16785 21.71
3010 26.20
6798 24.75
7551 25.39
7771 26.09
4356 25.37
6054 26.64
5298 25.51
9496 26.93
7265 26.67
7115 27.76
3839 26.99
8862 27.01
6847 27.48
5904 28.98
3969 26.75
8201 27.43
4251 26.66
5555 27.50
5216 26.19
7281 27.81
4752 26.15
6125 26.35
4641 25.76
6568 27.30
5644 26.70
6285 26.24
4505 26.01
7195 26.78
5138 25.74
7106 25.64
4722 25.69
17310 23.00
2325 28.06
5866 26.13
4556 25.72
9012 25.35
4267 25.48
6366 25.03
4643 24.92
7567 25.62
10213 27.37
5445 27.68
4824 26.99
7333 25.90
5096 25.72
6699 25.83
4772 25.43
10561 27.29
7756 27.10
6837 29.11
4972 26.92
7750 28.51
3801 26.16
9044 29.85
6484 28.67
4018 29.50
4249 26.57
5575 26.82
4701 25.88
6539 27.71
9563 28.55
6726 28.27
4698 27.51
13808 22.98
2332 27.27
5298 25.94
3617 26.37
7667 25.38
3827 25.21
6417 24.91
4694 25.15
8180 26.06
6139 25.96
7425 26.01
4763 25.29
7964 26.09
7177 26.35
7787 26.60
6800 26.47
7190 26.20
5230 26.07
4912 25.83
8964 27.51
5741 26.63
3689 25.69
5253 25.35
5372 23.40
8042 24.22
3796 24.12
7036 24.87
6054 25.08
6478 25.50
5568 23.79
6523 24.42
5417 24.29
13285 22.44
3761 25.52
6575 25.37
5399 25.28
8891 24.71
9133 26.55
6520 26.57
5089 25.93
7050 24.96
4144 24.77
5871 24.66
5914 24.66
7860 24.88
5296 24.91
6550 25.15
4889 24.55
7709 25.29
5594 24.62
6959 24.16
4388 24.18
7168 25.10
4679 23.91
6701 23.38
4701 23.26
7498 24.05
4834 23.58
7123 23.64
5789 24.37
12081 26.85
8008 26.41
7097 27.10
3758 25.47
12873 21.72
1923 27.32
7216 25.32
5490 25.05
7888 24.74
4392 24.69
6300 24.74
5003 24.37
8671 25.57
5445 24.90
6561 25.60
5284 24.86
8435 25.40
5104 24.80
6462 25.18
5765 25.45
7561 25.76
4474 25.34
6083 25.23
4438 24.64
7160 25.72
5023 24.58
6489 24.75
4832 24.44
7823 25.08
5141 24.51
7642 24.68
5827 24.73
7804 25.62
4936 25.06
7478 25.36
5819 25.44
15341 22.06
4115 26.20
5973 25.61
4657 25.12
8742 24.51
4702 24.68
6930 24.42
5265 24.48
9115 24.71
5076 24.58
6375 24.98
4824 24.17
7880 24.67
4719 23.99
6575 24.93
4973 24.71
8100 24.90
5027 24.14
6803 24.90
9024 25.87
8116 26.17
4283 25.87
6227 25.72
8901 26.76
7217 26.74
4618 26.24
5534 26.86
5413 25.30
6741 26.87
4748 24.91
6531 24.50
4941 24.55
12510 21.69
3630 25.49
6035 24.50
5383 23.95
7583 23.92
4671 24.01
5992 23.77
4415 23.03
7749 23.36
4712 23.18
6481 22.87
5030 22.57
