14148 19.82
8648 22.43
3123 21.72
5250 20.26
8030 19.93
6260 19.22
11420 20.68
9365 20.92
6876 20.47
5360 20.32
6183 20.75
5358 19.72
7782 20.69
6401 19.31
7939 20.94
6823 21.25
8565 21.03
5582 20.32
6898 21.15
9110 22.02
8036 21.79
5989 22.04
6373 21.17
5895 20.53
7727 21.67
6595 20.27
7163 20.92
6616 20.31
8356 21.72
6845 20.67
7510 21.35
6414 20.99
16866 19.78
3598 22.11
6848 21.47
5804 21.20
9120 21.56
6849 21.11
6730 21.80
6232 21.10
8839 21.49
6672 21.10
7627 21.56
6198 21.00
9442 21.66
6271 21.19
7392 21.99
6736 21.43
10079 21.74
6242 21.90
8194 22.19
5918 22.11
10283 22.37
5450 22.16
6909 22.34
5771 22.13
8473 22.85
5770 21.97
6737 22.58
6175 21.82
12996 23.86
9715 24.19
6588 27.37
5019 25.84
10779 24.12
2566 25.69
5676 24.06
5821 22.88
8195 24.32
6377 22.79
6690 24.32
5701 23.12
8008 24.78
5898 22.91
7480 23.29
5787 23.05
7679 24.67
6265 22.99
8171 22.88
5587 22.96
8490 24.16
5844 23.32
8222 22.99
5912 22.95
9033 23.69
5879 22.98
7750 22.71
9324 24.09
8135 24.28
8635 25.09
5611 25.26
6024 24.51
8630 24.62
6118 24.79
7218 24.03
5548 23.77
18857 20.57
3512 25.38
7628 23.88
8444 24.56
8399 25.53
5216 24.42
6544 26.03
5644 25.05
10155 26.47
7755 26.10
8513 26.53
4698 25.66
9305 26.57
7839 26.46
7572 27.17
4523 25.48
8845 26.72
5118 25.62
6076 27.01
6074 25.32
7940 27.11
5533 25.23
6561 25.86
5260 24.96
7572 26.31
6647 25.47
6943 25.38
5268 25.10
7999 25.93
5827 24.92
7992 24.75
5342 24.77
19097 22.04
2910 26.90
6565 25.25
5273 24.93
10272 24.46
4793 24.58
7163 24.18
5314 24.20
8616 24.73
11280 26.51
6188 26.81
5556 26.03
8219 25.10
5797 24.85
7573 24.98
5500 24.49
11521 26.46
8644 26.22
7930 27.85
5610 25.98
8979 27.13
4240 25.08
10563 28.50
7301 27.72
4973 28.08
4573 25.51
6147 25.84
5480 24.94
6914 27.32
10731 27.52
7109 27.70
5113 26.99
15243 22.07
3146 25.88
6122 24.97
4561 24.93
9121 24.08
4229 24.10
7142 23.99
5385 24.20
9705 24.64
6717 25.12
8925 24.55
5209 24.35
9630 24.59
7997 25.38
8639 25.62
7774 25.58
8594 24.78
5758 25.03
5450 24.90
10028 26.52
6287 25.62
4328 24.80
6613 23.94
4858 23.52
8616 23.42
4497 23.07
8153 23.72
6928 24.09
7320 24.60
6049 23.16
7273 23.51
6114 23.40
14718 21.57
4362 24.57
7482 24.37
6255 24.29
10103 23.75
10244 25.62
7378 25.53
5765 25.00
8136 24.01
4736 23.82
6646 23.66
6719 23.73
8949 23.97
6162 23.98
7505 24.22
5755 23.60
8541 24.39
6273 23.68
7380 23.66
5191 23.18
7861 24.26
5478 22.93
7550 22.44
5420 22.37
8345 23.25
5599 22.69
7926 22.88
6625 23.33
13185 25.98
8833 25.45
8324 25.69
4219 24.56
14199 20.83
2548 25.44
8093 24.37
6354 24.10
9074 23.84
5080 23.73
7196 23.82
5598 23.50
10333 24.21
5920 24.25
8011 24.23
5920 23.89
10075 23.95
5740 23.94
7119 24.36
6614 24.48
9051 24.46
4958 24.43
6296 24.61
5337 23.74
8343 24.60
5730 23.59
7342 23.77
5570 23.59
8309 24.43
5856 23.67
8183 24.08
6541 23.78
8747 24.60
5716 24.15
8525 24.46
6686 24.51
16791 21.20
4744 25.36
6751 24.78
5282 24.07
9921 23.60
5448 23.74
7883 23.56
5988 23.66
10202 23.80
5821 23.54
7270 24.11
5487 23.28
8638 23.68
5442 23.14
7315 24.16
6141 23.43
8956 24.10
5745 23.24
7804 23.96
9903 24.97
9109 25.28
5073 24.88
7013 24.73
9912 25.79
8004 25.94
5243 25.19
6237 25.95
6211 24.37
7642 25.95
5437 23.98
7418 23.62
5769 23.54
13881 20.81
4299 24.27
6778 23.53
6056 23.05
8434 23.07
5288 22.93
6914 22.79
5107 22.15
8136 22.86
5455 22.22
7314 22.07
5701 21.68
