1855 41.68
583 44.59
209 42.82
360 40.16
842 37.20
653 35.84
1372 38.41
918 39.19
506 38.12
488 36.44
835 36.07
597 35.39
886 37.10
476 36.53
823 36.95
778 35.99
850 36.77
471 36.75
796 36.56
1525 37.46
826 37.94
552 37.79
634 38.17
661 36.93
991 37.99
608 37.27
829 37.03
491 36.50
909 37.85
725 36.73
746 37.50
684 36.72
1632 40.99
287 39.58
660 38.39
685 36.89
831 39.42
654 36.61
834 38.06
605 36.89
1010 38.26
539 37.13
836 36.94
718 36.53
882 37.92
683 36.84
796 37.43
716 36.34
1109 37.31
666 36.46
933 37.69
635 37.04
1183 37.39
534 37.95
803 38.13
681 37.50
989 38.71
595 37.66
824 37.43
600 37.36
1702 40.85
1091 41.30
962 42.85
649 40.77
1151 44.10
257 42.09
439 42.08
638 40.53
671 42.30
700 40.12
813 39.60
760 39.83
883 41.45
734 39.96
833 40.57
610 39.89
886 42.20
631 39.62
865 40.32
451 39.82
952 40.99
610 39.39
840 39.60
565 39.13
999 40.25
595 39.16
861 38.91
1259 39.83
976 40.60
1209 41.23
632 41.40
540 41.50
1032 40.94
553 40.99
566 41.08
642 39.60
2165 39.18
234 41.49
684 39.70
1052 40.47
937 41.58
453 40.61
780 41.96
596 41.34
1520 42.50
946 41.74
1045 42.63
494 41.88
1134 43.06
974 42.60
761 45.83
644 42.21
1101 44.08
420 42.53
609 43.13
607 42.07
795 45.01
657 42.21
735 42.74
626 41.72
1018 42.66
739 42.38
728 42.05
613 41.35
1026 42.38
467 42.13
782 41.09
642 40.60
2231 40.96
208 43.42
606 42.19
506 41.84
1079 41.39
331 41.57
844 40.03
627 39.82
960 41.54
1719 42.64
654 43.40
485 42.85
836 42.16
485 40.53
724 40.98
640 40.30
1697 42.96
1162 42.27
932 46.27
561 43.14
1019 45.56
429 42.47
1204 47.27
793 45.72
531 47.22
611 42.88
681 44.21
660 42.69
813 45.94
1278 46.29
876 45.77
507 44.44
1878 40.55
144 46.12
439 43.30
388 42.73
945 41.57
537 40.18
742 40.98
564 39.96
1043 42.08
629 42.03
966 41.90
547 41.99
1119 42.13
1016 41.84
993 42.62
836 42.96
1075 42.29
650 42.85
651 42.67
1468 43.60
783 43.21
423 43.04
631 43.42
725 41.12
892 43.22
518 41.42
940 42.03
704 40.71
730 43.88
703 40.63
793 41.73
656 41.06
2099 38.70
331 42.46
711 41.71
524 41.65
1185 40.80
998 45.00
785 42.62
432 41.92
927 41.43
511 41.31
800 40.54
813 40.43
1271 41.22
501 41.88
882 41.45
509 41.13
1233 41.51
617 41.43
812 41.58
603 40.48
1011 41.53
533 40.20
850 40.12
557 40.13
949 41.23
574 40.48
861 40.35
782 40.46
1736 44.13
1008 44.43
921 44.71
495 42.64
1553 40.12
178 44.73
810 42.27
575 41.99
963 41.06
549 41.83
723 41.60
609 41.13
1269 42.06
613 41.96
899 42.04
663 41.73
1154 42.03
544 42.19
786 41.83
666 41.94
993 43.13
496 42.32
833 40.93
620 39.88
1008 42.81
572 40.83
844 40.98
525 41.21
1029 41.45
531 41.44
871 41.18
623 41.37
1172 41.79
579 41.15
907 42.10
687 41.40
2270 38.85
288 44.48
655 41.74
468 41.36
1072 40.49
536 40.62
917 40.61
568 40.43
1230 40.94
543 40.52
826 40.90
660 40.51
1031 41.01
548 40.06
844 40.28
589 40.22
1070 41.28
680 40.28
865 41.07
1314 41.81
1135 42.18
596 42.40
835 42.36
1344 43.05
991 43.37
489 43.72
756 43.63
593 43.05
1052 43.60
518 42.24
666 43.22
594 42.65
2106 37.64
422 43.47
715 41.47
604 41.22
1056 40.86
477 40.58
688 40.62
530 39.80
925 40.39
484 40.33
839 39.28
590 38.52
