16587 18.29
10976 20.61
4232 19.94
6433 18.91
10446 18.18
7583 17.94
14104 18.82
11111 19.59
7435 19.76
6156 19.56
7085 19.89
6395 18.71
8713 19.93
8079 18.02
8993 20.07
8296 19.94
9750 20.14
6508 19.40
8991 19.58
11051 20.49
9635 20.52
7293 20.79
7957 19.86
7070 19.19
9224 20.42
7739 19.12
8587 19.62
7952 19.07
10088 20.53
8350 19.35
9156 20.07
7664 19.77
19761 18.26
4768 20.67
8370 20.11
7073 19.96
10877 20.14
7975 19.92
8475 20.21
7770 19.69
10537 20.30
7433 20.21
8974 20.41
7626 19.74
10369 20.88
7878 19.92
8464 21.14
7598 20.48
11391 20.89
7591 20.73
9324 21.28
7406 20.87
11752 21.27
7215 20.65
8403 21.21
7419 20.48
10580 21.26
6859 20.63
8089 21.32
7517 20.52
14972 22.67
11228 22.96
8992 24.91
6484 23.79
13239 22.23
3127 24.36
7139 22.61
6583 21.94
10305 22.50
7558 21.45
8061 22.86
6900 21.72
10094 23.00
6988 21.59
9001 21.86
7152 21.58
9665 22.90
7477 21.71
9688 21.53
6784 21.64
9822 22.96
7331 21.83
9779 21.71
7135 21.55
10849 22.30
7146 21.60
9410 21.34
10927 22.79
9548 23.01
10241 23.79
7024 23.87
7292 23.17
10226 23.28
7984 22.91
8679 22.70
6701 22.43
22125 18.94
4255 24.25
9129 22.52
10092 23.18
10140 24.12
6297 23.06
7836 24.60
6883 23.68
11901 25.07
9249 24.74
10274 24.88
5852 24.11
10983 25.19
9810 24.92
8793 25.98
5503 24.27
10694 25.32
6188 24.32
7088 25.70
7411 23.98
9519 25.69
6814 23.96
8036 24.48
6394 23.64
8984 25.08
7575 24.47
8413 24.01
6424 23.80
9463 24.62
6959 23.64
9531 23.43
6618 23.44
22276 20.50
4049 24.84
8065 23.93
6679 23.51
12016 23.22
6178 23.24
8633 22.91
6540 22.77
10100 23.53
13091 25.22
7548 25.36
6739 24.70
9899 23.73
7103 23.52
8999 23.72
6693 23.15
13401 25.14
10311 24.80
9799 25.96
6559 24.61
10515 25.76
5266 23.60
12111 27.11
9272 25.85
6031 26.65
5682 24.09
7515 24.31
6716 23.47
8401 25.76
12340 26.12
8559 26.24
6217 25.51
17489 20.71
4052 24.47
7646 23.57
5627 23.28
10993 22.64
5471 22.63
8963 22.60
6489 22.78
11456 23.30
8221 23.71
10542 23.23
6466 23.00
11195 23.25
9517 24.06
10181 24.23
9147 24.22
10236 23.36
6931 23.65
6767 23.41
11573 25.09
7565 24.15
5275 23.31
7838 22.54
6239 21.93
9959 22.18
5734 21.62
9521 22.43
8376 22.66
8825 23.04
7389 21.64
8695 22.15
7492 21.96
17225 20.09
5450 23.24
8954 23.07
7675 22.84
11850 22.38
11981 24.26
8795 24.04
7113 23.48
9621 22.58
5953 22.38
8220 22.25
8145 22.19
10587 22.70
7412 22.56
8910 22.93
6986 22.22
10171 23.03
7437 22.30
9219 21.97
6265 21.80
9690 22.80
6496 21.41
9029 21.15
6593 21.01
10356 21.52
6841 21.33
9596 21.37
7864 22.09
15172 24.62
10460 24.05
10791 23.51
5033 23.14
16694 19.38
3462 23.84
9639 22.99
7745 22.64
10880 22.37
6218 22.30
8610 22.39
6965 22.08
12139 22.78
7241 22.73
9502 22.86
7172 22.36
12040 22.61
6849 22.66
8536 23.04
8002 23.08
10776 23.14
6020 22.94
8180 22.88
6374 22.34
9722 23.29
7095 22.29
8532 22.57
6995 22.00
9888 23.12
7290 22.11
10182 22.38
7953 22.50
10270 23.37
6870 22.73
10113 23.11
7824 23.18
19278 19.83
5781 23.93
8394 23.10
6374 22.74
11858 22.19
6589 22.47
9323 22.17
7445 22.15
12094 22.39
7145 22.29
8709 22.79
6809 21.78
10207 22.49
6731 21.61
8632 22.86
6994 22.48
10556 22.71
7003 22.07
9295 22.56
11693 23.62
10790 23.92
6047 23.51
8522 23.46
11525 24.45
9565 24.43
6213 23.92
7544 24.47
7525 22.96
9272 24.49
6580 22.52
8945 22.19
6938 22.12
16118 19.38
5398 22.65
8125 22.10
7381 21.70
10082 21.69
6585 21.38
8167 21.43
6267 20.79
9908 21.35
6601 20.89
8855 20.70
7242 20.37
