19284 16.80
12795 19.25
5695 18.72
7836 17.77
12067 17.11
8474 17.30
16033 17.74
12870 18.45
8931 18.61
7310 18.50
8439 18.80
7224 17.98
10045 18.87
9017 17.34
10930 18.73
9374 18.88
11225 19.04
7850 18.30
10461 18.49
12580 19.43
11252 19.41
8571 19.64
9415 18.73
8341 18.22
10706 19.29
9267 17.98
10595 18.19
9295 17.99
11465 19.43
9738 18.27
10584 18.96
9222 18.54
22179 17.03
6123 19.65
9997 19.02
8274 18.94
12568 19.11
9154 19.05
9436 19.44
9097 18.58
12038 19.30
8620 19.20
10329 19.35
8305 18.99
12054 19.71
9385 18.79
9882 19.99
9702 18.95
13065 19.80
9346 19.38
10660 20.20
9060 19.55
13436 20.20
8470 19.57
9823 20.09
8690 19.40
11906 20.20
8131 19.56
9654 20.06
8633 19.47
16807 21.55
12919 21.83
11135 23.17
7955 22.25
15435 20.83
3746 23.34
9082 21.13
7609 20.82
11890 21.34
8487 20.58
9400 21.70
8149 20.59
11467 21.83
8358 20.46
10430 20.71
8294 20.39
11065 21.84
8878 20.53
11498 20.31
8281 20.49
11220 21.88
8829 20.62
11544 20.40
8456 20.47
12031 21.43
8757 20.41
10971 20.24
12592 21.65
11145 21.87
11675 22.71
8150 22.73
8516 22.06
11920 22.07
9420 21.84
10016 21.58
8096 21.18
24580 17.84
5545 22.79
10885 21.38
11725 22.08
12182 22.69
6341 22.68
9612 23.12
8696 22.11
14323 23.49
11329 23.19
10893 24.49
6867 23.20
13463 23.62
11111 23.76
9526 25.24
6372 23.32
12803 23.68
7218 23.11
9057 24.01
8456 22.79
11881 24.03
7732 22.77
9153 23.28
7552 22.46
10718 23.51
8707 23.21
9861 22.83
7724 22.59
11333 23.29
8256 22.41
10943 22.30
7775 22.27
24734 19.34
5226 23.35
9547 22.60
7863 22.33
14088 21.98
7281 22.05
10106 21.73
7765 21.61
11725 22.33
14703 24.06
8816 24.20
7884 23.45
11607 22.53
8394 22.31
10597 22.48
7906 21.93
15301 23.83
11779 23.57
11942 24.10
7770 23.34
12923 23.83
5961 22.37
14796 25.22
11020 24.39
8377 24.29
6455 22.68
8032 23.43
7985 22.20
9550 24.52
14264 24.83
9962 24.96
7392 24.22
19927 19.46
5171 23.19
9004 22.27
6372 22.40
13190 21.28
6589 21.27
10345 21.31
7981 21.53
13471 22.03
9573 22.50
12283 22.03
7668 21.78
13147 22.12
11011 22.89
11787 23.07
10557 23.02
11845 22.14
8321 22.41
8115 22.17
13333 23.89
8892 22.90
6309 22.03
9225 21.30
7248 20.84
10956 21.49
6962 20.31
11026 21.15
9740 21.56
10118 22.09
8922 20.41
10531 20.81
8725 20.88
19288 19.01
6565 22.06
10200 21.95
9117 21.73
13618 21.23
13662 23.06
10171 22.88
8215 22.29
11221 21.38
7337 21.09
10050 20.73
9519 21.03
12201 21.56
8848 21.37
10426 21.70
8301 21.06
11796 21.80
8761 21.16
10744 20.82
7526 20.66
11444 21.23
7197 20.64
10591 19.96
7642 19.91
12435 20.09
8148 20.12
11348 20.27
9235 20.71
17050 23.48
12188 22.82
12313 22.28
6200 21.81
18867 18.22
4793 22.03
11169 21.82
9060 21.45
12194 21.23
7429 21.13
10001 21.22
8196 20.89
13902 21.58
8796 21.41
11124 21.63
8596 21.26
13612 21.47
8314 21.33
9907 21.85
9428 21.80
12386 21.85
7355 21.67
9182 22.04
7723 21.08
11480 22.02
8289 21.10
9972 21.44
8151 20.91
11591 21.88
8539 21.01
11387 21.54
9282 21.44
12096 21.98
8068 21.63
11690 21.89
9197 22.02
21393 18.70
7023 22.68
9950 21.88
7575 21.49
13823 20.93
7706 21.26
11157 21.02
8602 20.99
14718 20.82
8557 21.03
11470 20.74
7818 20.74
12583 20.84
7689 20.55
10713 21.24
8609 20.97
12775 21.18
8138 20.82
10697 21.41
13153 22.48
12460 22.73
7366 22.38
9425 22.59
12508 23.69
11149 23.24
7516 22.68
8832 23.31
8727 21.80
10558 23.25
7918 21.37
10305 21.06
8298 21.00
18198 18.26
6424 21.36
9722 20.92
8828 20.50
11811 20.50
7784 20.27
9737 20.24
7533 19.61
11260 20.24
8229 19.66
9237 20.36
8411 19.46
