19599 16.65
13147 19.08
5935 18.53
7508 17.95
12425 16.90
8745 17.12
16318 17.60
13114 18.30
9349 18.30
7511 18.30
8497 18.65
7475 17.80
11097 18.26
8992 17.21
11012 18.56
9696 18.74
12001 18.51
8705 17.74
10486 18.44
12938 19.28
11240 19.31
8775 19.49
9542 18.57
8600 18.07
10702 19.22
8805 18.28
10360 18.36
9775 17.77
11668 19.34
10071 18.08
10601 18.84
9510 18.41
22179 17.03
6263 19.58
10209 18.92
8100 18.95
12278 19.31
9300 19.01
9737 19.23
9318 18.48
11696 19.52
9718 18.59
10180 19.50
8554 18.87
11598 19.96
9711 18.69
10356 19.80
9784 18.87
12454 20.06
9836 19.24
10510 20.32
9426 19.40
13031 20.37
8690 19.45
9724 20.31
8983 19.29
11800 20.34
8356 19.41
10537 19.68
8735 19.36
16952 21.43
13105 21.71
12438 22.33
8511 21.67
16721 20.13
3753 23.17
9733 20.62
8028 20.42
12817 20.78
8379 20.51
10026 21.21
8234 20.44
12418 21.21
8325 20.33
10024 20.88
8732 20.17
11926 21.30
8806 20.35
10973 20.48
8644 20.33
12292 21.26
8599 20.51
11631 20.29
8794 20.19
11646 21.63
9191 20.25
11204 20.14
12842 21.53
11272 21.61
12009 22.48
8276 22.48
8824 21.89
12204 21.95
8871 22.05
10319 21.44
8305 21.05
25087 17.64
5191 23.19
11132 21.21
11870 21.89
11970 22.85
6609 22.43
9321 23.23
9107 21.89
13741 23.83
10970 23.43
12248 23.55
7134 22.78
13009 23.86
11224 23.68
10585 24.53
6813 22.90
12384 23.97
8033 22.59
9264 23.81
8521 22.62
11254 24.38
8204 22.64
9405 23.18
7804 22.33
11069 23.36
8887 23.11
10019 22.70
7812 22.49
11369 23.17
8380 22.26
11310 22.14
8039 22.09
25128 19.15
5413 23.23
9702 22.47
7984 22.20
14096 21.84
7450 21.94
10395 21.57
7912 21.48
11946 22.21
15016 23.89
8919 24.04
8160 23.32
11834 22.37
8694 22.12
10835 22.35
8257 21.75
15385 23.80
12067 23.40
11974 24.18
7979 23.25
13246 23.67
6162 22.28
15118 25.10
10864 24.43
8437 24.24
6055 23.09
8762 22.84
8020 22.04
9739 24.40
14527 24.58
10163 24.78
7270 24.22
20204 19.34
5372 22.91
9214 22.11
7129 21.67
13268 21.18
6685 21.21
9818 21.68
8185 21.37
13611 21.89
9766 22.34
12564 21.81
7732 21.61
13403 21.92
11244 22.72
11893 22.93
10812 22.87
12209 21.94
8399 22.21
8157 22.02
13602 23.71
9176 22.75
6384 21.81
9388 21.14
7423 20.60
12431 20.45
6926 20.21
11404 20.88
9985 21.36
10597 21.64
8589 20.48
10326 20.82
9015 20.68
19777 18.75
6810 21.73
10640 21.73
9320 21.51
13977 21.09
13986 22.88
10385 22.73
8597 22.04
11464 21.25
7456 20.93
9836 20.85
9912 20.89
12774 21.32
8885 21.26
10724 21.56
8354 20.95
12008 21.66
8904 21.03
11035 20.65
7764 20.53
11055 21.54
8169 20.13
10965 19.82
7765 19.83
11395 21.01
8461 20.12
11500 20.07
9500 20.56
17217 23.38
12207 22.72
12475 22.18
6277 21.73
19012 18.13
5311 21.54
11311 21.72
9166 21.35
12434 21.15
7554 20.99
9974 21.11
8430 20.67
13253 21.94
8467 21.70
10664 21.97
8935 21.09
13175 21.74
8683 21.17
10203 21.69
9630 21.67
11879 22.25
7504 21.54
10413 21.17
7697 20.95
11840 21.78
7930 21.37
11146 20.74
8153 20.87
12303 21.34
8483 20.85
11970 21.14
9403 21.20
12516 21.74
8255 21.37
11816 21.79
9469 21.82
21806 18.50
7232 22.43
10121 21.79
7836 21.26
13951 20.80
7920 21.07
11365 20.87
8983 20.80
14770 20.70
8664 20.92
10828 21.05
8202 20.59
12787 20.63
7951 20.39
10898 21.06
8879 20.78
13132 20.95
8307 20.68
10766 21.27
13498 22.27
12645 22.56
7513 22.11
10097 22.08
13369 23.10
11429 23.10
7704 22.49
9024 23.15
9012 21.67
10940 23.06
7987 21.23
10756 20.85
8387 20.79
18482 18.11
6562 21.25
9933 20.73
9087 20.37
12874 20.37
7910 20.20
9820 20.15
7753 19.47
11604 20.20
8206 19.63
10855 19.38
8377 19.37
