19852 16.53
13472 18.85
6062 18.53
7842 17.79
12713 16.76
8912 16.95
16598 17.45
13365 18.15
9559 18.20
7632 18.18
8800 18.47
7615 17.70
10531 18.55
9391 17.07
10939 18.70
9255 18.96
11600 18.76
8271 18.04
11069 18.16
13218 19.10
11635 19.14
9011 19.36
9799 18.43
8692 17.91
11117 18.94
8883 18.14
11733 17.55
9418 17.69
11990 19.15
10289 17.97
11329 18.44
9656 18.26
23114 16.62
6476 19.40
10492 18.74
8416 18.75
12945 18.82
9285 18.89
9896 19.13
9494 18.35
12499 19.04
9851 18.43
10616 19.16
9602 18.31
13092 19.15
9602 18.53
10793 19.41
9938 18.76
13884 19.19
9308 19.31
11681 19.56
8780 19.51
14686 19.46
8652 19.31
10663 19.55
8527 19.35
12380 19.96
8492 19.19
10072 19.76
8380 19.62
17614 21.18
13565 21.49
10138 24.00
7715 22.63
16056 20.46
3886 23.04
9306 20.84
8503 20.18
12328 21.06
9319 19.96
9661 21.44
8506 20.30
11935 21.53
8716 20.14
10832 20.43
8603 20.05
11538 21.52
9091 20.17
11228 20.33
8802 20.13
12011 21.41
9007 20.39
11926 20.08
9008 20.09
12070 21.40
9277 20.07
11637 19.83
13022 21.43
11532 21.71
12118 22.33
8431 22.28
8990 21.74
12332 21.79
9913 21.45
10540 21.28
8378 20.91
25323 17.53
5895 22.45
11256 21.13
12008 21.73
12717 22.38
6651 22.31
9945 22.71
8362 22.29
14715 23.15
11758 22.85
12297 23.55
7194 22.85
13825 23.28
11852 23.31
9944 24.89
6656 23.05
13371 23.34
8075 22.45
9249 23.72
8756 22.48
12379 23.62
8165 22.44
9611 23.03
7945 22.11
10667 23.57
9147 22.96
10252 22.53
8082 22.28
11127 23.32
8876 22.02
11365 22.11
8430 21.89
25357 19.05
5551 23.01
9936 22.41
8163 22.12
14417 21.69
7701 21.79
10673 21.40
8026 21.34
12181 22.06
15456 23.67
8955 23.94
8180 23.20
11927 22.24
8921 21.96
11115 22.12
8211 21.59
15799 23.62
12212 23.32
12265 24.04
8072 23.04
13423 23.50
6482 22.05
15372 24.88
11099 24.28
8609 24.04
6809 22.46
8374 23.13
8361 21.87
10478 23.83
14644 24.47
10911 24.42
7758 23.92
20506 19.18
5418 22.81
9503 21.97
7217 21.62
13423 21.07
6856 21.03
10188 21.57
8375 21.26
13772 21.78
9870 22.21
12770 21.69
7873 21.51
13467 21.81
11431 22.55
12186 22.79
11063 22.68
12392 21.81
8397 22.14
8214 21.90
13793 23.58
9227 22.63
6563 21.62
9507 20.98
7415 20.55
12776 20.20
7043 20.01
11585 20.68
10195 21.13
10797 21.52
8915 20.27
10585 20.69
9284 20.45
20017 18.64
6960 21.59
10880 21.49
9485 21.36
14078 20.87
14358 22.68
10536 22.58
8645 21.94
11695 21.08
7590 20.83
10675 20.38
9951 20.76
12806 21.15
9280 21.08
10881 21.35
8624 20.71
12213 21.53
8986 20.86
11323 20.47
7874 20.33
11326 21.31
8485 19.90
10938 19.66
8198 19.60
12018 20.38
8594 19.94
11621 20.04
9694 20.43
17485 23.22
12351 22.56
12990 21.92
6454 21.53
19259 17.99
5438 21.31
11690 21.50
9405 21.20
12849 20.98
7905 20.83
10394 21.00
8681 20.54
14248 21.33
8951 21.29
11673 21.34
8815 20.81
14351 21.09
8618 21.05
10326 21.56
9859 21.53
12783 21.63
7602 21.51
9841 21.39
8038 20.75
12208 21.80
8662 20.88
10399 21.20
8357 20.77
12041 21.70
8773 20.73
11825 21.25
9640 21.12
11885 22.21
8662 21.31
12034 21.70
9549 21.73
22251 18.31
7383 22.35
10111 21.75
7835 21.21
14313 20.72
8121 20.95
11612 20.74
9045 20.72
15081 20.61
8840 20.84
11087 20.95
8264 20.43
13086 20.55
8208 20.32
11212 20.93
9131 20.67
13323 20.87
8478 20.55
10991 21.18
13635 22.17
12561 22.43
7659 22.02
9846 22.22
12999 23.34
11443 22.96
8040 22.21
9159 23.05
9021 21.52
11201 22.86
8153 21.09
10991 20.65
8801 20.64
18698 18.00
6701 21.21
10185 20.62
9304 20.19
12834 20.22
8058 20.10
9982 20.04
7901 19.34
11795 19.98
8439 19.45
11037 19.24
8624 19.20
