20189 16.38
13726 18.61
6357 18.26
8414 17.37
12921 16.66
9035 16.85
16766 17.36
13554 18.01
9607 18.18
7757 18.05
8973 18.35
7331 17.81
10841 18.40
9110 17.26
11582 18.15
10004 18.45
11769 18.65
9238 17.46
11181 18.05
13506 18.90
11695 19.08
9207 19.20
9918 18.32
8934 17.82
11331 18.90
9075 18.00
11966 17.39
9697 17.57
12124 19.08
10398 17.87
11064 18.60
9794 18.12
23409 16.47
6732 19.25
10675 18.58
8586 18.63
13167 18.67
9541 18.80
10006 18.97
9791 18.24
12692 18.90
9403 18.69
10789 18.98
9829 18.17
12546 19.42
9927 18.46
10387 19.61
10270 18.61
13469 19.48
9316 19.34
11352 19.75
9971 19.06
14157 19.80
8999 19.19
10399 19.70
9281 19.01
12748 19.79
8766 19.16
10210 19.70
9385 19.04
17592 21.12
13587 21.40
11823 22.74
8299 21.87
16686 20.14
3916 22.96
9546 20.69
8611 20.02
13385 20.53
8745 20.24
10386 20.93
9330 19.72
12598 21.08
8861 20.02
10307 20.65
9006 20.06
12125 21.13
9253 20.10
11405 20.21
8886 20.01
12628 20.97
9000 20.19
11935 20.00
9089 19.91
12221 21.30
9423 19.91
11749 19.72
13344 21.19
11928 21.37
12564 22.14
8627 22.11
9124 21.62
12619 21.67
10034 21.31
10885 21.07
8555 20.79
25767 17.36
5101 23.27
11594 20.89
12326 21.57
12406 22.54
6736 22.31
9704 23.01
9471 21.65
14294 23.43
11413 23.08
12741 23.20
7361 22.49
13460 23.57
11594 23.40
10792 24.33
7386 22.41
12782 23.69
7709 22.71
8951 24.01
9105 22.35
11890 23.95
8600 22.29
10459 22.49
8040 21.96
11540 23.06
9054 22.81
10441 22.38
8165 22.17
12247 22.64
8795 21.90
11471 21.87
8664 21.77
25885 18.84
5762 22.85
10043 22.27
8385 21.95
14668 21.53
7751 21.64
10960 21.22
8273 21.18
12280 21.88
15657 23.57
9350 23.78
8493 23.05
12234 22.10
9032 21.90
11184 21.99
8541 21.49
15996 23.54
12399 23.19
12369 23.89
8215 22.96
13644 23.36
6565 21.89
15579 24.77
11309 24.10
8878 23.83
6865 22.17
9082 22.53
8352 21.74
10146 24.12
14974 24.32
10723 24.48
7717 23.86
20945 18.98
5601 22.66
9628 21.84
7560 21.35
13746 20.89
7033 20.81
10360 21.32
8498 21.14
14036 21.59
10102 22.04
13039 21.52
8025 21.39
13880 21.56
11730 22.36
12485 22.57
11302 22.46
12645 21.68
8697 21.96
8453 21.79
13968 23.47
9365 22.53
6680 21.63
9868 20.84
7665 20.42
13113 20.11
7140 19.88
11868 20.56
10326 21.02
10924 21.41
9153 20.04
10773 20.51
9243 20.42
20285 18.52
7204 21.44
11197 21.37
9559 21.26
14649 20.71
14446 22.55
10698 22.47
8750 21.81
12100 20.92
7729 20.70
10414 20.50
10063 20.65
12963 21.02
9397 20.95
11126 21.21
8814 20.61
12392 21.39
9386 20.67
11620 20.23
8052 20.21
11635 21.19
8443 19.88
11194 19.52
8451 19.46
12220 20.44
8726 19.80
11921 19.94
9981 20.35
17725 23.12
12524 22.45
13130 21.83
6586 21.39
19462 17.85
5519 21.23
11835 21.34
9573 21.11
12981 20.80
7957 20.72
10574 20.77
8766 20.41
14519 21.19
9108 21.20
11749 21.25
9063 20.66
14460 20.93
8833 20.90
10433 21.37
10001 21.40
13088 21.47
7804 21.29
10288 21.15
8303 20.68
12143 21.56
8864 20.62
11099 20.71
8485 20.51
12023 21.45
8952 20.63
12570 20.80
9862 20.94
12556 21.67
8700 21.13
12106 21.51
9877 21.54
22472 18.18
7630 22.15
10534 21.50
8232 20.98
14505 20.55
8487 20.72
11963 20.56
9294 20.55
15252 20.48
9027 20.64
11288 20.77
8465 20.40
13431 20.35
8253 20.16
11220 20.88
9264 20.51
13453 20.73
8656 20.35
11230 21.06
13819 21.99
13006 22.24
7776 21.80
10539 21.71
13864 22.77
11810 22.76
7430 22.63
9378 22.87
9273 21.27
11178 22.84
8342 20.92
10964 20.56
8812 20.45
19154 17.76
6833 20.98
10321 20.46
9505 20.04
12596 20.00
8315 19.82
10290 19.88
8126 19.13
11840 19.89
8791 19.18
11356 19.03
8817 18.95
