20559 16.21
14064 18.46
6556 18.21
8655 17.29
13945 16.13
9868 16.32
17015 17.27
13648 18.00
8404 18.93
7278 18.46
7990 19.12
8211 17.49
10391 18.60
9921 16.76
11466 18.37
11163 17.82
11521 18.88
8556 17.80
11341 17.92
13787 18.76
11920 18.94
9359 19.10
10039 18.20
9266 17.58
11629 18.66
9355 17.81
12082 17.29
9952 17.48
12658 18.79
9670 18.09
11953 18.07
10037 18.01
24682 15.93
6884 19.08
10885 18.44
9458 18.16
13942 18.23
10020 18.43
10764 18.60
9837 18.13
13724 18.39
9393 18.51
11703 18.47
9115 18.40
13598 18.82
9868 18.30
11163 19.12
9832 18.77
14498 18.88
9625 19.07
11944 19.35
9228 19.29
15226 19.22
8774 19.24
11195 19.27
8996 19.05
13630 19.20
8824 18.97
10786 19.16
8705 19.29
17875 20.92
13796 21.17
9943 24.17
7915 22.41
16726 20.12
4056 22.81
9896 20.45
8331 20.16
12952 20.71
9320 19.98
10142 21.12
8971 20.02
12626 21.21
9085 19.86
11121 20.16
9033 19.85
12005 21.17
9718 19.79
11824 20.04
9072 19.89
12377 21.13
9282 20.07
12351 19.93
9435 19.74
12661 21.10
9705 19.82
11831 19.68
13597 21.09
12110 21.21
12564 22.07
8752 22.00
9413 21.45
12776 21.57
10374 21.17
10970 21.03
8822 20.65
26139 17.21
5863 22.45
11847 20.81
12568 21.48
13477 21.80
6847 22.05
11005 22.15
8572 22.00
16136 22.45
12845 22.11
10744 24.59
7364 22.92
15068 22.56
11026 23.71
10132 24.72
7198 22.55
13695 23.15
8650 22.09
10500 22.91
8135 22.61
12262 23.72
8543 22.17
10495 22.35
8419 21.79
11096 23.28
9375 22.69
10661 22.25
8465 21.94
11525 23.09
9262 21.78
11641 21.80
8728 21.65
25907 18.83
5868 22.70
10316 22.13
8627 21.76
14871 21.41
8072 21.46
11187 21.10
8469 21.03
12625 21.75
15934 23.43
9345 23.69
8570 22.93
12380 21.95
9338 21.71
11346 21.89
8755 21.41
16192 23.40
12684 23.04
12995 23.42
8366 22.81
13928 23.20
6619 21.75
15660 24.68
11411 23.95
9049 23.71
7021 22.07
9332 22.38
8519 21.58
10418 23.87
15119 24.18
10925 24.31
8052 23.64
21163 18.89
5767 22.55
9768 21.69
7689 21.21
13934 20.77
7437 20.63
10671 21.17
8754 20.95
14169 21.46
10390 21.89
13259 21.40
8275 21.17
14033 21.45
11866 22.25
12578 22.45
11497 22.35
12802 21.52
8950 21.82
8583 21.59
14226 23.26
9578 22.30
6953 21.39
10046 20.66
7780 20.23
13117 19.99
7427 19.71
12026 20.40
10676 20.81
11128 21.29
9244 20.05
11068 20.41
9394 20.23
20617 18.37
7346 21.34
11374 21.23
9876 21.07
14782 20.63
14718 22.39
10996 22.27
9030 21.70
12113 20.80
7759 20.54
10115 20.64
10539 20.44
13274 20.88
9694 20.78
11373 21.07
8924 20.45
12512 21.26
9623 20.52
11484 20.37
8108 20.08
12273 20.72
7961 19.99
11446 19.37
8660 19.26
13449 19.50
8899 19.59
11964 19.72
10082 20.17
18059 22.87
12838 22.28
13324 21.65
6777 21.24
20011 17.63
5685 21.08
12211 21.14
9904 20.88
13474 20.61
7971 20.57
10909 20.63
8832 20.28
14780 21.03
9260 20.97
11912 21.06
9191 20.58
15183 20.79
8871 20.82
10571 21.25
10356 21.28
13317 21.33
7923 21.19
9821 21.39
8408 20.54
12582 21.39
8956 20.45
11205 20.58
8827 20.37
12293 21.39
9269 20.33
12241 20.97
10204 20.73
12934 21.51
8962 21.00
12499 21.34
9929 21.38
22867 18.02
7735 21.99
10561 21.36
8340 20.87
14339 20.38
8661 20.61
12027 20.41
9605 20.34
15437 20.32
9345 20.37
11618 20.62
8827 20.11
13696 20.21
8541 20.01
11382 20.73
9374 20.45
13894 20.54
8796 20.24
11425 20.86
14222 21.87
13248 22.12
7862 21.77
10484 21.87
13417 23.02
11997 22.61
7507 22.49
9745 22.60
9551 21.16
11642 22.49
8478 20.78
11158 20.41
8972 20.33
19551 17.58
7038 20.84
10424 20.32
9713 19.86
12841 19.86
8450 19.69
10386 19.70
8295 18.95
12297 19.67
8827 19.05
10713 19.33
9237 18.84
