21006 15.96
14392 18.29
6692 18.08
8357 17.44
14264 15.92
10100 16.20
17192 17.12
14005 17.75
8815 18.61
7838 18.11
8630 18.54
8395 17.33
10528 18.55
9417 17.05
12291 17.86
10486 18.18
11665 18.73
9074 17.61
11678 17.79
13848 18.66
12274 18.77
9547 19.01
10238 18.11
9424 17.48
11614 18.61
9665 17.66
12279 17.21
10106 17.29
12747 18.68
10219 17.97
12233 18.00
10152 17.88
24935 15.80
7041 18.95
11066 18.34
9602 18.07
13568 18.46
10796 18.14
10430 18.77
9950 18.02
13154 18.57
9643 18.52
11402 18.67
10058 17.94
12939 19.13
10356 18.18
10794 19.37
10575 18.38
13863 19.19
10325 18.75
11675 19.55
9133 19.37
14563 19.46
9708 18.80
10955 19.40
9634 18.76
13175 19.46
9138 18.86
10404 19.44
9711 18.76
18234 20.88
14004 21.12
12305 22.34
8634 21.58
17555 19.64
4179 22.56
10460 20.06
8484 20.06
13735 20.28
9032 19.97
10821 20.62
8911 19.88
13264 20.72
8993 19.74
11390 20.00
9346 19.64
12727 20.84
9635 19.72
11740 19.98
9336 19.72
13030 20.72
9372 19.91
12622 19.72
9544 19.64
12670 21.02
9783 19.61
12260 19.42
13876 20.92
12346 21.13
12737 21.92
9189 21.82
9588 21.30
13169 21.38
9664 21.47
11370 20.80
9015 20.50
26472 17.07
5605 22.64
12071 20.63
12860 21.29
12855 22.28
6776 22.26
10098 22.57
9656 21.41
14861 23.15
11838 22.80
13049 22.93
7811 22.12
13768 23.31
12321 22.97
11724 23.59
7461 22.17
13351 23.35
8066 22.46
10004 23.28
9319 22.02
12311 23.66
8882 22.04
10867 22.19
8400 21.70
11433 23.12
9617 22.52
10805 22.09
8628 21.84
12962 22.18
9030 21.68
11968 21.58
8845 21.48
26441 18.58
6034 22.52
10553 21.93
8827 21.57
15303 21.30
8382 21.26
11283 21.01
8833 20.89
12911 21.62
15993 23.36
9535 23.49
8786 22.77
12687 21.81
9310 21.59
11514 21.73
8944 21.15
16493 23.20
12760 22.87
13216 23.15
8185 22.87
14696 22.69
6733 21.58
16635 24.10
12335 23.34
9942 23.06
6917 21.86
8776 22.66
8995 21.36
10921 23.40
15321 24.01
11526 23.70
8297 23.36
21497 18.70
5641 22.60
10253 21.44
7123 21.55
14308 20.55
7613 20.39
11696 20.56
8874 20.77
14406 21.32
10586 21.71
13397 21.23
8550 21.03
14293 21.29
12064 22.06
13056 22.23
11633 22.23
13183 21.35
9029 21.67
8861 21.43
14414 23.10
9896 22.14
7022 21.27
9540 20.96
8287 19.98
12155 20.60
7784 19.56
12325 20.30
10821 20.72
11294 21.22
9432 19.87
11260 20.30
9709 20.07
20956 18.22
7546 21.21
11615 21.11
10000 20.95
14985 20.49
14873 22.30
11200 22.07
9283 21.52
12452 20.65
8070 20.40
10941 20.20
10720 20.34
13310 20.82
9788 20.66
11536 20.98
9100 20.30
12838 21.13
9752 20.46
11486 20.26
8269 19.95
12262 20.78
8659 19.50
11535 19.30
8768 19.19
13659 19.37
9029 19.42
12268 19.56
10276 20.11
18218 22.77
13130 22.12
13533 21.54
6994 21.12
20239 17.52
5930 20.83
12347 21.05
10216 20.69
13598 20.48
8228 20.41
11118 20.48
9178 20.09
14919 20.90
9320 20.90
12266 20.93
9300 20.47
15073 20.66
9060 20.70
10848 21.09
10355 21.11
13666 21.15
7980 20.99
10581 20.94
8526 20.35
12736 21.19
9239 20.31
11466 20.39
8963 20.22
12738 21.12
9454 20.21
13011 20.48
10151 20.61
12429 21.72
9194 20.84
12744 21.20
10353 21.23
23168 17.88
7866 21.90
10858 21.18
8474 20.75
14562 20.25
8853 20.47
12280 20.23
9791 20.23
15932 20.16
9534 20.28
11827 20.48
8985 19.95
13863 20.09
8836 19.81
11506 20.58
9808 20.23
14105 20.43
9026 20.15
11653 20.72
14389 21.70
13442 22.04
8109 21.59
10415 21.87
13744 22.85
12248 22.50
8292 21.93
9900 22.48
9727 21.02
11914 22.39
8687 20.63
11487 20.27
9160 20.23
19748 17.47
7220 20.64
10623 20.22
9789 19.78
13151 19.73
8653 19.55
10622 19.57
8398 18.89
12521 19.55
8454 19.34
10886 19.21
9432 18.73
