22453 15.27
16052 17.43
7828 17.47
9207 16.78
15735 15.21
11498 15.45
18352 16.48
15126 17.20
9421 18.19
8336 17.72
8952 18.33
8853 17.03
10993 18.31
10619 16.38
13415 17.33
11495 17.61
12665 18.16
10787 16.57
13331 16.85
14657 18.15
13343 18.14
10497 18.34
11492 17.40
10155 16.92
12831 17.91
10253 17.14
13440 16.55
11164 16.66
13757 18.10
10995 17.39
13309 17.35
11153 17.24
27160 14.90
7840 18.31
12277 17.69
9879 17.79
15557 17.43
11193 17.74
11989 17.77
10979 17.35
15066 17.56
10582 17.75
13009 17.65
10097 17.77
15148 18.04
10364 17.92
12312 18.41
10835 18.12
15912 18.10
10700 18.35
13439 18.48
10380 18.47
16811 18.40
10226 18.23
12322 18.44
10047 18.33
15179 18.39
9978 18.15
11886 18.48
9949 18.52
19421 20.15
15348 20.40
12315 22.39
9061 21.26
18613 19.04
4712 22.16
11088 19.62
9465 19.42
14860 19.51
10312 19.18
11799 19.92
9937 19.20
14405 20.01
9506 19.44
12369 19.33
10317 19.01
13967 20.05
10608 19.08
12843 19.22
10342 19.02
14237 20.03
10391 19.15
13018 19.32
10739 18.94
13796 20.30
11037 18.93
13442 18.80
14621 20.30
13474 20.46
14076 21.18
9903 21.12
10542 20.64
14382 20.71
10572 20.89
12470 20.11
9865 19.83
28112 16.39
6693 21.66
13129 19.96
13727 20.62
14628 21.24
7594 21.34
11561 21.62
9926 21.13
16763 22.06
13453 21.74
14061 22.38
8241 21.68
16068 22.09
13599 22.14
11544 23.65
7984 21.86
15311 22.18
8883 21.69
10686 22.62
10289 21.34
13894 22.57
9842 21.26
11212 21.82
9469 20.95
12456 22.41
10362 21.81
11828 21.38
9478 21.15
13184 21.99
10319 20.92
13583 20.76
9941 20.80
28033 17.93
6853 21.84
11654 21.28
9826 20.96
16517 20.56
9093 20.65
12427 20.29
9625 20.23
13876 20.95
17206 22.63
10401 22.87
9735 22.06
13807 21.13
10277 20.91
12760 20.99
9848 20.50
17770 22.56
13727 22.23
14761 22.18
9321 21.94
16096 21.70
7529 20.84
17788 23.48
13648 22.59
11708 21.82
7728 21.15
9429 22.04
9889 20.67
12698 22.24
16988 23.02
12599 22.94
9019 22.68
23019 17.99
5823 22.43
11259 20.74
8601 20.32
15640 19.81
8403 19.70
12750 19.86
9770 20.08
15936 20.59
11764 20.98
14936 20.52
9338 20.37
15606 20.63
13246 21.35
14141 21.57
12642 21.49
14335 20.68
9978 20.97
9477 20.79
15514 22.47
10648 21.50
7799 20.61
9819 20.73
9128 19.43
12690 20.28
8769 18.91
13470 19.55
11679 20.05
12434 20.43
9773 19.58
12308 19.57
10809 19.39
22088 17.64
8338 20.49
12671 20.39
10998 20.27
16285 19.77
16151 21.57
12203 21.45
10322 20.84
13498 19.93
8987 19.71
11690 19.74
10900 20.04
14678 20.04
10768 19.96
12519 20.28
10187 19.67
13922 20.44
10654 19.73
13173 19.33
9272 19.21
13857 19.85
8860 19.22
12600 18.56
9671 18.50
14836 18.80
9845 18.78
13377 18.82
11289 19.25
19525 22.12
14168 21.45
14821 20.81
7750 20.38
21613 16.86
6633 20.16
13516 20.31
10930 20.10
14816 19.80
8655 19.98
12088 19.77
9955 19.40
16235 20.19
10358 20.23
13232 20.23
10501 19.73
16400 19.93
10184 19.92
11997 20.38
11488 20.44
14746 20.50
8923 20.29
11686 20.21
9420 19.70
13873 20.54
10233 19.61
12516 19.73
9941 19.58
13902 20.51
10186 19.68
13968 19.86
11070 20.06
14120 20.73
10012 20.13
13772 20.54
11153 20.58
24664 17.20
8760 21.15
11798 20.43
9541 20.01
15902 19.54
9862 19.72
13443 19.56
10691 19.55
17081 19.48
10508 19.61
12940 19.78
9783 19.35
15052 19.41
9625 19.21
12593 19.90
10566 19.58
15314 19.73
10013 19.41
12737 20.09
15403 21.02
14513 21.27
8970 20.82
11536 21.05
14771 22.18
13284 21.74
9277 21.15
10718 21.77
10745 20.28
12811 21.71
9655 19.92
12566 19.53
10089 19.48
21176 16.78
8027 20.08
11712 19.52
10893 19.10
14148 19.04
9653 18.90
11729 18.90
9538 18.21
13593 18.89
10119 18.25
12002 18.55
10366 18.02
