23682 14.74
16702 17.03
8681 17.04
9653 16.51
16427 14.87
12062 15.12
19073 16.14
15521 16.88
10296 17.58
8998 17.24
10243 17.49
9721 16.36
12081 17.60
11094 16.07
13931 17.01
11923 17.24
13258 17.86
10469 16.65
13192 16.90
15487 17.67
13806 17.76
10993 17.99
11769 17.10
11002 16.45
13225 17.66
10265 17.11
14022 16.20
11765 16.28
14637 17.64
11590 17.02
14567 16.67
11729 16.86
28485 14.36
8565 17.83
12966 17.26
10703 17.33
16254 17.08
11587 17.42
12890 17.36
10699 17.39
15831 17.21
11181 17.47
13758 17.31
10710 17.34
15641 17.72
11159 17.50
12919 18.10
12103 17.33
16600 17.78
11230 18.05
13988 18.15
10716 18.22
17427 18.08
10537 18.03
13080 18.12
10966 17.72
15632 18.02
10162 18.00
12705 18.06
10339 18.17
19978 19.86
15918 20.01
13614 21.49
9434 20.90
20007 18.36
5106 21.74
12362 18.92
9905 19.04
15414 19.25
10048 19.23
12429 19.55
9771 19.16
15074 19.60
10785 18.63
12643 19.17
11050 18.55
14459 19.73
11321 18.66
13618 18.87
10966 18.69
14968 19.66
11105 18.78
14246 18.64
11180 18.60
14438 19.93
11467 18.58
14111 18.39
15531 19.88
14009 20.06
14520 20.86
10521 20.79
10977 20.23
14914 20.33
12076 20.00
12824 19.75
10544 19.37
29019 16.00
7076 21.41
13778 19.56
14538 20.23
15226 20.86
7892 21.20
12215 21.25
10446 20.71
17740 21.62
14146 21.36
14717 22.00
8502 21.47
16594 21.74
14159 21.75
12078 23.43
8600 21.35
15958 21.81
10168 20.90
11243 22.22
10268 21.26
14715 22.14
10234 20.96
11800 21.44
9903 20.58
13073 22.04
10999 21.42
12534 21.02
10059 20.77
13333 21.87
10959 20.58
14116 20.44
10403 20.45
28854 17.59
7225 21.46
12216 20.85
10430 20.52
17161 20.21
9819 20.21
13144 19.89
10231 19.80
14606 20.58
17826 22.29
11146 22.34
10178 21.66
14690 20.70
10839 20.52
13277 20.71
10419 20.12
18297 22.16
14418 21.77
15406 21.80
9546 21.64
17125 21.28
8015 20.43
18535 23.03
14102 22.20
12207 21.38
7975 20.76
10626 21.14
10387 20.24
13329 21.78
17883 22.49
13226 22.52
9486 22.30
23891 17.61
6786 21.60
11880 20.34
7870 20.83
16459 19.37
9047 19.34
13364 19.47
10544 19.68
16392 20.21
12241 20.63
15384 20.14
9841 19.93
16316 20.23
13857 20.96
14712 21.13
13321 21.08
14783 20.22
10499 20.56
10205 20.33
16380 21.97
11243 20.99
8369 20.09
10996 19.83
9458 18.90
13247 19.88
9526 18.42
14175 19.18
12460 19.64
13332 20.05
10338 19.09
12837 19.20
11461 18.98
23127 17.16
8866 20.13
13294 20.04
11609 19.83
17110 19.38
16600 21.24
12972 20.94
10681 20.39
14211 19.49
9677 19.30
12328 19.34
11546 19.69
15217 19.72
11350 19.56
13182 19.88
10685 19.24
14566 20.05
11220 19.33
13750 19.00
9866 18.84
14494 19.45
9507 18.85
13358 18.23
10293 18.09
15595 18.40
10735 18.31
13973 18.42
11764 19.01
20152 21.76
14971 21.04
15325 20.48
8246 19.97
22527 16.44
7210 19.74
14060 20.00
11563 19.65
15616 19.37
9204 19.59
12682 19.39
10650 19.01
16985 19.80
10841 19.85
14003 19.86
10977 19.35
17190 19.61
10551 19.57
12571 20.02
12023 20.04
15608 20.06
9583 19.90
12307 19.82
9754 19.36
15007 19.93
10481 19.31
13043 19.38
10631 19.09
14994 19.78
10812 19.16
14656 19.43
11909 19.57
14672 20.43
10432 19.86
14514 20.14
11808 20.20
25491 16.84
9412 20.79
12869 20.05
9952 19.66
17024 19.22
10136 19.49
14182 19.20
11355 19.17
17764 19.13
11066 19.25
13471 19.45
10573 18.93
15700 19.08
10246 18.85
13294 19.51
11273 19.20
15892 19.41
10371 19.15
13412 19.64
16107 20.70
15208 20.96
9457 20.51
12525 20.46
16051 21.45
13742 21.39
9081 21.18
11109 21.48
11089 19.95
13326 21.31
10243 19.45
13061 19.15
10632 19.10
22036 16.39
8615 19.56
12442 19.10
10633 19.12
14694 18.67
10303 18.47
12358 18.51
10145 17.77
14190 18.48
9969 18.28
12591 18.17
11142 17.64
