24300 14.53
17459 16.66
8807 16.84
10086 16.24
17060 14.56
12642 14.83
19700 15.87
15707 16.77
10690 17.35
9309 17.06
10568 17.26
9248 16.66
12489 17.38
11450 15.82
14363 16.72
12612 16.89
13567 17.59
10231 16.71
14547 16.21
15849 17.49
14316 17.49
11477 17.70
12273 16.82
11346 16.26
13840 17.42
10616 16.91
14599 15.91
12232 16.04
14949 17.51
11822 16.82
15161 16.38
12001 16.67
29117 14.11
8831 17.65
13339 17.03
11513 16.84
16765 16.84
12226 17.08
13240 17.10
11127 17.15
16183 17.03
11470 17.22
13908 17.11
11201 17.09
15908 17.49
11430 17.29
13429 17.80
12568 17.03
16977 17.57
11578 17.79
14487 17.88
11217 17.95
17807 17.81
10959 17.78
13430 17.89
11002 17.67
16329 17.74
10627 17.75
12977 17.84
10883 17.90
20744 19.56
16271 19.79
13705 21.47
10334 20.25
20530 18.09
5226 21.57
12823 18.65
10353 18.77
16927 18.52
10838 18.65
13482 18.95
10829 18.53
16147 18.99
10301 18.70
12486 19.09
11729 18.26
15601 19.04
11548 18.46
13313 18.89
11490 18.38
15772 19.16
11356 18.56
13918 18.74
11686 18.38
15283 19.45
12043 18.32
13888 18.49
16121 19.63
14423 19.82
14935 20.59
10974 20.44
11505 19.99
15463 20.04
12538 19.75
13174 19.52
10884 19.14
29495 15.78
6081 22.21
14470 19.25
14975 20.00
15056 21.01
7620 21.36
11810 21.42
10204 20.88
17033 21.88
13824 21.52
15371 21.55
9353 20.87
16257 21.86
14294 21.65
14298 21.92
8892 20.90
15691 21.93
9755 21.02
12054 21.80
9675 21.44
14396 22.31
10822 20.62
13787 20.45
9966 20.35
14659 21.27
11247 21.14
12702 20.73
10386 20.55
15267 20.78
11059 20.31
14036 20.30
10765 20.17
29794 17.19
7764 21.14
12840 20.53
10768 20.33
17768 19.98
9961 20.00
13417 19.72
10471 19.59
14919 20.34
18458 21.99
11523 22.10
10646 21.42
15002 20.46
11235 20.26
13745 20.44
10592 19.83
18972 21.82
15035 21.46
15917 21.50
10287 21.24
17088 21.35
8534 20.19
18825 22.84
14661 21.88
11965 21.58
8544 20.56
11215 20.85
10510 20.04
13017 21.98
17874 22.54
13302 22.52
9836 22.05
24492 17.37
7711 20.91
12265 20.07
9531 19.70
16841 19.20
9194 19.13
13851 19.20
10837 19.46
16880 19.96
12574 20.39
15819 19.91
10265 19.69
16737 20.05
14270 20.76
15057 20.99
13672 20.89
15363 20.00
11075 20.24
10700 20.03
16770 21.76
11586 20.76
8568 19.84
12288 19.16
9852 18.66
13618 19.65
9707 18.20
14444 18.94
12722 19.49
13688 19.71
10550 18.93
13289 18.98
11954 18.69
23590 16.97
9342 19.85
13720 19.84
11845 19.63
17413 19.17
17313 20.95
13254 20.74
11112 20.14
14698 19.28
10055 18.98
13422 18.63
12587 19.01
15640 19.48
11780 19.31
13646 19.68
11076 19.03
15042 19.78
11512 19.13
13940 18.76
10237 18.55
14808 19.23
10410 18.31
13766 17.97
10622 17.93
16006 18.09
11046 18.10
14425 18.21
12309 18.68
20682 21.52
15365 20.78
15131 20.63
8663 19.72
22990 16.20
7548 19.55
14418 19.76
11960 19.43
15844 19.16
9479 19.34
12865 19.16
11026 18.77
17541 19.49
11262 19.59
14477 19.58
11336 19.02
17537 19.37
11073 19.21
13054 19.75
12503 19.75
15908 19.80
9928 19.65
12675 19.52
10233 19.04
15695 19.58
10935 19.04
13973 18.85
10802 18.90
15241 19.68
11248 19.00
15069 19.23
12232 19.36
15069 20.24
10839 19.47
14925 19.87
12138 19.94
25942 16.65
9802 20.49
13179 19.76
10221 19.39
17515 18.86
10655 19.11
14580 18.94
11654 18.95
18593 18.83
11426 18.99
13805 19.27
10997 18.63
16201 18.77
10637 18.55
13607 19.26
11385 18.99
16245 19.14
10859 18.80
13838 19.38
16464 20.40
15718 20.65
9871 20.28
12427 20.37
15974 21.50
14388 21.11
10223 20.51
11835 21.07
11493 19.71
13763 21.10
10440 19.29
13747 18.89
10991 18.89
22463 16.20
8937 19.24
13037 18.80
11859 18.42
15429 18.43
10510 18.30
12785 18.26
10438 17.61
14725 18.28
10346 18.04
12408 18.33
11021 17.76
