24914 14.28
18023 16.37
9399 16.55
9755 16.41
17548 14.35
13170 14.56
20224 15.63
16791 16.31
10876 17.19
9741 16.81
10995 17.07
9601 16.48
12948 17.20
11877 15.60
14510 16.63
12823 16.72
14034 17.39
10507 16.53
14738 16.06
16430 17.29
14700 17.29
11745 17.43
12838 16.55
11578 16.05
14346 17.08
11844 16.23
14966 15.70
12672 15.81
16081 16.89
12159 16.57
15338 16.21
12607 16.37
29255 14.07
9220 17.54
13743 16.82
11204 17.01
17133 16.67
12733 16.87
13631 16.95
11472 16.97
16611 16.79
11893 16.97
14552 16.83
11529 16.88
16535 17.26
11632 17.11
13932 17.53
12075 17.26
17491 17.28
12017 17.50
14804 17.64
11560 17.70
18390 17.52
11378 17.56
13838 17.62
11943 17.23
16520 17.57
10827 17.55
13556 17.60
11317 17.69
21197 19.33
16665 19.57
14641 20.89
10324 20.19
21610 17.57
5650 21.16
13055 18.42
10785 18.52
17212 18.31
11303 18.39
13966 18.68
11193 18.30
16791 18.70
10547 18.54
13120 18.76
11869 18.10
16087 18.84
11911 18.19
13528 18.72
12131 18.11
16279 18.91
11876 18.28
14374 18.50
12355 18.03
16007 19.16
12248 18.14
13701 18.53
16432 19.47
14721 19.61
15452 20.33
11301 20.26
11840 19.74
15823 19.82
13013 19.49
13028 19.64
11280 18.93
30250 15.53
6903 21.48
14865 19.11
15535 19.71
15565 20.72
8087 20.96
12309 21.13
12193 19.77
17555 21.59
14315 21.22
15636 21.35
9505 20.70
16855 21.65
14522 21.45
14694 21.69
9225 20.68
15977 21.78
10044 20.88
12154 21.67
11360 20.45
14738 22.16
11210 20.36
13600 20.52
10407 20.10
14767 21.20
11639 20.96
13184 20.53
10774 20.29
14914 21.03
11630 20.05
14469 20.14
11270 19.90
30339 17.01
7943 20.94
13155 20.39
11101 20.11
18219 19.73
10413 19.78
14023 19.43
10918 19.35
15308 20.13
18884 21.73
11650 21.93
11009 21.21
15323 20.23
11840 19.97
14379 20.16
11153 19.62
19215 21.68
15261 21.32
16446 21.27
10582 21.04
18019 20.77
8585 19.94
19450 22.56
14918 21.69
13026 20.90
8743 20.23
11375 20.64
10955 19.74
13817 21.37
18706 22.06
14000 21.98
10234 21.71
25123 17.07
8001 20.67
12686 19.82
8422 20.30
17517 18.89
9828 18.81
14188 18.99
11258 19.15
17300 19.71
12926 20.13
16430 19.62
10618 19.44
17260 19.70
14833 20.41
15568 20.68
14253 20.54
15821 19.74
11208 20.02
10952 19.86
17126 21.51
11934 20.55
8904 19.56
12259 19.18
10312 18.43
14217 19.35
10037 17.95
14955 18.61
13322 19.14
13893 19.52
11251 18.55
14092 18.44
12298 18.43
24215 16.69
9682 19.59
14302 19.49
12360 19.37
17907 18.89
17670 20.70
13658 20.51
11468 19.89
15391 19.02
10276 18.81
13017 18.84
12264 19.18
16270 19.16
12024 19.08
14075 19.37
11482 18.73
15592 19.52
11973 18.86
14590 18.52
10596 18.30
15409 18.92
10121 18.36
14319 17.69
11071 17.65
16870 17.73
11200 17.90
14781 17.98
12713 18.51
21154 21.28
15746 20.54
15318 20.41
9100 19.43
23423 15.99
7798 19.27
14895 19.47
12428 19.16
16357 18.94
10019 19.04
13281 18.92
11514 18.53
18007 19.24
11510 19.39
14989 19.28
11912 18.82
17888 19.03
11579 18.98
13421 19.50
12928 19.52
16181 19.58
10204 19.41
13767 18.96
10558 18.77
16169 19.26
11511 18.72
14432 18.59
11033 18.76
15572 19.38
11593 18.73
15758 18.99
12620 19.10
15640 19.85
11341 19.28
15138 19.69
12589 19.67
26738 16.30
10202 20.29
13308 19.56
10659 19.12
17946 18.69
11141 18.83
15059 18.70
12172 18.66
19022 18.59
11950 18.74
14256 18.94
11148 18.47
16642 18.58
10805 18.38
14243 18.96
11863 18.67
16944 18.86
11221 18.58
14195 19.17
17025 20.17
16070 20.40
10157 19.96
13421 19.87
16945 20.94
14553 20.93
9733 20.73
12065 20.90
11970 19.39
14235 20.79
10806 19.04
14109 18.63
11414 18.57
23072 15.93
9091 19.12
13426 18.55
11468 18.59
15837 18.16
11097 18.07
13175 18.07
10909 17.32
15219 18.04
11433 17.43
13522 17.67
11845 17.21
