27352 13.27
20666 15.22
11439 15.50
11107 15.53
19630 13.48
15048 13.68
22243 14.78
17952 15.75
12611 16.21
10965 16.06
12441 16.18
10830 15.58
14323 16.33
12812 15.02
16088 15.76
14410 15.82
15503 16.54
11979 15.74
16523 15.22
17932 16.44
16585 16.38
13340 16.55
14311 15.68
13189 15.18
15983 16.20
13454 15.38
16860 14.82
14351 14.97
18428 15.73
13626 15.73
17162 15.29
14174 15.50
32020 13.02
10766 16.58
15626 15.91
12790 16.11
19707 15.39
14770 15.76
16190 15.65
12959 16.08
19341 15.50
14344 15.65
17154 15.56
13889 15.60
19220 15.96
13368 16.17
16322 16.31
13471 16.44
20196 15.98
12867 16.96
17441 16.35
13116 16.76
18588 17.40
11166 17.54
14027 17.43
12025 17.17
15792 17.84
11151 17.46
14766 17.02
12881 16.78
22337 18.78
18760 18.60
17652 19.32
12363 18.84
25934 15.69
6473 20.44
14976 17.48
12227 17.65
19976 17.10
13781 17.02
16324 17.38
12802 17.27
18661 17.75
11835 17.64
14476 17.94
12551 17.58
17997 17.91
12465 17.64
14883 17.99
13744 17.18
18059 18.03
13303 17.33
15214 17.95
14095 17.07
17664 18.21
12980 17.58
15920 17.34
18277 18.49
16707 18.75
17166 19.38
12830 19.33
13281 18.80
17683 18.89
14708 18.49
14591 18.76
13112 17.98
32831 14.59
8449 20.37
16651 18.18
17342 18.81
17870 19.56
9627 19.94
14515 19.84
11880 19.71
20351 20.28
16715 19.91
17421 20.56
10855 19.84
19278 20.35
17359 20.02
14782 21.59
10252 19.99
18700 20.35
11344 19.89
13745 20.70
12982 19.47
17562 20.63
12439 19.45
14130 20.01
12219 19.12
15587 20.59
13221 20.02
14850 19.58
12263 19.35
16285 20.28
12980 19.16
16724 18.97
12546 19.01
32412 16.18
9573 20.03
14960 19.43
12667 19.17
20249 18.81
12068 18.83
15655 18.60
12342 18.46
18371 18.73
20554 20.89
13184 21.00
12323 20.27
17187 19.30
13335 19.06
15922 19.24
12716 18.69
21125 20.75
17092 20.35
18126 20.35
11963 20.06
19911 19.89
10083 18.97
21292 21.61
16808 20.70
14843 19.96
10079 19.32
12760 19.71
12447 18.81
15635 20.44
20620 21.11
15658 21.07
11661 20.75
27289 16.20
9375 19.69
14458 18.89
10531 18.99
19695 18.02
11096 17.93
15924 18.08
12677 18.26
19086 18.82
14496 19.21
18226 18.69
12040 18.52
19246 18.82
16240 19.57
17212 19.80
15807 19.65
17769 18.78
12589 19.08
12367 18.88
18704 20.58
13540 19.59
10351 18.60
13253 18.44
11996 17.46
14870 18.91
11813 17.00
16919 17.71
15020 18.21
15794 18.63
12297 17.80
15922 17.55
13480 17.69
26408 15.79
11081 18.69
15992 18.63
14040 18.44
19837 18.05
19452 19.82
15082 19.59
12947 18.96
16866 18.13
11780 17.87
14665 17.93
13856 18.27
18058 18.21
13789 18.12
15785 18.45
12991 17.84
17310 18.59
13627 17.92
16467 17.59
12087 17.37
17871 17.77
11504 17.46
15923 16.82
12631 16.76
18544 16.98
13047 17.01
16628 17.10
14225 17.62
23101 20.39
17419 19.64
16892 19.51
10449 18.51
25622 15.08
9383 18.28
16672 18.58
13844 18.28
18020 18.05
11324 18.14
15108 18.02
12902 17.60
19706 18.37
12965 18.47
16665 18.38
13266 17.94
20191 18.12
13156 18.09
15095 18.57
14419 18.59
18306 18.66
11867 18.49
15480 18.06
11956 17.89
18094 18.33
12859 17.88
16207 17.68
12545 17.85
17435 18.45
13077 17.85
17239 18.12
14048 18.24
17532 18.90
12720 18.31
16891 18.76
14122 18.73
28885 15.42
11546 19.30
15185 18.62
12215 18.20
19900 17.71
12674 17.93
16832 17.78
13672 17.79
20759 17.67
13383 17.85
15956 18.01
12993 17.49
18310 17.61
12515 17.42
15948 18.06
13439 17.76
18743 17.95
13012 17.65
15864 18.27
18733 19.27
17952 19.47
11695 19.07
15733 18.61
18505 20.05
16325 19.97
11021 19.77
14366 19.55
13185 18.54
15918 19.84
12419 18.12
15839 17.69
13053 17.66
25148 15.06
10670 18.16
15091 17.63
13943 17.26
17345 17.26
12518 17.16
14769 17.17
12417 16.44
16832 17.13
12242 17.03
14398 17.23
12846 16.67
