28856 12.71
21786 14.76
12360 14.95
11750 15.21
20462 13.12
15857 13.31
23061 14.41
19066 15.19
13519 15.74
11483 15.71
13368 15.73
11501 15.28
14783 16.02
13510 14.70
17162 15.28
15195 15.48
16276 16.08
12589 15.34
17497 14.76
19096 15.95
17074 16.05
14115 16.17
15080 15.30
14087 14.79
17238 15.59
15248 14.50
17659 14.44
15112 14.57
19059 15.44
13978 15.55
17352 15.23
15072 15.13
33262 12.61
11621 16.19
16572 15.48
13236 15.77
20683 15.02
15754 15.32
17068 15.23
13758 15.63
20148 15.16
15174 15.33
18018 15.19
14794 15.17
20043 15.55
14200 15.71
17063 15.88
14307 16.01
21129 15.63
13983 16.37
18419 15.92
13545 16.48
19787 16.80
11743 17.21
14816 17.08
12648 16.79
16713 17.43
11808 17.04
15513 16.61
13755 16.32
23264 18.36
19580 18.16
18490 18.85
13177 18.37
27633 14.97
6880 20.09
15637 17.09
13009 17.25
21225 16.53
14387 16.68
17473 16.88
13460 16.89
20376 16.96
13372 16.87
16106 17.16
14057 16.74
19669 17.06
13317 17.21
16526 17.15
14197 16.79
19772 17.16
13332 17.21
16814 17.20
13642 17.14
19587 17.35
13304 17.32
15359 17.47
19204 17.99
17735 18.17
17981 18.96
13716 18.78
12713 19.09
18555 18.43
14471 18.52
14720 18.62
14175 17.50
34233 14.11
8545 20.31
17914 17.67
18348 18.33
18086 19.43
9767 19.74
14822 19.70
13642 18.84
20116 20.28
16824 19.84
18465 19.97
11677 19.37
19223 20.37
17475 19.97
16984 20.38
10983 19.35
18762 20.34
11918 19.67
13801 20.70
13981 19.03
17559 20.66
13200 19.05
16708 18.83
12478 18.73
17385 19.76
13693 19.59
15614 19.13
12974 18.88
18024 19.39
13618 18.72
16996 18.78
13468 18.58
33686 15.70
10142 19.55
15669 19.01
13634 18.63
21259 18.36
12998 18.34
16628 18.08
13104 18.01
19071 18.35
21571 20.42
13969 20.57
13057 19.81
17949 18.88
14083 18.64
16655 18.82
13320 18.28
21988 20.33
17857 19.90
19029 19.89
12663 19.62
20770 19.39
10861 18.52
22238 21.10
17590 20.29
15716 19.48
10649 18.85
14342 18.88
13039 18.35
16571 19.87
21465 20.63
16468 20.57
12250 20.32
28500 15.72
10008 19.27
15355 18.40
11453 18.45
20741 17.57
12124 17.45
16811 17.64
13458 17.87
20154 18.44
15416 18.80
18940 18.33
12081 18.49
19989 18.34
17184 19.11
18109 19.33
16536 19.23
18613 18.35
13483 18.65
13221 18.43
19692 20.11
14397 19.10
10834 18.23
14126 17.96
12789 17.02
16422 18.00
12404 16.56
17687 17.31
15927 17.78
16387 18.19
13022 17.41
16785 17.16
14290 17.23
27428 15.38
11873 18.27
16866 18.18
14808 18.03
20751 17.58
20297 19.34
16216 19.11
13698 18.55
17806 17.71
12584 17.44
15560 17.49
14627 17.84
18774 17.88
14653 17.69
16518 18.04
13867 17.42
18098 18.24
14498 17.48
17396 17.13
12726 17.02
18815 17.32
13071 16.67
16805 16.42
13595 16.31
19936 16.30
13780 16.59
17302 16.80
14996 17.30
24038 19.98
18164 19.26
17940 19.05
11016 18.17
26662 14.67
9945 17.90
17486 18.12
14779 17.77
18903 17.60
11936 17.74
15901 17.56
13605 17.22
20727 17.98
14001 18.00
17517 18.02
13994 17.54
20915 17.78
13815 17.70
15827 18.15
14972 18.25
18929 18.26
12463 18.01
16300 17.64
12731 17.49
18670 18.05
13644 17.41
17045 17.25
13338 17.35
18159 18.07
13908 17.36
17924 17.65
15000 17.73
18043 18.54
13573 17.91
17748 18.31
14846 18.32
30198 14.97
12347 18.88
16045 18.11
12926 17.77
20653 17.31
13472 17.50
17812 17.30
14414 17.32
21567 17.28
14538 17.31
16782 17.60
13633 17.05
19392 17.19
12820 17.16
16567 17.68
14281 17.36
19812 17.49
13735 17.24
16746 17.80
19626 18.82
18807 19.06
12247 18.65
16817 18.14
19734 19.56
17094 19.53
11799 19.29
14929 19.15
14157 18.05
16978 19.32
13174 17.66
16604 17.32
13643 17.26
26469 14.51
11585 17.69
15763 17.31
14764 16.84
18380 16.84
13405 16.76
15652 16.76
13185 16.08
17696 16.77
12912 16.69
15169 16.85
13759 16.27
