3440 33.79
1584 36.08
366 35.84
792 31.90
1820 30.77
1150 30.29
3156 32.02
2060 32.79
1144 32.04
1081 31.18
1354 31.72
1249 31.22
1873 31.76
1311 30.67
1923 31.39
1742 30.97
1783 31.43
939 31.94
1691 31.04
2625 32.51
1728 32.71
1328 32.40
1366 32.34
1200 31.58
1864 32.51
1392 31.53
1637 31.85
1212 31.14
1836 32.06
1451 32.32
1586 32.24
1382 32.13
3935 33.06
489 34.00
1252 33.14
1108 32.23
1843 33.68
1231 31.32
1822 32.02
1158 32.66
2150 32.43
1322 31.06
1809 31.38
1219 32.21
2055 32.63
1408 32.08
2007 31.95
1258 31.65
2306 32.74
1478 32.27
1836 33.20
1395 32.40
2498 33.14
1161 32.77
1735 32.55
1319 32.57
2011 33.58
1207 32.49
1773 32.11
1216 32.53
3468 35.10
2278 35.41
1877 37.49
1281 35.32
2367 37.27
378 36.45
942 36.45
1333 34.48
1446 36.67
1216 34.84
1805 34.78
1313 33.54
1784 36.09
1348 34.21
1776 34.34
1124 34.26
1826 35.44
1424 33.92
1743 34.20
1105 34.07
2013 34.65
1217 34.00
1859 33.68
1111 33.82
2058 34.67
1152 33.59
1594 33.27
2590 34.49
1884 34.99
2376 35.85
1226 36.30
1218 35.48
1931 35.33
1142 35.52
1399 35.47
1121 34.47
4583 33.05
419 36.94
1534 34.40
2158 35.12
1834 36.06
1033 35.27
1471 36.87
1161 35.81
2733 37.63
1817 36.74
2032 37.31
954 36.40
1987 37.98
1898 37.68
1723 39.08
982 36.63
2153 37.79
1042 36.49
1334 37.48
1286 36.23
1609 38.38
1261 36.31
1530 36.48
1169 35.92
1852 37.04
1525 36.36
1530 36.29
1218 35.68
1822 36.75
1103 36.02
1728 35.34
1113 35.41
4346 35.41
435 37.54
1397 36.19
1022 35.60
2054 36.00
896 35.61
1568 34.89
1266 34.19
1798 35.79
3344 37.04
1299 37.69
1059 36.62
1871 35.97
1092 35.55
1551 35.59
1158 35.63
3408 37.12
2209 36.92
1830 39.62
1301 37.22
1950 39.47
848 37.01
2382 41.18
1595 39.47
903 40.36
1106 37.05
1321 37.47
1176 36.30
1746 37.64
2756 39.34
1921 38.59
1015 38.11
3804 34.57
319 39.92
1022 36.66
890 36.41
2100 35.09
742 35.94
1615 34.90
1092 34.45
2273 35.79
1443 36.29
1969 36.01
1182 35.60
2239 35.57
2011 36.38
2054 36.92
1812 36.77
2152 35.96
1309 36.45
1263 36.28
2816 37.81
1355 37.67
763 37.17
1303 36.71
1164 35.14
1702 36.62
1033 35.26
1877 35.66
1468 35.41
1609 36.68
1458 34.23
1680 35.01
1404 34.47
4162 32.71
664 36.40
1436 35.96
1104 36.12
2353 34.79
2034 38.76
1662 36.59
1195 36.21
1919 35.22
1030 35.27
1458 35.13
1420 35.39
2258 35.33
1215 35.33
1801 35.14
1077 34.93
2175 35.33
1384 35.01
1774 34.82
1081 34.61
2045 34.71
988 34.32
1630 33.70
1270 33.21
1980 34.66
1140 34.29
1676 34.44
1531 34.33
3671 37.49
2117 37.28
1610 39.38
998 36.11
2919 34.60
391 37.53
1808 35.97
1252 35.53
2014 35.39
1028 35.25
1557 35.79
1378 35.11
2313 36.52
1230 36.08
1539 36.94
1388 35.84
2107 36.62
1162 35.80
1708 35.70
1308 35.69
1816 36.86
1164 35.90
1705 35.39
1180 34.64
2002 35.81
1178 35.03
1687 34.91
1060 35.17
2093 35.40
1200 35.38
1882 35.23
1334 35.17
2105 35.96
1189 35.71
1861 35.78
1394 35.33
4576 32.85
590 38.47
1383 36.21
1106 35.19
2368 34.77
1033 35.22
1602 34.85
1328 34.31
2460 35.12
1174 34.43
1731 34.87
1174 34.89
2084 34.99
1107 34.35
1787 34.79
1295 34.44
2160 35.11
1162 34.64
1882 34.68
2751 35.72
2355 36.30
1102 36.39
1450 36.84
2484 37.55
1887 37.38
908 37.64
1431 37.37
1347 36.02
1917 37.28
1185 36.03
1476 36.66
1214 36.05
4065 31.88
878 36.62
1579 35.35
1233 35.17
1979 34.57
1138 34.75
1470 34.47
1014 33.84
1877 34.27
1066 34.35
1650 33.47
1229 32.27
