4703 30.67
2400 33.06
501 33.96
1214 30.05
2273 28.69
1821 28.04
3940 29.99
2933 30.15
1651 30.03
1526 29.21
2105 29.26
1432 28.76
2722 29.21
1580 27.91
2438 29.45
2286 28.87
2566 29.41
1355 29.07
2469 28.46
3493 29.97
2449 29.82
1800 30.09
2080 29.73
1575 29.23
2630 30.06
1839 29.01
2416 29.05
1601 28.72
2574 29.61
2109 28.93
2261 29.76
1904 29.67
5686 30.01
767 31.86
1767 30.53
1665 30.31
2621 30.60
2128 29.37
2404 29.66
1692 30.26
2720 30.48
1903 29.54
2427 29.68
1820 29.69
2822 30.49
1912 29.89
2588 30.12
1874 29.77
3126 30.47
2075 30.03
2640 30.81
1942 30.44
3294 31.15
1624 30.66
2259 30.78
1823 30.34
2754 31.29
1711 30.53
2534 30.46
1684 30.56
4585 32.62
3361 32.78
2418 35.64
1736 33.19
3262 34.59
663 34.44
1525 33.30
1713 32.02
2033 33.59
2086 31.76
2301 32.74
1782 31.40
2387 33.93
1988 31.83
2638 31.60
1546 31.77
2682 32.81
1718 31.94
2279 32.08
1592 31.66
2811 32.14
1546 31.74
2384 31.55
1652 31.01
2952 31.78
1572 31.12
2373 30.92
3320 32.20
2483 32.67
3165 33.39
1776 33.30
1781 32.95
2740 32.90
1711 33.01
1753 33.45
1777 32.07
6239 30.56
697 34.81
2217 32.08
2846 32.92
2689 33.57
1427 32.76
2220 34.01
1622 33.29
3820 34.66
2522 34.56
2556 35.59
1270 34.24
2910 35.04
2719 34.86
2189 36.84
1326 34.40
2869 35.57
1541 33.95
1887 35.08
1849 33.92
2431 35.61
1597 33.74
1857 34.79
1613 33.47
2456 34.60
2178 33.99
2233 34.10
1535 33.25
2516 34.38
1650 33.44
2426 33.36
1596 33.17
6071 32.68
648 35.92
1816 34.09
1488 33.31
2982 33.41
1292 33.33
2243 32.69
1470 32.47
2676 33.36
4337 34.79
1796 35.35
1461 34.42
2330 33.98
1674 33.12
1966 34.10
1857 32.90
4474 34.64
2927 34.61
2560 36.79
1768 34.68
2687 37.00
1217 34.16
3155 38.58
2167 37.04
1276 37.95
1499 34.38
2051 34.26
1549 33.85
2435 35.34
3562 37.27
2500 36.29
1447 35.39
5462 31.41
543 36.56
1566 33.96
1181 33.86
2741 32.99
1169 33.23
2204 32.33
1587 32.20
3037 33.70
2011 33.88
2664 33.76
1637 33.20
2972 33.68
2604 34.08
2740 34.46
2513 34.42
2976 33.53
1694 34.09
1698 33.87
3756 35.32
1918 34.60
1035 34.31
2005 33.31
1532 32.44
2735 33.00
1311 32.42
2589 33.07
2095 32.93
2129 33.89
2080 31.54
2280 32.56
2012 31.87
5651 30.15
969 33.71
2098 33.00
1708 33.10
3245 32.54
3169 35.24
2293 34.32
1668 34.04
2496 32.95
1298 32.99
1964 32.94
1985 32.90
2972 32.92
1724 32.74
2532 32.55
1541 32.38
2830 33.12
1957 32.35
2269 32.95
1680 31.91
2696 32.82
1470 32.06
2295 31.30
1733 31.10
2527 32.61
1631 31.59
2560 31.60
2015 32.18
4852 35.06
2987 34.42
2280 36.54
1266 33.93
4207 31.54
564 35.46
2502 33.39
1809 32.97
2810 32.65
1420 33.12
2131 33.27
1778 32.60
3447 33.58
1671 33.56
2291 33.69
1786 33.20
3125 33.57
1607 32.97
2277 33.15
1918 33.46
2628 33.85
1504 33.39
2213 32.84
1376 32.66
2779 33.18
1561 32.34
2341 32.21
1521 32.41
2697 33.09
1724 32.52
2674 32.54
1972 32.70
2848 33.69
1682 33.18
2621 33.50
2006 33.09
6332 30.09
874 36.17
1886 33.21
1503 32.73
3166 31.97
1468 32.92
2373 32.28
1818 32.52
3467 32.57
1614 32.27
2399 32.52
1647 32.07
2881 32.65
1607 31.90
2544 32.25
1676 32.04
2959 32.57
1638 31.90
2447 32.58
3633 33.49
3121 33.91
1354 33.86
2055 33.98
3271 35.17
2533 34.82
1362 34.60
1966 34.54
1859 33.53
2669 34.65
1634 33.56
2364 32.72
1751 32.80
5381 29.40
1064 34.84
2088 32.87
1728 32.62
2830 32.00
1553 32.17
2056 32.02
1549 31.19
2695 31.71
1479 31.67
2288 31.15
1676 30.28
