7843 25.46
4349 27.91
1183 28.78
2568 24.95
4019 24.76
3437 23.40
6126 25.93
4915 26.18
3299 25.50
2848 24.51
3515 24.82
2690 24.25
4517 24.92
3089 23.99
4450 25.29
4018 24.83
4641 25.38
2581 25.10
4431 24.30
5619 26.02
4339 26.32
3286 26.22
3447 25.40
2748 25.18
4469 25.83
3290 24.96
4133 24.74
3151 24.77
4509 25.91
3725 25.50
3917 26.05
3422 25.72
9931 24.74
1516 27.72
3442 26.39
3030 25.99
5034 26.08
3519 25.05
4038 25.62
3059 25.73
4947 25.93
3409 25.28
4158 25.77
3197 25.46
5104 26.27
3385 25.55
3892 27.01
3704 25.50
5465 26.43
3606 26.12
4420 26.88
3311 26.68
5823 26.91
2832 26.82
3792 27.27
3118 26.69
4744 27.52
2936 26.42
3435 27.28
3339 26.51
7551 28.74
5609 28.81
3902 31.81
2772 29.74
5681 29.92
1266 30.26
2942 28.33
2927 27.43
3887 29.54
3475 27.67
3762 28.91
3329 27.28
3962 30.31
3311 27.57
4478 27.48
2717 27.65
4688 28.66
3078 27.65
4222 27.48
2731 27.78
4620 28.59
2963 27.52
4178 27.54
3083 27.33
4822 28.24
3007 27.22
4044 27.22
5400 28.43
4383 28.72
5083 29.52
3124 29.75
3060 28.94
4877 29.07
3203 29.31
3802 28.66
2797 28.44
10385 26.07
1547 29.70
3926 28.34
4829 29.03
4651 30.07
2710 29.13
3540 30.64
3234 29.02
5889 31.01
4301 30.70
4450 31.48
2470 30.20
5012 31.19
4467 30.98
3834 32.39
2499 30.00
4873 31.51
2810 29.85
3103 31.54
3333 29.99
4320 31.64
2870 30.18
3482 30.49
2821 29.64
4092 30.90
3767 29.93
3727 30.03
2694 29.55
4396 30.27
2997 29.34
4151 29.36
2792 29.37
10668 27.69
1226 32.15
3310 29.72
2736 29.52
5468 29.00
2243 29.30
3715 28.65
2657 28.49
4649 29.05
6965 30.84
3305 31.22
2939 30.47
4473 29.59
2934 29.33
3946 29.44
2882 29.06
7045 30.74
4940 30.63
4349 32.73
3201 30.35
4684 32.54
2160 29.89
5602 33.96
3762 32.86
2308 33.24
2558 30.12
3385 30.38
2921 29.61
4239 31.14
6378 32.24
4246 32.06
2671 31.22
9005 26.90
1000 32.41
2982 29.63
2034 30.17
4852 28.66
2236 29.08
3687 28.80
2890 28.52
5116 29.70
3782 29.76
4782 29.52
2779 29.07
4970 29.72
4471 30.06
4842 30.26
4346 30.27
4839 29.50
3132 30.04
2890 29.74
5968 31.22
3303 30.35
2096 29.82
3554 28.68
2580 28.37
4849 28.12
2207 28.26
4348 28.84
3712 28.71
3926 29.46
3435 27.24
3892 28.13
3349 27.89
8812 26.10
2048 29.34
3833 29.08
3151 28.79
5501 28.32
5958 30.29
3982 30.13
3175 29.62
4366 28.73
2379 28.59
3443 28.45
3388 28.72
4961 28.67
3172 28.50
4077 29.00
2908 28.32
4796 28.93
3318 28.26
3696 28.80
2758 27.87
4557 28.55
2690 27.66
4038 26.97
2866 26.74
4598 27.92
2947 27.37
4349 27.40
3535 27.94
8132 30.44
5120 30.13
4042 31.78
2250 29.37
7495 26.47
1052 31.47
4359 29.09
3262 28.70
4836 28.81
2674 28.57
3935 28.52
2969 28.13
5274 29.79
3054 29.03
3803 29.95
3119 28.97
5143 29.70
2964 28.62
4118 28.58
3454 29.22
4179 30.05
2765 29.07
3992 28.47
2476 28.53
4775 29.14
2775 28.39
3885 28.34
2865 28.07
4766 28.80
2977 28.33
4766 28.27
3377 28.51
4871 29.39
2999 28.91
4427 29.46
3455 29.06
10275 25.74
1986 30.83
3566 29.42
2640 28.98
5541 28.10
2623 28.67
4115 28.29
3190 28.07
5946 28.20
2987 28.36
4157 28.31
2888 27.91
4881 28.35
2718 27.83
4071 28.46
3175 27.87
4950 28.55
3015 27.87
4231 28.41
5954 29.42
5341 29.92
2534 29.69
3572 29.76
5516 30.93
4458 30.60
2447 30.45
3366 30.52
3457 29.10
4381 30.53
2838 28.94
3692 28.95
3047 28.42
8368 25.34
2155 29.74
3658 28.47
3176 27.94
4727 27.78
2829 27.73
3723 27.71
2554 26.81
4416 27.68
2737 27.19
3904 26.73
3074 25.94
