9756 23.34
4928 21.12
9003 19.50
11582 20.76
7991 21.40
7907 19.74
8719 20.26
9437 19.92
9404 20.50
9213 19.62
10484 20.14
8402 19.52
10806 21.29
7863 20.22
9873 20.65
8853 20.23
12594 22.51
6571 22.11
8700 21.92
6266 22.36
9575 22.25
8367 21.00
8591 22.43
8534 21.24
11196 22.05
8534 21.80
10788 22.00
8336 21.48
10412 23.06
7879 21.69
12784 24.09
10527 23.92
10160 24.66
5872 23.91
8508 23.98
7177 23.89
9366 24.90
7737 23.03
7830 24.72
6254 24.41
9524 24.66
8144 23.10
8493 24.21
8146 22.66
10402 23.80
8095 22.90
9822 23.60
8568 22.87
13503 23.75
7167 24.49
9945 24.46
8598 24.15
11601 26.48
8752 26.10
9359 26.40
9620 25.54
10135 26.42
7694 25.40
8362 26.89
5099 27.01
9964 26.30
7621 24.82
7454 26.56
6148 26.37
13273 25.64
6379 25.78
9064 25.58
5879 25.54
9658 25.48
8441 24.85
8898 24.74
6645 25.72
12447 26.42
9904 25.89
9672 26.34
11048 28.06
10280 25.82
5692 25.56
8625 25.32
9729 25.33
13472 23.27
6707 24.45
9699 23.67
5436 25.68
9456 25.72
8936 24.72
9051 25.15
9444 24.92
9669 24.76
6336 23.84
8564 23.26
6472 23.67
9162 23.77
8837 23.17
8728 23.24
6836 23.75
13514 22.33
8587 23.42
9991 23.76
8594 24.17
10814 23.32
7323 22.80
8455 24.52
8757 23.10
10129 24.47
8308 22.76
8622 23.83
5670 23.97
9434 23.76
8657 22.37
12933 26.11
9362 24.77
11452 22.79
8544 24.10
9734 23.32
7946 23.16
10519 25.27
8237 24.12
8742 25.19
8137 23.74
9777 25.61
7736 23.54
7927 25.14
5626 25.40
9242 25.06
8504 23.91
9274 24.33
8811 24.09
14107 22.83
7781 24.11
9344 24.07
7753 23.72
9932 25.13
8389 23.20
7997 24.56
8253 23.37
9666 24.90
8129 23.65
9835 24.75
8215 23.76
10907 24.83
7761 24.17
9510 24.15
5846 24.82
13733 20.86
7514 22.66
8301 23.39
6745 22.92
10942 22.19
7941 21.49
