10835 22.27
5803 20.01
10185 18.64
13050 19.60
9058 20.53
8982 18.88
9619 19.49
10648 19.04
10906 19.46
10320 18.74
11512 19.33
9568 18.64
12034 20.26
8942 19.28
10717 20.04
9870 19.51
14342 21.38
7533 21.01
9777 21.04
7115 21.57
10891 21.28
9398 20.13
9824 21.47
9596 20.40
12753 20.97
9791 20.82
12217 21.06
9200 20.55
11688 22.13
8930 20.89
14614 22.90
12295 22.67
10846 24.06
6540 23.20
9492 23.16
8145 23.01
10502 24.00
8846 22.07
8614 23.88
7211 23.46
10574 23.84
9062 22.28
9592 23.43
9208 21.74
11633 22.74
9016 22.11
11229 22.61
9732 21.90
15171 22.67
8277 23.44
10972 23.64
9374 23.40
12971 25.52
9866 25.18
10463 25.51
10806 24.57
11509 25.48
8657 24.48
9213 25.98
6022 25.96
11020 25.42
8495 23.95
8271 25.68
7022 25.35
14984 24.49
7583 24.51
9938 24.74
6688 24.62
10843 24.55
9408 23.92
10030 23.79
7606 24.77
13678 25.50
11129 24.93
11195 25.07
11689 27.45
11627 24.81
6758 24.27
9596 24.37
11017 24.24
15150 22.15
7820 23.42
10844 22.84
6257 24.77
10275 24.89
10088 23.73
9824 24.42
10711 23.91
10888 23.78
7171 22.91
9515 22.28
7478 22.64
10204 22.81
9950 22.16
9855 22.34
7669 22.95
15320 21.21
9732 22.47
10979 23.04
9417 23.50
10309 23.80
7027 23.16
9569 23.53
9456 22.41
11224 23.64
9400 21.92
9464 22.91
6643 23.01
10594 22.94
9709 21.44
14179 25.22
9846 24.34
14009 21.00
9572 23.06
11046 22.32
8735 22.26
11794 24.19
9416 23.04
10083 24.25
9265 22.75
11314 24.54
8553 22.64
9227 24.19
6313 24.64
10356 24.22
9672 22.97
10498 23.47
9869 23.26
15909 21.72
8771 23.02
11449 22.28
9357 22.21
11882 23.51
8708 22.67
9109 23.33
9374 22.41
10759 23.97
9462 22.59
10873 23.82
9373 22.70
11813 23.92
9027 23.09
10888 23.15
6571 23.98
15369 19.85
8606 21.68
9313 22.47
7519 22.02
12252 21.23
9029 20.54
