18918 17.00
12697 15.10
18216 14.11
21550 15.12
16560 15.75
16919 14.19
16887 15.16
19339 14.44
18971 15.04
18351 14.36
20311 14.64
17873 14.07
20556 15.65
16630 14.85
19533 15.24
18022 14.92
23868 16.27
15357 16.16
18072 16.28
12953 17.20
18534 16.85
16878 15.74
16895 17.10
16897 16.10
20956 16.58
17307 16.39
20502 16.52
17420 15.90
19278 17.65
16036 16.41
22785 18.61
20039 18.41
24798 16.19
15560 17.20
20980 16.61
17452 16.94
20202 18.24
15216 17.63
15630 18.91
13467 18.72
18536 18.96
16432 17.45
17291 18.50
16524 17.18
19862 18.07
16623 17.41
19744 17.98
17589 17.35
28061 16.39
17732 17.83
18963 19.14
15204 19.41
23672 19.80
18769 19.74
18939 20.48
18737 19.77
20792 20.08
16107 19.49
16642 21.08
11794 21.18
20083 20.23
15610 19.12
18179 19.52
12508 20.89
27445 18.22
15477 19.19
19997 18.93
15352 18.73
21324 18.78
17098 18.98
19126 18.46
14212 20.02
24144 19.97
19891 19.66
20509 19.53
19858 22.34
20067 19.74
13775 19.12
17623 19.45
19729 19.12
27934 15.96
15557 18.31
19508 18.04
16685 17.66
23383 17.62
19532 18.08
20823 18.04
19198 18.80
20033 18.39
13930 17.94
17398 17.49
13759 18.09
18182 17.83
17932 17.27
17481 17.72
14423 18.20
27429 15.38
18039 17.64
19813 17.99
16791 18.73
21779 17.40
16104 17.21
20181 17.27
18866 16.93
19100 18.92
17207 17.18
17056 18.18
12704 18.41
17839 18.46
17247 16.98
23637 20.08
18697 18.74
26131 14.89
17676 18.04
18982 17.64
15749 17.61
19947 19.29
16531 18.41
17853 19.21
16330 18.05
19510 19.67
15747 17.85
16926 19.16
16036 17.68
17741 19.46
16730 18.34
17972 18.68
17558 18.42
28291 15.66
16767 17.83
19281 17.88
16266 18.02
21564 18.19
15868 18.02
16587 18.47
16831 17.66
19718 18.79
16248 18.11
19514 18.80
16993 17.94
21062 18.67
16788 18.11
19354 18.06
13014 18.97
26455 14.51
16639 16.88
19233 16.47
16769 16.17
21113 16.45
16765 16.05
