2203 39.07
852 35.46
1537 33.52
2353 34.28
1604 34.28
1574 32.75
1750 33.03
1693 32.46
1742 34.77
1728 32.35
1796 33.61
960 34.26
2358 33.98
1355 32.83
1825 32.73
1877 32.30
2231 38.03
1165 34.79
1736 34.49
1338 34.56
1742 35.94
1713 33.42
1676 34.71
1744 33.55
2263 34.52
1691 33.78
2209 34.28
1580 33.99
2148 35.06
1429 33.85
2690 37.40
1931 37.39
2180 38.08
1053 35.42
1682 35.32
1436 35.51
1886 36.95
1517 35.38
1606 36.75
1131 36.54
2019 36.56
1659 35.05
1790 35.77
1597 34.24
1959 36.52
1600 35.33
2002 35.40
1621 34.54
2816 37.01
1227 36.21
1866 36.40
1819 36.34
2298 40.02
1764 38.40
1826 38.92
1985 37.69
1961 39.43
1446 37.41
1588 39.11
1057 38.72
1998 38.51
1617 36.84
1834 37.35
1063 38.36
2813 38.81
1181 37.73
1838 37.05
1188 37.05
1923 37.67
1727 36.90
1707 36.87
1259 37.04
2614 39.75
1926 39.14
2027 39.04
2472 40.92
2025 39.16
948 38.38
1668 37.74
2193 37.66
2637 37.76
982 37.37
1781 36.20
1047 37.58
2049 37.62
1882 36.92
1891 37.26
2057 37.14
2121 36.96
1188 36.62
1758 35.59
1408 35.77
2125 35.98
1847 35.85
1697 36.06
1339 36.13
2833 36.10
1449 35.94
1979 36.26
1430 37.74
2049 36.48
1116 36.43
2001 36.19
1794 35.01
2296 36.62
1595 35.54
1842 36.05
1071 36.94
2089 35.99
1684 34.62
2850 39.53
1825 38.41
2321 36.78
1517 37.10
1717 36.93
1285 37.44
2271 38.06
1634 36.73
1870 37.95
1506 36.32
2111 38.31
1350 36.15
1735 37.41
1071 37.59
2004 37.64
1659 36.01
1928 36.91
1893 36.23
2820 37.00
1238 37.22
1831 36.67
1111 37.35
2236 37.21
1564 35.94
1746 36.77
1658 35.35
2092 37.03
1653 35.78
2204 37.04
1627 36.02
2326 37.60
1538 36.78
1979 36.92
1138 37.72
2839 35.08
1474 35.88
1855 35.72
1262 35.84
2169 35.37
1494 34.28
