19600 16.65
13556 14.74
19022 13.82
22349 14.73
17441 15.43
16925 14.19
17615 14.89
20100 14.12
19679 14.66
19323 13.95
21250 14.24
18946 13.65
20852 15.54
17327 14.52
19742 15.13
18696 14.65
24742 15.90
16128 15.76
18523 16.03
13777 16.83
19244 16.53
17233 15.58
17511 16.79
17617 15.82
21810 16.20
17938 16.11
21134 16.26
18415 15.53
19865 17.32
16924 16.02
23643 18.27
21063 17.86
25908 15.73
16547 16.76
21553 16.42
18008 16.63
20955 17.97
15993 17.23
18788 17.52
13671 18.50
19207 18.73
17092 17.16
17634 18.31
17379 16.81
20591 17.75
17407 17.04
20293 17.65
18117 17.04
29147 15.97
18509 17.46
20179 18.48
16400 18.83
24603 19.44
19576 19.42
19597 20.30
18848 19.69
21485 19.72
16931 19.13
17239 20.73
12470 20.81
20570 19.95
15984 18.90
18937 19.10
13187 20.55
29001 17.54
16234 18.79
21756 18.21
16491 18.10
22040 18.46
17908 18.55
19896 18.07
14880 19.72
25097 19.58
20837 19.22
21040 19.41
21293 21.70
20892 19.35
14429 18.70
18188 19.11
20360 18.80
29117 15.48
16394 17.92
20365 17.66
16802 17.60
23921 17.29
20643 17.66
22199 17.28
20687 18.10
20837 17.97
14862 17.46
18135 17.17
14379 17.73
18995 17.53
18504 16.94
18314 17.32
15177 17.83
28424 14.98
18777 17.25
20849 17.64
17494 18.27
22835 16.89
16783 16.83
20903 16.86
19549 16.66
19600 18.57
17759 17.00
17863 17.85
13181 18.11
18677 18.06
18035 16.63
24537 19.71
19420 18.38
27151 14.50
18430 17.73
20131 17.06
16941 17.03
22626 17.92
17056 18.05
19077 18.80
17301 17.48
19740 19.35
16684 17.43
17200 19.00
16287 17.65
18315 19.16
17482 17.93
18892 18.19
18274 18.04
29494 15.24
17482 17.49
20329 17.40
16879 17.64
22372 17.85
16452 17.68
17517 18.07
17478 17.28
20328 18.44
17312 17.57
20271 18.31
18020 17.53
21889 18.23
17424 17.77
20411 17.64
13567 18.62
27231 14.20
17402 16.53
20155 16.04
17678 15.74
22196 16.09
17679 15.68
