2622 36.88
935 33.33
1863 31.90
2913 32.68
1826 32.96
1930 31.06
2119 31.62
2151 30.97
2090 32.76
1987 31.21
2106 32.27
1311 32.84
2708 32.73
1774 31.57
2282 31.47
2062 31.00
2790 36.10
1379 33.53
2091 33.23
1527 33.17
2133 34.14
2044 31.68
2099 33.07
2159 31.78
2793 32.69
2081 32.43
2662 32.81
1948 32.07
2656 33.65
1695 32.41
3218 35.96
2380 36.09
2672 36.42
1246 34.46
2015 33.72
1753 34.16
2330 35.51
1840 33.98
1907 35.46
1366 34.81
2377 34.92
1999 33.58
2074 34.22
1940 32.87
2418 34.90
1935 33.43
2395 33.84
2019 33.42
3243 36.00
1605 34.58
2234 35.64
2166 34.97
2880 38.12
2102 37.02
2170 37.49
2387 36.42
2466 37.89
1678 36.04
1911 37.62
1210 37.23
2409 37.04
1875 35.64
1734 37.31
1466 36.55
3296 37.59
1449 36.33
2181 35.86
1434 35.68
2337 36.41
2102 35.48
2089 35.40
1441 35.89
3021 38.53
2223 37.87
2342 37.73
2937 39.30
2300 38.20
1212 36.70
1970 36.24
2704 35.96
3239 35.81
1212 35.51
2180 34.57
1258 35.94
2407 36.19
2286 35.19
2289 35.43
2502 35.51
2564 35.47
1390 34.93
2086 34.14
1652 34.17
2538 34.59
2207 34.44
2030 34.61
1666 34.46
3366 34.57
1868 34.54
2366 35.02
2139 34.93
2385 35.49
1348 35.18
2297 35.03
2160 33.92
2711 35.36
1957 33.97
2080 34.71
1331 34.83
2515 34.53
2081 32.96
3331 38.18
2258 36.79
2794 35.07
1927 35.65
2154 34.88
1546 35.62
2700 36.60
1928 35.38
2184 36.41
1845 34.95
2528 36.88
1651 34.97
2006 35.67
1288 36.27
2427 36.03
2019 34.68
2325 35.39
2199 34.74
3365 35.52
1438 35.78
2132 35.07
1411 35.64
2611 36.11
2017 34.06
2053 35.26
2045 33.78
2520 35.54
1938 34.31
2684 35.38
1883 35.03
2773 36.10
1841 35.28
2406 35.36
1361 36.35
3332 33.68
1784 34.54
2168 34.15
1465 34.47
2665 34.10
1809 32.94
