22850 15.08
16766 13.25
22565 12.44
26081 13.25
21379 13.69
20628 12.64
21226 13.22
24017 12.54
24016 12.98
23205 12.43
25575 12.57
22760 12.15
25011 13.81
21232 12.94
23687 13.58
22448 13.09
29209 14.08
20985 13.82
21919 14.60
16882 15.34
22081 15.25
20884 14.06
20939 15.28
21148 14.23
25645 14.61
21964 14.37
25200 14.57
16866 16.03
24034 15.54
20625 14.38
28626 16.22
25384 15.95
30075 14.07
20429 15.08
26286 14.54
22064 14.84
25471 15.98
19125 15.69
22735 15.65
17126 16.75
24800 16.09
20878 15.34
21833 16.36
20865 15.21
25696 15.62
21288 15.27
25237 15.62
22665 15.18
35074 13.80
22602 15.69
24773 16.67
19893 17.18
29589 17.38
24189 17.40
24629 18.04
23027 17.78
25769 18.00
19775 17.74
20866 19.05
15459 19.15
24719 18.28
19789 17.15
23282 17.28
16108 18.91
34773 15.36
20301 17.08
25936 16.51
20174 16.44
25855 16.91
21546 16.93
23290 16.68
18187 18.01
29962 17.57
25691 17.09
25084 17.55
25144 19.89
24923 17.57
17987 17.01
21835 17.51
23891 17.32
35083 13.31
20382 16.12
24486 15.98
19805 16.25
28451 15.57
24346 15.99
23752 16.73
23218 16.97
25976 15.81
18689 15.66
22236 15.33
17535 16.12
23714 15.52
22058 15.42
22402 15.56
18365 16.26
33003 13.33
22558 15.63
25317 15.70
21631 16.40
26670 15.34
20763 15.16
25227 15.22
23742 15.03
23398 16.97
21248 15.40
21571 16.18
16465 16.44
22408 16.44
21741 15.05
29068 17.83
23456 16.56
30497 13.25
22187 16.00
24270 15.29
20933 15.27
24315 17.23
21514 16.17
22188 17.18
20224 16.24
23450 17.71
20121 15.84
19987 17.40
16022 17.65
21947 17.45
21164 16.23
22610 16.50
22000 16.35
34391 13.42
21540 15.72
23920 16.06
20312 16.12
27463 15.74
21030 15.65
21144 16.41
21200 15.67
24475 16.73
20621 16.06
24030 16.66
21355 15.91
24953 16.90
21900 15.85
24155 16.09
16758 16.93
31978 12.51
21402 14.80
25405 14.43
21442 14.28
25177 14.78
21206 14.22
