24915 14.28
18798 12.42
24986 11.54
28181 12.48
23530 12.81
22812 11.79
23666 12.42
26265 11.71
26291 12.09
25544 11.55
27880 11.74
25196 11.23
27462 12.94
23652 12.05
26112 12.67
24614 12.27
31419 13.26
23315 12.90
23877 13.84
18741 14.44
28460 12.87
24735 12.57
22834 14.37
23324 13.40
29906 13.06
25549 13.05
29448 13.08
25086 12.82
26235 14.78
22830 13.54
30999 15.40
27541 15.12
33624 12.83
22734 14.13
28812 13.61
24594 13.94
27889 15.23
21341 14.82
24304 15.08
18847 15.95
26395 15.49
23617 14.36
23727 15.61
22626 14.51
27602 14.91
23861 14.33
27209 14.92
24648 14.42
38584 12.60
25025 14.79
27073 15.76
22206 16.26
32574 16.21
27600 16.03
28182 16.65
26410 16.43
27214 17.40
20601 17.30
23330 18.07
17173 18.30
25796 17.76
21871 16.28
25157 16.51
18074 17.99
39187 13.83
22522 16.10
28563 15.53
21753 15.77
27949 16.03
23950 15.96
25743 15.71
20434 17.04
32489 16.60
28062 16.13
28311 16.29
26851 19.17
27097 16.63
20146 16.06
24105 16.52
26075 16.37
37986 12.34
23049 15.11
26675 15.07
22002 15.28
31034 14.60
26930 15.01
25953 15.79
25730 15.99
28711 14.84
20793 14.75
24508 14.53
19491 15.28
25350 14.76
24251 14.53
24034 14.88
20451 15.35
35724 12.38
24988 14.73
28574 14.53
25254 14.96
27883 14.86
22179 14.62
26377 14.63
25370 14.33
25366 16.01
23018 14.69
23712 15.34
18399 15.56
24617 15.49
23363 14.39
30625 17.21
26183 15.47
34022 11.99
24787 15.04
26590 14.34
23257 14.29
26342 16.30
23936 15.15
24194 16.30
22408 15.29
25625 16.77
22257 15.00
23179 16.27
22013 15.02
25057 15.95
23338 15.30
25107 15.61
24590 15.30
37752 12.30
23749 14.76
27461 14.55
23174 14.93
29290 14.95
23470 14.71
23201 15.50
23391 14.72
26596 15.83
22735 15.14
26385 15.72
23637 15.01
27126 15.96
23586 15.11
26592 15.02
19054 15.94
34880 11.49
23664 13.87
26701 13.49
23975 13.28
27889 13.79
23838 13.27
