26685 13.56
20438 11.81
26723 10.95
29827 11.82
25634 12.09
24775 11.09
25423 11.70
28676 10.94
28206 11.43
27459 10.93
29894 11.04
27154 10.56
29179 12.21
25486 11.38
28025 11.97
26538 11.59
33427 12.52
24422 12.52
25922 13.10
20307 13.85
30131 12.26
26785 11.85
24614 13.72
25002 12.80
32203 12.29
27542 12.31
31233 12.40
27185 12.09
28029 14.05
24561 12.85
32662 14.62
30656 13.98
35153 12.24
24980 13.35
31007 12.88
26356 13.23
30408 14.14
22519 14.33
26711 14.11
20684 15.17
29249 14.46
25019 13.78
25871 14.80
24501 13.76
30088 14.04
25645 13.65
29552 14.05
26596 13.63
41684 11.63
27191 14.03
29212 14.96
23879 15.60
35191 15.40
29183 15.43
30050 15.89
28552 15.59
29751 16.38
22637 16.43
27072 16.49
18921 17.46
27813 16.91
23767 15.50
26835 15.77
19685 17.26
41842 12.92
24530 15.34
30699 14.76
23762 14.97
29937 15.35
26019 15.25
27567 15.04
21850 16.43
34717 15.82
30208 15.39
31088 15.20
28837 18.38
29272 15.80
21367 15.51
25898 15.80
27920 15.66
40482 11.49
24927 14.36
29023 14.33
23922 14.53
33167 13.89
29090 14.23
27733 15.10
27718 15.23
30366 14.12
22961 13.92
26312 13.80
21114 14.60
27570 14.03
26059 13.86
26026 14.17
22123 14.70
37859 11.64
27086 13.98
30921 13.63
28591 13.80
28713 14.61
23087 14.23
27701 14.24
26695 13.82
27279 15.39
24909 14.01
25256 14.77
20178 14.87
26407 14.82
24486 13.92
32304 16.51
27060 15.12
36458 11.17
26565 14.30
28830 13.62
25211 13.59
28090 15.67
25080 14.63
26117 15.57
24196 14.58
27358 16.08
24102 14.24
24577 15.54
23498 14.42
25171 15.92
24487 14.84
26143 15.17
25705 14.87
39521 11.74
25956 14.03
30169 13.50
26003 13.84
31632 14.22
24787 14.21
25149 14.76
25093 14.03
28643 15.05
24810 14.39
28216 15.00
25321 14.33
29313 15.20
25484 14.40
28523 14.36
20640 15.27
36589 10.87
25568 13.21
28609 12.75
21653 14.07
29798 13.06
25855 12.58
