26784 13.50
20948 11.65
27484 10.64
30401 11.59
25972 11.97
25079 10.95
25978 11.50
28666 10.88
28688 11.23
27789 10.81
30458 10.85
27450 10.46
29484 12.13
25722 11.30
28353 11.83
27305 11.38
33911 12.36
25677 12.06
26133 13.02
20618 13.69
30628 12.14
27210 11.71
24994 13.59
25345 12.68
32631 12.16
27951 12.21
31731 12.29
27259 12.03
28353 13.94
25076 12.72
33011 14.53
30982 13.88
35805 12.00
25360 13.20
31367 12.73
26822 13.08
30686 14.02
22831 14.15
27116 13.95
21184 14.99
29659 14.30
25328 13.64
26158 14.70
24969 13.63
30434 13.89
26085 13.45
29973 13.89
27349 13.38
42075 11.46
27504 13.86
29729 14.79
24414 15.36
35484 15.26
29818 15.21
30745 15.71
28886 15.50
30179 16.23
23095 16.24
27309 16.38
19200 17.28
28944 16.53
24064 15.30
27669 15.49
20077 17.09
42394 12.76
25047 15.16
31188 14.58
24165 14.86
30351 15.20
26292 15.12
28040 14.88
22235 16.24
33559 16.15
29831 15.48
29272 15.86
31683 17.28
29575 15.68
22218 15.17
26327 15.67
28461 15.46
40885 11.40
25267 14.17
29517 14.15
24353 14.37
33422 13.72
29559 14.08
28851 14.90
27980 15.10
30443 14.00
23295 13.78
26562 13.70
21591 14.41
27668 13.93
26431 13.69
26496 14.05
22557 14.51
38210 11.51
27460 13.86
31632 13.49
28704 13.71
28987 14.45
23656 14.08
28286 14.09
27129 13.66
27856 15.30
25132 13.94
25689 14.64
20430 14.77
26694 14.70
24943 13.81
32645 16.37
27604 14.95
36930 11.03
27100 14.16
29376 13.49
25343 13.49
28712 15.45
25624 14.53
26163 15.53
24604 14.48
27542 15.98
23867 14.32
24044 15.72
24200 14.25
27056 15.15
25452 14.47
27207 14.69
27045 14.41
40245 11.47
26294 13.85
30898 13.34
26677 13.63
31712 14.15
25353 14.04
25260 14.66
25634 13.84
28772 14.95
25053 14.26
28558 14.86
25854 14.19
29677 14.97
25835 14.20
28843 14.19
20891 15.07
37357 10.63
26309 12.97
28984 12.62
26314 12.39
30174 12.94
26215 12.41
