27090 13.38
21240 11.57
27890 10.54
30758 11.46
26331 11.82
25219 10.88
26483 11.35
29212 10.74
29027 11.15
28269 10.61
30704 10.75
27781 10.32
30018 11.98
26217 11.16
28824 11.71
27559 11.28
34334 12.27
26075 11.92
26268 12.92
21309 13.47
31092 12.01
27022 11.72
25364 13.43
25782 12.53
32989 12.05
28298 12.04
32544 12.01
27816 11.80
28790 13.77
25357 12.59
33264 14.39
31518 13.76
36240 11.82
25585 13.10
31878 12.58
27389 12.88
31826 13.58
23873 13.79
28415 13.55
21221 14.89
31029 13.87
26049 13.33
26684 14.51
25902 13.28
31934 13.40
26457 13.26
31297 13.49
27686 13.22
42581 11.29
27938 13.68
30119 14.67
24943 15.23
35976 15.12
30257 15.11
31251 15.60
29145 15.39
30465 16.09
23604 16.10
27666 16.27
19592 17.15
29332 16.45
24454 15.19
28027 15.36
20373 16.96
42880 12.59
25385 15.03
31483 14.48
24543 14.76
30770 15.05
26811 14.94
28398 14.68
22718 16.04
33969 16.04
30386 15.31
29551 15.75
32578 16.91
30029 15.49
22589 15.02
26679 15.55
28712 15.34
41249 11.28
25854 14.01
30078 13.94
24808 14.24
33832 13.59
29762 13.97
28945 14.73
28203 14.97
31206 13.81
23721 13.62
26825 13.57
22049 14.26
28101 13.83
26781 13.56
26780 13.90
22678 14.41
38658 11.36
27885 13.70
31838 13.32
29274 13.55
29520 14.29
24169 13.91
28356 13.93
27644 13.51
27977 15.16
25561 13.79
26106 14.49
20809 14.65
26965 14.59
25368 13.61
33058 16.26
27986 14.79
37316 10.89
27305 14.04
29598 13.34
25781 13.29
29003 15.32
26101 14.39
26873 15.34
24707 14.35
28199 15.80
24085 14.20
24383 15.50
24613 14.12
27711 14.96
25968 14.30
27581 14.57
27315 14.28
40630 11.31
26758 13.71
31131 13.23
27027 13.50
32418 13.95
25823 13.89
25635 14.56
26019 13.76
29184 14.87
25395 14.16
28873 14.78
26303 14.02
29751 14.91
26118 14.11
29421 14.05
21547 14.92
37730 10.50
26510 12.87
30488 12.50
26702 12.31
30124 12.93
26672 12.29
