28349 12.93
22054 11.23
28733 10.29
32027 11.05
27326 11.49
26336 10.52
27387 11.02
30140 10.36
30137 10.80
29423 10.26
31862 10.37
29062 9.89
31280 11.53
27308 10.78
30073 11.32
28807 10.87
35237 11.97
26263 11.86
27588 12.51
26504 11.68
32213 11.63
28306 11.29
26459 13.05
26820 12.16
33995 11.70
29201 11.71
33412 11.68
29062 11.39
29762 13.38
26733 12.14
34572 13.97
32488 13.35
37545 11.38
27130 12.60
33060 12.15
28412 12.54
32973 13.20
25134 13.27
29501 13.12
22430 14.42
32415 13.38
27249 12.89
27619 14.08
26435 13.07
33202 13.01
27821 12.84
32362 13.07
29243 12.70
43784 10.89
29483 13.23
31232 14.29
25996 14.83
38194 14.36
32622 14.30
32379 15.11
30830 14.83
30665 16.10
23912 16.00
27449 16.35
20522 16.83
29042 16.59
25340 14.90
28856 15.15
20955 16.69
44606 12.06
26522 14.60
32683 14.15
25580 14.32
31782 14.68
27805 14.58
29595 14.31
23238 15.76
35163 15.59
31158 14.98
30888 15.26
33317 16.65
31361 15.04
24043 14.48
28473 14.85
30187 14.82
42652 10.82
26979 13.59
30984 13.56
26073 13.80
35383 13.14
31200 13.46
29919 14.32
29453 14.52
32294 13.38
25005 13.13
28096 13.15
22815 13.89
29444 13.39
27883 13.17
27985 13.49
23742 14.06
39884 10.94
29151 13.25
33303 12.92
30455 13.12
30442 13.90
25312 13.49
29841 13.54
28420 13.20
29220 14.70
26668 13.39
26989 14.14
21669 14.26
27783 14.26
26553 13.23
34238 15.83
28851 14.41
38523 10.49
28486 13.60
30638 12.97
22707 14.39
30066 14.94
27278 13.92
27864 14.91
25931 13.92
29068 15.45
25444 13.74
26638 14.93
25387 13.78
28547 14.63
27000 13.92
28627 14.18
28290 13.91
41919 10.92
27598 13.37
31675 13.06
27762 13.26
34837 13.19
27568 13.24
26839 14.14
27048 13.37
30328 14.47
26516 13.73
30234 14.33
27305 13.65
30841 14.54
27271 13.71
30601 13.58
22394 14.51
38730 10.20
27731 12.50
30725 12.08
23511 13.36
31509 12.45
28062 11.87
