4260 31.56
1452 29.60
3318 27.18
5033 28.06
3221 28.59
3170 26.63
3652 27.09
3892 26.56
3904 27.76
3608 26.38
3697 28.22
3204 26.78
4651 28.11
2989 26.94
3856 27.52
3504 27.14
5120 30.91
2491 28.98
3402 29.25
2724 28.85
3525 29.85
3483 27.76
3599 29.34
3610 27.99
4499 29.32
3503 28.72
4411 29.02
3403 28.26
4400 29.99
3100 28.63
5235 31.68
4105 31.69
4459 32.00
2173 30.52
3410 30.39
3044 30.46
3973 31.82
3177 29.79
3188 31.23
2343 31.24
4061 30.96
3382 29.63
3519 30.81
3251 29.18
4342 30.44
3184 29.70
4084 30.32
3480 29.64
5550 31.55
2578 31.44
3864 31.46
3620 31.06
4638 34.35
3435 33.33
3584 33.55
4099 32.30
3932 33.97
3004 32.22
3259 33.66
2101 33.45
4019 33.25
3199 31.62
3056 33.36
2378 32.98
5450 33.57
2422 32.61
3575 32.20
2474 31.80
3906 32.53
3554 31.66
3474 31.57
2692 32.04
5335 33.92
3907 33.59
3935 33.82
4749 35.47
4102 33.38
1978 32.80
3417 32.14
4304 32.21
5348 31.67
2316 31.57
3625 31.01
2205 32.12
4203 31.97
3815 31.44
3953 31.60
4073 31.67
4273 31.48
2277 31.28
3474 30.06
2707 30.26
3962 30.59
3647 30.41
3425 30.45
2768 30.55
5631 30.20
3280 30.32
4167 30.52
3825 30.47
3937 31.42
2224 31.28
3667 31.12
3527 29.95
4380 31.26
3330 29.89
3649 31.02
2104 31.25
4095 30.55
3499 29.28
5728 33.49
3702 32.65
4644 30.71
3377 31.24
3765 30.79
2566 31.67
4503 32.38
3221 31.19
3927 32.08
3196 30.70
4128 32.55
2905 30.76
3328 31.89
2255 32.31
3893 32.04
3505 30.84
3797 31.46
3714 30.95
5737 30.95
2700 31.06
3859 30.57
2326 32.33
4505 31.69
3226 30.33
3461 31.15
3509 29.80
4274 31.45
3277 30.28
4450 31.28
3227 30.50
4580 31.75
3179 30.74
4008 30.93
2374 32.18
5671 28.90
3045 30.04
3600 30.25
2635 30.16
4547 29.47
3105 28.50
