5112 29.78
1916 26.97
3903 25.93
6032 26.57
3937 27.21
3844 25.12
4245 25.78
4730 25.09
4813 26.17
4431 24.98
4237 26.98
3908 25.19
5613 26.69
3565 25.58
4678 26.07
4244 25.73
6275 29.14
3005 27.53
4030 27.48
3227 27.72
4421 28.33
4204 26.45
4199 28.08
4257 26.87
5327 27.95
4142 27.35
5328 27.68
4029 26.83
5211 28.57
3785 27.05
6504 29.86
5300 29.86
4805 31.46
2768 29.07
4072 29.31
3611 29.25
4414 30.75
3847 28.48
3929 30.02
2841 29.99
4724 30.14
4068 28.38
4264 29.42
3855 27.97
4875 29.91
3861 28.51
4847 28.99
4045 28.33
6504 30.28
3197 30.13
4614 30.33
4260 29.69
5577 32.83
4280 31.73
4429 32.13
4815 31.10
4833 32.47
3677 30.86
4055 32.14
2494 32.28
4753 32.01
3813 30.30
3631 31.98
2894 31.68
6456 32.10
2968 30.95
4249 30.98
3111 30.38
4532 31.19
4323 30.23
4223 30.34
3160 30.96
5904 33.19
4385 32.50
4610 32.41
6023 33.29
4665 32.39
2729 30.80
4006 30.99
5132 30.81
6479 29.97
2913 30.11
4402 29.54
2667 30.84
4867 31.01
4603 30.02
4580 30.57
4729 30.46
5110 30.13
2803 29.66
4167 28.81
3205 28.96
4719 29.36
4431 29.07
4060 29.07
3402 29.20
6673 28.68
4018 29.02
5018 29.16
4621 29.20
5275 29.30
3395 28.36
4324 29.67
4239 28.54
5152 29.92
4016 28.36
4267 29.38
2721 29.56
4984 29.26
4169 27.96
6595 32.33
4319 31.21
5802 28.75
4031 29.82
4692 29.35
2869 30.32
5377 30.84
4024 29.59
4603 30.82
3898 29.13
4806 31.23
3599 29.19
4149 30.54
2652 31.07
4655 30.85
4106 29.51
4509 29.98
4518 29.56
6844 29.36
3374 29.75
4560 29.45
2843 30.84
5349 30.06
3952 28.86
4288 29.64
4140 28.48
5170 29.84
4002 28.94
5350 29.92
3906 29.11
5585 30.09
3738 29.52
4903 29.54
2732 30.75
6642 27.50
3673 28.50
4300 28.74
3279 28.49
5380 28.16
3752 27.23
