6317 27.70
2632 25.03
5509 23.39
7461 24.56
4921 25.21
4861 23.28
5380 23.87
6073 23.31
5993 24.37
5612 23.26
5406 25.16
4961 23.31
6987 24.77
4516 23.85
6144 24.18
5294 23.91
7800 27.02
3828 26.03
5046 25.98
4096 25.86
5551 26.45
5286 24.60
5395 26.21
5399 24.92
6827 26.05
5246 25.66
6612 25.86
5131 25.09
6684 26.88
4799 25.40
7950 28.14
6346 28.13
6464 28.81
3535 27.28
5243 27.57
4342 27.62
5813 28.58
4783 26.69
4847 28.37
3719 28.11
6044 28.36
5130 26.54
5175 27.96
4960 26.33
6497 27.46
4962 26.41
6098 27.25
5281 26.54
8293 28.15
4268 28.22
5765 28.48
5247 27.96
7056 30.96
5327 30.00
5478 30.51
5904 29.53
6101 30.69
4658 29.22
4844 30.78
3188 30.73
6190 30.13
4700 28.60
4465 30.37
3801 29.88
8273 30.04
3681 29.61
5330 29.42
3735 28.96
5764 29.40
5360 28.60
5132 28.66
4243 29.04
7425 30.93
5736 30.48
6149 30.17
7267 31.76
6067 30.16
3356 29.23
5187 29.22
6291 29.15
8131 27.92
3797 28.34
5643 27.86
3376 29.13
6153 29.18
5736 28.37
5573 28.93
5985 28.63
6160 28.55
3641 27.80
5191 27.08
3963 27.18
5739 27.55
5827 26.72
5229 27.16
4133 27.42
8320 26.68
5206 27.15
6295 27.39
5506 27.58
5822 28.40
3534 28.06
5441 27.99
5283 26.93
6299 28.29
5079 26.49
5419 27.53
3403 27.76
5931 27.36
5288 26.02
8538 30.07
5613 29.09
6992 27.10
5129 27.92
5665 27.59
4660 27.09
6659 29.02
4930 27.82
5468 28.90
5054 27.21
6082 29.31
4641 27.45
5135 28.69
3257 29.28
6076 28.54
5252 27.44
5859 28.27
5530 27.87
8604 27.33
4487 27.89
5767 27.68
3596 29.28
6570 28.43
5050 27.03
5310 27.77
5123 26.85
6454 28.18
4984 27.19
6619 28.00
4953 27.51
6954 28.67
4680 27.79
6004 28.03
3513 29.10
8534 25.10
4579 26.74
5227 26.97
4082 26.67
6792 26.19
4759 25.29
