7067 26.50
3090 24.05
6325 22.33
8382 23.57
5610 24.28
5445 22.38
6075 22.95
6943 22.32
6731 23.21
6403 22.30
6198 24.24
5602 22.44
7899 23.84
5217 22.84
7006 23.32
6038 22.90
8956 25.79
4288 24.96
5833 24.92
4512 25.02
6310 25.47
5998 23.65
6030 25.24
6113 24.03
7688 25.07
5976 24.52
7469 24.84
5894 24.07
7475 25.79
5500 24.57
9087 27.14
7036 27.22
7406 27.56
4095 26.34
5960 26.52
5029 26.55
6769 27.53
5377 25.66
5555 27.21
4275 27.21
6805 27.33
5663 25.86
6064 26.89
5708 25.23
7444 26.45
5614 25.67
7109 26.14
5941 25.52
9464 26.93
4832 27.26
6788 27.39
5965 26.94
8119 29.63
6217 28.77
6502 29.24
6676 28.43
7101 29.44
5247 28.17
5898 29.56
3523 29.64
7046 29.12
5438 27.56
6103 28.07
3864 29.08
9243 29.12
4461 28.19
6095 28.50
4352 27.94
6604 28.51
5998 27.68
5917 27.77
4622 28.31
8309 30.01
6511 29.47
6961 29.30
8273 30.74
6851 29.21
3919 28.10
5795 28.41
7028 28.18
9249 26.81
4423 27.31
6246 26.86
3898 28.12
6820 28.21
6553 27.34
6396 27.93
6756 27.69
6929 27.49
4267 26.71
5995 25.89
4558 26.27
6658 26.39
6437 25.71
5979 26.16
4800 26.43
9419 25.57
5931 26.18
7192 26.45
6188 26.76
7551 26.31
4923 25.57
5949 27.14
5969 25.99
7581 26.95
5682 25.63
6083 26.44
4031 26.69
6812 26.46
5956 25.21
9582 28.99
6318 28.02
8046 25.90
5863 26.94
6317 26.62
4334 27.46
7565 27.86
5745 26.86
6302 27.83
5804 26.29
7129 28.33
5263 26.33
5582 27.84
3884 28.07
6720 27.62
5925 26.57
6533 27.15
6306 26.78
9785 26.20
5250 26.95
6715 26.52
5656 26.07
7150 27.72
5805 26.09
5643 27.17
5837 25.97
7024 27.49
5815 26.14
7228 27.26
5753 26.54
7575 27.57
5555 26.77
6928 26.77
3895 27.85
9717 24.01
5134 25.55
5998 25.92
4809 25.56
7737 25.08
5402 24.27
