934 51.00
21 51.00
160 51.00
381 51.00
297 51.00
349 51.00
336 51.00
292 51.00
227 51.00
163 51.00
228 51.00
229 50.78
293 50.50
261 50.00
328 49.80
319 49.73
326 49.46
312 50.20
293 49.61
557 50.91
319 51.00
218 51.00
279 50.85
310 50.27
336 50.39
318 50.14
334 50.44
336 50.77
310 50.59
350 50.06
371 50.84
370 50.88
821 51.00
127 51.00
307 51.00
247 51.00
228 51.00
339 50.89
333 50.85
337 51.00
328 50.81
309 51.00
361 50.93
344 50.97
344 50.85
338 51.00
301 50.75
305 50.80
394 50.83
320 50.81
369 50.91
333 50.95
387 50.93
387 51.00
415 51.00
372 51.00
389 51.00
440 51.00
428 51.00
437 51.00
850 50.99
478 51.00
417 51.00
424 51.00
245 51.00
368 51.00
393 51.00
394 51.00
373 51.00
384 51.00
400 51.00
355 51.00
319 51.00
361 51.00
359 51.00
315 51.00
303 51.00
323 51.00
220 51.00
253 51.00
288 51.00
361 51.00
352 51.00
335 51.00
313 51.00
280 51.00
348 51.00
678 50.96
407 51.00
616 51.00
378 51.00
463 51.00
405 51.00
371 51.00
396 51.00
284 51.00
863 51.00
171 51.00
249 51.00
402 51.00
173 51.00
404 51.00
363 51.00
343 51.00
589 51.00
387 51.00
340 51.00
431 51.00
446 51.00
296 51.00
340 51.00
331 51.00
332 51.00
446 51.00
354 51.00
310 51.00
268 51.00
411 51.00
245 51.00
335 51.00
436 51.00
423 51.00
362 51.00
273 51.00
291 51.00
330 51.00
400 51.00
319 51.00
1053 51.00
136 51.00
285 51.00
203 51.00
285 51.00
320 51.00
358 51.00
399 51.00
334 51.00
835 51.00
400 51.00
356 51.00
298 51.00
279 51.00
283 51.00
361 51.00
510 51.00
254 51.00
320 51.00
369 51.00
286 51.00
337 51.00
699 51.00
341 51.00
272 51.00
281 51.00
377 51.00
313 51.00
325 51.00
766 51.00
254 51.00
257 51.00
1082 51.00
25 51.00
171 51.00
260 51.00
336 51.00
336 51.00
527 51.00
375 51.00
485 51.00
320 51.00
361 51.00
311 51.00
327 51.00
400 51.00
360 51.00
446 51.00
291 51.00
371 51.00
355 51.00
789 51.00
325 51.00
287 51.00
330 51.00
285 51.00
375 51.00
364 51.00
479 51.00
420 51.00
346 51.00
325 51.00
376 51.00
363 51.00
1093 51.00
75 51.00
235 51.00
309 51.00
312 51.00
391 51.00
307 51.00
409 51.00
397 51.00
482 51.00
478 51.00
454 51.00
443 51.00
431 51.00
390 51.00
343 51.00
328 51.00
286 51.00
381 51.00
274 51.00
335 51.00
407 51.00
409 51.00
477 51.00
377 51.00
427 51.00
332 51.00
395 51.00
525 51.00
270 51.00
357 51.00
313 51.00
1095 51.00
32 51.00
114 51.00
343 51.00
428 51.00
510 51.00
458 51.00
499 51.00
504 51.00
369 51.00
307 51.00
391 51.00
427 51.00
332 51.00
271 51.00
421 51.00
362 51.00
375 51.00
310 51.00
363 51.00
374 51.00
391 51.00
351 51.00
373 51.00
388 51.00
502 51.00
400 51.00
306 51.00
329 51.00
381 51.00
397 51.00
348 51.00
1107 51.00
33 51.00
130 51.00
388 51.00
494 51.00
409 51.00
398 51.00
358 51.00
443 51.00
430 51.00
396 51.00
367 51.00
365 51.00
289 51.00
299 51.00
378 51.00
283 51.00
421 51.00
430 51.00
643 51.00
333 51.00
280 51.00
326 51.00
575 51.00
314 51.00
257 51.00
358 51.00
319 51.00
378 51.00
365 51.00
338 51.00
306 51.00
1108 51.00
93 51.00
286 51.00
291 51.00
289 51.00
399 51.00
343 51.00
309 51.00
323 51.00
263 51.00
398 51.00
343 51.00
