8387 33.12
3843 36.95
2988 36.46
1569 35.50
2919 33.11
3224 32.08
7189 32.84
4982 33.63
1390 34.38
2612 32.20
3256 31.53
2965 31.70
3069 30.99
3205 30.76
4835 30.88
4877 30.88
3624 31.02
3004 31.44
4065 30.82
7557 31.61
5880 32.31
3551 32.59
3656 32.62
2527 32.93
3081 32.15
2903 32.12
3695 31.45
3406 30.89
3795 31.06
3644 31.53
3969 31.67
3726 31.50
10182 33.00
1916 33.21
2757 33.51
3174 33.06
3977 32.01
4429 31.15
3895 31.13
3543 31.76
3900 31.77
3976 31.68
3754 31.95
3666 31.84
3844 31.75
4032 32.08
3878 31.82
4082 31.63
4805 31.73
4786 32.10
4433 32.46
4501 32.18
4259 32.10
4074 32.44
4141 31.95
4217 31.91
4029 32.07
3863 31.81
3792 31.54
3739 31.87
8852 34.74
6090 35.72
2443 35.52
3116 35.17
6534 36.49
1900 35.89
2741 35.16
2897 34.68
3100 34.66
3640 34.09
3837 33.95
4118 33.08
3675 33.28
3720 33.02
3729 33.11
3524 33.55
3926 33.11
3610 33.35
3854 32.72
3547 33.07
3851 33.03
3645 32.83
4010 32.86
4130 32.51
3712 32.62
4129 32.63
3696 32.70
8423 33.14
6364 34.13
5585 36.21
3917 37.92
2360 37.74
3227 36.92
3386 36.53
3268 36.26
3316 35.43
8541 35.66
1941 36.27
2799 35.96
5342 36.63
3877 36.56
2605 37.11
3722 36.27
3716 35.22
6325 36.18
5969 35.79
2671 36.53
3310 36.18
5650 37.17
5326 36.88
2148 36.99
2670 36.57
2871 36.49
3665 35.97
3772 35.64
3775 35.87
3563 35.97
3786 35.53
3407 35.25
3387 35.14
3435 34.81
5011 35.08
3677 34.94
3861 35.24
3585 35.53
3897 35.13
3580 35.31
3675 35.22
10478 35.60
2118 36.85
2716 37.07
3407 35.80
3457 35.60
3685 34.98
3531 34.58
3424 34.55
3543 34.34
9080 36.89
6302 37.27
3301 37.68
2626 37.57
3522 36.93
3083 36.95
3637 35.79
7640 37.02
5187 37.74
2117 39.09
2823 38.22
3141 37.70
2625 36.79
8288 38.24
5476 37.45
1811 38.03
2177 37.50
2907 36.70
3642 35.59
3482 35.39
8855 37.41
5822 37.88
3423 37.86
5571 39.44
1320 40.04
2308 38.81
2739 37.17
2741 36.13
3162 35.04
3597 35.35
3197 34.94
4670 35.70
4657 35.60
3388 35.77
3617 35.32
3734 35.17
6343 35.73
4766 36.28
5550 35.94
2675 35.88
4344 35.45
4592 35.16
7325 37.38
4730 37.42
1526 38.08
2771 36.53
3421 34.70
2363 35.33
2804 34.67
4339 34.98
4659 35.07
4948 35.05
2525 35.62
3306 34.74
3505 34.78
10540 32.16
2138 35.66
3514 35.91
3798 35.10
3281 34.86
7423 36.64
4542 36.67
3673 36.41
2739 35.84
3171 34.95
3210 34.72
4135 34.88
4072 34.92
4075 34.47
3876 34.65
3401 34.72
3893 34.33
4042 34.14
3277 34.22
3341 33.79
3360 33.76
3279 33.52
3513 32.99
3243 33.04
3517 32.72
3840 32.73
4047 32.96
4661 33.44
8894 37.00
5692 36.60
3062 36.76
3161 35.03
6821 34.89
1439 36.80
3940 36.67
3179 36.39
3554 35.02
3807 34.29
3693 34.19
3835 34.23
4607 34.52
3850 34.91
3673 34.82
3734 34.67
3875 34.22
3977 34.49
3739 34.14
4794 34.21
4399 34.48
3313 34.78
3257 34.51
3463 33.84
3424 33.89
3557 33.77
3627 33.88
3593 33.80
3975 33.37
3691 33.79
4875 33.77
4436 33.45
3998 34.18
4013 33.87
5341 33.86
4629 34.05
8995 34.54
2532 36.71
2742 36.67
3523 35.00
3792 34.35
3560 34.72
4021 34.19
4073 34.22
4212 34.20
4058 34.31
3988 33.89
3776 33.78
3387 33.83
3719 33.67
4540 33.40
3725 33.55
3518 33.83
3901 33.45
4404 33.60
8223 34.42
5966 35.26
2865 35.46
3269 35.90
6838 36.92
5201 37.14
2322 38.07
2727 37.43
3221 37.05
3445 36.34
3342 35.52
3606 34.85
3498 35.14
9775 31.82
2494 35.80
3408 35.34
3270 35.16
2709 36.06
3542 34.55
2973 33.68
3044 33.30
3433 32.57
3745 32.83
3612 32.61
3619 32.27
