9182 32.30
4587 35.78
3495 35.40
1539 34.66
3497 32.03
3033 31.98
7609 32.46
5618 32.88
1520 33.02
2932 31.53
3734 30.79
3120 30.93
3292 30.57
3552 29.74
5595 30.14
5364 30.26
4057 30.16
3487 30.56
4144 30.32
8344 30.84
6533 31.56
3990 31.88
4158 32.07
2681 32.25
3208 31.72
3469 31.45
3572 31.01
3918 30.34
4079 30.28
4418 30.74
4387 30.55
4260 30.56
11329 32.12
2150 32.35
2942 32.91
3403 32.83
4402 31.31
4941 30.73
4359 30.50
3944 31.34
4284 31.24
4694 30.88
4267 30.94
4260 31.00
4299 31.01
4273 31.23
4455 31.32
4391 31.08
5264 30.98
5085 31.34
5010 31.46
4631 31.90
4765 31.57
4536 31.59
4315 31.39
4951 31.09
4505 31.29
4066 31.38
4275 31.15
4351 31.25
9746 34.00
6658 34.91
2636 34.82
3348 34.34
7159 35.68
2310 34.21
2844 34.31
3041 34.16
3847 33.34
3853 33.58
3845 33.59
4512 32.70
4032 32.57
4338 32.31
3858 32.62
4004 32.91
4179 32.51
3991 32.83
4360 32.30
4436 32.04
4208 32.26
4370 31.95
4492 32.12
4233 32.13
4534 31.80
4035 32.08
4632 31.90
9131 32.53
7123 33.24
5980 35.60
4545 36.57
2587 37.32
3508 36.08
3814 35.51
3609 35.67
3529 34.79
9360 34.81
2037 35.35
3226 35.53
5858 35.90
4129 36.00
2992 36.43
4281 35.31
3665 35.02
6394 36.00
6168 35.50
2960 35.61
3637 35.34
6289 36.22
5946 36.06
2771 35.82
3165 35.56
3717 34.83
4102 34.78
3761 35.12
4847 34.60
4027 34.76
3762 34.88
4039 34.20
3725 34.45
3812 34.16
5264 34.59
4091 34.17
4449 34.18
3729 34.81
4617 34.27
4138 34.52
4237 34.22
11246 35.18
2045 36.81
3915 35.15
3511 35.31
3741 34.96
3957 34.18
3912 33.99
3878 33.90
3847 33.81
9983 36.04
6778 36.56
3771 36.75
3061 36.69
3714 36.41
3548 36.31
3461 35.72
8192 36.46
6126 36.08
2799 36.84
3273 36.73
3534 36.98
2826 35.93
8891 37.66
5968 36.72
2066 37.03
2482 36.31
3445 35.55
4133 34.76
3709 34.78
9634 36.72
6600 36.92
3741 37.02
6126 38.40
1295 39.57
2607 37.49
3107 36.67
3303 35.24
3561 34.24
4072 34.35
3563 34.28
4918 35.05
4673 35.26
3618 35.25
4169 34.61
4061 34.50
7069 34.98
5228 35.50
6106 35.18
2892 35.03
4635 35.08
4832 34.95
8195 36.33
5490 35.92
1728 37.41
2767 36.36
3800 34.28
2700 34.66
3160 33.76
5043 34.11
5245 34.15
5361 34.20
2851 34.99
3410 34.18
3945 33.84
11347 31.48
2459 34.73
4103 34.65
4134 34.31
3671 34.30
8110 35.69
4953 35.82
3945 35.68
3056 34.83
3472 34.17
3642 33.62
4489 34.05
4674 33.73
4557 33.70
4289 33.78
3832 33.81
4285 33.57
4622 33.41
3493 33.67
3594 33.14
3715 32.90
3735 32.63
3719 32.17
3761 32.09
4099 32.03
3855 32.22
4748 32.39
5300 32.47
9668 36.27
6091 35.96
3307 36.20
3415 34.27
7544 33.92
1660 35.74
4249 35.90
3466 35.48
3977 34.10
4179 33.50
4212 33.49
4110 33.58
5102 33.71
4318 33.81
3885 34.11
4253 33.84
4171 33.68
4308 33.50
4057 33.28
4965 33.93
5130 33.74
3651 34.02
3926 33.58
3418 33.39
4039 33.15
3871 32.95
3998 32.90
3981 33.15
4435 32.61
3994 33.41
4936 33.25
5096 32.79
4309 33.44
4460 33.05
5744 33.29
5217 33.29
9869 33.82
2991 35.77
3511 34.68
4181 33.99
3816 33.50
3772 33.87
4623 33.40
4319 33.53
4801 33.46
4467 33.35
4182 33.27
4226 32.92
3740 33.03
4030 32.87
5097 32.64
4101 32.82
4020 32.92
3977 32.93
4656 33.16
9075 33.61
6594 34.47
3507 34.43
3805 34.55
7266 36.42
5350 36.93
2354 37.93
3074 36.86
3842 35.48
3845 35.18
3497 35.05
3605 34.55
4234 33.78
10771 31.00
2740 35.07
3763 34.43
3671 34.23
3014 35.21
3612 33.94
3158 33.40
3613 32.42
3858 31.95
3841 32.16
4095 31.94
4036 31.64
