9622 31.91
5057 35.00
3925 34.69
1705 34.36
3518 31.86
3512 31.51
8357 31.74
5738 32.74
1607 32.64
3173 31.29
3731 30.53
3409 30.46
3576 30.00
3633 29.43
5915 29.86
5678 30.05
4263 30.19
3554 30.18
5058 29.76
8304 30.66
6773 31.38
4096 31.61
4308 31.68
2832 32.06
3719 31.15
3732 31.02
3477 31.19
4169 30.11
4284 30.21
4440 30.47
4623 30.65
4316 30.63
11466 32.00
2298 32.02
3089 32.36
3542 32.34
4786 30.93
5102 30.36
4627 30.34
4153 31.25
4435 30.91
4874 30.28
4409 30.75
4270 30.67
4275 30.89
4739 31.00
4447 31.08
4826 30.68
5407 30.78
5470 30.99
5094 31.28
5197 31.28
4854 31.39
4659 31.38
4907 30.94
5013 31.04
4586 30.62
4466 30.80
4421 30.92
4167 31.20
10155 33.71
6731 34.93
2624 34.64
3774 34.05
7687 35.06
2047 34.54
2913 34.50
3324 33.73
4046 33.26
4545 33.05
4527 32.73
4620 32.21
4020 32.33
4184 32.31
3971 32.32
4314 32.22
4343 32.21
4320 32.26
4315 32.14
4276 32.02
4255 32.28
4306 32.16
4538 31.81
4727 31.72
4337 31.89
4707 31.76
4329 31.78
9416 32.19
7640 32.89
6239 35.18
4663 36.39
2769 36.65
3627 35.84
4009 35.51
3843 35.24
3379 34.73
10066 34.23
2286 35.12
3317 34.93
6325 35.56
4500 35.74
3112 35.53
4523 34.98
3733 34.75
6841 35.64
6265 35.21
3150 35.44
3890 35.13
6560 36.09
6207 35.77
2902 35.54
3003 35.64
3537 35.01
4580 34.60
3987 34.57
4603 34.68
4274 34.43
4062 34.62
4121 34.12
3977 34.02
3934 33.92
5665 34.11
4231 34.02
4251 34.14
4526 34.09
4687 33.89
4463 34.01
4221 33.99
11763 34.76
2485 35.72
3515 35.25
3862 34.87
3675 35.07
4293 34.03
3893 33.86
4249 33.43
3972 33.35
10396 35.60
7112 36.23
4229 36.39
3137 36.57
3816 35.97
3557 36.08
4143 34.74
8697 36.01
5981 36.37
2616 37.52
3303 36.74
3644 36.70
3155 35.69
9360 37.27
6009 36.84
2326 36.41
2504 36.12
3535 35.31
4043 34.57
3603 34.68
9959 36.49
6436 37.03
3684 37.07
7098 37.05
1415 38.39
2742 37.13
3075 36.19
3407 34.89
3713 33.83
4290 33.81
3544 33.85
5304 34.60
5426 34.49
3851 34.42
4254 34.15
4335 34.06
7431 34.59
5436 35.07
6246 34.70
3064 34.52
5116 34.41
5300 34.13
8336 36.24
5307 36.17
2040 36.67
3038 35.55
3999 33.72
2808 34.12
3224 33.51
5318 33.60
5392 33.78
5556 33.86
2971 34.79
3764 33.56
4075 33.61
11858 31.04
2588 34.23
4318 34.16
4311 33.99
3928 33.86
8458 35.45
5138 35.77
3915 35.75
3219 34.39
3678 33.94
3820 33.36
4623 33.82
4727 33.71
4675 33.37
4639 33.36
3926 33.59
4579 33.25
4674 32.99
3745 33.00
3805 32.88
3831 32.41
4032 32.21
3759 31.87
3942 31.85
4222 31.64
4242 31.90
4777 31.87
5207 32.32
10314 35.70
6345 35.56
3655 35.11
3680 33.73
7914 33.49
1604 35.90
4564 35.48
3901 34.86
4019 33.85
4105 33.65
4497 33.15
4280 33.20
5309 33.37
4633 33.47
4284 33.60
4217 33.39
4459 33.41
4417 33.08
4465 32.88
5630 33.17
5184 33.36
3739 33.83
3856 33.43
3904 32.89
3923 33.08
4046 32.75
4302 32.74
3993 32.81
4850 32.21
4311 32.46
5427 32.80
5123 32.47
4513 32.97
4793 32.62
6127 32.81
5337 32.83
10098 33.58
3242 35.30
3280 34.91
4118 33.69
4295 33.10
3907 33.84
4854 33.05
4694 32.91
4983 33.16
4780 33.09
4303 32.92
4238 32.65
3963 32.88
4085 32.60
5371 32.25
4378 32.29
4268 32.56
4185 32.60
4758 32.84
9497 33.26
6628 34.28
3682 34.08
3978 34.28
7749 35.81
5643 36.45
2745 37.22
3347 35.85
3517 35.72
4293 34.62
3945 34.19
4059 33.58
3963 33.98
11037 30.72
2916 34.32
3972 33.94
3824 33.91
3160 34.57
4361 32.74
3317 32.73
3575 32.07
3871 31.49
4321 31.64
4151 31.61
4155 31.42
