9993 31.49
5056 35.11
3917 34.73
1754 34.00
3858 31.37
3308 31.23
8245 31.84
6066 32.23
1659 33.00
3503 30.99
3766 30.27
3736 30.16
3459 29.67
3909 29.15
6061 29.68
5997 29.71
4458 29.73
3648 29.81
5023 29.80
8813 30.46
7172 30.97
4302 31.25
4482 31.47
2925 31.59
3474 31.12
3675 31.08
4252 30.15
4285 29.69
4975 29.49
4367 30.18
4520 30.33
4337 30.76
12399 31.34
2411 32.08
3371 32.50
3622 32.37
4565 31.20
5615 29.88
4847 29.92
4376 30.48
4661 30.73
5309 30.07
4506 30.45
4666 30.14
4883 30.20
4834 30.42
4960 30.20
5266 30.22
5894 30.11
5946 30.41
5773 30.71
5471 30.91
5421 30.96
5131 30.93
4411 30.84
4451 31.29
4806 30.83
4692 30.57
4779 30.61
4338 30.90
10305 33.52
7134 34.47
2767 34.42
3525 34.04
7869 34.73
2527 33.83
3206 33.53
3294 33.66
3977 33.36
4835 32.58
4500 32.69
5029 32.12
4521 31.83
4294 31.90
4507 31.72
4230 31.93
4722 31.77
4395 32.15
4657 31.60
4225 31.97
4628 31.72
4349 31.76
5060 31.50
4561 31.56
5023 31.30
4933 31.17
4364 31.77
9789 31.91
7938 32.59
6602 34.89
5021 35.95
2808 36.77
3776 35.51
4048 35.17
4122 35.14
3562 34.64
10122 34.19
2560 34.50
3726 34.36
6886 34.92
4968 35.09
3425 34.97
4317 34.98
3596 34.97
6655 35.84
6235 35.44
3196 35.44
4148 34.74
6806 35.72
6339 35.50
3198 35.13
3653 34.55
3917 34.49
4522 34.11
4420 34.36
4564 34.29
4331 34.45
4491 34.14
4027 34.08
4224 33.63
4013 33.71
6146 33.70
4302 33.44
4577 33.96
4506 33.85
4444 34.12
4489 33.93
4385 33.85
12248 34.33
2618 35.13
3417 35.49
4682 33.88
4065 34.30
4371 33.64
4170 33.26
4033 33.43
4463 33.05
10906 35.22
7308 35.83
4173 36.07
3431 36.02
4139 35.54
4305 35.07
3980 34.45
8903 35.79
6178 36.05
2658 37.45
3443 36.50
3924 36.25
3434 35.16
9758 36.96
6386 36.05
1934 36.98
2614 35.89
3980 34.66
4380 33.99
3951 34.15
10558 35.78
7137 36.26
4394 36.05
6518 37.77
1621 38.18
2905 36.71
3133 35.87
3385 34.77
3861 33.57
4490 33.65
3972 33.21
5544 34.45
5528 34.28
4278 34.11
4498 34.01
4224 33.88
7580 34.30
5939 34.79
6573 34.48
3161 34.66
5189 34.10
5405 33.94
8788 35.75
5810 35.42
1874 36.71
2994 35.46
4203 33.29
3012 33.78
3453 33.02
5493 33.44
5769 33.40
5797 33.57
3145 34.18
3656 33.59
4493 33.13
12218 30.80
2725 33.83
4429 34.01
4332 33.77
4130 33.42
8989 34.94
5438 35.18
4336 34.96
3308 34.28
3825 33.49
3916 33.11
4914 33.27
4711 33.48
5041 33.08
4763 33.15
4153 33.07
4584 32.89
4908 32.70
3862 32.88
4057 32.33
3964 32.06
4083 32.24
4069 31.54
4113 31.47
4391 31.26
4375 31.41
4995 31.60
5487 32.04
10637 35.42
6616 35.23
3799 34.98
3846 33.29
8374 33.00
1769 35.31
4735 35.20
4085 34.49
4272 33.48
4512 33.08
4595 33.02
4653 32.66
5420 33.05
4913 33.16
4393 33.38
4367 33.45
4692 32.95
4683 32.82
4588 32.59
5791 32.92
5424 33.13
3936 33.61
4242 32.89
3855 32.74
4199 32.54
4292 32.45
4414 32.33
4181 32.46
4510 32.22
4736 32.14
5626 32.32
5433 32.14
4807 32.89
4873 32.43
6305 32.48
5684 32.63
10595 33.16
3232 34.99
3592 34.60
4304 33.66
4373 32.77
4136 33.43
4997 32.83
4893 32.64
5206 32.88
4845 32.66
4470 32.82
4422 32.43
4155 32.52
4438 32.11
5434 31.89
4577 32.06
4142 32.68
4654 32.09
5267 32.14
9899 33.08
7217 33.78
3593 34.12
3879 34.54
8046 35.57
5973 36.00
2715 37.12
3349 35.83
4061 35.16
4246 34.40
4038 34.05
4100 33.37
4167 33.52
12091 30.02
2937 34.39
3849 34.34
3795 33.90
3313 34.43
4564 32.53
3480 32.22
3740 31.85
4055 31.20
4425 31.35
4381 31.24
4301 30.98
