10532 31.10
5193 34.73
4120 34.43
1889 33.32
3690 31.33
3695 31.17
8439 31.59
6362 32.03
1765 32.40
3192 30.79
4133 30.21
3831 29.82
3709 29.59
4003 29.08
6365 29.33
6318 29.51
4816 29.55
3820 29.74
5027 29.77
9224 30.22
7395 30.84
4541 31.08
4579 31.19
3048 31.25
3995 30.53
4112 30.33
3903 30.10
4385 29.42
4729 29.52
5197 29.63
4782 30.30
4786 30.06
12880 31.02
2523 31.27
3505 31.92
3698 31.94
5150 30.18
5744 29.79
5072 29.81
4485 30.39
4816 30.21
4985 30.14
4978 29.97
4900 30.27
4533 30.51
5169 30.07
4676 30.53
4979 30.49
5674 30.41
5614 30.77
5737 30.78
5542 30.95
5329 31.00
5209 30.92
5571 30.43
5162 30.54
4926 30.43
4815 30.23
4920 30.35
4580 30.49
11179 32.89
7522 33.99
2928 34.02
3830 33.48
8386 34.21
2306 33.84
3147 33.70
3610 33.37
4491 32.51
4411 32.59
5479 31.96
4719 31.81
4616 31.41
4745 31.49
4588 31.73
4521 31.69
4745 31.57
4656 32.02
4780 31.43
4485 31.58
4778 31.58
4599 31.53
4808 31.38
5408 30.99
5180 31.01
5154 31.01
5023 30.96
10163 31.62
8166 32.29
7041 34.33
5086 35.70
2939 36.16
3764 35.51
4306 35.05
4013 34.97
4373 33.88
10703 33.65
2566 34.62
3742 34.29
6570 35.20
4692 35.05
3558 35.01
4729 34.49
4090 34.23
7334 35.08
6771 34.65
3378 34.93
4054 34.57
7127 35.41
6667 35.16
3115 34.84
3548 34.66
3921 34.45
4566 34.14
4847 33.88
4870 33.96
4348 34.44
4960 33.71
4023 33.86
4565 33.35
4427 33.10
6612 33.21
4458 33.37
4667 33.75
4732 33.61
4758 33.57
5051 33.27
4482 33.56
13306 33.59
2463 35.53
3566 35.20
4338 34.02
4095 34.30
4684 33.25
4360 33.07
4196 33.13
4675 32.65
11427 34.79
7656 35.62
4375 35.90
3453 35.86
3928 35.55
4141 35.13
3973 34.61
9225 35.56
7139 34.87
3090 35.82
3742 35.83
4024 35.92
3140 35.31
10154 36.43
6814 35.75
2183 35.89
2625 35.53
3713 34.65
4386 33.91
4271 33.88
11148 35.42
7477 35.80
4257 35.92
6934 37.39
1502 38.53
2875 36.45
3516 35.36
3480 34.50
4137 33.37
4601 33.35
4249 33.02
5706 34.00
5860 33.94
4222 33.81
4828 33.37
4678 33.49
7821 33.96
6044 34.52
6949 34.03
3340 34.08
5200 34.08
5398 33.87
9381 35.10
6132 34.90
2115 35.90
3377 34.76
4063 33.46
3214 33.26
3530 32.50
5702 33.07
5989 33.07
6131 33.23
3206 33.93
3938 33.08
4513 32.75
12761 30.42
2900 33.79
4726 33.78
4526 33.52
4350 32.98
9257 34.74
5778 34.90
4362 34.63
3188 34.57
4013 33.26
4178 32.69
5073 33.08
5316 32.67
5149 32.81
5096 32.80
4407 33.09
4780 32.61
5177 32.49
3947 32.75
4171 32.12
4255 31.87
4232 31.64
4349 31.28
4333 31.07
4571 30.93
4452 31.11
5154 31.26
5796 31.52
11272 34.81
7237 34.49
3702 35.09
4080 33.14
8298 33.07
1863 34.83
4863 34.84
4229 34.16
4840 32.70
4519 32.59
4632 32.86
4880 32.44
5774 32.76
5103 32.74
4484 33.01
4659 32.81
4772 32.79
5001 32.53
4722 32.24
6062 32.47
5698 32.71
4206 33.03
4318 32.77
4109 32.57
4450 32.24
4440 32.36
4476 32.10
4557 32.22
5055 31.74
5082 32.05
6153 31.79
5524 31.88
4906 32.49
4964 32.13
6631 32.25
5936 32.45
10990 32.89
3389 34.68
3654 34.41
4450 33.14
4495 32.42
4788 32.70
4978 32.57
5169 32.38
5351 32.50
5148 32.19
4855 32.55
4573 32.12
4315 32.14
4598 31.89
5758 31.72
4813 31.70
4574 31.91
4597 31.84
5171 32.04
10128 32.78
7358 33.52
4049 33.78
4364 33.64
8448 35.17
6006 35.82
2857 36.84
3576 35.46
3864 35.30
4639 34.15
4484 33.22
4140 33.07
4681 32.91
12057 30.07
3199 33.76
4222 33.33
4270 33.23
3460 33.85
4268 32.50
3902 31.99
4015 31.15
4275 30.86
4381 31.22
4408 31.00
4681 30.52
