10962 30.78
5859 33.95
4536 33.83
1763 33.04
4315 30.69
3964 30.61
9316 30.96
6623 31.77
1826 32.04
3755 30.49
3831 30.10
4139 29.65
3731 29.41
4287 28.65
6459 29.26
6458 29.19
4835 29.22
4085 29.44
5229 29.15
9497 29.92
7619 30.51
4770 30.84
4892 30.95
3129 31.21
3947 30.42
4911 29.64
4164 29.82
4685 29.06
4764 29.28
5324 29.40
5218 29.67
4838 29.88
13505 30.70
2543 31.29
3618 31.64
3768 31.43
5029 30.22
6147 29.42
5162 29.70
4870 29.97
5023 29.85
5716 29.62
4980 29.84
5014 29.87
5371 29.95
5258 29.97
5503 29.84
5614 29.90
6454 29.73
6513 30.16
6247 30.20
5930 30.14
5738 30.32
4956 30.85
4979 30.52
5192 30.51
4894 30.34
5101 30.08
4911 30.12
4744 30.55
11335 32.82
7699 33.85
3061 33.92
4136 33.28
8534 34.12
2204 34.22
3727 33.14
4293 32.34
4744 31.92
4412 32.43
4582 32.45
5129 31.60
4971 31.26
4847 31.36
4796 31.36
4651 31.70
4922 31.17
5002 31.38
4714 31.28
5049 31.14
5157 31.04
5083 30.84
5435 30.82
5036 31.16
5394 30.81
5255 30.69
4851 31.02
10566 31.39
8496 32.07
7515 33.89
5162 35.68
3168 35.94
4110 35.09
4862 34.23
4340 34.61
4152 33.46
10655 33.65
2666 34.33
3867 34.26
6950 34.82
4998 34.95
3826 34.54
4859 34.47
4325 33.86
7659 34.90
7060 34.36
3612 34.46
4344 34.33
7225 35.19
6873 35.02
3290 34.65
3527 34.62
4399 33.74
5017 33.62
4827 33.84
4808 33.85
4628 33.93
4970 33.59
4360 33.58
4536 33.19
4530 32.85
6277 33.45
4303 33.55
5314 33.27
4750 33.57
4959 33.36
5372 32.93
4559 33.38
13830 33.30
2619 35.15
3806 34.83
4554 33.72
4610 33.66
4663 33.17
4515 32.76
4464 32.77
4716 32.44
11818 34.43
8099 35.32
4370 35.65
3562 35.58
4633 34.93
4450 34.81
4043 34.47
9472 35.32
7225 34.92
3258 35.66
4049 35.77
4167 35.77
3256 34.87
10283 36.32
7006 35.42
2354 35.45
2784 35.45
3955 34.43
5031 33.26
4404 33.52
11524 35.01
7699 35.55
4517 35.57
7193 36.98
1841 36.91
2938 36.37
3553 35.17
3739 34.11
4357 32.87
4835 33.05
4270 32.93
6203 33.58
5973 33.69
4491 33.45
4929 33.21
4709 33.26
8198 33.68
6265 34.25
7197 33.74
3439 33.57
5611 33.46
5987 33.20
9572 34.93
6236 34.75
2092 35.74
3289 34.98
4544 32.90
3336 33.05
3632 32.34
5979 32.78
6141 32.86
6331 32.95
3561 33.52
4001 32.82
4687 32.44
13082 30.24
3121 33.28
4966 33.28
4675 33.31
4400 32.88
9676 34.35
6130 34.42
4580 34.36
3833 33.47
3869 33.17
4272 32.36
5332 32.81
5242 32.86
5291 32.36
5153 32.59
4540 32.55
5066 32.40
5269 32.19
4235 32.08
4269 32.08
4291 31.56
4464 31.39
4406 30.90
4346 30.91
4862 30.71
4693 31.08
5286 31.13
5941 31.49
11697 34.52
7520 34.18
3948 34.55
4256 32.71
8626 32.74
1844 34.71
5150 34.47
4395 33.89
4573 32.83
4653 32.53
4865 32.43
5126 32.15
5967 32.44
5249 32.42
4798 32.45
4797 32.85
5030 32.15
5157 32.14
5065 31.97
6365 32.35
5957 32.44
4314 32.86
4681 32.30
4066 32.22
4692 32.00
4526 32.06
4725 31.76
4642 31.92
5249 31.41
4786 32.11
6246 31.69
5941 31.55
5140 32.12
5191 31.79
6847 31.94
6074 32.23
11495 32.47
3569 34.59
3783 34.10
4729 32.91
4723 32.30
4502 32.76
5430 32.06
5302 32.12
5645 32.23
5493 32.09
4938 32.06
4833 31.74
4450 31.81
4675 31.57
5976 31.41
5018 31.55
4775 31.61
4872 31.42
5818 31.38
10548 32.48
7630 33.33
4188 33.14
4506 33.18
8565 35.04
6370 35.43
3254 35.79
3588 35.14
4157 34.71
4330 34.12
4615 33.01
4500 32.72
4874 32.39
12471 29.77
3274 33.66
4481 33.10
4319 33.01
3616 33.66
4879 31.79
3907 31.86
4128 31.09
4534 30.46
4641 30.82
4866 30.34
4601 30.51
