12388 29.79
6461 33.07
5182 32.97
1983 32.63
4109 30.63
5084 29.66
10258 30.13
7487 30.92
1967 31.25
4444 29.57
4487 29.15
4329 29.25
4474 28.80
4879 27.80
6849 28.78
6848 29.01
5202 28.96
4773 28.70
6165 28.50
10455 29.25
8500 29.85
5397 30.03
5291 30.25
3632 30.52
4776 29.62
4672 29.26
4793 29.34
5418 28.49
6005 28.47
5865 28.70
5443 29.12
5736 28.88
15187 29.74
2832 30.84
4055 30.73
4706 30.66
5735 29.49
6516 29.12
5931 28.83
5251 29.17
5558 29.10
6395 29.02
5505 29.57
5719 29.24
6012 29.12
6036 29.18
6001 29.32
6449 29.15
7185 29.11
7039 29.40
6895 29.71
6589 29.57
6330 29.63
5511 30.25
5229 30.04
5883 30.04
5378 29.84
5687 29.18
5629 29.34
5461 29.62
12577 31.91
8451 33.11
3642 32.87
4412 32.38
9353 33.21
2591 33.17
4127 32.09
4220 31.99
5081 31.64
5683 31.19
5381 31.49
6003 30.50
5387 30.49
5451 30.39
5258 30.85
5218 30.63
5700 30.43
5285 30.71
5530 30.48
5313 30.64
5419 30.38
5350 30.40
5791 30.37
6031 30.11
5549 30.26
5850 30.08
5579 30.39
11780 30.68
9402 31.26
8154 33.25
5995 34.56
3648 34.94
4624 34.13
4774 34.07
5423 33.32
4485 32.85
12024 32.68
2876 33.38
4316 33.27
7712 34.13
5656 34.17
4458 33.58
5443 33.70
5198 32.95
8804 33.70
8268 33.24
3911 33.81
4803 33.57
7991 34.40
7730 34.22
3743 33.77
3885 33.53
4459 33.39
5062 33.29
4816 33.69
6063 32.88
5745 32.76
5209 32.80
4886 32.54
5118 32.29
5021 32.10
6982 32.68
5493 32.24
5411 32.63
5729 32.39
5931 32.29
5522 32.49
5392 32.44
15388 32.33
2975 34.23
4891 33.40
5329 32.54
4866 33.00
5325 32.38
5125 31.95
5356 31.90
5248 31.73
13177 33.46
8808 34.54
5131 34.80
4156 34.74
4911 34.33
4942 33.70
4896 33.24
10981 34.22
7466 34.51
3542 35.21
4207 35.16
4437 35.31
3815 34.26
11344 35.48
7789 34.64
2640 34.83
3340 34.21
4657 33.29
5438 32.50
4930 32.66
12627 34.22
8643 34.78
5346 34.52
7859 36.14
2094 36.16
3262 35.50
4138 34.36
4549 32.94
4692 32.00
5344 32.22
4754 32.09
6803 32.89
6693 32.85
4894 32.79
5481 32.36
5339 32.43
8994 32.88
6958 33.38
7911 33.00
3858 32.71
6254 32.64
6645 32.30
10824 33.95
7328 33.49
2302 35.14
3792 34.07
4690 32.39
3794 31.92
4208 31.40
6462 32.11
6850 32.02
6952 32.22
3921 32.65
4855 31.92
5369 31.57
14500 29.39
3501 32.66
5631 32.64
5209 32.58
4917 32.11
10831 33.43
6832 33.71
5082 33.55
4154 32.63
4526 32.07
4684 31.71
5830 31.95
5753 31.99
6082 31.72
5815 31.62
5041 31.65
5604 31.51
5962 31.27
4648 31.54
4886 30.92
4823 30.71
4886 30.47
5035 30.05
5036 30.08
5353 29.92
5246 30.31
5971 30.25
6580 30.74
12989 33.63
8184 33.33
4461 33.62
4551 31.89
9957 31.46
2115 33.64
5638 33.72
4734 33.26
5332 32.08
5496 31.53
5560 31.39
5505 31.27
6640 31.40
6073 31.49
5372 31.64
5443 31.63
5508 31.53
5752 31.20
5578 31.18
7267 31.47
6645 31.69
4814 31.78
5165 31.51
4554 31.44
5304 31.35
5451 30.88
5131 31.07
5275 31.07
5919 30.59
5757 30.91
7447 30.69
6424 30.73
5731 31.60
5928 31.10
7464 31.18
6835 31.32
12566 31.70
3908 33.81
4267 33.44
5222 32.27
5162 31.53
5107 32.00
6097 31.43
5986 31.18
6363 31.46
6015 31.28
5607 31.33
5344 30.85
4908 31.05
5280 30.71
6761 30.56
5476 30.71
5419 30.85
5218 31.01
5956 31.15
11660 31.70
8488 32.51
4808 32.45
5008 32.57
9824 33.80
7360 34.25
3234 35.27
3969 34.75
4493 34.21
5219 32.89
5439 31.88
4875 32.04
5382 31.67
14502 28.66
3273 33.53
4257 33.21
4745 32.50
4368 32.29
5017 31.42
4641 30.81
4759 30.17
4963 29.69
5247 29.93
5424 29.87
5081 29.92
