13035 29.44
6133 33.37
5030 33.22
2217 31.87
5248 29.83
4545 29.55
10685 29.85
7552 30.67
2152 30.78
4554 29.35
4883 28.87
4731 28.69
4669 28.33
4931 27.74
7192 28.48
7156 28.81
5353 28.73
4858 28.63
6636 28.38
10628 29.11
8812 29.63
5468 29.76
5661 30.08
3809 30.03
4765 29.18
5410 28.91
4967 28.86
5411 28.34
6321 28.03
5947 28.54
5525 29.42
5872 28.74
15588 29.56
3103 30.32
4166 30.45
4499 30.55
5783 29.60
6869 28.66
6200 28.93
5397 29.23
5779 29.04
6678 28.75
5724 29.17
5965 29.17
6251 28.82
6177 28.87
6401 29.07
6667 28.90
7217 29.04
7460 29.07
7175 29.41
7059 29.50
6332 29.57
5811 29.87
5353 30.09
6018 29.62
6190 29.37
5582 29.28
5826 29.26
5560 29.19
12839 31.85
8689 32.97
3616 32.74
4463 32.62
9874 32.86
2681 33.37
4100 32.34
4784 31.51
4984 31.23
5464 31.44
6367 30.80
5814 30.31
5678 30.07
5594 30.23
5474 30.48
5556 30.62
5527 30.37
5678 30.45
5741 30.04
5557 30.34
6129 29.94
5822 29.95
6131 29.84
5874 30.04
6110 29.99
5688 29.90
6052 29.94
11870 30.46
9769 31.11
8871 32.63
5999 34.66
3839 34.54
5086 33.86
4746 33.70
5256 33.44
5397 32.03
11932 32.72
3112 33.26
4428 33.25
7921 33.96
5748 33.98
4652 33.43
5846 33.04
5291 32.67
9029 33.47
8642 32.97
3998 33.57
5151 33.18
8121 34.21
7863 33.96
3280 33.88
3998 33.54
4776 33.20
6037 32.58
5589 32.78
5753 32.73
6038 32.56
5551 32.55
4924 32.44
5345 31.91
5052 31.86
7249 32.36
5566 32.13
6081 32.17
5835 32.11
6046 32.05
5802 32.20
5690 32.14
15864 32.08
3106 34.10
4262 33.77
5340 32.69
5324 32.63
5500 32.01
5293 31.73
5553 31.59
5206 31.67
13686 33.12
9111 34.25
5361 34.50
4101 34.27
4859 34.41
5326 33.61
5130 32.89
11398 33.83
8036 34.01
3505 35.08
4391 34.80
4679 35.00
4267 33.89
12248 34.81
7802 34.74
2539 34.88
3486 34.21
4766 32.85
5680 32.30
5144 32.48
13071 33.91
8861 34.52
5206 34.59
8010 35.92
1990 36.61
3733 34.85
4094 33.84
4644 32.67
4449 32.04
5670 32.05
4799 31.96
6967 32.53
6920 32.56
5115 32.27
5612 32.12
5547 32.31
9446 32.61
7308 33.15
8066 32.79
3902 32.70
6545 32.16
6738 32.20
11161 33.66
7198 33.58
2696 34.53
3819 33.86
5005 31.96
3797 32.06
4294 31.22
6711 31.76
6967 31.76
7330 31.88
4176 32.51
4705 31.72
5631 31.29
15071 29.12
3582 32.13
5797 32.25
5273 32.46
5194 31.79
11231 33.04
7360 32.91
5639 32.85
4107 32.34
4728 31.64
5039 31.44
6047 31.79
5965 31.77
6253 31.40
6079 31.46
5121 31.58
5980 31.24
6035 31.10
4867 31.11
5005 30.77
4947 30.51
5158 30.21
5090 29.87
5463 29.49
5307 29.87
5428 29.96
6270 30.00
7177 30.12
13447 33.41
8453 33.07
4596 33.65
4452 32.10
10224 31.31
2221 33.39
5908 33.49
5131 32.82
5435 31.85
5749 31.13
5867 31.18
5592 31.06
6877 31.25
6069 31.34
5588 31.34
5658 31.50
5877 31.18
5935 31.06
5795 30.87
7443 31.17
6870 31.44
5045 31.73
5257 31.25
4545 31.52
5522 30.84
5774 30.64
5165 30.83
5581 30.86
5866 30.59
5683 31.05
7056 30.94
6258 31.05
6153 30.92
6092 30.87
7767 30.92
7110 31.08
13736 30.97
4083 33.53
4338 33.15
5481 31.77
5549 31.31
5210 31.84
5994 31.40
5692 31.49
6017 31.65
6484 31.08
5665 31.13
5545 30.72
5176 30.58
5384 30.42
6999 30.32
5847 30.45
5130 30.90
5874 30.39
6577 30.52
11996 31.45
8769 32.21
4519 32.61
5399 32.22
10242 33.46
7206 34.32
3265 35.32
4446 33.96
4576 33.84
5970 32.10
5332 31.72
4985 31.63
5090 31.93
15060 28.35
3712 32.76
4777 32.44
5086 31.86
4493 32.14
5493 30.76
4507 30.66
4694 30.11
5275 29.61
5326 30.01
5516 29.53
5366 29.35
