14606 28.60
6707 32.58
5530 32.26
2540 31.28
5444 29.25
5394 28.67
11598 29.22
8567 30.06
2257 30.17
5105 28.57
4844 28.55
5222 28.05
5402 27.76
5441 27.16
8813 27.63
8260 27.86
6484 27.82
5061 28.11
7048 28.00
11378 28.61
9677 29.10
6220 29.21
6014 29.57
3959 29.67
4881 28.99
5753 28.68
5574 28.28
6114 27.74
6814 27.67
6585 27.86
6194 28.51
6444 28.14
16569 29.13
3580 29.72
4702 29.81
5330 29.93
6034 28.57
6963 28.56
7018 28.03
6175 28.52
6455 28.40
7438 28.25
6294 28.61
6514 28.52
6764 28.31
6885 28.51
6852 28.39
7258 28.50
8103 28.56
7881 28.62
7840 28.66
7600 28.97
7169 28.90
6454 29.26
6355 29.13
6492 29.13
6802 28.68
6195 28.62
6199 28.69
6102 29.00
14346 30.86
9839 31.94
4416 31.68
5196 31.46
10209 32.60
3626 31.53
4491 31.53
4949 31.31
5781 30.78
5800 30.92
6456 30.50
6796 29.62
6063 29.74
6129 29.55
6028 29.90
6040 29.79
6095 29.87
6427 29.68
6133 29.69
6269 29.76
6761 29.34
6235 29.50
7031 29.21
6969 29.23
6581 29.13
6109 29.55
6736 29.25
12982 29.90
10604 30.48
9729 31.97
6767 33.67
4041 33.95
5263 33.38
5392 33.31
6273 32.51
5592 31.64
13392 31.77
3467 32.52
5025 32.68
8539 33.28
6323 33.43
4812 32.95
6782 32.24
5965 32.04
9760 32.79
8863 32.74
4349 33.17
5717 32.55
9056 33.55
8640 33.33
4276 32.76
4592 32.63
5148 32.28
6182 32.16
5745 32.47
6602 32.02
6478 31.92
5919 31.86
5706 31.60
5724 31.45
5469 31.40
8137 31.63
6247 31.46
6863 31.48
6437 31.53
6132 31.73
6126 31.66
6706 31.38
17400 31.31
3497 33.16
5501 32.38
5387 32.22
5898 32.06
6122 31.27
5910 31.02
5984 30.80
5502 30.94
14920 32.37
10057 33.56
5498 34.19
4546 33.87
5944 33.30
5746 32.92
5394 32.62
11710 33.55
9128 32.88
4518 33.78
5050 33.70
5331 33.94
4427 32.76
13241 34.19
8390 34.03
2804 34.39
3422 33.86
5460 32.25
5669 31.98
5680 31.90
14183 33.19
9665 33.75
5708 33.84
9449 34.40
2302 35.28
4010 33.79
3677 34.20
5787 31.72
4803 31.46
6211 31.25
5383 31.26
7666 31.92
7855 31.87
5608 31.60
6450 31.25
5985 31.66
10296 31.92
8018 32.40
8764 32.05
4519 31.99
7173 31.52
7578 31.31
12244 32.83
8082 32.48
2745 34.02
4250 33.03
5790 31.01
4044 31.21
4373 30.89
7374 31.16
7996 30.91
8034 31.17
4460 31.52
5336 30.88
6354 30.46
16723 28.35
3995 31.60
6357 31.66
6126 31.55
5640 31.09
12118 32.36
7675 32.64
5749 32.52
4723 31.38
5188 31.06
5577 30.63
6678 31.02
6563 31.07
6846 30.70
6666 30.75
5718 30.72
6597 30.53
6705 30.39
5516 30.38
5433 30.06
5459 29.75
5657 29.66
5749 29.13
6014 28.80
5946 29.21
6338 28.91
6672 29.43
7297 29.85
14957 32.43
9080 32.37
5220 32.38
5220 30.93
11344 30.36
2506 32.42
6438 32.76
5658 31.98
5948 31.07
6425 30.55
6317 30.35
6194 30.46
7682 30.54
6582 30.61
6137 30.72
6243 30.61
6462 30.20
6605 30.34
6260 30.11
8254 30.66
7782 30.70
5538 31.02
5882 30.56
5578 30.47
5657 30.60
6431 29.88
5738 30.23
6105 30.07
6479 30.01
6960 29.83
8373 29.77
7502 29.89
6582 30.38
6681 30.17
8453 30.48
7930 30.56
14575 30.46
4066 33.40
5297 32.02
5646 31.36
6139 30.33
6312 30.70
6854 30.40
6857 30.42
7109 30.47
6325 30.83
6495 30.38
6060 30.03
5755 30.14
5803 29.87
7518 29.66
6375 29.78
6192 29.93
6508 29.58
7237 29.84
12876 30.86
9664 31.43
5517 31.28
5697 31.57
10976 32.99
8103 33.55
3833 34.25
4487 33.48
5260 32.85
5635 32.26
6196 31.01
5505 30.84
6101 30.69
16261 27.77
3972 32.29
5299 31.69
5125 31.69
5499 30.60
6008 29.95
5026 29.75
5302 29.17
5723 28.89
5883 29.17
6105 28.90
6032 28.87
