15159 28.33
6980 32.49
5757 32.19
2649 31.15
5168 29.54
6081 28.58
11732 29.14
8699 29.85
2514 29.78
5302 28.53
5172 28.30
5357 28.00
5366 27.48
5733 26.90
8790 27.48
8593 27.70
6739 27.76
5215 27.94
7290 27.83
11686 28.54
9896 28.93
6380 29.08
6335 29.39
4263 29.66
5569 28.64
5448 28.48
5882 27.99
6215 27.46
7012 27.56
6813 27.74
6376 28.33
6823 28.10
17783 28.54
3552 29.94
4706 29.87
5560 29.57
6316 28.70
7048 28.30
7131 28.08
6287 28.24
6727 28.16
7661 28.03
6516 28.48
6509 28.33
6940 28.12
7014 28.36
7251 28.54
7375 28.20
8451 28.29
8087 28.38
8210 28.62
7826 28.59
7476 28.68
6624 29.02
6532 28.77
6391 29.10
7012 28.49
6374 28.58
6583 28.30
6860 28.50
14479 30.67
9848 31.95
3837 32.24
4815 31.94
11311 31.77
3057 31.99
4349 31.34
5174 30.77
5947 30.65
6735 30.26
6343 30.28
6996 29.42
6563 29.32
6326 29.60
6148 29.66
6331 29.81
6147 29.76
6650 29.60
6257 29.56
6467 29.52
7026 29.15
6368 29.31
7164 29.02
6427 29.46
6911 29.17
6503 29.21
6698 29.30
13384 29.67
10880 30.25
10069 31.68
6824 33.54
4377 33.62
5388 33.25
5739 32.86
6314 32.30
5334 31.82
13980 31.45
3706 32.31
5109 32.30
8838 33.00
6546 33.08
5257 32.54
6211 32.38
6240 31.64
10252 32.55
9743 32.10
4666 32.64
5753 32.43
9335 33.32
8871 33.07
4342 32.55
4518 32.86
5425 32.11
6760 31.73
6322 31.95
6543 31.86
6461 31.73
6502 31.55
5484 31.60
6241 31.13
5507 31.34
8226 31.57
6356 31.26
6756 31.39
6183 31.54
6715 31.55
6852 31.16
6261 31.49
17801 31.08
3720 32.82
5649 32.05
5693 31.98
5651 32.07
6564 31.20
6044 30.86
6286 30.81
5432 30.88
15361 32.03
10474 33.28
6003 33.60
4861 33.25
5730 33.22
5399 33.21
5778 32.17
11975 33.36
9525 32.73
4700 33.14
5693 33.05
5899 33.38
4367 32.65
13217 34.19
8936 33.46
2574 34.40
3884 33.30
5102 32.32
6128 31.81
5456 31.89
14766 32.90
10095 33.42
6410 33.25
9131 34.75
2702 34.61
3811 34.42
4784 33.21
5481 31.69
4804 31.53
6555 31.13
5567 31.23
7652 31.98
7972 31.70
5826 31.45
6440 31.11
6259 31.32
10537 31.71
8257 32.21
9191 31.81
4429 31.80
7293 31.26
7617 31.24
12448 32.62
8530 32.08
3078 33.37
4734 32.43
5954 30.66
4261 30.94
4401 30.75
7988 30.52
8046 30.78
8314 30.99
4563 31.54
5378 30.78
6458 30.27
17011 28.20
4198 31.37
6731 31.27
6016 31.61
5941 30.89
12642 31.98
8406 32.04
6106 32.09
4736 31.25
5441 30.66
5632 30.46
6835 30.84
6840 30.77
6927 30.54
6914 30.42
6031 30.44
6653 30.25
6885 30.12
5429 30.19
5704 29.92
5802 29.50
5963 29.15
5677 29.02
5858 28.86
6369 28.78
6525 28.87
7404 28.81
8002 29.33
15316 32.24
9411 32.26
4988 32.71
4979 31.44
12205 29.81
2312 32.94
6177 33.01
5883 31.81
6213 30.83
6648 30.21
6493 30.21
6209 30.01
7862 30.28
6922 30.34
6351 30.57
6374 30.26
6740 30.11
6881 30.03
6529 29.97
8472 30.21
7971 30.54
5798 30.85
6017 30.35
5817 30.20
6236 30.12
6294 30.00
5969 29.86
6251 30.03
6742 29.66
7075 29.65
8549 29.57
7819 29.68
6868 30.22
6882 30.04
8632 30.22
8164 30.27
14552 30.47
4616 32.71
5514 31.86
5699 31.28
6212 30.38
5999 30.65
6707 30.61
6475 30.46
6990 30.62
7326 30.18
6679 30.17
6388 29.70
5791 29.78
6139 29.55
7937 29.54
6531 29.60
6188 29.75
6174 29.67
7122 29.93
13443 30.64
9887 31.27
5317 31.65
6589 31.08
11701 32.45
8322 33.39
3822 34.36
4599 33.50
5325 33.03
6149 31.63
5978 31.15
5796 30.58
6446 30.23
16913 27.54
4085 32.24
5366 31.52
5322 31.57
5323 30.87
6386 29.81
5182 29.50
5604 29.08
5735 28.74
6066 29.00
6356 28.69
6065 28.78
