16774 27.57
7583 31.83
6402 31.56
3034 30.33
6013 28.61
6095 28.03
12944 28.51
9513 29.29
2733 29.47
5827 27.95
6028 27.60
5531 27.40
5737 27.33
6328 26.45
9621 27.09
9143 27.36
7450 27.26
5960 27.51
7924 27.43
12469 27.96
10701 28.43
6872 28.63
6873 28.80
4914 28.60
6049 27.89
6004 27.88
6320 27.56
6642 27.15
8092 27.10
7469 27.22
7084 27.49
7111 27.58
19380 27.91
3902 29.29
5227 29.21
6255 29.03
7245 27.74
7625 27.96
7854 27.61
6813 27.83
7258 27.60
7584 27.88
7577 27.88
7170 27.76
7637 27.58
7657 27.94
7907 27.70
8314 27.59
9048 27.77
8851 27.98
8840 28.12
8496 28.20
8030 28.20
7026 28.56
7027 28.44
7190 28.52
6918 28.44
7139 27.95
7171 27.84
6803 28.27
15902 30.08
10968 31.16
4831 31.29
5765 30.93
11747 31.50
3219 31.94
4850 30.97
5836 30.43
6385 30.10
6826 30.04
7779 29.38
7304 29.00
7040 28.91
7126 28.84
6702 29.28
6523 29.48
7042 29.02
7013 29.09
7163 28.97
7692 28.82
6742 29.10
7553 28.63
7593 28.58
7170 28.77
7557 28.51
7023 28.88
7392 28.73
14360 29.25
11741 29.81
11263 30.93
7392 33.09
4741 33.07
5830 32.77
6352 32.30
6097 32.21
6326 31.04
15417 30.64
3996 31.78
5534 31.92
9393 32.46
7185 32.65
5745 31.84
7514 31.49
6064 31.68
10160 32.49
9355 32.41
5583 31.97
6251 31.90
10016 32.77
9615 32.48
4872 31.98
5869 31.41
6074 31.28
6965 31.28
6936 31.43
7623 31.02
6931 31.04
6610 31.11
6641 30.86
6357 30.64
6366 30.46
8663 31.05
6836 30.75
7369 30.81
6865 30.86
7149 30.91
7875 30.41
7140 30.59
19448 30.35
3985 32.29
6241 31.58
6799 30.94
6375 31.25
6980 30.60
6613 30.31
6852 30.26
6619 30.06
16507 31.57
11585 32.48
5996 33.44
5123 33.01
6374 32.66
6542 32.03
6315 31.43
13584 32.37
9769 32.50
4698 33.07
5829 32.93
6011 33.18
4568 32.40
13774 33.79
9716 32.87
3994 32.58
4582 32.15
5309 31.69
6769 31.26
6032 31.26
15665 32.37
10909 32.82
6350 33.03
11044 33.00
2783 33.78
4085 33.65
5196 32.37
5877 31.08
5500 30.63
6967 30.53
6169 30.39
8821 30.83
8714 31.04
6293 30.69
7036 30.59
7040 30.75
11382 31.07
9140 31.52
9747 31.22
5124 31.04
7854 30.76
8447 30.59
13479 32.01
9230 31.48
3445 32.80
5213 31.74
6371 30.01
4605 30.32
5152 29.73
8391 30.21
8886 30.09
8860 30.41
5028 30.70
6124 30.04
7013 29.67
18527 27.63
4615 30.77
7232 30.79
6890 30.73
6341 30.31
13676 31.21
9267 31.34
6334 31.89
4623 31.22
6222 30.04
6114 29.92
7492 30.18
7354 30.18
7830 29.83
7519 29.84
6529 29.98
7355 29.71
7572 29.50
6112 29.43
6253 29.39
6192 29.03
6250 28.73
6538 28.32
6642 28.01
6729 28.39
7139 28.13
7860 28.40
8983 28.70
16721 31.42
10777 31.17
5208 32.20
5370 31.00
12646 29.61
2830 32.01
7261 31.97
6324 31.25
6053 30.71
7283 29.60
7171 29.44
6933 29.55
8381 29.71
7601 29.64
6969 29.93
7107 29.83
7277 29.32
7484 29.39
7070 29.45
9230 29.77
8766 29.84
6381 30.16
6638 29.69
6246 29.57
6639 29.78
6819 29.49
6526 29.36
6844 29.37
7246 29.12
7577 29.19
9369 29.11
8417 29.10
7414 29.61
7371 29.43
9655 29.55
9001 29.83
16216 29.60
4586 32.65
5646 31.53
6239 30.82
6597 30.05
7252 29.61
7788 29.65
7604 29.59
7824 29.70
7802 29.64
7116 29.62
6783 29.27
6427 29.20
6798 29.03
8610 28.96
7177 29.04
6827 29.22
7210 28.96
8119 28.98
14197 30.11
10707 30.66
5545 31.15
6667 30.68
12801 31.58
9019 32.73
4049 33.89
5078 32.76
5619 32.38
6742 30.91
6322 30.31
6479 29.99
6853 29.77
18334 26.99
4755 31.09
6240 30.47
6202 30.45
5803 30.27
6783 29.32
5910 28.99
5724 28.48
6297 28.26
6704 28.27
7094 28.03
6564 28.28
