18031 27.09
8243 31.17
6952 31.01
3016 30.00
6339 28.31
6817 27.60
13412 28.17
10158 28.96
2935 28.84
6295 27.64
6297 27.27
5135 27.44
6451 26.87
6523 26.25
9442 27.11
9167 27.32
7185 27.39
7033 26.96
8842 26.79
13113 27.69
11094 28.15
7305 28.29
7383 28.53
4797 28.50
6345 27.69
6493 27.49
6376 27.26
7361 26.62
8086 26.94
7926 27.00
7164 27.53
7850 27.18
20340 27.52
4464 28.66
5515 29.18
6430 28.72
7662 27.39
8813 27.20
8079 27.32
7140 27.45
7894 27.40
7812 27.56
7947 27.60
7538 27.40
8194 27.44
8008 27.57
8254 27.54
8654 27.40
9505 27.40
9235 27.63
9133 27.81
9204 27.82
8533 27.96
7538 28.33
6776 28.39
7631 28.12
8035 27.71
7435 27.65
7393 27.57
7071 27.95
16460 29.80
11016 31.15
4529 31.33
6223 30.76
13028 30.62
3537 30.68
5323 29.96
5984 30.02
7187 29.34
7429 29.26
8001 29.09
7724 28.70
7489 28.49
7597 28.43
7180 28.71
7051 28.88
7489 28.79
7242 28.82
7508 28.40
8024 28.49
7277 28.71
7913 28.50
7881 28.48
7641 28.42
7954 28.28
7513 28.51
7616 28.52
14878 28.94
12337 29.48
11825 30.53
8223 32.34
4751 32.76
6150 32.31
6281 32.17
7309 31.28
6059 30.88
16479 30.14
4343 31.22
5692 31.74
9969 32.13
7499 32.19
6233 31.47
7286 31.37
7125 30.91
11520 31.62
10332 31.60
5786 31.60
6400 31.46
10584 32.40
10307 32.10
5162 31.57
5529 31.46
6587 30.92
7580 30.78
7127 31.05
7587 31.06
7772 30.63
7258 30.72
6424 30.66
7049 30.26
6479 30.40
9121 30.74
7428 30.36
8000 30.30
7507 30.24
8253 30.25
7010 30.71
7925 30.24
20405 29.97
4230 31.99
5801 31.84
6610 31.02
7219 30.73
7167 30.20
7053 29.88
7373 29.71
6088 30.15
17384 31.19
12065 32.04
7070 32.47
5424 32.30
6752 32.23
6894 31.61
6505 31.24
13462 32.38
10556 31.77
5537 32.28
6641 32.19
6599 32.43
5041 31.58
15250 32.94
9879 32.80
3533 32.95
4371 32.41
5983 31.34
7098 30.76
6964 30.31
16369 31.99
11435 32.49
6749 32.70
11292 32.83
2916 33.48
4010 33.53
5953 31.94
6021 30.80
5740 30.32
7313 30.05
6539 29.99
9487 30.43
9261 30.66
6758 30.41
7475 30.04
7797 30.05
11828 30.78
9590 31.22
10206 30.86
5273 30.74
8391 30.34
8795 30.26
14053 31.68
9582 31.10
3864 32.01
5361 31.40
6454 30.10
5070 29.79
5639 29.16
8535 30.02
9240 29.80
9484 30.00
5343 30.27
6469 29.81
7289 29.43
19667 27.20
5028 30.31
7444 30.65
6942 30.79
6822 29.69
14264 30.88
9608 31.03
7110 31.06
5388 30.28
6283 29.76
6551 29.52
7843 29.88
7765 29.86
8106 29.52
7993 29.46
6838 29.52
7764 29.29
8012 29.12
6385 29.17
6542 28.96
6401 28.59
6871 28.37
6775 28.04
7161 27.73
6978 28.05
7432 27.87
8451 28.02
9448 28.30
17505 31.01
11220 30.79
5522 31.85
5660 30.41
13811 28.93
2773 32.01
6964 32.10
6506 31.16
7155 29.87
7600 29.21
7389 29.05
7413 29.09
8877 29.30
8106 29.36
7329 29.49
7426 29.45
7748 28.97
7854 29.05
7668 29.07
9757 29.28
9228 29.58
6573 29.83
6780 29.39
6698 29.23
6913 29.18
7373 28.96
7009 28.96
7806 28.59
7758 28.62
7902 28.89
9839 28.72
8914 28.83
7763 29.14
7903 28.99
9883 29.25
9428 29.40
16673 29.38
5367 31.69
6274 30.73
6657 30.21
7245 29.51
6959 29.75
7351 29.99
7744 29.59
7943 29.68
8330 29.12
7481 29.19
7175 28.85
6841 28.92
7061 28.52
9140 28.59
7495 28.74
6500 29.17
7688 28.68
8501 28.65
14899 29.73
11352 30.38
6348 30.38
6812 30.41
13743 31.08
9819 32.18
4583 33.15
5596 32.05
5744 32.04
7125 30.75
7164 29.58
6418 29.58
7428 29.28
19268 26.60
4604 31.32
6142 30.56
6136 30.39
6246 30.03
6760 29.19
6403 28.52
6024 28.27
6980 27.85
7262 27.89
7033 27.92
7051 27.89
