1957 50.19
407 51.00
235 51.00
342 49.89
512 48.29
575 46.15
1242 47.07
803 48.07
346 49.85
506 46.83
552 45.56
622 44.43
552 44.42
539 44.61
676 43.33
817 44.52
631 44.58
602 45.32
621 44.31
1513 45.49
1083 45.83
649 45.28
626 45.16
542 46.87
595 47.04
652 46.77
633 45.06
702 44.82
701 45.72
730 45.21
720 45.55
802 46.02
1832 49.30
297 49.46
488 49.38
589 48.64
609 46.29
832 45.29
763 44.91
740 46.88
710 45.75
646 46.53
648 46.59
748 45.98
636 46.71
659 45.63
640 45.50
678 46.13
820 45.32
812 46.26
825 46.01
778 46.42
940 45.71
784 46.73
784 47.02
857 46.51
959 46.05
858 46.65
908 46.89
800 47.58
1860 48.82
986 49.81
712 49.69
789 49.68
1115 51.00
227 51.00
428 50.59
493 50.63
645 50.29
723 49.54
640 49.42
708 49.29
708 49.28
740 49.80
707 49.74
776 49.58
710 49.71
737 49.45
626 49.10
664 48.42
690 48.88
749 49.37
783 49.25
709 49.37
693 48.99
737 48.89
723 48.91
1558 48.00
961 49.19
1097 49.37
857 49.78
703 50.56
647 50.63
640 50.14
646 50.44
645 50.27
1704 51.00
334 50.55
595 50.37
773 50.41
515 50.31
620 50.22
742 50.14
761 49.76
1208 49.92
939 49.87
744 50.38
743 50.51
987 50.24
660 50.34
610 50.73
660 50.34
759 50.26
762 50.54
677 50.72
758 50.52
677 50.38
629 50.30
729 50.40
776 50.10
780 50.24
889 50.19
829 50.48
776 50.67
786 50.44
694 50.45
713 49.91
711 49.97
2036 50.99
278 50.94
657 50.83
553 50.93
511 50.84
727 50.09
661 50.36
821 49.88
817 50.48
1899 50.68
1031 50.95
804 50.97
723 50.85
608 50.89
616 50.95
616 50.72
1406 50.78
906 50.99
639 50.97
559 50.94
543 51.00
487 50.98
1580 50.86
797 51.00
539 50.97
590 50.88
612 50.98
644 50.93
732 50.83
1667 50.94
832 51.00
787 51.00
1478 51.00
305 51.00
463 51.00
381 51.00
488 50.73
581 50.60
742 50.51
653 50.52
767 50.82
584 50.70
668 50.66
683 50.35
632 50.69
1059 50.57
917 50.66
758 50.91
765 50.79
820 50.86
751 50.77
1659 50.82
961 51.00
607 51.00
742 50.94
660 50.93
695 50.73
617 50.99
762 50.62
738 50.19
699 50.60
718 50.60
763 50.84
812 50.82
1610 51.00
479 50.92
703 50.98
638 50.95
788 50.57
1211 50.99
822 51.00
759 50.95
806 50.88
658 50.83
800 50.77
871 50.60
877 50.64
674 50.67
654 50.63
702 50.60
656 50.60
737 50.41
685 50.38
708 50.39
810 50.05
699 50.45
824 50.52
802 50.57
768 50.69
838 50.30
842 50.42
858 50.49
1692 50.88
1089 51.00
546 51.00
525 51.00
1379 51.00
199 51.00
563 51.00
483 51.00
676 50.54
724 50.60
722 50.74
706 50.67
882 50.92
760 50.84
750 50.79
638 50.82
809 50.99
760 50.90
756 50.98
729 51.00
633 51.00
737 50.74
710 50.82
716 50.36
646 50.64
723 50.26
766 50.55
767 50.93
727 50.35
742 50.52
717 50.30
631 50.77
709 50.44
750 50.57
843 50.28
688 50.56
1903 50.56
406 50.89
608 50.81
564 50.83
660 50.53
809 50.50
682 50.66
685 50.65
738 50.77
746 50.50
786 50.42
705 49.90
664 50.06
686 50.06
779 49.94
637 50.57
728 50.12
772 49.93
774 50.24
1308 50.04
749 50.64
801 50.45
886 50.56
1352 50.68
955 50.56
816 50.89
697 50.76
688 50.91
685 50.84
664 50.82
623 50.80
706 50.94
1937 49.09
525 50.81
743 50.94
616 50.89
568 50.83
549 50.90
633 50.40
608 49.92
674 49.59
621 49.60
652 49.27
699 48.74
