18601 26.86
8512 31.05
6918 30.95
3302 30.11
6536 28.19
6199 27.75
12860 28.44
10537 28.67
3050 28.75
6591 27.43
6422 27.05
5582 27.20
6605 26.58
6749 26.40
9585 26.96
9536 27.15
7474 27.19
6797 26.79
9182 26.66
13615 27.55
11492 28.03
7669 28.22
7554 28.38
5290 28.23
6415 27.48
6408 27.47
6991 26.93
7313 26.68
8442 26.71
7834 26.97
7564 27.51
7921 27.09
20909 27.34
4443 28.40
5746 28.82
6668 28.61
8109 27.15
9130 27.06
8193 27.36
7441 27.31
8091 27.27
7991 27.50
8039 27.55
7836 27.45
8284 27.42
8366 27.39
8356 27.40
8799 27.26
9734 27.22
9580 27.58
9310 27.73
9195 27.66
8822 27.90
7666 28.27
6812 28.31
7261 28.21
8450 27.42
7670 27.51
7649 27.51
7412 27.71
17032 29.57
11689 30.70
5229 30.62
6366 30.46
12599 30.92
3416 30.98
5292 30.23
6711 29.56
7242 29.26
7181 29.61
7596 29.17
8148 28.53
7572 28.50
7904 28.32
7018 28.81
7521 28.78
7236 28.82
7859 28.61
8508 28.10
8140 28.29
7046 28.64
7503 28.61
8696 27.97
8416 27.96
8411 27.91
8433 28.03
8185 27.97
14941 28.84
12532 29.37
12470 30.16
7790 32.56
4833 32.80
6294 32.30
6748 31.91
6518 31.92
7409 30.23
16708 29.99
4423 31.22
5917 31.42
10123 31.95
7748 32.18
6128 31.34
7957 30.93
7254 30.72
11655 31.50
10682 31.47
5422 31.76
6254 31.85
10094 32.72
9013 32.88
5774 31.25
6506 30.73
7209 30.33
7439 30.68
7561 30.88
7416 30.94
7395 30.86
7484 30.57
6940 30.41
6902 30.16
6889 29.97
9551 30.48
7570 30.17
7937 30.34
7342 30.45
7797 30.46
8173 30.03
7417 30.35
20904 29.78
4626 31.54
6584 31.23
7433 30.35
7015 30.62
7326 30.06
7380 29.84
7601 29.68
7138 29.70
17383 31.07
12319 31.98
6700 32.72
5403 32.64
6376 32.45
6491 31.93
6955 31.17
13734 32.26
10929 31.65
5982 31.88
6661 31.98
6836 32.21
5139 31.47
15536 32.77
10580 32.19
3779 32.14
4344 32.24
6707 30.82
7650 30.16
6952 30.19
16826 31.79
11543 32.38
6929 32.46
11405 32.72
3097 33.04
4167 33.45
6068 31.85
6373 30.62
5885 30.26
7426 29.96
6847 30.01
9482 30.46
9405 30.51
6935 30.36
7331 30.16
7676 30.11
12059 30.63
9801 31.05
10577 30.66
5479 30.41
8666 30.18
9050 29.99
14308 31.50
9798 30.93
4102 31.51
6385 30.35
6669 29.46
5192 29.75
5341 29.40
9031 29.64
9657 29.56
9785 29.81
5625 30.23
6354 29.63
7653 29.24
19978 27.12
5279 30.10
7622 30.43
7026 30.55
7073 29.68
14706 30.71
9996 30.86
7120 31.09
5171 30.51
6610 29.54
6663 29.20
8022 29.67
7979 29.69
8288 29.38
8191 29.37
7068 29.47
7992 29.15
8221 29.14
6771 28.86
6603 28.80
6755 28.48
6707 28.39
7020 27.83
7290 27.57
7164 28.00
7656 27.72
8506 28.00
9715 28.18
18285 30.64
11692 30.49
5265 32.09
5752 30.20
14342 28.65
2857 31.75
7163 31.90
6503 31.11
7465 29.72
7631 29.17
7622 28.91
7672 29.05
9257 29.13
8044 29.19
7606 29.14
7595 29.25
7947 28.65
8292 28.82
7683 28.94
10015 29.08
9474 29.39
6809 29.65
7062 29.24
6853 28.93
7402 28.82
7287 28.89
7214 28.92
7904 28.40
7447 28.85
8408 28.55
10213 28.51
9242 28.67
7884 29.16
8062 28.98
10108 29.12
9557 29.21
17655 28.95
5140 31.89
6208 30.96
6989 29.98
6849 29.54
7306 29.73
7895 29.46
7749 29.40
8189 29.56
8488 29.12
7886 28.91
7355 28.90
7181 28.48
7283 28.29
9282 28.45
7819 28.52
7429 28.57
7688 28.45
8503 28.58
15286 29.58
11481 30.12
6514 30.09
7035 30.25
13997 30.87
10430 31.65
4537 32.83
5580 31.92
6476 31.53
7118 30.57
7371 29.51
6831 29.44
7507 29.06
19719 26.44
4737 31.14
5942 30.86
6971 29.84
5983 29.77
7639 28.57
6482 28.38
6338 28.02
6788 27.73
7199 27.99
7622 27.86
7860 27.46
