20468 26.22
8616 30.83
7101 30.86
3784 29.22
6693 27.93
7237 27.20
13764 28.04
11210 28.27
3476 28.29
7155 26.93
7090 26.68
6115 26.71
7633 26.12
7439 25.72
10482 26.50
10086 26.81
8095 26.88
7410 26.59
9212 26.55
14100 27.21
12177 27.66
8194 27.71
8174 27.92
5396 27.93
7171 27.00
7662 26.74
6798 26.60
8324 26.17
8846 26.46
8678 26.62
7827 27.00
8731 26.53
23415 26.49
3997 28.74
5847 29.01
6865 28.33
8765 26.74
9750 26.63
9103 26.80
7990 26.74
8533 26.71
8972 27.03
8730 26.97
8532 27.00
8988 26.93
9118 26.77
9101 26.98
9600 26.78
10338 26.98
10105 27.21
10151 27.32
9892 27.35
9422 27.43
8227 27.66
7389 27.95
7786 27.91
9070 27.12
8256 27.13
8320 27.06
8016 27.35
18025 29.06
12104 30.50
5253 30.61
6463 30.39
14173 29.98
4070 30.22
5529 30.18
6779 29.28
7354 29.15
8474 28.83
8649 28.52
8734 27.96
8061 27.97
8446 27.95
7472 28.56
8056 28.23
7756 28.18
8566 28.01
8992 27.65
8261 28.02
8252 28.25
8407 27.72
8948 27.77
8543 27.84
8610 27.95
8275 27.99
8331 27.91
16123 28.34
13491 28.88
13461 29.65
8738 31.79
5651 31.86
7025 31.46
7160 31.47
7947 30.78
7298 29.83
17229 29.82
4839 30.70
6316 31.03
10711 31.60
8241 31.70
6799 30.84
8101 30.91
8008 30.24
12539 30.98
11272 31.03
6384 31.03
7138 30.88
11276 31.81
10308 31.96
6085 30.88
6909 30.33
7251 30.24
8188 30.23
8015 30.40
8361 30.42
8210 30.16
7883 29.91
7504 29.94
7570 29.72
7278 29.58
10108 30.04
8223 29.73
8720 29.82
8430 29.70
9021 29.61
7957 29.90
8448 29.66
23409 28.85
4268 31.78
5810 31.78
8169 30.16
7755 30.19
8098 29.54
7743 29.37
8106 29.13
7699 29.02
18551 30.58
13701 31.07
7413 32.07
5866 31.86
6832 31.89
6943 31.55
7755 30.30
15570 31.34
11711 31.08
6525 31.32
7306 31.48
7426 31.66
5474 31.04
16450 32.28
11236 31.79
3645 32.19
4760 31.58
6651 30.69
7908 30.05
7968 29.74
17593 31.34
12497 31.83
7489 31.93
12451 31.97
3451 32.52
4909 32.64
6144 31.34
7022 29.83
6383 29.58
8107 29.42
7418 29.34
9969 29.98
10177 29.95
7410 29.76
8266 29.42
8093 29.71
12893 30.03
10587 30.51
11357 30.19
6032 29.86
9048 29.66
9791 29.57
15218 30.99
10472 30.43
4696 30.72
6916 29.73
7002 28.95
5650 29.14
5877 28.70
9780 29.18
10238 29.07
10482 29.31
5966 29.66
6764 29.23
8252 28.62
21538 26.62
5770 29.60
8205 29.96
7705 30.10
7642 29.08
15633 30.22
10520 30.36
7594 30.42
6036 29.53
6871 29.15
7299 28.74
8602 29.11
8522 29.20
8962 28.72
8844 28.83
7665 28.88
8696 28.68
8914 28.43
6991 28.47
7168 28.27
7351 28.01
7763 27.55
7816 27.18
7551 27.29
7768 27.43
8431 27.19
9103 27.62
10346 27.75
19567 30.09
12372 30.07
6087 31.10
6158 29.77
14834 28.42
3336 30.90
8155 31.00
7380 30.22
7832 29.22
8407 28.62
8115 28.46
8147 28.54
9692 28.65
8998 28.69
8098 28.85
8212 28.82
8494 28.30
8625 28.36
8394 28.42
10640 28.68
10231 28.92
7545 28.96
7727 28.63
7383 28.49
8005 28.43
7750 28.55
7841 28.49
8409 28.17
7888 28.31
9170 28.01
10895 28.13
9934 28.10
8625 28.52
8503 28.48
11034 28.63
10312 28.77
18746 28.46
5445 31.41
6968 30.27
7367 29.48
7495 28.98
8534 28.72
9134 28.56
8810 28.59
9441 28.72
8895 28.59
8302 28.64
7970 28.17
7631 28.02
7973 27.90
10036 28.00
8433 28.21
7904 28.20
8327 28.01
9472 28.05
15977 29.14
12243 29.76
6483 30.01
7109 30.08
14034 30.81
11451 30.97
5069 32.40
6011 31.34
6435 31.38
7746 30.04
8070 28.87
7319 28.87
8006 28.58
21133 25.95
5252 30.50
6740 29.95
6956 29.60
6870 29.14
8289 28.09
6969 27.96
6387 27.84
7694 27.25
8150 27.18
7574 27.57
7966 27.38
