21080 26.01
9198 30.32
7899 30.07
3686 28.85
6228 28.15
8356 26.68
15032 27.41
11386 28.15
3549 28.12
6685 27.18
7774 26.49
6846 26.37
6756 26.09
7390 25.67
11273 26.28
11248 26.35
8903 26.38
7300 26.38
9062 26.52
14523 27.06
12469 27.52
8196 27.61
8194 27.87
5497 27.94
6647 27.30
7491 26.73
7051 26.64
8801 26.08
8939 26.30
8901 26.62
7974 26.98
8815 26.59
24013 26.33
4090 28.84
6490 28.09
6775 28.14
8336 27.00
9568 26.84
9497 26.75
8321 26.74
9067 26.58
9157 26.93
8951 26.84
8785 26.95
9139 26.80
9255 26.81
9503 26.91
9685 26.72
10612 26.89
10332 27.05
10482 27.13
10121 27.19
9528 27.28
8273 27.71
7513 27.80
8796 27.49
8988 26.96
8408 27.05
8393 26.88
8235 27.39
18383 28.92
12753 30.08
5395 30.39
6473 30.24
14194 29.99
4196 30.08
6164 29.40
6751 29.12
7592 29.02
8762 28.69
8849 28.26
8817 27.87
8447 27.88
8648 27.77
8296 27.80
8668 27.87
8560 27.80
8045 28.06
8323 27.84
8364 28.12
8958 27.77
8453 27.85
9279 27.47
9431 27.46
9067 27.57
9442 27.52
8915 27.54
16080 28.29
13634 28.78
13566 29.55
9306 31.32
5781 31.60
7205 31.42
7348 31.20
7535 31.02
7591 29.60
18063 29.44
4987 30.54
6577 30.87
11001 31.38
8485 31.61
6401 30.93
9005 30.30
8058 30.14
12654 30.85
11471 30.85
6224 31.09
7468 30.68
11690 31.62
10585 31.80
5964 30.70
7038 30.07
7936 29.78
8220 30.06
8101 30.29
9242 29.87
8285 29.93
8362 29.74
7381 29.85
7957 29.54
7293 29.61
10337 29.98
8497 29.54
8577 29.74
8225 29.80
8487 29.83
9175 29.42
7964 29.70
23869 28.66
4401 31.71
6610 30.99
7684 30.17
7902 30.02
8396 29.38
8193 29.12
8265 28.95
8050 28.91
18822 30.42
13552 31.25
7881 31.68
5903 31.76
6889 31.78
7155 31.39
7735 30.16
15986 31.09
11915 30.93
6822 31.03
7508 31.32
7402 31.57
5193 31.11
15939 32.50
11422 31.57
4104 31.75
4978 31.43
6783 30.41
8787 29.57
7750 29.47
17968 31.14
12783 31.54
7667 31.78
13540 31.31
3671 32.29
4821 32.27
6365 31.09
7246 29.65
6747 29.35
8148 29.31
7459 29.36
10329 29.78
10476 29.78
7521 29.55
8388 29.26
8227 29.58
13354 29.91
10814 30.34
11578 29.96
6177 29.65
9414 29.53
9944 29.37
15468 30.82
10683 30.27
4812 30.57
7097 29.74
6719 29.17
6045 28.87
6095 28.54
9726 29.07
10487 28.99
10627 29.17
6195 29.39
7370 28.74
8270 28.63
22075 26.40
5881 29.41
8607 29.67
8089 29.74
7569 29.08
15951 30.06
10822 30.23
7493 30.51
5822 29.58
7298 28.87
7306 28.63
9034 28.97
8854 29.01
9185 28.70
9078 28.67
7905 28.65
8622 28.51
8996 28.36
7207 28.28
7461 27.96
7372 27.82
7555 27.51
7766 27.33
8071 26.93
8203 27.09
8281 27.25
9521 27.33
10597 27.69
19973 29.93
12782 29.90
5949 31.06
6355 29.53
15619 27.98
3182 31.04
7941 31.26
7747 30.03
7925 29.07
8585 28.43
8431 28.28
8387 28.27
9989 28.47
8977 28.51
8316 28.59
8385 28.54
8838 28.05
8940 28.33
8495 28.25
10945 28.59
10507 28.71
7636 28.98
7819 28.61
7560 28.38
8124 28.28
8082 28.30
8001 28.25
8667 27.98
8975 27.84
8696 28.06
10286 28.45
10192 28.02
8853 28.33
8761 28.34
11179 28.51
10438 28.75
20302 27.83
5587 31.24
7110 30.20
7053 29.69
8426 28.55
7970 28.92
8730 28.74
8675 28.70
8921 28.96
9363 28.43
8469 28.34
8282 27.92
7858 27.96
8079 27.90
10385 27.86
8646 28.03
8229 27.94
8661 27.74
9692 27.93
16164 29.02
12574 29.50
7365 29.42
8376 29.19
15047 30.26
11293 31.06
4802 32.50
6210 31.25
6560 31.34
8015 29.86
8032 28.81
7391 28.67
8312 28.38
21428 25.87
5577 30.02
6937 29.68
7190 29.46
7468 28.64
8261 27.93
7134 27.73
7191 27.38
7409 27.33
8429 27.15
8757 26.91
8237 27.05
