25307 24.73
9828 29.84
8838 29.49
4689 27.77
7396 27.27
8330 26.51
15299 27.25
12691 27.51
4716 26.99
8379 26.13
9437 25.53
7944 25.58
9138 25.07
8705 25.10
12110 25.79
11797 26.11
9945 25.96
9281 25.64
10954 25.75
16139 26.42
14099 26.77
9702 26.82
9585 27.10
7791 26.31
8238 26.21
9366 25.71
8782 25.50
9261 25.57
10492 25.63
10470 25.80
9166 26.10
10313 25.93
28180 25.20
4741 28.13
6959 27.76
7960 27.25
9982 26.15
11810 25.84
11021 26.02
9772 25.91
10388 25.98
10615 26.28
10220 26.09
10114 26.06
10804 25.90
10686 25.97
10784 26.07
11167 26.05
12245 26.16
11912 26.37
11858 26.52
11681 26.51
11069 26.44
9556 26.91
8799 27.13
9185 27.00
10601 26.11
9799 26.12
10158 26.16
9447 26.41
21417 27.61
14709 29.07
6429 29.48
7427 29.40
16372 28.88
5131 28.90
7094 28.35
7819 28.35
8900 28.16
10174 27.79
10293 27.41
10415 26.98
9882 26.95
10119 26.94
9860 26.96
9913 27.01
9960 27.03
10388 26.96
10370 26.97
9869 27.04
9806 27.24
10007 26.98
10518 26.81
10152 27.05
10146 26.95
9997 27.10
9841 26.98
18404 27.47
15633 27.93
15228 28.70
11934 29.70
7172 30.34
8648 30.27
8291 30.37
8678 30.01
8845 28.64
21466 28.07
5284 30.21
6921 30.34
11593 30.93
9418 30.96
8529 29.59
10617 29.29
9419 29.21
14264 29.97
13194 29.88
7685 29.89
8568 29.73
13410 30.63
12073 30.78
7313 29.79
8189 29.12
9217 28.72
9429 29.16
9615 29.22
10368 28.91
9860 28.98
9114 29.14
9050 28.83
8877 28.60
8696 28.54
12930 28.66
9802 28.70
10694 28.55
9807 28.57
10654 28.54
10150 28.54
9029 28.88
27757 27.49
5269 30.58
8671 29.51
9043 28.99
8989 29.11
9684 28.43
9559 28.27
9601 28.00
9328 27.88
21082 29.52
16000 30.06
8223 31.30
6790 30.93
8753 30.57
8959 29.89
8713 29.18
18086 30.16
13637 29.92
7682 30.29
8743 30.29
8584 30.66
6584 29.72
18827 31.11
13877 30.14
4563 30.72
5745 30.21
8118 29.45
10217 28.50
9015 28.52
20143 30.16
14663 30.52
8949 30.74
15136 30.26
4167 31.47
5823 31.40
7462 29.89
8565 28.74
7354 28.60
9536 28.44
9432 28.20
12242 28.60
12289 28.76
8808 28.55
9718 28.26
10383 28.22
14945 28.99
12431 29.37
13172 28.97
7105 28.77
10880 28.46
11534 28.36
17433 29.82
12329 29.23
6142 29.08
8173 28.65
8476 27.81
6939 27.74
7172 27.40
11190 28.28
12234 27.98
12501 28.15
7304 28.35
8034 28.09
9920 27.64
25408 25.49
7076 28.44
9794 28.86
9078 29.01
8944 28.11
17874 29.12
12458 29.28
9581 28.99
7173 28.41
8347 27.73
8618 27.66
10306 28.02
10309 28.03
10739 27.71
10674 27.70
9284 27.70
10210 27.63
10537 27.37
8485 27.31
8649 27.09
8211 27.07
8635 26.78
8948 26.46
9458 26.09
9768 26.21
9395 26.45
10900 26.47
12282 26.63
22779 28.83
15060 28.60
7034 30.01
7348 28.45
17916 27.04
3838 29.80
9087 30.33
8772 29.23
9281 28.10
9839 27.47
9675 27.22
9989 27.25
11543 27.54
10659 27.48
9461 27.74
9988 27.40
10238 27.16
10584 27.19
10069 27.42
12716 27.59
12173 27.88
8712 27.94
9262 27.53
8877 27.42
9576 27.33
9815 27.32
8805 27.40
10421 26.91
10367 26.98
10022 27.18
12678 27.10
11686 27.22
10223 27.59
10321 27.31
12660 27.60
12266 27.82
23048 26.92
6509 30.55
7713 29.67
8336 28.89
9116 27.85
9402 27.94
10270 27.80
9857 27.86
10518 27.97
11096 27.45
9933 27.35
9652 27.06
9253 26.99
9479 26.73
12001 27.02
10157 27.15
9486 27.04
9918 26.95
11298 27.06
18256 28.19
14298 28.79
8320 28.55
9706 28.30
16990 29.28
13810 29.56
5828 30.96
6989 30.30
7698 30.16
9264 28.85
9593 27.83
8675 27.76
9529 27.43
26304 24.56
5773 29.72
7518 28.98
8250 28.59
8894 27.51
8883 27.42
8825 26.78
8531 26.48
9150 26.33
9327 26.42
9356 26.52
10409 25.99
