26609 24.35
9957 29.77
8467 29.71
5538 27.56
8104 26.82
9331 25.91
16573 26.70
14063 26.92
4702 26.74
8400 26.09
9844 25.38
8388 25.25
8740 25.13
9708 24.63
13543 25.36
13272 25.55
11058 25.45
9343 25.52
11191 25.69
16395 26.28
14599 26.58
10144 26.68
9870 26.97
7293 26.56
8817 25.93
9719 25.55
9125 25.42
10377 25.20
11322 25.36
10994 25.46
10661 25.63
9477 25.79
28002 25.26
6027 27.00
7827 27.03
8659 26.95
9692 26.27
11122 25.97
11685 25.93
10156 25.76
10888 25.76
10932 26.16
10685 25.90
10757 25.96
10959 25.90
11364 25.84
11352 25.96
11464 25.87
12734 26.06
12253 26.17
12330 26.27
12154 26.32
11354 26.33
10028 26.71
10043 26.52
9302 26.83
10219 26.23
10367 26.00
10466 25.95
9782 26.25
22072 27.45
15723 28.53
7178 28.98
8270 28.98
16556 28.80
5246 28.79
7396 28.30
7598 28.40
9567 27.99
10423 27.63
10657 27.20
10859 26.90
10332 26.75
10401 26.66
10157 26.88
9693 26.99
9765 27.01
10463 27.03
11263 26.66
10737 26.61
9836 27.10
10536 26.77
10934 26.64
10327 26.77
10844 26.62
11657 26.35
11194 26.44
18577 27.39
15914 27.82
15698 28.53
12509 29.28
7329 30.00
8985 30.11
8645 30.12
8985 29.96
9096 28.33
22738 27.67
5307 29.93
7324 30.18
11897 30.69
9698 30.61
8824 29.37
11003 29.02
9730 29.00
14876 29.76
13798 29.67
8242 29.45
8564 29.55
13886 30.33
12579 30.56
7594 29.37
8615 28.82
9684 28.46
10691 28.52
10506 28.68
10499 28.75
10147 28.70
10095 28.63
9182 28.56
9201 28.42
9122 28.26
13231 28.39
10381 28.44
11138 28.38
10148 28.36
11151 28.26
10746 28.28
10431 28.27
28886 27.23
5461 30.43
7240 30.22
9914 28.87
9681 28.71
10014 28.29
9861 28.03
10075 27.81
9701 27.66
21426 29.34
16401 29.85
10218 30.12
7418 30.11
8852 30.29
9145 29.60
9245 28.85
18518 29.88
14070 29.71
8060 29.92
9029 30.10
9244 30.34
6800 29.58
19353 30.90
14295 29.96
4922 30.25
6004 29.93
9059 28.72
9577 28.65
9760 28.15
20911 29.90
14893 30.34
9436 30.49
15928 29.85
4285 31.04
6065 30.94
8027 29.58
8736 28.41
7772 28.33
9782 28.18
9877 27.81
12846 28.28
12627 28.56
9023 28.27
10233 27.94
10866 27.97
15483 28.72
12923 29.16
13661 28.78
7484 28.36
11288 28.20
12072 28.11
17939 29.54
12773 28.96
6345 28.83
8832 28.40
8832 27.55
6955 27.47
7812 27.03
12158 27.60
12626 27.72
12945 28.02
7437 28.31
8861 27.65
9941 27.38
26251 25.23
7423 28.16
10111 28.63
9555 28.75
9214 27.89
18462 28.90
13071 29.01
9337 29.07
7618 28.17
8764 27.57
9174 27.33
10664 27.77
10695 27.83
11084 27.52
11085 27.45
9652 27.44
10559 27.26
10908 27.18
8744 27.07
9034 26.79
8767 26.84
9808 26.21
9557 26.11
9245 26.13
10206 25.95
9894 26.11
11447 26.24
12632 26.44
23487 28.61
15513 28.38
7602 29.55
7535 28.41
18859 26.71
4158 29.52
9188 30.18
9214 28.91
7867 28.81
10287 27.48
10021 27.04
10370 26.97
11932 27.30
11160 27.21
10042 27.21
10283 27.24
10811 26.99
10923 27.05
10473 27.04
13136 27.36
12660 27.63
9203 27.66
9515 27.32
9314 27.14
9781 27.14
9748 27.18
9424 27.21
10698 26.68
10708 26.65
10448 27.06
12306 27.22
12381 26.91
10671 27.24
10838 26.98
13337 27.44
12860 27.54
23977 26.61
6878 30.15
7757 29.40
8706 28.47
10069 27.36
10419 27.28
11469 27.19
11285 27.20
11744 27.36
11066 27.31
10140 27.31
10013 26.86
9520 26.71
9780 26.71
12248 26.79
10442 26.91
9980 26.91
10258 26.74
11633 26.81
18812 27.95
14792 28.39
8882 28.18
9314 28.45
17594 29.01
13028 29.96
6096 30.94
7522 29.89
8395 29.66
9499 28.60
10018 27.51
9140 27.43
10063 27.23
25765 24.67
6274 29.24
7761 28.70
8614 28.31
8511 27.74
10271 26.60
9079 26.45
9139 26.15
9538 25.99
9609 26.35
9726 26.38
10743 25.92
