26842 24.31
11260 28.94
10016 28.66
5353 27.24
8008 26.89
9757 25.61
17126 26.47
14482 26.69
5097 26.53
8704 25.85
10346 25.21
9106 25.02
9594 24.84
9995 24.48
13691 25.31
13660 25.36
11606 25.35
9634 25.35
11613 25.58
16679 26.09
14964 26.47
9445 27.00
9463 27.14
9019 25.87
8942 25.73
10139 25.47
8414 25.56
11028 25.09
10669 25.51
11534 25.47
11313 25.31
9989 25.77
29278 24.93
6183 27.03
8213 27.12
9088 26.47
10195 25.79
11200 25.84
12091 25.59
10548 25.61
11311 25.57
11384 25.85
11309 25.80
10878 25.52
11539 25.55
11512 25.63
11850 25.73
12175 25.67
13172 25.77
12948 25.95
12716 26.11
12440 26.11
11835 26.08
10451 26.48
9558 26.65
10763 26.28
11261 25.82
10375 25.69
10966 25.73
10132 26.00
22546 27.31
16290 28.42
6769 29.12
8019 29.00
17819 28.28
5527 28.27
7658 27.92
8638 27.65
10239 27.43
10615 27.43
12022 26.65
11112 26.64
10762 26.59
10863 26.52
10362 26.66
10884 26.72
10687 26.74
9988 26.73
10792 26.61
11486 26.51
10161 26.81
11012 26.50
10973 26.46
11383 26.46
10751 26.64
10822 26.71
10819 26.73
19382 27.12
16585 27.51
16414 28.29
13513 28.82
7631 29.74
9172 29.86
8821 29.98
10126 29.31
9309 28.25
22188 27.86
6601 29.15
8117 29.57
13197 30.03
10570 30.13
8175 29.56
10751 29.09
10242 28.75
15178 29.48
14108 29.46
8510 29.31
9106 29.29
14161 30.15
13082 30.37
7961 29.11
8869 28.64
9880 28.27
10167 28.74
11226 28.38
11068 28.50
10518 28.45
10447 28.29
9445 28.36
9815 28.13
10315 27.82
13687 28.22
10809 28.26
11498 28.15
10529 28.13
11657 28.03
10949 28.08
10850 28.06
29745 26.95
5781 30.03
7390 30.11
10103 28.72
10026 28.53
10483 28.02
10205 27.93
10528 27.56
10117 27.54
22283 29.13
17015 29.58
10716 29.71
7955 29.71
9010 30.01
9525 29.44
9118 29.00
17832 30.09
14684 29.40
8326 29.82
9602 29.85
9453 29.97
7247 29.31
19803 30.69
14974 29.63
5630 29.73
7404 29.13
8962 28.53
10699 28.04
9904 28.05
21384 29.68
15624 30.04
9528 30.25
16837 29.42
4523 30.66
6272 30.83
8076 29.29
9176 28.17
8556 27.80
10805 27.74
9780 27.82
13329 28.01
12964 28.36
9457 28.13
9693 28.12
11124 27.88
16050 28.49
13316 28.89
14015 28.51
7865 28.16
11739 27.91
12730 27.82
18504 29.32
13253 28.72
6702 28.53
9928 27.73
8055 27.87
7616 27.21
7674 27.14
13004 27.05
13029 27.44
13480 27.72
7845 27.80
9056 27.41
10340 27.25
27155 25.02
7894 27.93
10592 28.43
9851 28.53
9583 27.59
19071 28.65
13382 28.78
9655 28.83
7773 27.90
9149 27.30
9594 27.02
10995 27.54
11260 27.59
11526 27.26
11421 27.21
10058 27.24
10846 27.03
11357 26.89
9556 26.76
9414 26.61
9101 26.50
10011 26.17
10042 25.92
9463 25.90
10928 25.60
10083 26.01
11677 26.15
13176 26.22
23952 28.39
15949 28.15
8340 28.90
8356 27.73
19269 26.55
4241 29.38
9581 29.91
8726 29.07
10148 27.63
10588 26.98
10504 26.82
10635 26.83
12515 27.08
11507 27.06
10533 27.20
10625 26.97
11135 26.73
11378 26.73
10943 26.88
13985 27.11
12958 27.38
9380 27.51
9942 27.04
9798 26.84
10261 27.00
9631 27.18
10028 26.74
10932 26.47
11208 26.42
10804 26.89
12662 27.09
11903 27.09
11254 26.87
11266 26.76
13694 27.18
13245 27.32
26093 25.99
6886 30.02
8245 29.11
9890 28.02
9478 27.58
10915 27.09
11957 27.06
11456 27.08
12260 27.10
11516 27.05
10713 26.94
10437 26.64
9921 26.65
10301 26.36
12829 26.61
10953 26.72
10191 26.53
10749 26.50
12060 26.65
19186 27.79
15471 28.18
9033 28.11
9676 28.19
18129 28.82
13920 29.45
5976 30.81
7853 29.80
8586 29.46
9624 28.39
10438 27.29
9362 27.19
10634 26.86
26638 24.45
6878 28.64
8144 28.60
8805 28.09
8950 27.49
10752 26.41
9395 26.21
9716 25.94
9738 25.89
9973 26.11
9785 26.20
11581 25.60
