27258 24.20
11361 28.84
9643 28.90
5722 27.02
8641 26.58
9039 25.91
16571 26.70
13775 26.97
5556 26.16
9310 25.68
10437 25.08
9221 24.87
9614 24.75
9615 24.61
13541 25.37
12986 25.60
10932 25.65
10280 25.06
11929 25.40
17231 25.97
15546 26.30
10799 26.41
10610 26.56
8531 25.86
9245 25.72
10224 25.38
9826 25.19
11524 24.83
11720 25.20
10354 25.52
10805 25.51
10603 25.53
30838 24.52
5343 27.54
7742 27.30
9497 26.22
10243 25.72
11594 25.84
12382 25.58
10657 25.35
11565 25.43
11730 25.82
11630 25.60
11269 25.58
11757 25.36
11851 25.55
11976 25.59
12404 25.64
13335 25.72
13121 25.87
13053 26.00
12651 26.00
12057 26.08
10333 26.41
10640 26.23
10843 26.22
11441 25.67
10560 25.75
11057 25.59
10214 26.00
22971 27.20
16230 28.36
6658 28.96
8220 29.05
18197 28.12
5576 28.22
7871 27.93
8653 27.81
10517 27.26
10745 27.31
11415 26.83
11487 26.46
10899 26.45
11217 26.40
10734 26.58
11108 26.44
10861 26.50
11357 26.57
11312 26.41
10874 26.74
10651 26.77
11095 26.46
11448 26.44
11316 26.41
10937 26.51
11077 26.61
11037 26.64
19679 27.05
16941 27.42
16553 28.18
14041 28.62
7565 29.78
9274 29.78
9162 29.69
10231 29.16
8598 28.53
24373 27.14
5868 29.59
7602 29.71
12742 30.33
10408 30.32
10031 28.58
11143 28.86
10411 28.62
15364 29.37
14410 29.31
8632 29.16
9363 29.20
14542 30.03
13083 30.21
8174 28.92
9159 28.38
10063 28.09
11426 28.16
11094 28.27
11248 28.38
10697 28.34
10691 28.20
10110 28.06
9731 28.08
9671 27.98
13889 28.11
11018 28.15
11573 28.09
10871 28.06
11809 27.95
11227 27.99
11058 27.95
30381 26.79
5848 29.99
7589 29.98
10446 28.54
10059 28.40
10783 27.90
10492 27.66
10719 27.43
10169 27.42
22644 29.01
17129 29.49
11159 29.57
7977 29.74
9388 29.90
8959 29.65
9980 28.58
19383 29.59
14988 29.35
8764 29.46
9544 29.76
9629 29.95
7249 29.13
20145 30.53
15108 29.55
5529 29.51
6820 29.32
9451 28.35
11030 27.84
9994 27.88
21733 29.57
15934 29.91
9820 30.08
16227 29.70
4687 30.78
6393 30.62
8211 29.18
9473 27.98
8119 28.08
11447 27.42
9992 27.71
13368 27.97
13421 28.18
9688 27.97
10898 27.70
11482 27.61
16269 28.41
13524 28.75
14207 28.43
8119 28.02
11988 27.82
12841 27.74
18649 29.27
13457 28.61
6953 28.38
10026 27.62
8225 27.64
7905 27.04
7871 26.95
13161 27.08
13196 27.42
13763 27.62
7950 27.72
8569 27.67
11070 26.96
27492 24.92
8033 27.86
10708 28.37
10466 28.28
9645 27.51
19301 28.56
13657 28.64
10007 28.63
7997 27.82
9380 27.09
9756 26.95
11237 27.41
11268 27.50
11768 27.14
11628 27.13
10302 27.11
11172 26.91
11644 26.79
9402 26.79
9787 26.38
9449 26.36
10205 25.99
10177 25.82
9812 25.76
10993 25.57
10104 25.92
12032 26.05
13198 26.22
24236 28.29
16401 28.04
8523 28.76
7979 28.03
20288 26.21
4217 29.31
9726 29.83
9747 28.56
9224 28.04
11167 26.84
10757 26.74
10846 26.69
12687 26.95
11779 26.93
10717 26.93
10816 26.89
11405 26.62
11573 26.68
10967 26.82
14045 27.05
13334 27.31
9715 27.39
10222 27.01
9970 26.78
10432 26.79
10929 26.71
10094 26.75
10859 26.55
11399 26.34
11081 26.67
12749 27.04
11900 27.06
11540 26.80
10997 26.85
14134 27.10
13313 27.22
27173 25.70
7149 29.87
8296 29.07
9221 28.16
9913 27.22
11380 26.86
12211 26.84
11697 27.00
12511 27.01
11795 26.94
11029 26.86
10699 26.53
10296 26.49
10270 26.28
13114 26.49
11243 26.58
10435 26.57
11027 26.41
12299 26.58
19481 27.71
15637 28.15
8564 28.29
10078 28.07
18484 28.73
13982 29.45
6407 30.41
7891 29.69
8773 29.20
10004 28.21
10547 27.17
9645 27.05
10811 26.74
28352 24.02
6093 29.31
7741 28.95
8357 28.44
10030 26.97
10872 26.34
9712 26.13
9829 25.79
9813 25.82
10225 25.97
11343 25.65
10542 25.93
