28057 24.02
11271 28.90
9809 28.76
5834 27.01
8519 26.63
10403 25.49
19137 25.82
14909 26.55
5247 26.39
9008 25.72
10769 25.00
9491 24.85
9649 24.70
9835 24.57
13301 25.42
13008 25.59
11073 25.56
10353 24.95
11974 25.38
17466 25.87
15580 26.22
11072 26.27
10896 26.51
8831 25.78
10147 25.36
10299 25.11
10141 24.95
11535 24.82
11884 25.16
10561 25.47
11222 25.36
10731 25.56
31477 24.39
5505 27.61
7825 27.02
9004 26.66
11623 25.20
12990 25.40
12206 25.58
10678 25.50
11899 25.42
13025 25.41
11259 25.48
11234 25.54
12007 25.40
11930 25.58
12379 25.51
12482 25.56
13568 25.68
13120 25.86
13006 26.04
13022 26.01
12115 25.94
10773 26.30
9707 26.55
10291 26.54
11820 25.50
11015 25.59
11054 25.54
10622 25.90
23126 27.10
16601 28.20
7244 28.80
8357 28.95
19131 27.75
5701 28.19
7907 27.91
8731 27.58
9978 27.49
11077 27.19
11677 26.76
11755 26.35
11109 26.40
11422 26.25
11126 26.35
11392 26.42
11340 26.28
11418 26.40
11973 26.11
11881 26.28
11483 26.33
11390 26.29
11235 26.34
11554 26.36
11368 26.32
11127 26.64
11234 26.41
19950 26.97
17076 27.39
16647 28.16
14705 28.27
7666 29.73
9415 29.68
9977 29.31
10358 29.15
9355 27.99
23598 27.38
5951 29.50
8569 29.37
13728 29.81
10870 29.87
9207 28.89
11648 28.73
10575 28.50
15605 29.32
14663 29.24
8130 29.47
9711 29.08
14646 29.92
13319 30.11
8300 28.85
9320 28.40
10349 28.04
10615 28.44
10610 28.64
11699 28.21
10939 28.23
10841 28.12
9860 28.09
10146 27.95
10533 27.59
14215 27.98
11060 28.03
11808 27.98
11002 27.88
12128 27.82
11503 27.88
11274 27.88
31013 26.62
5897 29.98
9560 28.89
9651 28.60
9682 28.63
11254 27.80
10591 27.61
10972 27.31
10368 27.28
22804 28.90
17455 29.39
10906 29.69
8040 29.59
9368 29.84
9061 29.57
10269 28.36
19633 29.50
15254 29.21
8615 29.56
9712 29.61
9987 29.78
7432 29.03
20422 30.43
15409 29.41
5597 29.52
7667 28.76
8406 28.80
11509 27.74
10291 27.70
21986 29.44
16197 29.79
9857 30.07
17555 29.13
4673 30.59
6054 30.91
8770 29.04
9702 27.77
8097 28.00
11512 27.35
10325 27.59
13583 27.91
13621 28.12
9951 27.84
10881 27.52
11874 27.50
16523 28.27
13803 28.68
14583 28.29
8133 27.88
12121 27.76
13026 27.66
19040 29.12
13569 28.51
7090 28.23
10309 27.47
9428 27.07
7762 27.13
8344 26.59
13065 27.02
13537 27.28
13932 27.52
8374 27.63
9572 27.13
10535 27.11
27880 24.83
8159 27.77
10986 28.24
10098 28.41
9946 27.38
19516 28.46
14040 28.49
10201 28.44
8159 27.68
9500 27.01
9849 26.85
11511 27.35
11479 27.40
11939 27.04
12081 27.03
10342 27.02
11518 26.79
11677 26.76
9703 26.67
10007 26.35
9228 26.47
10430 25.85
10325 25.81
9878 25.77
11279 25.49
10511 25.79
12111 25.86
12437 26.55
24511 28.19
16565 27.91
9932 27.86
9039 27.20
20626 26.08
3932 29.53
9175 30.19
10036 28.35
10367 27.44
11067 26.79
10744 26.65
10968 26.59
12887 26.80
12055 26.73
10845 26.88
10943 26.85
11442 26.58
11877 26.54
11342 26.59
14001 26.96
13471 27.21
10078 27.18
10383 26.82
10157 26.67
10632 26.80
10921 26.62
10980 26.36
10500 26.58
10830 26.57
11971 26.27
14300 26.47
13229 26.57
11228 26.77
11393 26.66
14426 26.98
13542 27.13
26422 25.91
6591 30.27
8739 28.85
10034 27.81
9959 27.31
11519 26.86
12431 26.71
12071 26.79
12679 26.96
11904 26.84
11312 26.74
10733 26.47
10476 26.26
10681 26.22
13177 26.41
11390 26.50
10651 26.40
11081 26.30
12471 26.40
19777 27.56
15829 28.04
8669 28.21
10164 27.91
18653 28.59
13986 29.53
6453 30.57
8010 29.69
9150 29.13
9958 28.12
10725 27.05
9690 26.92
11154 26.73
28694 23.94
6266 29.25
7920 28.76
9461 27.77
9932 26.86
10036 26.68
10089 25.94
10059 25.74
10130 25.57
10330 25.98
10267 25.98
11809 25.45
