29933 23.60
11532 28.79
10434 28.40
6177 26.51
9706 26.08
9204 25.68
17369 26.36
14909 26.51
6314 25.76
10210 25.34
11646 24.63
10295 24.53
10529 24.43
11218 24.18
15974 24.57
14591 25.01
12523 24.94
10700 24.81
12682 25.17
17852 25.75
16123 26.06
10515 26.56
10364 26.75
9713 25.52
11108 25.10
10856 24.83
10367 24.82
11633 24.65
11738 25.11
12145 24.99
11159 25.35
11734 25.20
33081 24.01
5773 26.99
8288 26.79
10120 26.21
11284 25.38
12522 25.44
12270 25.56
11977 25.17
12229 25.22
12326 25.49
12512 25.14
12073 25.20
12500 25.12
12583 25.37
12801 25.29
13489 25.35
14438 25.39
14082 25.61
13842 25.74
13369 25.71
13219 25.71
11466 26.03
10226 26.27
11715 25.88
12253 25.37
11486 25.32
11585 25.33
11365 25.67
23931 26.88
18308 27.61
7632 28.48
8735 28.70
19370 27.66
6973 27.53
8136 27.78
10067 26.92
10256 27.14
11568 26.97
12072 26.59
12434 26.15
11625 26.15
12015 26.04
11682 26.04
11992 25.99
11973 26.02
12509 26.10
12344 25.95
12340 25.92
12032 26.26
11950 26.04
11914 26.09
12249 26.05
11788 26.20
12091 26.28
12704 25.90
20569 26.72
17583 27.13
17244 27.92
15816 27.90
8577 29.11
10006 29.49
10574 29.14
9999 29.23
10415 27.66
25361 26.86
6098 29.28
8268 29.49
13214 29.99
11126 29.92
10030 28.53
12319 28.27
12201 27.79
17454 28.53
16236 28.52
9039 28.78
9772 28.77
15117 29.70
14108 29.83
8881 28.52
9798 28.07
10743 27.70
11103 28.20
11312 28.27
12113 27.94
11502 27.89
11374 27.83
10437 27.94
10644 27.65
11192 27.16
14884 27.63
11711 27.79
12662 27.70
11584 27.63
12601 27.51
12129 27.50
11933 27.50
32257 26.33
6693 29.30
10048 28.53
10709 28.15
10765 28.01
11490 27.60
11198 27.35
11392 27.20
11118 26.90
23562 28.61
18329 29.05
10989 29.61
7975 29.64
10051 29.46
10395 28.85
10552 28.06
20278 29.12
15944 28.92
9327 29.03
10297 29.19
10175 29.50
7952 28.67
21339 30.10
16080 29.08
6165 29.14
8058 28.45
9708 27.94
11541 27.49
11178 27.35
22962 29.13
16954 29.48
10599 29.72
18098 28.89
5030 30.36
6873 30.10
9800 28.33
9726 27.67
9591 27.28
11351 27.30
11068 27.27
14328 27.54
14419 27.74
10295 27.54
11612 27.19
12344 27.23
17281 27.97
14628 28.30
15259 27.97
8676 27.58
12749 27.44
13696 27.32
19770 28.78
14343 28.16
7370 27.89
10805 27.12
9951 26.79
8263 26.77
8929 26.25
13519 26.84
14166 26.93
14485 27.19
8816 27.36
10020 26.91
11304 26.73
29356 24.51
8725 27.40
11632 27.96
10778 28.00
10566 27.10
20181 28.15
14459 28.22
10641 28.03
8552 27.34
10099 26.72
10448 26.54
12248 26.94
12282 27.09
12543 26.70
12650 26.69
11149 26.68
11965 26.56
12361 26.39
10353 26.29
10380 26.08
10208 25.96
10707 25.63
10991 25.37
10378 25.48
10836 25.64
11668 25.39
12526 25.67
14180 25.62
25429 27.90
17248 27.61
10226 27.69
9694 26.88
21377 25.84
4242 29.25
9519 29.90
9546 28.55
11173 27.07
11613 26.42
11549 26.27
11783 26.22
13566 26.52
12791 26.49
11398 26.57
11453 26.46
12147 26.20
12499 26.25
11914 26.35
14797 26.66
14288 26.88
10617 26.91
10855 26.56
10632 26.48
11439 26.35
11676 26.24
11095 26.23
11291 26.15
12489 25.87
11864 26.31
13736 26.60
12849 26.62
12363 26.44
12170 26.31
14970 26.68
14336 26.81
30006 24.97
6791 30.18
9036 28.72
9920 27.70
11453 26.60
11812 26.53
13057 26.48
12636 26.52
13290 26.63
12728 26.60
11752 26.47
11376 26.22
11171 26.06
11145 25.91
13989 26.09
12052 26.21
11362 26.10
11590 26.04
13128 26.18
20554 27.31
16471 27.67
9099 27.91
10726 27.58
19445 28.27
14949 29.02
6906 29.95
8381 29.20
8994 29.17
10899 27.74
11382 26.73
10538 26.52
11761 26.40
30199 23.62
6485 28.99
8184 28.40
10057 27.48
9697 26.87
10812 26.42
11047 25.62
10689 25.42
10644 25.39
12045 25.22
11323 25.61
11779 25.41
