30205 23.51
12093 28.46
10463 28.36
6862 26.44
8948 26.25
9747 25.61
17510 26.30
15198 26.42
6589 25.81
10465 25.25
11566 24.58
10527 24.37
10958 24.28
11216 24.18
14715 24.90
13669 25.30
11923 25.27
11464 24.79
14124 24.69
17997 25.68
16402 25.95
10826 26.35
10390 26.64
9962 25.37
11241 25.02
11003 24.79
9986 25.07
11527 24.80
12261 25.02
12317 25.05
11314 25.22
11603 25.22
32359 24.18
7521 26.09
8878 26.44
10141 26.05
11608 25.31
12879 25.37
13474 25.18
11603 25.22
12592 25.15
12425 25.50
12549 25.18
12295 25.19
12549 25.20
12816 25.23
12987 25.25
13568 25.29
14437 25.34
14226 25.56
13868 25.65
13740 25.65
13263 25.62
11723 26.04
10530 26.22
11769 25.74
12312 25.31
11823 25.24
11903 25.18
11611 25.62
24050 26.81
18392 27.52
7507 28.53
8936 28.63
19804 27.51
6907 27.64
8375 27.64
9372 27.21
11528 26.77
11624 26.83
12292 26.41
12456 26.03
12104 26.01
12237 25.94
11918 26.02
12157 25.92
12148 25.97
12550 25.97
12750 25.86
12622 26.06
12326 25.91
12333 25.97
12703 25.75
12752 25.84
13053 25.77
12846 25.88
12711 25.97
20704 26.68
17710 27.11
17546 27.86
15843 27.89
8663 29.18
10064 29.34
9724 29.40
11218 28.74
10150 27.63
25195 26.94
7184 28.70
9196 28.84
14171 29.48
11561 29.53
9724 28.39
11811 28.55
12604 27.65
17792 28.50
16420 28.41
9151 28.73
9939 28.70
15496 29.59
14362 29.73
8833 28.44
9020 28.35
11398 27.62
11189 28.10
11371 28.14
12296 27.86
11788 27.74
11782 27.60
11274 27.54
11230 27.29
11106 27.29
15034 27.60
11834 27.69
12774 27.55
11724 27.52
11432 27.88
12728 27.47
11391 27.70
32822 26.20
6764 29.15
9277 28.96
10967 28.12
11187 27.89
11933 27.45
11493 27.18
11745 27.04
11159 26.96
24139 28.49
18606 29.00
11266 29.44
8037 29.56
10466 29.43
10586 28.77
11368 27.65
20505 29.08
16102 28.82
9823 28.84
10479 29.17
10458 29.38
7993 28.54
21362 30.05
16474 28.98
6429 28.85
7224 28.81
10113 27.80
11981 27.37
10960 27.34
23285 29.02
17137 29.33
10672 29.57
18556 28.70
5186 30.17
6721 30.39
9175 28.65
10295 27.39
9803 27.07
11743 27.10
10959 27.19
14759 27.39
14548 27.59
10693 27.42
11875 27.12
12679 27.14
17481 27.89
14602 28.21
15505 27.90
8760 27.55
13018 27.29
13869 27.25
20006 28.69
14416 28.04
7611 27.63
10178 27.48
10416 26.59
8422 26.43
8624 26.27
14146 26.66
14470 26.84
14857 27.11
9007 27.28
9922 26.76
11484 26.61
29842 24.39
8946 27.23
11689 27.86
10962 27.89
10759 26.91
20654 28.03
14821 28.15
10943 27.97
8624 27.27
10246 26.64
10784 26.35
13400 26.48
13330 26.52
12651 26.64
12829 26.58
11318 26.66
12047 26.47
12749 26.34
10467 26.26
10563 25.98
10441 25.77
10984 25.56
11261 25.34
11633 25.05
11212 25.33
11222 25.51
13046 25.55
14254 25.67
25596 27.84
17469 27.54
10477 27.50
9603 26.92
21386 25.85
4662 28.76
10401 29.28
10545 28.07
10108 27.47
12075 26.35
11604 26.21
11993 26.22
13875 26.39
12758 26.43
11568 26.46
11971 26.41
12259 26.13
12706 26.22
12049 26.28
15086 26.60
14579 26.80
10786 26.72
11002 26.50
10882 26.29
11471 26.31
11767 26.19
11398 26.05
11632 26.17
12478 25.80
11984 26.17
13848 26.49
14157 26.17
12293 26.32
12130 26.26
15294 26.59
14588 26.73
29852 25.02
6896 29.96
9196 28.59
10673 27.38
10762 26.86
12235 26.47
13304 26.36
12836 26.44
13524 26.55
12904 26.40
11991 26.35
11679 26.05
11333 25.92
11283 25.73
14289 26.01
12066 26.09
11605 26.02
11840 25.93
12396 26.36
20887 27.19
16842 27.62
9255 27.81
10948 27.47
19694 28.17
16101 28.57
7065 29.78
8245 29.30
9698 28.75
10597 27.78
11750 26.62
10789 26.38
11945 26.24
29467 23.77
7707 27.88
9024 27.87
9196 27.93
10739 26.43
10781 26.25
11073 25.53
10902 25.42
10763 25.36
11078 25.60
12118 25.30
11671 25.36
