32695 23.02
11496 28.78
10403 28.38
7606 26.02
9996 25.77
10384 25.20
18578 25.97
15869 26.19
6984 25.46
10782 25.04
12485 24.35
11114 24.12
11694 23.97
11379 23.97
15501 24.69
14249 25.13
12290 25.07
12392 24.51
13460 24.82
18874 25.43
17205 25.71
11400 26.03
11400 26.27
10350 25.13
11819 24.74
11635 24.65
10443 24.71
12149 24.57
12619 24.79
13306 24.74
13217 24.73
13098 24.64
35111 23.60
6591 26.47
9434 26.12
10640 25.83
11796 25.14
12253 25.51
14233 24.93
12420 24.88
13268 24.98
13374 25.20
12996 24.98
12881 24.88
13597 24.84
13694 24.97
13795 24.95
14142 25.05
15116 25.19
14694 25.32
14663 25.41
14330 25.48
13830 25.37
12184 25.74
12219 25.51
12281 25.59
12934 25.08
12375 25.12
12571 24.98
12016 25.29
24813 26.57
19179 27.33
8129 28.22
9845 28.13
21118 27.04
6679 27.65
8836 27.19
9229 27.34
12219 26.58
12283 26.53
12993 26.16
13057 25.81
12788 25.71
12794 25.73
12461 25.71
12696 25.79
13068 25.64
12922 25.78
13624 25.65
13298 25.68
12857 25.75
13032 25.67
13374 25.57
13680 25.52
13464 25.54
13566 25.65
13255 25.62
21242 26.50
18499 26.87
18342 27.55
16392 27.64
9418 28.67
11457 28.72
10054 29.07
10742 28.86
12044 27.03
26385 26.59
6893 28.85
9554 28.72
14740 29.23
12063 29.32
10280 28.12
13087 27.92
12358 27.77
17115 28.68
16027 28.59
9997 28.31
10212 28.46
16029 29.26
15016 29.40
9419 28.13
10634 27.56
11469 27.30
12954 27.39
12606 27.49
12745 27.55
12438 27.47
12349 27.36
11184 27.46
11213 27.38
11861 26.91
15939 27.29
12865 27.40
13345 27.27
12285 27.31
13457 27.16
12784 27.19
12693 27.25
35873 25.49
6125 29.80
8966 29.13
11598 27.84
11767 27.58
12318 27.16
12113 26.86
12503 26.68
12000 26.54
24819 28.22
19307 28.64
12369 28.85
9138 28.75
10724 29.10
10887 28.52
11316 27.55
21469 28.76
17089 28.48
9586 28.86
11126 28.89
10947 29.09
8375 28.34
22197 29.75
17266 28.62
6865 28.55
8517 28.09
10408 27.62
12563 27.05
11839 27.00
24017 28.73
17905 29.04
11386 29.27
19616 28.26
5505 29.69
6885 30.07
9754 28.21
10913 27.08
10373 26.85
12128 26.93
11692 26.79
15391 27.09
15188 27.34
11396 27.14
12425 26.79
13522 26.82
18239 27.60
15182 27.93
16076 27.61
9467 27.16
13622 26.96
14579 26.91
20745 28.38
15172 27.75
8061 27.36
10760 27.18
10951 26.32
8988 26.23
8673 26.34
14926 26.25
15153 26.52
15655 26.77
9569 26.86
10016 26.71
12242 26.36
31068 24.13
9552 26.97
12374 27.54
11925 27.49
11293 26.73
21224 27.81
15422 27.88
11373 27.78
9135 26.86
10920 26.27
11373 26.19
14135 26.14
14103 26.23
13265 26.38
13371 26.36
11879 26.33
12817 26.18
13150 26.06
11077 25.92
10991 25.79
11161 25.42
10768 25.53
12187 24.97
11955 24.85
11923 25.10
11954 25.16
13469 25.25
15224 25.33
26461 27.58
18083 27.26
10711 27.35
10217 26.52
23320 25.28
4934 28.75
10890 29.01
11008 27.74
11448 26.74
12358 26.09
12203 25.91
12375 25.95
14274 26.11
13665 26.09
12305 25.97
12629 26.02
13007 25.80
13251 25.92
12936 25.96
15914 26.29
15240 26.59
11193 26.52
11539 26.19
11404 26.06
11976 26.03
12494 25.86
11376 26.10
12574 25.75
12938 25.56
12495 25.96
14451 26.28
13627 26.27
13178 26.03
13075 25.86
15926 26.33
15219 26.50
32008 24.45
7372 29.67
9684 28.28
11293 27.00
11987 26.27
11834 26.62
12999 26.39
12571 26.56
13146 26.68
13792 26.14
12515 26.02
12468 25.62
11826 25.63
12121 25.41
15092 25.72
12944 25.85
12119 25.75
12663 25.60
13942 25.74
21659 26.92
17556 27.30
10703 27.10
12254 26.79
20266 27.88
17571 27.87
6831 29.94
9142 28.72
9394 28.85
11651 27.32
12004 26.38
11422 26.21
12644 25.94
32174 23.20
7147 28.34
8610 28.15
9699 27.68
10529 26.51
11620 25.94
11603 25.27
11823 24.98
11572 25.03
12738 25.00
12085 25.25
12389 25.13
