32557 23.03
13198 27.93
11386 27.92
7532 25.87
9607 25.93
10849 25.13
18831 25.86
16547 26.01
7429 25.22
11278 24.90
12739 24.25
11727 24.07
11916 23.85
11360 23.95
16000 24.55
14903 25.02
12811 24.95
12230 24.43
15354 24.32
19033 25.33
17513 25.55
11763 26.03
11460 26.22
10900 24.89
12422 24.65
11875 24.50
10733 24.54
12601 24.47
14808 24.28
13654 24.53
13219 24.57
13163 24.60
36465 23.33
6569 26.65
9846 25.94
10790 25.70
12426 24.95
13687 25.05
14544 24.86
12695 24.85
13711 24.71
14760 24.77
13450 24.85
12084 25.10
13923 24.67
14180 24.82
14116 24.85
14601 24.88
15323 25.07
15139 25.18
15157 25.26
14835 25.24
14299 25.24
12599 25.52
12623 25.34
12572 25.48
12430 25.26
12900 24.94
13043 24.78
12447 25.25
25413 26.44
19527 27.19
9077 27.83
10091 27.90
21858 26.79
6680 27.52
9382 27.15
9564 27.22
12585 26.50
12570 26.40
13474 26.02
13486 25.66
12897 25.61
12966 25.48
12616 25.60
13335 25.46
13159 25.43
13736 25.56
14038 25.48
13513 25.55
13464 25.49
13449 25.54
13714 25.38
14194 25.37
14024 25.38
14116 25.38
13913 25.50
21525 26.38
19112 26.69
18649 27.45
16894 27.44
9894 28.36
11736 28.50
11135 28.57
11757 28.27
11004 27.14
27212 26.35
7165 28.70
9832 28.49
15252 29.00
12518 29.03
10707 27.95
13550 27.77
12182 27.74
17825 28.44
16518 28.36
10472 28.18
10818 28.25
16590 29.02
15318 29.26
9936 27.89
10846 27.48
11977 27.11
13501 27.17
13056 27.35
13154 27.31
12646 27.36
12789 27.15
12125 27.06
12299 26.87
11734 26.92
16297 27.15
13120 27.23
13792 27.14
12606 27.09
13917 26.95
13329 27.04
13293 27.00
37073 25.25
6323 29.72
10214 28.50
11714 27.67
12114 27.41
12784 27.03
12547 26.70
12771 26.57
12328 26.42
25232 28.11
19664 28.51
12458 28.76
9455 28.67
10911 28.93
11404 28.20
11670 27.43
21747 28.58
17453 28.30
10390 28.55
11327 28.68
11327 28.92
8755 28.09
22858 29.50
17593 28.44
7203 28.37
8818 27.78
10873 27.27
12968 26.82
12031 26.73
24604 28.51
18223 28.86
11773 28.99
20822 27.80
5719 29.78
7219 29.84
10027 28.12
11327 26.77
10765 26.51
12438 26.85
12085 26.76
15908 26.88
15948 27.16
11672 26.91
12722 26.65
13918 26.60
18600 27.43
15750 27.75
16505 27.40
9688 27.02
13910 26.79
15191 26.70
21276 28.21
15593 27.54
8573 27.12
12126 26.53
11153 26.12
9542 25.90
9798 25.74
15280 26.17
15561 26.38
16032 26.64
10058 26.68
10986 26.31
12110 26.26
31586 23.99
9897 26.83
12668 27.43
12211 27.27
11464 26.50
21839 27.61
15961 27.66
11840 27.55
9425 26.69
11355 26.20
11799 25.92
14726 25.97
14543 26.05
13663 26.27
13692 26.24
12041 26.17
13358 25.97
13625 25.92
11482 25.69
11443 25.54
11472 25.32
11564 25.25
12259 24.90
12557 24.71
12065 24.98
12459 24.96
13832 25.11
15603 25.20
26892 27.42
18547 27.08
11160 27.09
10801 26.35
24599 24.93
4861 28.74
11131 28.86
11303 27.63
10948 27.03
13178 25.87
12525 25.79
12899 25.75
14870 25.94
14038 25.93
12769 25.97
12946 25.84
13334 25.69
13873 25.75
13257 25.79
16402 26.09
15694 26.41
11574 26.42
11911 26.00
11882 25.83
12430 25.87
13035 25.68
11084 26.04
13306 25.44
13338 25.40
12994 25.77
16428 25.59
15490 25.70
13138 25.81
13352 25.82
16213 26.20
15751 26.35
30461 24.86
7925 29.24
9892 28.16
10759 27.13
10945 26.72
13567 25.95
14332 25.89
13912 25.94
14601 26.09
14022 26.00
13170 25.91
12734 25.54
12100 25.51
12252 25.28
15375 25.55
13311 25.64
12572 25.55
13188 25.44
14492 25.63
22043 26.79
17756 27.24
10962 26.91
11565 27.08
20827 27.74
17588 27.92
7747 29.26
9997 28.23
10223 28.22
11604 27.15
12455 26.13
11880 25.93
12842 25.77
31334 23.37
8329 27.67
9771 27.34
10021 27.43
11731 25.94
11932 25.72
12054 25.06
12007 24.86
12441 24.75
12468 25.05
12772 25.05
14296 24.54
