33857 22.77
13345 27.86
11672 27.72
8001 25.84
10959 25.47
10841 25.05
19312 25.72
16959 25.87
7668 25.16
11720 24.75
13014 24.06
11957 23.86
12266 23.73
12994 23.55
17804 24.04
16363 24.46
14274 24.49
12430 24.26
13934 24.69
19759 25.21
17806 25.49
11912 25.93
11687 26.11
11375 24.73
12601 24.47
12304 24.38
12297 24.20
12926 24.25
14870 24.27
14384 24.38
13864 24.43
13301 24.48
37708 23.09
6646 26.66
9221 26.37
11546 25.48
12703 24.84
14014 24.98
14967 24.77
13305 24.67
14064 24.70
14010 24.91
13924 24.68
13568 24.60
14333 24.64
14585 24.65
14646 24.70
15032 24.75
15869 24.87
15534 25.08
15411 25.13
15356 25.12
14794 25.12
13066 25.49
11872 25.64
14279 24.97
13579 24.83
12986 24.84
13283 24.75
13939 24.74
25679 26.36
19937 26.99
8905 27.76
10423 27.77
22375 26.64
7055 27.30
9423 26.86
10649 26.62
11785 26.61
13089 26.32
13947 25.84
13855 25.45
13654 25.48
13490 25.41
13257 25.45
13830 25.49
13429 25.31
14158 25.43
14300 25.33
13957 25.42
13763 25.47
13710 25.49
14471 25.22
14799 25.21
14314 25.32
14556 25.27
14226 25.42
22154 26.21
19319 26.54
19143 27.28
17381 27.28
10519 28.15
12095 28.34
11361 28.46
11082 28.53
12503 26.65
27979 26.14
7275 28.46
10302 28.29
15428 28.87
12853 28.84
11070 27.79
13860 27.63
13339 27.34
17960 28.30
16953 28.21
9720 28.41
11524 28.05
16922 28.87
15817 29.04
10287 27.78
11282 27.25
12364 26.93
13805 26.95
13575 27.15
13620 27.18
13006 27.16
13026 27.04
12174 27.00
11905 26.93
12715 26.55
16695 27.00
13570 27.13
14088 26.95
13080 26.85
14507 26.80
13689 26.88
13636 26.80
37954 25.05
6665 29.18
9465 28.77
12577 27.37
12509 27.23
13280 26.76
12998 26.51
13439 26.35
12589 26.27
25901 27.89
20127 28.33
13531 28.32
9518 28.47
11198 28.73
11974 27.99
12060 27.21
22358 28.45
17799 28.15
10645 28.26
11836 28.44
11745 28.71
9073 27.71
23200 29.35
16992 28.72
7511 28.34
10167 27.18
11974 26.79
13135 26.68
12564 26.55
24941 28.37
18864 28.64
12230 28.83
21038 27.72
5888 29.32
7385 29.55
10058 27.99
11745 26.67
11147 26.31
13016 26.59
12300 26.59
16273 26.74
16333 26.93
12075 26.78
13214 26.48
14423 26.43
19198 27.20
16148 27.59
16935 27.22
10345 26.67
14364 26.67
15601 26.53
21687 28.03
16103 27.35
8834 26.91
11412 26.83
11652 25.99
9598 25.74
10304 25.45
14993 26.14
16255 26.19
16716 26.42
10313 26.46
11372 26.14
12432 26.18
32613 23.77
10273 26.63
13192 27.18
12235 27.31
12187 26.31
22366 27.44
16394 27.50
12074 27.42
9920 26.54
11756 26.00
12129 25.73
15104 25.83
14953 25.86
14104 26.01
14315 25.98
12669 25.96
13634 25.86
14034 25.73
11731 25.60
11903 25.35
11912 25.19
12236 25.02
12191 24.85
12088 24.82
13169 24.63
12461 25.04
14382 24.97
16076 25.01
27560 27.27
18992 26.91
11449 27.00
11074 26.08
25615 24.68
5120 28.32
11364 28.74
11572 27.45
12453 26.38
13072 25.73
13022 25.62
13333 25.55
15325 25.78
14586 25.74
13050 25.74
13377 25.67
13730 25.56
14241 25.59
13544 25.69
16638 26.03
16130 26.21
11923 26.25
12328 25.89
12283 25.66
12892 25.69
13358 25.60
12949 25.44
12766 25.52
13824 25.27
13670 25.47
15152 25.96
14399 26.05
13802 25.61
13852 25.65
16911 25.96
16113 26.19
34516 23.95
7965 29.22
10202 28.01
11277 27.04
12044 26.21
13833 25.82
14945 25.67
14234 25.82
15228 25.89
14291 25.81
13568 25.67
13111 25.37
12729 25.40
12693 25.22
15783 25.45
13848 25.47
12916 25.45
13691 25.23
14757 25.49
22530 26.65
18287 27.04
10719 27.09
12330 26.83
21471 27.53
17665 27.86
7474 29.49
9061 28.76
10915 28.07
13122 26.61
12876 25.93
12249 25.80
13388 25.62
33612 22.91
7122 28.30
8675 28.26
10507 27.20
12285 25.76
12291 25.59
12395 24.90
12423 24.78
12919 24.52
13802 24.58
14164 24.62
13877 24.63
