3155 42.86
1181 47.34
881 46.28
596 46.24
716 43.63
1191 41.78
2379 41.66
1494 42.60
512 43.20
882 41.27
1067 40.64
1003 39.87
998 39.50
1012 39.79
1318 38.59
1383 38.83
1044 38.79
1002 38.95
1110 39.38
2629 40.37
1796 40.61
1044 40.43
1160 40.51
992 41.43
967 41.54
1393 40.31
1077 40.28
1308 39.61
1067 39.97
1253 39.51
1465 39.60
1298 40.06
3516 42.39
584 42.27
918 41.71
1013 41.04
1202 40.41
1376 39.29
1360 38.69
1199 39.89
1203 40.00
1311 39.54
1136 39.56
1398 38.82
1185 39.96
1360 39.35
1137 39.86
1390 39.44
1528 39.26
1688 39.26
1490 39.52
1525 39.72
1609 39.11
1435 40.03
1350 40.26
1438 40.16
1492 39.53
1392 39.59
1334 39.87
1330 40.41
3232 43.37
2007 44.49
1058 43.80
1225 42.64
2096 47.62
640 45.74
859 45.14
967 45.08
996 44.85
1325 43.09
1358 42.36
1193 42.57
1292 42.37
1272 42.00
1331 42.79
1307 42.43
1209 42.56
1221 42.67
1296 42.09
1202 41.66
1264 42.22
1431 41.55
1332 41.89
1304 42.03
1427 41.15
1314 41.86
1419 41.37
2981 41.40
2070 42.56
1923 44.84
1443 45.66
1106 46.42
1116 45.98
1178 45.36
1100 44.62
1230 44.01
2751 46.25
832 47.11
1021 47.56
1491 47.58
1098 46.33
1185 45.86
1180 46.45
1288 46.20
1978 46.70
1677 46.56
1166 47.17
1324 46.41
1859 47.03
1437 46.77
1059 46.37
1089 46.30
1116 46.51
1253 45.79
1134 46.02
1352 45.77
1175 45.63
1083 44.88
1211 44.89
1306 44.81
1333 44.62
1514 45.35
1288 45.44
1314 45.39
1408 45.18
1144 45.19
1280 44.98
1126 44.88
3573 45.53
713 46.75
1017 46.82
1107 47.15
1169 46.30
987 46.41
1275 45.99
1273 45.20
1383 45.01
3310 46.32
2093 48.12
1221 48.53
1195 48.71
1110 47.98
1077 47.82
1181 47.44
2552 48.13
1845 48.43
1047 49.51
1072 49.17
960 48.24
897 48.03
2747 49.21
1810 48.70
762 48.87
938 48.65
1121 47.91
1204 47.82
1284 46.77
2951 48.45
1838 48.77
1221 48.30
2026 50.13
557 50.20
864 50.13
968 48.39
792 48.25
1180 46.18
1320 46.55
1087 46.61
1496 46.93
1211 47.39
1192 47.00
1223 46.41
1143 46.42
2201 46.40
1675 47.09
1731 46.56
1132 47.28
1474 47.25
1383 46.23
2616 47.89
1813 48.20
819 48.52
1164 47.36
1007 47.01
1055 46.78
1013 46.34
1337 46.72
1356 46.03
1404 46.38
1205 46.46
1333 46.22
1216 46.66
3574 42.79
831 46.60
1354 46.68
1204 46.66
1222 46.55
2141 47.80
1569 47.77
1270 48.29
1040 47.06
1260 46.34
1278 45.92
1556 45.63
1343 45.88
1266 46.24
1271 46.04
1246 46.12
1205 46.06
1367 46.06
1116 45.50
1251 45.38
1195 44.67
1189 44.71
1219 44.55
1357 44.29
1405 44.74
1270 44.58
1363 44.56
1466 44.33
3084 48.03
1853 47.63
1123 46.69
1006 45.89
2688 43.85
596 47.07
1418 47.63
1048 47.15
1266 46.30
1276 45.72
1266 45.72
1318 45.30
1632 45.29
1440 45.46
1284 46.06
1251 45.58
1380 46.12
1224 45.46
1369 45.19
1380 45.82
1108 46.19
1268 45.74
1243 45.17
1148 45.16
1192 44.49
1210 44.75
1213 44.65
1168 44.01
1382 43.96
1150 44.39
1662 44.20
1236 44.48
1386 45.01
1208 45.23
1441 44.86
1322 44.83
3792 42.88
851 46.32
1016 46.24
1141 46.41
1109 46.69
1321 45.63
1315 44.37
1264 44.62
1411 44.29
1242 44.67
1449 44.05
1158 44.00
1283 43.73
1385 43.51
1418 44.19
1281 44.14
1296 44.21
1281 44.23
1330 44.29
2490 45.03
2029 45.11
1253 45.48
1314 45.37
2431 46.71
1906 47.17
1056 48.34
1125 48.67
1234 47.82
1264 46.68
1243 47.33
1110 47.35
1121 47.13
3331 42.42
904 47.72
1173 47.75
1046 47.01
1078 47.71
1022 46.59
1036 45.42
1055 44.26
1048 43.97
1107 43.42
1164 43.02
1179 42.50
