34927 22.54
13660 27.67
12192 27.42
8500 25.49
10186 25.67
12022 24.60
21363 25.10
18686 25.25
7569 25.02
10590 24.99
12651 24.29
12761 23.68
13130 23.54
13705 23.37
18148 23.93
16835 24.34
14955 24.31
12933 24.20
14318 24.55
20028 25.06
18487 25.31
12352 25.77
11915 25.99
10646 24.93
12041 24.62
13236 24.19
12738 23.92
12966 24.33
15319 24.14
14733 24.18
14234 24.36
14144 24.34
38824 22.89
6863 26.45
9515 26.19
11927 25.26
14193 24.42
15839 24.50
15077 24.65
13429 24.57
14387 24.52
14206 24.95
13076 25.00
14451 24.55
14746 24.37
14868 24.56
14893 24.57
15613 24.59
16143 24.70
16253 24.89
15819 25.02
15481 24.98
15257 24.96
13249 25.30
12358 25.47
13527 25.10
14356 24.62
13661 24.61
13988 24.56
13096 24.94
26359 26.17
21654 26.50
8887 27.77
10714 27.64
22361 26.66
8100 26.89
9632 26.82
11090 26.46
13108 26.13
13197 26.16
14112 25.73
14549 25.29
13746 25.25
14018 25.24
13560 25.32
13817 25.36
13989 25.28
14622 25.21
14785 25.15
14416 25.27
14575 25.20
14308 25.24
14714 25.17
15023 25.10
14694 25.12
15060 25.13
14719 25.16
22483 26.09
19943 26.38
19543 27.18
17839 27.16
10594 27.97
12387 28.23
11948 28.16
11678 28.36
12804 26.48
28488 26.03
7629 28.42
10432 28.19
15882 28.71
13293 28.73
11220 27.70
14256 27.46
13175 27.30
18481 28.15
17362 28.07
11203 27.77
12502 27.56
18566 28.28
17243 28.47
10083 27.69
11555 27.15
12654 26.87
12967 27.23
14279 26.95
14067 27.00
13297 27.09
13560 26.84
13093 26.68
12948 26.61
12344 26.61
17388 26.77
13894 26.97
14528 26.81
13414 26.79
14810 26.65
14218 26.67
14039 26.63
38820 24.86
7081 29.03
9895 28.57
12733 27.33
12061 27.44
14044 26.53
13380 26.36
13496 26.17
13240 26.07
26364 27.76
20832 28.11
14407 28.04
10574 27.94
12590 28.09
11725 27.88
11763 27.36
21587 28.67
17161 28.38
10192 28.56
11367 28.70
11202 29.02
10653 27.23
25123 28.71
18512 28.10
8557 27.51
10304 27.04
12496 26.49
13390 26.57
12867 26.44
25475 28.22
19352 28.45
12278 28.73
22750 27.16
6177 29.21
8067 29.07
11496 27.37
11699 26.52
11543 26.23
13621 26.30
13307 26.19
16717 26.61
16697 26.78
12306 26.60
13565 26.30
14765 26.25
19433 27.04
16536 27.41
17510 27.04
10495 26.53
14873 26.45
16015 26.39
22197 27.84
16492 27.15
9315 26.68
11890 26.66
12057 25.81
10070 25.58
10025 25.51
15697 25.90
16712 26.00
16943 26.31
10777 26.34
11433 26.10
13066 26.02
33370 23.64
10680 26.53
13641 27.07
12688 27.09
12389 26.12
22747 27.28
16849 27.32
12505 27.15
10219 26.29
12021 25.82
12548 25.55
15512 25.65
15335 25.73
14492 25.87
14604 25.84
13239 25.73
14071 25.72
14464 25.59
12031 25.43
12288 25.16
12292 24.98
11810 25.10
13277 24.60
13124 24.42
13073 24.60
12979 24.78
14693 24.92
14999 25.31
28052 27.08
19608 26.72
11912 26.76
11422 25.98
28513 23.95
5121 28.48
10888 29.01
12041 27.23
12813 26.20
13556 25.56
13488 25.43
13593 25.41
15596 25.63
15061 25.58
13506 25.55
13916 25.33
14101 25.42
14671 25.45
13964 25.50
17215 25.83
16843 25.99
12465 25.95
12713 25.72
12505 25.46
13373 25.45
13690 25.48
13135 25.37
13512 25.34
14331 25.13
13592 25.46
15697 25.77
15008 25.81
14195 25.49
14275 25.42
17366 25.81
16639 26.04
34839 23.88
8716 28.89
9662 28.22
12944 26.48
12379 26.03
14149 25.67
14982 25.51
14790 25.64
15497 25.82
14888 25.71
13984 25.49
13409 25.34
13144 25.14
13098 25.06
16294 25.34
14198 25.38
13261 25.29
13843 25.20
15194 25.34
23194 26.48
18852 26.87
10882 26.96
12530 26.70
21895 27.39
18782 27.49
7636 29.24
9812 28.37
10348 28.35
13638 26.42
13391 25.85
12879 25.63
13809 25.43
33158 23.01
8526 27.38
10446 27.05
10521 27.07
12446 25.64
12549 25.49
12910 24.76
12890 24.62
13262 24.35
14176 24.42
14492 24.41
14879 24.34
