37562 22.01
14826 27.21
12877 27.20
7430 25.72
12032 25.17
11228 24.77
19976 25.51
17722 25.60
9558 24.47
13567 24.17
14887 23.52
13436 23.23
14141 23.22
13167 23.40
18062 23.94
16654 24.38
14680 24.33
14372 23.79
17116 23.76
21254 24.73
19692 24.96
13391 25.41
13147 25.61
12490 24.32
13915 24.02
13978 23.83
12598 23.91
15556 23.64
15351 23.99
14377 24.26
14154 24.35
14740 24.17
41694 22.34
7899 25.85
10521 25.67
12785 25.03
14211 24.32
15742 24.48
16900 24.19
14858 24.20
15499 24.22
15245 24.61
15565 24.19
13962 24.62
16031 24.08
15988 24.22
16163 24.21
16591 24.32
17370 24.34
17085 24.60
17163 24.67
16546 24.71
16311 24.56
14149 25.04
13143 25.12
14413 24.77
15335 24.29
14737 24.28
14782 24.22
14221 24.54
27704 25.85
22819 26.14
10227 27.05
11593 27.26
25203 25.79
7607 26.87
10635 26.47
11930 26.17
12996 26.08
14642 25.73
15007 25.40
15802 24.93
14948 24.90
15020 24.87
14683 24.81
15101 24.90
15276 24.73
15755 24.88
16094 24.86
15470 24.91
15454 25.06
15114 24.84
15873 24.84
15988 24.79
15920 24.77
15942 24.86
15851 24.81
23755 25.74
21154 26.07
20651 26.81
18745 26.80
11416 27.66
13351 27.84
12754 27.76
13265 27.63
13601 26.23
31326 25.33
7097 28.61
10283 28.20
15708 28.73
14498 28.29
13548 26.67
14989 27.07
14121 26.95
19652 27.75
18595 27.62
11756 27.40
13715 26.99
19749 27.87
18315 28.03
10953 27.22
12434 26.72
13794 26.41
13815 26.86
15270 26.60
14713 26.62
14666 26.57
14866 26.43
14030 26.33
13846 26.21
13452 26.19
18349 26.41
15355 26.56
15546 26.42
14437 26.35
15733 26.34
15103 26.33
15064 26.32
41627 24.35
7506 28.63
9405 28.71
14099 26.84
14013 26.71
14622 26.24
14484 25.99
14880 25.76
14178 25.65
27624 27.40
21948 27.73
15437 27.54
11413 27.44
13311 27.70
12411 27.57
13206 26.69
24112 27.82
19656 27.49
11730 27.76
13106 27.88
12838 28.10
11266 26.74
26540 28.29
19723 27.66
7688 27.83
10250 26.95
12349 26.57
13424 26.52
14421 25.96
26865 27.75
20454 28.02
13599 28.11
24313 26.65
6620 28.68
8305 28.88
11399 27.34
13313 26.01
12664 25.63
14510 25.93
14654 25.75
17946 26.10
17673 26.39
13512 26.17
14535 25.89
15867 25.85
20603 26.67
17566 27.00
18820 26.61
11282 26.20
16158 25.98
17198 25.96
23370 27.44
17632 26.74
10123 26.26
14057 25.76
11708 25.85
11349 25.14
11715 24.75
17257 25.29
17717 25.68
18203 25.90
11395 25.90
12222 25.81
14118 25.61
35362 23.22
11605 26.08
14320 26.71
12817 26.98
13345 25.78
23755 26.91
17838 26.93
13528 26.77
11186 25.85
12959 25.39
13757 25.20
16617 25.26
16483 25.34
15643 25.51
16015 25.43
13954 25.45
15123 25.28
15792 25.18
13021 24.99
13192 24.86
13248 24.63
13367 24.55
13680 24.33
14333 23.98
14073 24.31
15292 24.09
16746 24.19
17254 24.51
28983 26.82
20502 26.40
12570 26.42
12234 25.56
30073 23.57
5496 27.93
11536 28.62
11867 27.34
13773 25.82
14441 25.20
14391 25.03
14662 24.99
16896 25.24
16030 25.22
14532 25.21
14939 25.03
15128 24.98
15674 25.02
15246 25.10
18318 25.41
17913 25.64
13229 25.61
13662 25.32
13421 25.18
14424 25.10
14987 24.99
14415 24.93
14518 24.79
15130 24.81
14668 25.04
18280 24.95
17329 25.10
14954 25.17
15108 25.15
18241 25.49
17540 25.70
35707 23.71
9302 28.42
11114 27.43
12385 26.33
13394 25.59
15308 25.17
16129 25.17
16034 25.21
16719 25.39
15671 25.30
14772 25.14
14774 24.86
14241 24.76
14327 24.63
17431 24.92
15236 25.02
14604 24.87
14788 24.84
16411 24.99
24108 26.19
19801 26.54
12671 26.19
13231 26.34
22885 26.99
20257 26.98
8247 28.88
11459 27.42
11451 27.63
13430 26.40
14586 25.32
13925 25.19
14858 25.04
34921 22.67
9303 26.93
11222 26.62
11333 26.74
13589 25.26
13569 25.07
13993 24.42
14032 24.20
14200 24.05
15355 24.07
15927 24.02
15881 24.03
