40363 21.55
14757 27.21
12886 27.26
9578 25.21
12380 24.96
13423 24.11
23451 24.46
21091 24.57
9484 24.24
12199 24.42
14130 23.75
14945 23.07
15275 22.97
15806 22.89
20143 23.43
18804 23.85
16708 23.81
14598 23.64
16235 23.99
21833 24.56
20466 24.71
14006 25.18
13935 25.33
12015 24.44
13938 24.05
14786 23.66
14819 23.45
16188 23.45
16976 23.59
16442 23.69
16081 23.74
16025 23.75
41780 22.34
8574 25.80
11974 25.05
12957 24.86
14877 24.24
15988 24.44
16202 24.42
15918 23.92
16364 23.95
16192 24.34
16188 24.01
15954 23.94
16627 23.83
16903 24.00
16863 24.12
17311 24.09
18249 24.20
17825 24.35
17838 24.45
17436 24.38
17107 24.40
15134 24.74
13978 24.84
15472 24.47
15951 24.07
15600 24.05
15771 23.92
16315 24.02
28330 25.63
23575 25.94
11595 26.57
12982 26.73
25610 25.70
8185 26.67
11146 26.19
12381 25.86
14916 25.56
14895 25.51
15861 25.09
16419 24.73
15705 24.66
15645 24.65
15717 24.62
15854 24.61
15939 24.60
16725 24.68
16660 24.62
16301 24.69
16039 24.72
16165 24.67
16561 24.56
17077 24.55
16664 24.52
16955 24.61
16651 24.65
24853 25.49
21968 25.82
21449 26.54
19670 26.53
12564 27.15
15198 27.11
13220 27.49
13934 27.32
14215 25.84
32287 25.10
7454 28.38
11048 27.94
16247 28.44
15256 27.95
14059 26.41
16013 26.67
14992 26.63
20517 27.44
19361 27.34
12943 27.02
14302 26.75
20712 27.54
19445 27.72
11573 26.94
13058 26.38
14549 26.15
16049 26.12
15703 26.29
15796 26.31
15194 26.32
15410 26.16
14714 26.15
14657 25.92
14170 25.99
19175 26.17
16131 26.25
16219 26.17
15148 26.09
16844 25.99
15928 26.07
16015 26.02
45049 23.69
7309 28.92
9409 28.75
15094 26.58
14812 26.34
15609 25.92
15223 25.70
15619 25.50
15167 25.35
28730 27.10
22810 27.44
15186 27.70
11248 27.57
12941 27.87
13826 27.18
15072 26.03
25032 27.56
20609 27.19
12623 27.40
13607 27.58
13806 27.81
11804 26.45
27513 28.02
20572 27.37
9067 27.26
12011 26.20
13986 25.82
15202 25.87
14813 25.68
27888 27.49
21289 27.73
14080 27.93
24494 26.60
7164 28.42
8735 28.58
12067 26.98
14130 25.69
13426 25.41
16140 25.38
15469 25.45
18703 25.87
18756 26.11
14105 25.89
15515 25.63
16694 25.59
21594 26.40
18521 26.70
19661 26.34
12195 25.93
16699 25.73
18221 25.62
24101 27.17
18368 26.45
10835 25.92
13757 25.90
13950 25.05
11791 24.78
12521 24.53
17401 25.26
18526 25.37
19355 25.62
12056 25.60
13548 25.20
15696 24.96
36681 22.95
12456 25.84
15066 26.43
14763 26.30
13533 25.52
24893 26.62
18746 26.61
14147 26.47
11660 25.64
13776 25.12
14493 24.86
17657 24.94
17514 25.03
16259 25.22
16683 25.19
14886 25.10
16018 25.05
16444 24.91
13957 24.74
14033 24.53
13975 24.31
13031 24.60
15363 23.97
13340 24.29
15306 23.96
16177 23.76
17923 23.93
18196 24.35
29938 26.55
21452 26.11
13255 26.11
12876 25.32
31035 23.35
6554 27.26
12965 27.87
12340 27.07
14450 25.54
15326 24.89
15315 24.75
15673 24.61
17768 24.93
16744 24.94
15073 24.84
15557 24.80
16109 24.65
16506 24.73
15983 24.79
19239 25.13
18451 25.38
14127 25.25
14536 24.95
14521 24.82
15198 24.83
15725 24.71
15273 24.60
14510 24.86
16309 24.48
15576 24.86
17645 25.13
16737 25.21
15916 24.92
16164 24.78
19148 25.24
18766 25.35
40708 22.71
9285 28.49
11934 27.08
12982 26.12
14310 25.35
16157 24.93
17331 24.88
16986 24.93
17676 25.10
16540 25.05
15993 24.86
15624 24.55
14856 24.56
15052 24.39
18172 24.65
16171 24.72
15068 24.66
15732 24.57
17041 24.74
25021 25.90
20699 26.21
12301 26.25
14223 26.05
23844 26.70
21468 26.58
9381 28.19
11892 27.08
12032 27.23
15080 25.76
15066 25.08
14683 24.89
15902 24.74
36440 22.37
9533 26.85
11037 26.79
11177 26.74
14775 24.88
14446 24.75
14748 24.11
14809 23.89
15174 23.84
16264 23.79
16922 23.83
16932 23.77
