40709 21.47
15131 27.03
14112 26.65
9454 25.01
12336 24.91
12257 24.44
20728 25.22
18587 25.27
10577 24.07
14389 23.87
14432 23.59
15157 23.02
15410 22.89
16140 22.81
20511 23.31
19221 23.73
16878 23.75
14773 23.61
16456 23.90
22397 24.46
20474 24.67
14256 25.09
13969 25.29
13791 23.94
13963 24.04
15133 23.57
14908 23.40
14612 23.77
17094 23.60
16736 23.70
16352 23.63
16222 23.67
44465 21.86
8559 25.56
12207 24.90
13247 24.81
15176 24.14
16913 24.18
17583 23.92
15657 23.95
16401 23.93
16175 24.37
16270 23.91
16131 23.92
16776 23.76
17284 23.86
17198 23.94
17371 24.04
18510 24.12
18019 24.31
17998 24.37
17757 24.36
17369 24.33
15364 24.64
15357 24.47
15240 24.49
16229 24.08
15594 24.04
16041 23.92
15194 24.25
28686 25.54
23782 25.86
11063 26.86
12230 26.96
26870 25.35
8506 26.65
11324 26.08
12758 25.84
13792 25.73
15432 25.45
16174 25.00
16932 24.62
16149 24.57
15963 24.58
15748 24.57
16107 24.62
16381 24.51
16837 24.58
16826 24.51
16718 24.67
16159 24.70
16179 24.62
16790 24.46
17214 24.51
16862 24.43
17204 24.57
16765 24.52
25147 25.42
22302 25.70
21736 26.49
20052 26.46
12585 27.13
14235 27.49
13572 27.42
14216 27.20
14568 25.78
33243 24.90
7575 28.27
11322 27.69
16756 28.26
14635 28.12
14457 26.38
16431 26.58
15281 26.62
20617 27.38
19767 27.26
12715 27.01
13286 27.09
19460 27.92
18256 28.07
12384 26.77
13474 26.23
14735 26.04
16343 26.04
15966 26.20
16084 26.21
15476 26.23
15635 26.11
14381 26.18
15030 25.77
14365 25.88
17961 26.51
16567 26.16
16558 26.04
15568 25.96
16362 26.02
15460 26.12
15563 26.08
46014 23.54
7238 28.77
9623 28.64
15370 26.40
15026 26.25
15916 25.81
15539 25.59
16018 25.37
15437 25.23
28848 27.03
23111 27.34
15218 27.61
11290 27.56
13270 27.77
14089 27.01
14454 26.28
25293 27.44
20823 27.10
12705 27.27
14001 27.42
13891 27.74
12135 26.33
27791 27.92
20865 27.25
9190 27.11
12169 26.10
14285 25.70
15518 25.74
15152 25.60
28122 27.40
21435 27.64
14275 27.83
24915 26.48
7180 28.40
8966 28.55
12122 26.84
14182 25.61
13591 25.32
16346 25.29
15725 25.32
18767 25.81
18883 26.04
14469 25.82
15535 25.54
16979 25.46
21860 26.30
18788 26.59
19788 26.22
12408 25.75
17023 25.66
18280 25.57
24388 27.05
18889 26.33
11023 25.87
13816 25.84
12952 25.45
11988 24.76
12381 24.51
18437 24.89
18949 25.27
19637 25.53
12446 25.51
13938 25.12
15430 25.02
37203 22.86
12684 25.76
15300 26.33
14941 26.20
13942 25.44
25040 26.54
18969 26.51
14528 26.36
11776 25.59
13964 25.05
14834 24.79
17829 24.89
17576 24.98
16583 25.15
16892 25.13
15072 25.02
16251 24.93
16537 24.87
14231 24.64
14310 24.46
14262 24.28
14971 24.04
15247 23.93
14556 23.86
15031 23.99
16333 23.67
17791 23.88
18419 24.25
30151 26.51
21459 26.07
13436 26.06
13192 25.22
32298 23.10
6433 27.29
12952 27.85
13540 26.52
13162 25.98
15614 24.85
15407 24.66
15803 24.55
17879 24.87
17283 24.85
15321 24.80
15710 24.73
16345 24.62
16640 24.70
16086 24.78
19657 25.05
18838 25.28
14344 25.28
14694 24.91
14730 24.70
15231 24.74
16095 24.61
15477 24.57
14888 24.74
16216 24.45
15846 24.77
17747 25.12
17005 25.17
16012 24.81
16405 24.76
19241 25.14
19063 25.34
41269 22.61
9592 28.27
11975 27.00
14351 25.68
13884 25.32
16430 24.87
17274 24.83
16865 24.86
17973 25.00
16932 24.92
16169 24.80
15692 24.60
15175 24.43
15331 24.28
18436 24.56
16288 24.67
15608 24.51
15816 24.53
17206 24.66
25309 25.82
21132 26.15
12500 26.21
14363 25.93
24102 26.62
21489 26.58
9461 28.16
12108 27.05
12398 27.14
14078 26.07
15819 25.01
14823 24.85
15967 24.65
38550 21.99
8698 27.27
10244 27.20
11392 26.77
14898 24.84
13173 25.14
15340 23.96
15309 23.79
15619 23.72
16777 23.72
17122 23.76
17394 23.66
