4274 39.67
1706 43.78
1274 42.62
862 41.12
1244 39.73
1559 37.99
3426 38.60
2319 38.96
805 39.43
1029 38.54
1454 37.49
1514 37.12
1453 36.02
1520 36.65
2163 35.66
2107 36.07
1517 36.15
1648 36.22
1746 36.07
3862 36.80
2921 37.11
1643 36.99
1916 37.18
1288 38.19
1451 37.76
1670 37.04
1459 37.39
1865 36.80
1819 36.48
1775 36.17
1965 37.14
1927 36.55
5042 39.13
890 37.88
1435 38.79
1495 37.89
1753 37.48
1984 36.07
2021 36.13
1705 36.92
1816 37.24
1841 36.77
1982 36.20
1877 36.39
1787 36.88
1777 36.67
2073 36.34
2005 36.22
2264 36.30
2280 36.71
2387 36.87
2137 37.00
2138 36.94
2021 37.14
1834 37.55
2000 37.21
1884 37.11
2029 36.93
2143 36.32
2029 36.90
4614 40.25
2816 41.80
1193 41.17
1732 40.37
3405 42.45
880 41.31
1124 41.41
1509 40.71
1463 40.70
1588 40.16
2020 38.80
1695 39.16
1753 38.87
1868 38.43
1713 38.74
1902 38.54
1844 38.55
1805 38.80
1843 38.11
1955 38.52
1716 38.12
2164 38.08
1934 38.05
1976 38.25
1837 38.18
2095 37.66
1862 38.10
4369 38.15
2984 39.48
2874 41.59
1886 43.79
1204 43.68
1754 42.76
1578 42.74
1628 41.77
1684 41.14
4399 41.71
884 42.85
1232 42.50
2455 42.46
1542 42.63
1738 42.01
1790 41.87
1797 41.51
3143 42.00
2839 41.68
1421 42.55
1732 42.04
2950 42.60
2625 42.42
1080 42.89
1361 42.81
1707 41.58
1601 41.94
1787 42.14
2125 41.30
1508 41.49
1725 41.14
1788 40.78
1822 40.79
1764 40.74
2264 40.94
1520 41.51
1884 41.57
1808 41.14
1716 40.76
1914 40.85
1734 40.82
5223 41.90
931 43.17
1460 42.86
1483 42.57
1415 42.24
1940 41.01
1711 40.38
1692 40.03
1764 40.03
4552 42.92
3048 43.52
1667 43.99
1586 43.81
1677 43.36
1552 42.69
1495 42.60
3683 43.50
2835 43.32
1263 44.53
1419 44.23
1442 44.10
1287 43.11
4093 44.82
2617 44.23
1094 44.38
1209 43.72
1573 43.15
1571 43.12
1716 42.42
4388 43.64
2848 44.06
1501 44.46
3184 44.81
803 46.43
1116 46.31
1274 45.36
1289 44.18
1739 42.26
1772 42.02
1403 41.71
2262 42.09
1948 42.25
1645 41.80
1823 42.21
1570 41.90
2983 42.15
2019 42.86
2667 42.51
1454 41.98
2230 41.36
2027 41.15
3964 43.34
2575 43.46
1084 44.08
1493 42.58
1530 41.77
1290 42.35
1528 40.93
2024 41.46
2376 41.18
2356 41.18
1389 42.05
1602 41.23
1759 40.85
5496 38.30
1053 42.38
1542 42.35
1719 41.56
1650 41.12
3739 42.70
2358 42.85
1626 42.94
1483 42.13
1481 42.01
2025 40.55
1973 41.07
2014 40.91
1917 40.92
1836 40.79
1794 40.91
1779 40.76
1782 40.55
1823 40.09
1740 40.34
1631 40.32
1729 39.57
1713 39.17
1740 39.09
1669 39.14
1818 38.79
1925 39.44
2258 39.23
4454 43.40
2801 43.31
1703 42.44
1618 41.92
3401 41.58
710 43.01
1811 43.69
1423 43.24
1725 41.74
1847 40.58
1775 40.60
1793 40.55
2262 40.73
1944 40.86
1740 41.44
1737 41.24
1778 41.22
1891 40.62
1774 40.57
2118 40.45
1867 40.90
1720 40.75
1816 40.34
1659 39.88
1743 39.79
1579 40.06
1767 39.48
1887 39.43
2004 39.38
1751 39.92
2097 39.51
1946 39.57
1930 40.34
2065 40.10
2543 39.30
2093 39.94
5078 40.07
1241 42.60
1507 42.03
1458 42.18
1909 39.89
1871 40.39
1816 40.18
2027 39.99
2136 39.77
2091 39.96
1890 39.84
1962 39.54
1818 39.69
1897 39.62
1921 39.80
1854 39.78
1813 39.80
1804 39.94
2137 39.46
4224 40.33
2956 41.23
1501 41.53
1796 41.67
3348 43.27
2412 43.87
1300 44.49
1524 44.29
1773 43.44
1620 43.20
1656 42.74
1580 42.81
1499 42.90
5190 37.61
1217 42.52
1622 42.12
1495 42.23
1352 42.45
1481 41.36
1637 39.91
1526 39.15
1587 38.85
1650 38.79
1678 38.73
1676 38.27
