4693 38.70
1937 42.46
1453 41.79
910 41.09
1263 38.89
1879 36.68
4118 37.31
2588 38.31
768 38.74
1129 37.69
1727 35.64
1735 35.69
1595 35.97
1675 35.46
2338 35.03
2516 35.14
1658 35.74
1669 35.54
1969 35.41
4317 36.07
3171 36.38
1846 36.20
1964 36.64
1411 36.97
1767 36.36
1727 36.45
1628 36.81
2167 35.21
1857 35.78
2058 35.53
2110 35.66
1971 36.31
5775 37.94
849 38.04
1416 37.88
1846 37.37
1983 36.06
2184 35.46
2245 35.16
2000 36.45
2102 35.86
1993 36.12
1987 35.80
2132 35.38
1885 35.64
2081 35.71
2295 35.35
2263 35.24
2519 35.79
2571 35.96
2596 35.95
2394 36.36
2392 36.47
2282 36.27
1947 37.02
2182 36.65
2367 36.13
2239 35.83
2063 36.19
1823 37.11
5050 39.61
3255 40.52
1333 39.80
1774 39.06
3777 41.56
995 40.43
1387 40.28
1449 40.33
1598 39.77
2050 38.71
2495 37.77
1721 38.40
1796 38.16
1995 38.39
2009 37.76
1978 38.02
2076 37.96
1899 37.83
2240 37.26
1827 37.69
2258 37.25
2043 37.47
2203 37.28
2107 37.41
2173 37.05
2081 37.20
2137 37.02
4829 37.62
3350 38.90
2758 41.54
2184 42.34
1472 42.16
1842 41.42
1669 41.11
1739 40.88
1768 40.03
4974 40.64
998 41.32
1354 41.68
2848 41.64
1728 41.62
1905 40.86
1839 41.16
1851 40.56
3565 41.11
3087 40.79
1491 41.44
1964 41.12
3188 41.71
2888 41.38
1479 41.63
1447 41.40
1790 41.07
1700 41.56
1859 41.59
2004 41.10
1911 40.48
1962 40.08
1990 39.92
1927 39.76
1800 39.74
2510 40.14
1807 40.63
1953 39.95
2204 39.96
2048 39.96
1918 39.82
1951 39.85
5773 41.10
1119 42.10
1530 42.27
1582 41.98
1684 41.50
1966 40.21
1940 39.79
1899 39.22
1915 38.98
4960 42.29
3370 42.44
1749 43.08
1674 43.06
1719 42.49
1800 42.07
1875 41.27
4275 42.25
3076 42.46
1437 43.91
1587 43.10
1513 42.87
1405 42.12
4490 44.20
2849 43.30
1154 43.30
1416 42.44
1785 41.24
1720 41.54
1794 41.19
4780 43.00
3331 42.71
1794 42.91
3151 45.05
920 46.52
1290 44.86
1465 43.60
1354 42.65
1793 40.99
1984 40.53
1569 40.71
2453 41.35
2068 41.41
2068 40.92
1839 40.86
1798 40.40
3613 40.71
2243 41.65
3194 40.99
1440 40.81
2325 40.56
2268 40.38
4178 42.69
2752 42.93
1171 43.14
1664 41.35
1687 41.09
1531 40.81
1562 40.54
2353 40.28
2617 40.18
2587 40.31
1584 40.83
1660 40.17
1897 40.06
5998 37.39
1084 41.68
1504 42.16
1784 41.25
1899 40.40
4307 41.52
2617 42.06
1916 41.72
1771 40.83
1774 40.32
1822 39.90
2156 40.10
2159 40.32
2130 39.88
1961 39.95
1924 39.87
1921 39.66
2009 39.73
1914 39.06
1768 38.87
1875 38.72
1910 38.96
1856 38.55
1889 38.21
1987 37.99
1954 38.23
2367 37.96
2611 38.11
4814 42.66
3009 42.70
1787 41.83
1799 40.60
3700 40.71
842 41.82
2123 42.08
1606 41.84
1935 40.53
2006 39.73
1987 39.54
2099 39.56
2387 39.99
2155 39.76
1847 40.12
1885 40.30
2035 40.22
2044 39.96
1954 39.37
2547 39.58
2034 39.77
1843 39.78
1984 39.34
1739 39.15
1951 38.57
1858 38.79
1828 38.66
2018 38.93
2236 38.86
2059 38.56
2408 38.92
2262 38.36
2041 39.72
2259 38.86
2851 38.71
2365 38.86
5468 39.28
1356 41.52
1632 40.98
1657 40.75
1741 40.41
1911 39.81
2375 39.33
2083 39.35
2307 39.28
2253 39.03
2111 39.33
2097 38.87
1862 39.06
2070 38.25
2236 38.55
2019 38.47
1908 39.05
2151 38.28
2194 38.68
4611 39.41
3150 40.17
1760 40.44
1887 40.62
3709 42.02
2806 42.69
1491 43.54
1685 43.10
1857 42.38
1693 42.15
1793 41.32
1629 41.55
1938 41.05
5512 37.11
1349 40.91
1861 40.82
1762 40.51
1651 41.10
1728 40.20
1635 39.21
1625 38.36
1737 37.67
2056 37.76
1902 37.52
1870 37.43
