5460 37.18
2352 40.95
1804 40.16
1078 39.19
1575 36.89
2127 35.42
4612 36.66
3075 36.95
883 37.66
1324 36.77
1986 34.70
2053 34.65
1850 34.06
2003 34.44
2986 33.94
3219 33.86
2052 34.16
1956 34.49
2352 33.80
5271 34.44
3857 35.24
2267 35.30
2306 35.57
1661 35.90
1897 35.65
1992 35.08
2267 34.79
2149 34.72
2429 34.12
2619 33.79
2280 34.94
2488 34.86
6712 36.62
1194 36.27
1691 36.67
1963 36.22
2580 35.49
2815 34.22
2507 34.33
2262 35.68
2476 34.88
2411 34.71
2498 34.57
2330 34.51
2521 34.23
2645 34.76
2388 35.05
2725 34.31
2873 34.66
3109 34.64
3070 34.73
2996 35.32
2711 35.13
2565 35.45
2609 35.15
2678 35.36
2579 34.83
2739 34.70
2544 34.47
2435 35.25
5805 38.44
3658 39.46
1584 38.60
2153 37.85
4309 40.34
1145 38.82
1825 38.81
1910 38.50
1797 38.43
2329 37.68
2592 36.67
2568 36.95
2445 36.67
2280 36.63
2277 36.59
2403 36.69
2410 36.50
2326 36.64
2600 36.14
2242 36.78
2573 36.14
2374 36.28
2430 35.95
2380 36.05
2612 35.99
2598 35.68
2422 36.13
5700 36.32
3954 37.72
3515 39.87
2603 41.49
1610 41.29
2070 39.99
2235 39.60
2113 39.29
2080 38.74
5708 39.17
1207 40.16
1605 40.24
3228 40.20
2273 39.60
2008 40.04
2183 39.74
2071 39.58
3883 40.24
3455 39.85
2033 39.25
2234 39.04
4102 39.89
3795 39.46
1419 40.25
1605 40.46
2103 39.74
2195 39.49
2254 39.54
2670 38.63
2297 38.70
2330 38.86
2332 38.46
2173 38.54
2277 38.12
3294 38.09
2315 38.36
2335 38.57
2410 38.76
2422 38.49
2424 38.41
2326 38.59
6883 39.43
1261 41.07
1623 40.61
2082 39.74
2285 38.86
2254 38.32
2037 38.15
2319 37.96
2417 37.47
5900 40.53
4121 40.61
2003 41.40
1883 41.14
2392 40.10
1864 40.18
2125 40.18
5037 40.64
3415 41.11
1495 42.63
1909 41.47
1953 41.30
1926 40.18
5342 42.44
3305 41.92
1446 40.92
1532 41.08
2044 39.41
2080 39.97
2042 39.52
5673 41.47
3787 41.40
1990 41.82
3936 42.93
1052 43.82
1363 43.21
1909 40.94
1645 40.28
2229 38.77
2370 38.85
1769 38.59
2941 39.47
2612 39.73
2097 39.58
2313 39.13
2242 39.17
4350 39.19
2893 39.75
3709 39.54
1600 40.14
2660 39.37
2557 39.20
4994 41.05
3319 40.88
1186 41.92
1781 40.36
2035 39.78
1888 38.71
1805 38.66
2754 38.83
3120 38.62
3089 38.69
1751 39.26
2007 38.40
2247 38.29
7150 35.77
1279 39.95
2175 39.56
2174 38.76
2249 38.48
4844 40.24
2784 40.82
2209 40.73
1960 39.20
2020 39.00
2155 38.48
2618 38.51
2564 38.79
2469 38.22
2459 38.23
2174 38.29
2353 38.39
2410 37.87
2204 37.88
2233 37.36
2172 37.19
2285 36.89
2210 36.80
2207 36.66
2405 36.28
2311 36.42
2687 36.85
3007 36.92
5760 41.03
3449 41.27
2282 39.77
2021 38.89
4504 38.79
952 40.17
2569 40.40
2039 40.20
2294 38.78
2338 38.13
2431 38.01
2386 38.07
2938 38.30
2494 38.50
2162 38.66
2262 39.09
2438 38.07
2373 38.38
2462 37.83
2901 38.12
2774 38.27
2210 38.24
2210 38.02
2173 37.34
2147 37.48
2285 37.48
2318 37.34
2425 37.20
2545 37.07
2239 37.57
2958 37.35
2753 36.89
2617 37.91
2688 37.51
3474 37.28
2739 37.60
6248 38.02
1666 40.20
1742 40.30
2157 38.65
2467 37.54
2272 38.15
2594 37.70
2586 37.57
2786 37.86
2520 38.09
2566 37.61
2485 37.17
2115 37.28
2297 37.39
2636 37.08
2449 37.19
2420 37.13
2490 37.06
2945 36.81
5540 37.92
3856 38.82
1989 39.15
2059 39.22
4270 41.35
3272 41.25
1572 41.73
1941 41.10
2178 40.54
2047 40.53
2179 39.64
1967 39.98
2391 38.93
6423 35.65
1686 39.22
2210 39.13
2179 38.76
1888 39.57
2012 38.97
1884 37.88
2128 36.65
2138 36.18
2192 36.74
2332 36.22
2178 35.94
