5861 36.48
2540 40.36
1892 39.67
1211 38.86
1689 36.46
2395 34.38
5200 35.49
3389 36.48
951 36.96
1537 36.15
2137 34.28
2266 34.05
1969 33.56
2189 33.45
3191 33.34
3376 33.19
2396 33.59
1901 34.24
2649 33.41
5718 34.06
3945 34.74
2388 34.69
2591 34.99
1725 35.36
1884 35.12
2654 33.88
2258 34.33
2467 33.42
2501 33.18
2619 33.91
2833 34.10
2670 34.29
7229 35.87
1271 36.09
1853 36.22
2071 35.89
2813 34.82
3173 33.70
2672 33.22
2668 35.13
2593 34.38
2727 34.03
2490 34.38
2774 33.88
2413 34.24
2674 34.00
2930 33.77
2729 34.17
3165 33.92
3384 34.29
3289 34.47
3096 34.72
3014 34.54
2895 34.66
2866 34.55
2777 34.68
3110 33.96
2562 34.22
2776 34.15
2610 34.49
6187 37.91
4054 38.89
1570 38.70
2360 37.57
4635 39.51
1372 38.30
1838 38.52
1816 38.20
1988 38.08
2605 37.02
2641 36.68
2473 36.10
2700 35.81
2393 35.93
2600 36.26
2488 35.97
2628 35.84
2537 35.77
2650 35.64
2634 35.86
2627 35.66
2651 35.72
3043 35.27
2813 35.30
2600 35.34
2794 35.57
2642 35.27
6152 35.78
4139 37.32
3937 39.07
2777 40.79
1592 40.95
2315 39.33
2369 39.04
2250 38.86
2491 37.82
5889 38.96
1167 39.52
1755 39.46
3563 39.60
2517 39.24
2354 39.04
2566 38.39
2116 38.48
4424 39.19
3931 38.91
2001 39.06
2269 39.30
4049 39.65
3767 39.45
1757 39.46
1847 39.38
2292 38.67
2256 38.85
2507 38.95
2778 38.62
2567 38.64
2415 38.31
2462 37.56
2418 37.76
2483 37.55
3437 37.76
2332 37.91
2689 37.90
2667 37.86
2532 37.68
2694 37.80
2458 37.77
7316 38.83
1368 40.19
1969 39.42
2274 38.61
2267 38.74
2684 37.59
2311 37.31
2616 37.05
2223 36.92
6252 40.23
4262 40.27
2148 40.70
2074 40.80
2217 40.28
2391 39.40
2505 38.80
5437 39.91
3788 40.10
1683 41.75
1967 40.63
2061 40.68
1866 40.01
5783 41.69
3705 40.79
1327 41.02
1591 40.41
1973 39.65
2388 39.12
2299 38.31
6113 40.78
4049 41.04
2358 40.95
4030 42.53
1050 43.99
1667 42.10
1819 40.85
1953 39.55
2308 37.87
2402 38.03
2177 37.71
3105 38.98
2808 38.95
2506 38.61
2542 38.67
2435 38.51
4526 38.52
3118 39.14
4031 38.72
1710 39.38
2929 38.53
2858 38.37
5377 40.26
3624 39.98
1067 41.27
1890 40.18
1975 38.67
2031 38.39
2122 37.53
2857 38.10
3197 37.94
3541 37.86
1710 38.91
2308 37.59
2350 38.04
7716 35.03
1324 39.31
2148 39.68
2299 38.51
2590 37.77
5344 39.40
3105 39.76
2650 39.65
1982 38.84
2204 37.57
2367 37.66
2737 37.65
2646 37.96
2611 37.98
2692 37.39
2396 37.49
2745 37.22
2596 37.18
2323 36.91
2399 36.50
2455 36.44
2407 36.30
2329 35.87
2430 35.91
2618 35.56
2450 35.83
2971 35.76
3148 36.35
6140 40.46
3715 40.37
2446 39.39
2054 38.01
5024 37.74
1065 39.35
2763 39.82
2154 39.52
2410 38.30
2650 37.13
2518 37.34
2508 37.97
2979 37.98
2807 37.68
2507 38.04
2596 37.74
2536 37.84
2507 37.54
2607 37.29
3114 37.57
2833 37.63
2356 37.75
2452 37.38
2324 36.72
2365 36.79
2407 36.72
2370 36.79
2649 36.27
2853 36.08
2396 36.66
3200 36.85
3118 36.25
2892 37.07
2862 36.97
3677 36.60
3124 36.69
6423 37.64
1765 39.72
2044 38.76
2668 37.20
2269 37.47
2429 37.37
2930 37.11
2729 37.13
2976 36.98
2940 37.25
2619 36.90
2618 36.69
2516 36.40
2594 36.46
2876 36.58
2436 36.67
2503 36.80
2749 36.35
3206 36.34
5953 37.32
4056 38.10
2196 38.32
2281 38.83
4598 40.05
3438 40.74
1670 41.67
1941 40.65
2620 39.12
2206 39.53
2350 38.60
2146 38.88
2189 39.08
7118 34.67
1712 38.58
2469 38.43
2263 38.02
1914 38.62
2320 37.60
2104 36.91
2285 35.97
2287 35.70
2577 35.74
2347 35.79
2492 35.27
