7948 33.63
3577 37.46
2948 36.59
1235 35.82
2967 33.30
2963 32.53
6580 33.57
4778 33.95
1204 34.33
2075 33.11
3205 31.76
2884 31.84
2849 31.55
2987 30.95
4703 31.06
4708 31.03
3423 31.18
2878 31.61
3739 31.17
7317 31.90
5630 32.60
3406 32.79
3625 32.93
2231 33.37
2769 32.82
2880 32.83
3456 31.87
3107 31.44
3877 31.21
3523 31.37
3608 32.01
3826 31.57
9586 33.45
1792 33.30
2529 33.94
2832 33.72
3584 32.88
3979 31.68
3817 31.58
3439 32.50
3478 32.16
3917 31.92
3803 31.98
3659 31.93
3761 31.91
3615 32.21
3900 32.08
3798 31.95
4549 31.79
4458 32.11
4341 32.51
4310 32.51
3904 32.89
3965 32.49
3696 32.74
4178 32.21
3812 32.09
3730 32.27
3711 31.97
3633 32.70
8397 35.27
5485 36.35
2174 36.22
3031 35.16
6279 36.75
1941 35.47
2567 35.40
2880 35.15
2945 35.44
3625 34.14
3746 33.93
3703 33.82
3550 33.63
3711 33.49
3404 33.83
3395 33.71
3508 33.49
3608 33.49
3601 33.54
3480 33.37
3449 33.22
3613 33.22
3697 33.21
4024 32.96
3394 33.43
4039 32.79
3869 32.89
7975 33.43
6091 34.50
5302 36.59
3780 38.16
2149 38.29
2892 37.38
3373 36.34
3141 36.69
3123 36.01
8198 36.03
1766 36.67
2707 36.33
5189 36.99
3646 37.01
2654 37.22
3630 36.49
3025 36.42
5672 37.16
5295 36.67
2451 37.17
3138 36.45
5430 37.31
5129 37.30
2381 37.00
2325 37.07
3435 35.87
3537 35.97
3511 36.12
3422 35.92
3563 35.94
3459 35.86
3296 35.69
3231 35.20
3302 35.00
4666 35.52
3504 35.42
3547 35.48
3668 35.55
3495 35.56
3565 35.53
3338 35.70
9731 36.36
1989 37.15
2643 37.29
3564 35.72
3167 36.04
3532 35.39
3213 34.87
3138 35.01
3219 34.87
8577 37.25
5819 37.83
3139 38.15
2695 37.94
3266 37.41
3171 37.07
2980 36.55
7212 37.52
5363 37.28
2189 38.54
2862 37.65
3017 37.95
2387 37.33
7728 38.99
4998 38.23
1648 38.51
2093 37.67
2777 37.26
3489 35.89
3301 35.80
8379 37.87
5757 37.89
3175 38.27
5432 39.64
1201 40.70
2141 38.77
2613 37.80
2519 36.66
3182 35.51
3500 35.49
3007 35.22
4406 36.30
4248 36.10
3390 36.01
3335 35.88
3641 35.59
6072 36.11
4456 36.64
5318 36.19
2487 36.33
4080 35.72
4461 35.44
6987 37.88
4509 37.91
1555 38.62
2806 36.52
2928 35.61
2447 35.54
2722 35.18
4214 35.52
4466 35.26
4677 35.50
2432 36.09
3117 35.03
3359 35.19
9897 32.71
2127 35.98
3304 36.03
3332 35.89
3264 35.46
7163 36.94
4300 37.14
3503 36.95
2830 35.81
2879 35.73
3067 35.27
3815 35.38
3699 35.38
3973 34.96
3584 35.15
3282 35.05
3629 34.81
3946 34.64
2954 35.20
3218 34.31
3115 34.17
3156 33.84
3257 33.37
3298 33.40
3437 33.24
3379 33.32
3824 33.25
4543 33.59
8256 37.65
5099 37.58
3188 36.64
2859 35.69
6729 34.96
1365 37.15
3733 37.07
3055 36.65
3433 35.36
3235 35.13
3725 34.87
3676 34.59
4280 35.03
3737 35.04
3404 35.09
3612 34.92
3608 34.82
3721 34.62
3520 34.60
4192 35.10
4208 35.03
3206 35.32
2997 35.10
3298 34.29
3196 34.38
3501 34.15
3404 33.96
3368 34.28
3940 33.86
3700 34.00
4399 34.24
4013 34.27
3980 34.48
3732 34.17
4982 34.40
4337 34.42
8981 34.55
2332 36.96
2569 36.85
3541 35.29
3345 34.51
3601 34.69
3648 34.59
3830 34.66
4071 34.37
3968 34.39
3666 34.50
3549 34.19
3274 34.29
3522 33.98
4338 33.57
3509 33.92
3369 34.35
3609 33.95
4171 33.72
7913 34.70
5631 35.60
2850 35.82
3258 35.80
6324 37.66
4631 38.19
2183 38.65
2688 37.95
3165 36.98
3511 36.34
3274 35.72
3512 35.10
3256 35.46
9398 32.16
2165 36.66
2820 36.70
2801 36.53
2554 36.56
3479 34.72
2599 34.53
3091 33.59
3279 33.03
3328 33.48
3321 33.36
3325 33.05
