10722 33.51
3742 32.18
7218 29.56
7687 28.53
7357 31.22
7333 28.81
7743 29.50
7367 28.48
7679 30.70
6935 28.69
7766 29.40
6828 28.10
8204 29.98
6814 28.70
7734 29.32
4794 30.65
10465 33.11
5504 30.52
6915 30.34
5440 30.49
7263 31.29
7114 29.32
7894 29.89
7179 28.94
7992 30.87
6814 29.30
6614 30.78
5340 30.38
8319 30.40
6894 29.17
6460 30.90
7057 29.29
11056 32.44
5101 30.86
6924 30.63
5168 30.42
7436 31.19
6951 29.28
7758 29.66
4731 30.92
7920 30.78
4583 30.96
6861 30.44
6893 29.15
8267 30.29
6980 29.18
7957 29.65
7200 28.81
11231 32.68
4993 31.24
6976 30.79
4971 31.15
7338 31.50
4675 31.47
7380 30.28
4818 30.86
8168 30.70
7066 29.21
6366 30.85
6022 29.95
8488 30.16
6856 29.06
6222 30.75
5013 30.69
11487 32.18
4775 30.94
6965 30.46
4932 30.72
7543 31.19
5273 30.52
7444 30.05
7122 28.75
7941 30.64
6948 29.15
7645 29.48
7394 28.51
7678 30.59
6878 28.92
5941 30.81
5236 30.44
11332 32.10
4777 30.70
7208 30.04
5122 30.43
7528 30.85
7336 28.80
6954 30.10
7171 28.63
8458 29.82
7036 28.72
6231 30.72
5088 30.59
8563 30.08
7011 28.82
6563 30.56
7084 28.93
11201 32.53
4992 30.76
6995 30.70
5025 30.79
7513 31.44
7061 29.33
8086 29.69
7054 28.93
8815 30.13
6566 29.19
6545 30.46
4629 30.77
8470 29.98
6756 28.92
6201 30.45
5255 30.20
11401 32.58
4863 30.71
6743 30.41
6037 29.91
7276 31.05
5150 30.61
7357 30.14
5237 30.31
8208 30.47
7117 28.99
8047 29.41
7288 28.52
9031 29.83
6504 29.08
6677 30.06
4868 30.42
11563 32.36
4688 30.74
7034 30.00
5386 29.94
7272 30.77
7121 28.80
6229 30.35
5420 29.78
8194 29.78
6988 28.34
6324 29.95
5026 29.97
8665 29.19
6743 28.25
6613 29.61
6927 28.18
11029 32.76
5383 30.34
7079 30.04
4573 30.62
7478 30.75
7296 28.75
