2130 48.12
232 45.36
1632 41.45
1413 40.81
1501 42.97
1462 40.82
1608 41.10
1209 40.57
1481 41.92
1374 40.44
894 41.89
1021 40.52
1629 41.05
1379 39.90
1569 40.29
599 41.37
1585 47.62
1044 42.39
983 42.80
1359 41.48
1467 42.64
1435 40.88
1572 41.28
1385 40.16
1457 42.08
1442 40.49
981 41.86
1253 40.59
1545 41.38
1437 40.12
1603 40.77
1335 39.73
2126 45.24
874 41.75
1444 41.29
977 40.90
1080 42.76
1114 40.95
1234 41.32
1122 40.64
1507 41.66
627 41.58
1472 40.44
629 41.00
1714 40.66
1523 39.67
1600 39.98
1421 38.92
2056 45.49
924 41.74
1436 41.36
801 41.67
1591 41.77
697 41.87
1514 40.42
768 40.65
1730 40.77
1421 39.60
1637 39.83
701 40.43
1835 39.92
1342 39.24
1045 40.30
1061 39.72
2150 45.18
1127 41.14
1389 41.12
744 40.90
1532 41.41
979 40.73
1495 40.28
1419 39.31
1524 40.88
1444 39.66
1539 39.95
1495 39.08
1331 41.05
1468 39.21
1544 39.78
1486 38.98
2099 45.18
995 41.02
1397 40.78
741 41.19
1610 41.19
1369 39.75
1210 40.47
764 40.52
1565 40.56
694 40.69
1636 39.64
732 39.95
1778 40.26
1465 38.94
1623 39.57
1405 38.88
2037 45.53
1145 41.26
1306 41.68
786 41.16
1336 42.37
873 41.29
1446 40.69
788 40.42
1651 40.94
1460 39.65
1042 40.73
871 40.19
1661 40.16
1477 39.00
1573 39.37
1410 38.54
2059 45.59
1034 41.35
1276 41.20
1086 40.37
1540 41.39
702 41.18
1574 40.04
710 40.17
1720 40.51
1465 39.28
1674 39.50
1353 38.86
1828 39.88
1231 39.30
1089 39.77
1026 39.34
2037 45.68
1289 41.07
1458 40.97
567 41.24
1663 41.15
1386 39.64
959 40.91
1276 39.51
1585 40.34
1410 38.97
893 40.31
1241 39.07
1609 39.64
1402 38.38
1004 39.54
976 39.15
2049 45.54
1160 41.12
1113 41.31
1198 40.49
1263 41.84
849 40.95
