2650 46.08
388 44.16
1731 40.36
1142 40.14
1645 41.75
1394 40.08
2012 39.72
1880 38.70
2066 40.31
1667 38.58
1971 39.17
515 40.19
2162 39.25
1699 38.16
2068 38.49
1756 37.88
2078 45.55
1108 41.41
1837 40.35
940 40.70
1948 40.81
1845 39.57
2050 39.54
1688 38.71
1801 40.45
1743 38.95
1423 40.31
1334 39.38
1974 39.98
1777 38.68
1339 40.27
1174 39.45
2636 43.80
1402 39.94
1804 39.95
1234 39.44
1511 41.11
1135 40.09
1693 39.66
1285 39.18
1896 40.23
930 39.65
1798 39.20
911 39.53
2076 39.50
1936 38.08
2058 38.68
1872 37.73
2532 44.21
1205 40.32
1630 40.19
1191 39.96
1942 40.27
894 40.54
1902 39.21
916 39.37
2157 39.49
1874 38.28
2045 38.53
784 39.37
2276 38.71
1669 37.86
1335 39.01
1400 38.52
2846 43.23
1074 39.84
1807 39.28
1066 39.23
1808 39.97
1374 38.92
1863 38.93
1856 37.85
2328 39.03
1614 38.17
2007 38.24
1717 37.56
1823 39.28
1789 37.93
1104 39.85
1515 38.44
2609 43.65
936 39.95
1639 39.53
1431 38.84
1911 40.07
1799 38.57
1512 39.53
887 39.62
2105 39.31
1782 37.75
1370 39.36
1323 38.83
2171 39.11
1682 37.97
1262 39.45
1295 38.92
2588 43.93
1544 39.69
1721 40.12
969 39.52
1999 40.40
1761 38.77
1981 39.06
1785 38.15
2173 39.32
1521 38.30
1390 39.22
1022 39.05
2211 38.61
1644 37.68
1310 38.80
1382 38.22
2722 43.71
1237 39.63
1767 39.49
1405 38.87
1847 39.83
1116 39.22
1901 38.77
1063 39.02
2142 39.15
1811 38.02
2018 38.38
1780 37.66
2314 38.60
1528 37.96
1382 38.78
1297 38.36
2712 43.71
1427 39.39
1823 39.10
852 39.25
2030 39.45
669 39.60
2029 38.23
1087 38.17
2097 38.64
1880 37.32
2058 37.67
1816 36.71
1793 38.77
1785 37.23
1306 38.46
1182 38.01
2727 43.62
1197 39.67
1363 39.89
1653 38.69
1526 40.14
1297 39.28
