3240 44.32
499 42.63
2411 38.52
2284 37.63
2226 40.11
2100 38.03
2355 38.44
2020 37.39
2227 39.27
2027 37.54
1515 39.44
1518 37.92
2401 38.53
2071 37.19
2363 37.64
928 38.90
2702 43.91
1714 39.24
2202 38.84
1284 39.40
2259 39.54
2170 37.87
2395 38.37
2019 37.49
2363 39.17
2044 37.76
1690 38.86
1655 37.98
2439 38.57
2123 37.48
1600 39.24
1508 38.53
3157 42.48
1633 38.89
2169 38.80
1347 38.61
1930 39.92
1416 38.96
1889 38.67
1867 37.80
2193 39.20
2173 37.39
2376 37.79
2085 36.89
2146 38.80
1173 38.78
2005 38.22
1442 37.96
3146 42.65
1039 39.80
2413 38.50
1335 38.85
2320 39.11
2140 37.73
1703 38.94
1435 38.43
2536 38.52
2140 37.21
2310 37.68
1186 38.05
2604 37.84
2080 36.86
1671 38.17
1532 37.71
3415 41.95
1391 38.71
1435 39.33
2135 37.69
1986 39.56
1727 38.13
2143 38.20
2220 36.95
2604 38.35
1867 37.27
2378 37.21
2057 36.64
2340 38.19
1975 36.93
1494 38.51
1707 37.50
3371 41.76
1422 38.37
2253 37.89
1109 38.11
2406 38.65
2190 37.16
1912 38.24
1096 38.33
2489 37.93
2167 36.87
1690 38.36
1623 37.78
2646 37.95
1971 36.75
1787 38.11
2190 36.68
3061 42.71
1751 38.90
1903 39.06
1336 38.62
2389 39.41
2046 37.71
2401 37.93
2098 36.87
2678 38.24
1904 37.15
1653 38.34
1323 38.13
2702 37.55
1920 36.47
1568 37.80
1726 37.12
3346 42.28
1374 38.68
2186 38.20
1665 37.68
2229 38.82
1262 38.24
2360 37.59
1163 37.79
2595 37.94
2163 36.92
2495 37.10
2152 36.28
2740 37.70
1920 36.80
1699 37.82
1397 37.52
3169 42.50
1313 38.76
2444 38.15
1147 38.15
2317 38.70
2224 36.88
1585 38.37
1697 37.37
2519 37.61
2060 36.66
1622 37.75
1490 37.07
2594 37.15
2107 35.92
1690 37.07
1242 37.10
3408 42.11
1388 38.67
1986 38.31
1556 37.91
2351 38.59
2152 37.17
