5809 39.15
1514 37.15
4308 34.02
4184 33.22
4086 35.80
4085 33.51
4251 34.17
3954 33.11
4224 35.00
3651 33.22
3077 35.03
2547 34.12
4572 34.27
3895 32.89
4393 33.50
4093 32.83
5499 38.61
3142 34.92
3615 34.95
2645 34.94
4097 35.45
3890 33.86
4352 34.27
3879 33.35
4285 35.18
3872 33.54
3253 35.08
3022 34.31
4422 34.78
4008 33.36
4274 34.11
3840 33.13
6064 37.56
2800 35.05
3952 34.80
2600 34.61
4284 35.27
3938 33.52
4330 33.84
2041 35.22
4607 34.72
2119 35.00
4071 33.91
2216 34.74
4737 34.20
3955 33.07
4592 33.37
4060 32.72
6021 37.96
2735 35.36
3919 34.94
2306 35.34
4095 35.52
2371 35.38
4216 34.23
2399 34.91
4677 34.69
3970 33.33
4420 33.73
2451 34.44
4803 34.13
3886 33.08
3183 34.61
2766 34.29
6309 37.36
2575 35.13
3916 34.65
2480 34.67
4125 35.32
2844 34.46
4176 34.06
3965 32.94
4340 34.70
3841 33.23
4321 33.59
3997 32.80
4195 34.71
3740 33.15
3028 34.94
2955 34.16
6199 37.33
2675 34.70
4082 34.25
2511 34.57
4212 34.98
4023 33.31
3779 34.34
3896 32.96
4854 34.06
3750 33.04
3148 34.86
2802 34.28
4789 34.08
3720 33.10
3531 34.43
4000 33.05
6103 37.71
2851 34.86
3842 34.94
2498 34.83
4284 35.58
3914 33.64
4476 34.01
3938 33.07
4889 34.44
3567 33.43
3175 34.68
2426 34.67
4776 33.92
3744 32.77
3169 34.32
2862 33.83
6097 37.86
2533 34.95
3886 34.55
3223 33.99
4002 35.09
2568 34.71
4177 34.00
2609 34.23
4593 34.51
3989 33.09
4571 33.35
3871 32.79
5130 33.91
3560 33.15
3303 34.20
2625 34.20
5940 37.93
2861 34.67
4021 34.31
2481 34.22
4115 34.97
3934 33.16
3145 34.64
2954 33.72
4605 33.93
3865 32.54
3146 34.06
2607 33.85
4832 33.37
3751 32.48
3309 33.78
2407 33.70
6094 37.80
2791 34.68
4192 34.14
2203 34.57
4365 34.72
3987 33.06
