941 51.00
21 51.00
169 51.00
217 51.00
226 51.00
408 51.00
382 51.00
302 51.00
392 51.00
368 51.00
271 51.00
428 51.00
302 51.00
482 51.00
424 51.00
209 51.00
359 51.00
340 51.00
396 51.00
465 51.00
236 51.00
378 51.00
455 51.00
397 51.00
199 51.00
353 51.00
271 51.00
445 51.00
313 51.00
317 51.00
372 51.00
387 51.00
850 51.00
147 51.00
247 51.00
381 51.00
376 51.00
364 51.00
352 51.00
288 51.00
468 51.00
386 51.00
323 51.00
289 51.00
371 51.00
321 51.00
400 51.00
349 51.00
299 51.00
360 51.00
350 51.00
372 51.00
340 51.00
265 51.00
275 51.00
470 51.00
367 51.00
331 51.00
482 51.00
369 51.00
537 51.00
382 51.00
314 51.00
248 51.00
1073 51.00
76 51.00
164 51.00
252 51.00
325 51.00
374 51.00
491 51.00
482 51.00
372 51.00
237 51.00
348 51.00
220 51.00
376 51.00
557 51.00
507 51.00
447 51.00
329 51.00
243 51.00
243 51.00
469 51.00
504 51.00
250 51.00
203 51.00
235 51.00
421 51.00
316 51.00
390 51.00
460 51.00
215 51.00
386 51.00
235 51.00
669 51.00
670 51.00
191 51.00
269 51.00
469 51.00
335 51.00
317 51.00
345 51.00
394 51.00
300 51.00
411 51.00
269 51.00
363 51.00
316 51.00
315 51.00
397 51.00
233 51.00
306 51.00
213 51.00
221 51.00
228 51.00
250 51.00
249 51.00
238 50.88
262 50.99
240 50.71
231 50.59
234 51.00
230 50.82
234 51.00
221 51.00
189 51.00
212 51.00
748 51.00
118 51.00
446 51.00
335 51.00
406 51.00
344 51.00
359 51.00
286 51.00
333 51.00
278 51.00
280 51.00
261 51.00
203 51.00
267 51.00
246 50.98
271 50.89
268 50.94
285 51.00
227 50.99
240 50.82
272 51.00
241 51.00
250 50.88
272 51.00
260 51.00
236 50.59
246 51.00
280 50.29
328 50.99
377 51.00
232 51.00
310 50.93
855 51.00
349 51.00
346 51.00
306 51.00
411 51.00
298 51.00
276 51.00
268 51.00
248 51.00
237 51.00
304 51.00
249 50.99
246 50.68
247 51.00
240 50.98
274 51.00
277 51.00
256 51.00
273 50.71
229 51.00
239 50.74
214 51.00
264 50.95
279 50.70
303 50.76
325 50.99
287 51.00
310 50.74
362 50.79
330 50.85
315 50.87
423 51.00
715 51.00
147 51.00
379 51.00
460 51.00
443 51.00
431 51.00
321 51.00
264 51.00
243 51.00
252 51.00
254 51.00
227 51.00
219 51.00
206 51.00
206 51.00
212 50.94
257 50.91
208 51.00
238 50.94
209 50.79
261 50.78
229 50.81
252 51.00
372 50.63
217 51.00
364 50.98
216 51.00
301 50.76
253 50.94
244 50.50
217 50.12
235 50.57
839 51.00
81 51.00
222 51.00
471 51.00
411 51.00
389 51.00
294 51.00
161 51.00
234 51.00
222 51.00
183 51.00
216 51.00
219 51.00
226 51.00
183 51.00
181 51.00
186 51.00
184 51.00
307 51.00
235 50.62
327 50.90
289 51.00
312 51.00
265 50.57
280 50.79
312 51.00
478 50.93
172 50.90
295 50.57
181 50.97
251 50.99
262 50.69
711 51.00
134 51.00
462 51.00
505 51.00
482 51.00
279 51.00
181 51.00
216 51.00
176 51.00
206 51.00
223 51.00
227 51.00
222 51.00
212 51.00
241 51.00
227 51.00
224 51.00
201 51.00
342 51.00
191 50.76
420 50.97
213 51.00
286 50.83
290 50.98
212 50.40
313 50.53
156 50.92
186 50.92
214 50.69
297 50.28
229 50.22
218 49.84
901 51.00
169 51.00
428 51.00
362 51.00
395 51.00
296 51.00
259 51.00
224 51.00
213 50.99
222 51.00
251 50.66
202 51.00
