7709 44.22
627 43.47
4126 39.67
3009 39.43
3319 38.43
4269 38.40
3162 38.40
3459 37.82
4522 37.67
3635 37.83
3269 37.81
4078 37.50
3397 37.42
3595 37.28
4454 36.98
3848 36.65
3929 36.98
3533 37.12
3951 36.59
4076 36.67
4213 36.84
4007 36.88
3461 36.53
3936 37.29
4199 36.83
4435 36.96
3998 36.80
3765 36.92
4301 36.80
4540 36.71
4152 36.96
4160 36.76
9820 41.50
1999 39.30
2954 38.89
3213 38.70
3986 37.82
3727 37.84
3880 37.81
4061 37.55
3969 37.29
4150 37.34
4007 37.56
4051 37.49
3995 37.42
3995 37.39
3453 37.66
3833 37.55
4179 37.40
3927 37.34
3760 37.33
3843 37.41
3997 37.54
3750 37.34
4441 36.95
4177 37.13
3949 37.14
4081 37.05
4325 36.93
4164 37.02
4146 37.14
4116 37.07
3891 37.20
3721 37.18
11186 40.51
1256 40.60
2620 39.28
3869 38.35
3537 38.22
3782 37.83
3867 37.06
4023 37.13
3950 37.37
3853 37.16
3502 37.50
4116 37.42
3598 37.07
3976 37.18
3776 37.24
4054 37.06
3821 37.34
3589 37.25
4263 36.71
4066 36.91
3444 37.39
4295 37.09
4122 37.04
4068 37.04
3452 37.42
4059 37.18
3921 37.32
3692 37.53
4734 36.98
4569 37.00
4077 36.85
3822 37.17
10740 41.04
1035 41.04
2500 39.60
3036 39.08
4187 38.31
3486 38.22
3752 38.21
3964 37.68
3705 37.54
4470 37.38
3798 37.68
3787 37.58
3617 37.59
3867 37.44
4045 37.09
3631 37.59
4134 37.40
3853 37.47
3968 37.38
3828 37.00
3872 37.28
4185 36.88
4113 37.10
3619 37.30
4462 36.81
3955 36.80
3965 36.87
3820 37.03
4182 36.82
4326 36.90
4314 36.81
4270 36.60
10409 41.02
1356 40.31
2571 39.27
3536 38.54
3729 38.02
4165 37.42
3709 37.49
3804 37.30
3879 37.29
3779 37.26
3597 37.38
3430 37.63
3822 37.26
4092 37.05
3572 37.19
4319 36.91
3596 37.19
3888 37.25
4005 37.25
3876 37.19
4077 36.97
3472 37.30
4205 36.87
3929 36.93
3803 37.02
3976 36.82
3610 36.94
3919 36.78
3812 36.70
3979 36.50
4110 36.64
4291 36.53
11025 40.40
932 39.93
2644 38.68
2775 38.46
2922 38.56
5069 37.32
3947 37.21
3839 37.22
3962 36.90
4029 36.92
3542 37.36
3920 36.93
4157 36.74
3556 37.03
3926 36.91
4067 36.77
4089 36.80
4036 36.71
3780 36.89
4181 36.67
4331 36.71
4172 36.81
4153 36.87
4227 36.70
4193 36.96
4196 36.87
4103 36.91
4271 36.92
4151 36.79
4349 36.76
4196 36.66
4257 36.81
10547 41.06
974 40.36
2990 38.94
3615 38.33
3608 38.03
3949 37.77
4167 37.38
3914 37.40
3805 37.52
3836 37.43
3921 37.34
3573 37.22
3711 37.40
3686 37.38
4046 37.04
3987 36.93
3520 37.34
3994 36.96
3936 36.95
4193 36.75
3420 37.00
4394 36.74
4115 36.53
3990 36.73
3995 36.87
3785 36.90
4321 36.73
4160 36.58
3983 36.51
3504 36.82
4103 36.68
3676 36.92
11074 40.84
1103 40.23
3279 38.53
3571 38.19
3735 37.70
3802 37.58
4130 37.13
3876 37.19
3950 37.13
3961 37.24
3929 37.16
4261 36.91
3922 37.09
4128 36.96
4169 36.88
3979 36.92
4088 36.94
4238 36.90
4059 36.91
4102 36.86
3611 37.14
4172 37.00
3990 36.89
4192 36.89
3517 37.18
4375 36.83
4001 36.78
4038 36.90
3603 36.97
3929 36.87
4053 36.83
3953 36.62
10805 41.08
1184 39.67
3084 38.57
3455 38.10
4285 37.46
3698 37.38
3749 37.18
3805 37.12
3771 36.95
3690 36.83
3492 37.00
3624 36.87
4036 36.67
3415 36.75
3985 36.57
3577 36.64
3663 36.61
4029 36.61
4170 36.38
3779 36.34
4115 36.26
3998 36.44
3971 36.11
3657 36.36
3856 36.38
4415 36.04
3899 36.17
3863 36.04
4140 36.02
3744 36.14
4189 36.00
3820 36.13
10614 41.19
1647 39.14
3055 38.46
3876 37.69
3886 37.51
4123 37.26
3788 37.19
3955 36.86
3833 36.89
3971 36.52
3709 36.93
3999 36.81
