8590 43.34
756 42.34
4414 39.01
3653 38.56
3483 37.70
4802 37.58
3917 37.60
3653 37.26
4948 37.10
4055 37.22
3496 37.29
4792 36.74
3850 36.70
3679 36.60
4512 36.67
4235 36.36
4545 36.50
3950 36.57
4147 36.07
4809 36.17
4554 36.22
4427 36.30
3742 36.43
4464 36.63
4440 36.39
5066 36.21
4202 36.20
4456 36.03
4443 36.49
4923 36.22
4513 36.33
4634 36.16
11046 40.55
2140 38.93
3220 38.41
3882 37.92
3813 37.54
4384 37.32
4269 37.23
4568 36.94
4376 36.67
4563 36.89
4309 36.79
4466 36.86
4440 36.78
4355 36.89
3979 37.03
4737 36.56
4486 36.70
4139 36.98
4356 36.69
4638 36.60
4656 36.65
4033 36.57
4592 36.53
4228 36.64
4065 36.77
4665 36.51
4781 36.51
4497 36.54
4532 36.53
4643 36.70
4365 36.51
3939 36.91
12293 39.72
1414 40.14
2955 38.66
4296 37.68
3961 37.47
4249 37.30
4199 36.74
4387 36.68
4276 36.75
4344 36.78
4334 36.54
4464 36.73
3894 36.75
4501 36.56
3998 36.84
4494 36.53
4218 36.71
3886 36.82
4813 36.26
4604 36.38
4329 36.49
4542 36.46
4472 36.48
4064 36.85
4336 36.71
4617 36.48
4157 36.83
4275 36.90
4220 36.75
4599 36.85
4488 36.57
4608 36.59
12426 39.90
1176 40.73
2846 39.21
3630 38.27
3296 38.28
5083 37.46
4106 37.38
4611 36.96
3786 36.96
4385 37.18
4089 37.17
4575 36.78
3692 37.05
4727 36.76
4360 36.64
3833 37.06
4143 37.05
4191 37.02
4731 36.50
4176 36.75
4313 36.71
4432 36.42
4038 36.57
4656 36.40
4640 36.31
3911 36.62
4642 36.19
4707 36.13
4639 36.14
4718 36.27
4597 36.24
4536 36.30
11529 40.17
1532 39.42
3187 38.39
3139 38.18
4102 37.60
4483 37.18
4414 36.77
4188 36.67
4223 36.88
3879 36.83
4411 36.68
4049 36.78
4092 36.81
4281 36.52
4330 36.35
4320 36.60
4957 36.26
4296 36.42
4291 36.61
4307 36.49
4388 36.30
4039 36.71
4209 36.65
4367 36.42
4552 36.38
3771 36.30
4363 36.32
4829 35.97
4441 36.02
4081 36.01
4249 36.49
4505 36.11
12250 39.56
1115 39.27
2869 38.18
3112 37.92
4652 37.22
4830 36.63
4147 36.60
4555 36.55
4327 36.52
3998 36.69
4465 36.40
4290 36.45
4459 36.21
3929 36.58
4343 36.32
4540 36.23
4363 36.32
4624 36.17
4615 36.14
4499 36.33
4573 36.27
3936 36.54
4773 36.36
4609 36.20
4763 36.27
4700 36.34
4533 36.34
4728 36.25
4666 36.38
4725 36.21
4706 36.29
4585 36.29
11189 40.60
1316 39.77
3703 38.05
3618 37.87
4014 37.59
4796 37.04
4287 36.90
4207 37.12
4172 36.94
4344 36.86
4268 36.71
4290 36.65
3743 36.99
4500 36.57
4530 36.50
4021 36.80
4335 36.56
4028 36.61
4930 36.13
4213 36.45
4027 36.68
4641 36.33
4117 36.55
4551 36.24
4306 36.36
4520 36.21
4253 36.30
4377 36.43
4312 36.33
4047 36.56
4936 36.04
4522 36.12
11222 40.75
1896 38.74
3640 38.01
3504 37.87
4411 37.32
4339 37.10
4330 37.02
4391 36.77
4239 36.65
4442 36.80
4292 36.44
4561 36.54
4385 36.62
4432 36.49
4503 36.53
3906 36.63
4798 36.49
4453 36.35
3856 36.71
5060 36.30
4521 36.28
4516 36.43
4540 36.39
4453 36.38
4389 36.26
4042 36.49
4316 36.49
4442 36.36
4200 36.45
4572 36.23
4075 36.50
4110 36.31
12505 39.85
874 40.53
3402 38.14
3716 37.51
4563 36.89
4116 36.76
4080 36.71
4261 36.35
4281 36.37
4126 36.24
4031 36.43
4254 36.31
3932 36.12
4498 36.07
4211 35.95
3762 36.25
4392 35.90
4654 35.82
4013 36.20
4176 36.11
4657 35.78
3919 36.09
4385 35.90
4071 35.89
4493 35.81
4347 35.73
4066 35.99
4778 35.36
4596 35.44
4434 35.39
4643 35.51
4645 35.35
11594 40.48
1692 38.70
2932 38.18
3796 37.70
4291 37.05
4819 36.52
4138 36.59
4408 36.42
4253 36.28
4357 36.28
4301 36.31
4386 36.35
