10757 41.43
1188 41.11
5015 37.90
4922 37.09
4533 36.20
5212 36.35
4779 36.35
4904 35.89
5403 35.99
5106 35.94
5240 35.47
5404 35.56
5124 35.42
4917 35.30
5604 35.24
4995 35.40
5604 35.33
4782 35.28
5335 34.89
5408 35.09
5879 34.96
5734 35.14
5245 34.83
6152 35.18
5528 35.03
5793 35.22
5357 35.09
5722 34.96
5384 35.18
6044 35.16
5746 35.20
5508 35.11
13416 38.95
2775 37.58
3932 37.09
4335 36.90
5011 36.24
5677 35.81
5455 35.83
5400 35.87
5334 35.45
5792 35.47
5444 35.60
5381 35.67
5401 35.74
5646 35.62
5180 35.47
5559 35.55
5417 35.67
5021 35.74
5623 35.37
5411 35.46
5640 35.43
5587 35.36
5207 35.57
5418 35.49
5561 35.47
4845 35.68
5582 35.60
5624 35.50
5659 35.36
5750 35.35
5305 35.57
4880 35.74
15123 37.99
1867 38.58
3954 37.20
4027 36.97
5545 36.26
5495 35.90
5080 35.35
5497 35.35
5479 35.62
5238 35.57
5413 35.30
5240 35.47
5338 35.37
5058 35.55
5413 35.54
5138 35.50
5474 35.47
5349 35.24
5607 35.03
5594 35.17
4692 35.62
5559 35.35
4898 35.68
5918 35.22
5658 35.25
5632 35.29
5278 35.41
5491 35.58
5415 35.54
5623 35.68
5858 35.30
5804 35.25
14874 38.44
1547 38.97
3258 38.22
4981 37.10
4845 36.75
4283 36.72
5386 36.49
5809 35.71
5293 35.71
5106 35.90
5109 36.21
5491 35.68
4601 35.98
5759 35.57
5484 35.36
4994 35.73
5360 35.68
5326 35.49
5316 35.50
5193 35.49
5413 35.44
5219 35.29
5233 35.39
5607 35.43
5110 35.34
5330 35.19
5833 35.24
5831 35.05
5785 35.13
5745 35.07
5566 35.09
5739 35.14
14000 38.63
1813 38.41
3626 37.41
4268 37.00
5429 36.20
5069 35.96
5459 35.61
5211 35.56
5376 35.59
5286 35.59
5236 35.53
5036 35.71
5079 35.52
5252 35.59
5231 35.47
5361 35.37
5804 35.14
5455 35.29
5404 35.27
4976 35.55
5685 34.99
5450 35.25
5196 35.28
5724 34.99
5628 35.15
5416 34.99
4870 35.21
5269 35.14
5236 35.19
5108 35.23
5397 35.20
6079 34.85
14739 38.09
1350 38.53
3343 37.17
4488 36.59
4708 36.33
5144 35.88
5406 35.56
5789 35.23
5348 35.30
5674 35.23
5342 35.24
5130 35.25
5732 35.03
5437 35.07
5372 35.10
4887 35.36
5470 35.32
5680 35.13
5609 34.99
5661 35.03
5606 35.08
5562 35.16
4866 35.52
6008 35.16
5751 35.28
5769 35.29
5671 35.16
5767 35.22
5534 35.14
5729 35.12
5721 34.96
5716 35.24
14025 38.76
1568 38.33
4162 37.17
4712 36.68
5581 36.13
5261 35.89
5308 35.84
5278 35.64
5260 35.58
5207 35.78
5468 35.49
5285 35.39
5369 35.36
5429 35.44
4756 35.66
5154 35.59
5364 35.58
5695 35.27
4650 35.66
5530 35.30
5251 35.33
5274 35.38
5519 35.32
5223 35.11
5499 35.20
5093 35.16
5903 34.94
5643 35.00
5483 35.09
5648 35.03
5490 34.88
5640 34.89
14927 38.44
1411 38.71
4485 36.94
4385 36.52
5335 35.90
4803 36.07
5964 35.51
5276 35.60
5229 35.60
5524 35.42
5379 35.52
5528 35.31
5600 35.34
5381 35.30
5567 35.28
5643 35.26
5498 35.28
5577 35.27
5595 35.30
5620 35.16
5551 35.30
5536 35.28
5042 35.48
5336 35.47
5307 35.35
5145 35.53
5316 35.43
5241 35.47
5482 35.24
5439 35.15
5015 35.32
4913 35.23
15253 38.20
1284 38.58
4210 36.99
4499 36.40
5368 35.85
5357 35.54
5052 35.39
5354 35.29
5085 35.35
5206 35.00
5356 35.11
4952 35.18
5166 35.09
5082 35.19
4994 35.02
5271 35.03
5343 34.73
5407 34.94
5158 34.80
5064 34.95
5884 34.59
5757 34.74
5340 34.76
5269 34.76
5483 34.65
5162 34.82
5381 34.60
5326 34.45
5482 34.50
5092 34.68
5622 34.50
5263 34.65
15155 38.26
1343 38.47
3907 37.12
5029 36.02
4809 35.85
5968 35.30
5434 35.31
5620 35.11
5209 35.26
5511 35.02
5346 35.20
5459 35.10
