11921 40.47
1274 39.93
6006 36.80
5447 36.10
5197 35.38
6204 35.36
5798 35.40
5375 35.08
5927 35.24
5906 35.13
5705 34.83
5968 34.84
5788 34.68
5377 34.63
6137 34.80
5869 34.64
6347 34.80
5488 34.66
5653 34.37
6332 34.47
5888 34.61
6322 34.42
6295 34.17
6588 34.69
6042 34.56
6523 34.65
5740 34.52
5667 34.65
6581 34.52
6593 34.51
6321 34.50
6090 34.40
15149 37.96
3059 36.94
4402 36.32
5297 35.93
5638 35.50
6124 35.29
5542 35.43
5775 35.29
6170 34.69
6254 34.89
6197 34.99
6172 34.93
6126 35.00
6194 34.93
5947 34.81
6177 34.81
6089 35.06
6036 34.81
5928 34.85
6076 34.91
6363 34.84
5711 34.86
6049 34.81
5806 34.89
5700 34.90
6105 34.77
6645 34.71
6279 34.68
6182 34.83
6233 34.76
5874 34.89
5636 35.08
16750 37.07
1996 37.92
4129 36.90
5151 36.12
5347 35.94
5963 35.48
5926 34.72
6070 34.75
6057 34.87
6026 34.93
6093 34.79
5864 34.97
5235 35.03
6141 34.80
5779 35.01
5935 34.74
5849 34.95
6062 34.65
6301 34.58
6267 34.63
5905 34.66
6203 34.71
6120 34.61
5556 34.99
6059 34.86
6143 34.84
6034 34.85
6227 34.94
5790 35.05
6423 34.96
5951 34.94
5832 35.05
17132 37.28
1578 38.81
4154 37.25
4647 36.68
5268 36.23
5934 35.74
6659 35.23
5956 35.24
6019 35.04
6159 35.00
6037 35.20
5928 35.12
5922 35.12
5591 35.15
6031 34.94
5764 35.14
5908 35.17
5954 35.02
5791 35.06
5896 34.92
5760 34.94
6218 34.65
5517 35.07
6230 34.81
5815 34.93
5550 34.71
6305 34.71
6520 34.38
6225 34.60
6319 34.49
6321 34.48
6290 34.52
16745 37.12
1490 38.79
4007 36.94
4961 36.39
4915 36.01
5767 35.52
6324 35.00
5927 34.88
6146 34.91
5932 34.83
5260 35.27
6212 34.91
6047 34.76
5311 35.18
6208 34.66
5502 34.91
6113 34.94
6505 34.59
6223 34.61
6046 34.53
5533 34.79
6103 34.68
6048 34.57
5852 34.66
5994 34.63
5571 34.67
5933 34.55
6297 34.21
5772 34.55
6601 34.20
6229 34.38
6349 34.43
16961 36.87
1320 38.33
4310 36.35
4666 35.97
5076 35.67
5254 35.40
6418 34.93
6257 34.60
6167 34.64
6167 34.68
6071 34.65
6027 34.65
5457 34.83
6302 34.51
5850 34.78
5626 34.88
6588 34.33
6115 34.50
6152 34.50
6304 34.46
6221 34.64
6294 34.58
6208 34.47
6399 34.62
6423 34.58
6282 34.65
6263 34.71
6431 34.72
6441 34.70
6333 34.58
6208 34.64
6376 34.58
15696 37.80
1811 37.74
4437 36.57
5467 36.03
5847 35.59
6057 35.36
5976 35.12
5845 35.17
5939 35.14
5943 34.99
5907 35.00
5921 34.90
6007 34.75
6123 34.76
6164 34.80
5884 34.79
5998 34.91
6074 34.63
5779 34.77
6135 34.63
5649 34.86
6198 34.61
5657 34.82
6127 34.58
5940 34.74
5801 34.56
6311 34.59
6295 34.50
6116 34.43
6096 34.49
5786 34.64
5851 34.80
16650 37.52
1591 38.12
4777 36.39
4997 35.81
5486 35.60
6449 35.12
5924 34.99
6059 34.87
5923 34.91
6118 34.88
6059 34.83
6440 34.76
6130 34.71
6041 34.59
6298 34.69
6280 34.74
6160 34.77
6062 34.67
6470 34.70
6157 34.62
6212 34.64
6251 34.67
6209 34.66
6168 34.76
6019 34.67
6060 34.73
6124 34.70
6095 34.69
6178 34.50
5290 34.82
6589 34.37
5848 34.42
16992 37.29
1562 38.05
4723 36.38
4995 35.96
5237 35.50
6207 34.95
5540 34.84
5877 34.77
5831 34.53
5805 34.56
5076 34.94
6042 34.44
5421 34.61
5912 34.48
5218 34.54
6197 34.14
5633 34.21
6351 34.22
5284 34.45
6155 34.27
5648 34.23
6633 33.94
6095 34.03
6183 34.01
6198 33.93
6003 34.02
5657 34.15
6240 33.73
5822 34.20
5877 34.00
6058 33.97
5983 33.99
16900 37.35
1496 38.07
4960 36.14
5267 35.49
5357 35.29
6099 34.94
6327 34.61
5972 34.64
6054 34.46
5888 34.51
6051 34.51
6070 34.45
