12734 39.91
1563 39.24
6139 36.47
6038 35.61
5621 34.93
6885 34.98
5904 34.96
5552 34.67
6529 34.84
6059 34.91
6220 34.41
6392 34.56
6010 34.39
5937 34.16
6516 34.33
6261 34.23
6708 34.29
6236 34.21
6428 33.85
6088 34.16
7113 33.90
6596 34.09
6528 33.84
7205 34.19
6520 34.00
6932 34.32
6277 34.26
6774 33.95
6838 34.13
6847 34.26
6675 34.30
6466 34.07
16033 37.47
3298 36.49
4679 36.02
5272 35.83
5709 35.25
6121 35.22
6999 34.76
6251 34.61
6444 34.43
6785 34.51
6553 34.59
6711 34.65
6303 34.55
6698 34.68
6337 34.50
6603 34.44
6617 34.61
6479 34.62
6400 34.53
6638 34.46
6522 34.51
6177 34.55
6697 34.45
5880 34.71
6208 34.67
6554 34.46
6895 34.32
6562 34.40
6661 34.40
6518 34.60
5825 34.67
6591 34.52
18911 36.06
1659 38.79
4462 36.41
5078 35.90
5815 35.47
5888 35.18
6666 34.36
6516 34.30
6348 34.43
6438 34.42
6473 34.30
6475 34.38
6135 34.40
6320 34.50
6119 34.62
6302 34.52
6373 34.50
6479 34.19
6545 34.15
6740 34.25
6306 34.23
6565 34.21
6514 34.31
6201 34.54
6049 34.67
6973 34.20
6359 34.47
6616 34.57
6277 34.68
6710 34.62
6394 34.53
6412 34.71
18202 36.70
1850 38.27
4404 36.82
5081 36.25
6111 35.59
5896 35.43
6644 35.05
6744 34.89
6201 34.66
6038 34.92
6714 34.69
6368 34.71
5697 34.82
6532 34.60
5932 34.78
6351 34.69
6137 34.81
6655 34.57
6034 34.81
6403 34.62
5900 34.64
7044 34.12
6580 34.34
6594 34.33
6702 34.29
5711 34.48
7443 34.16
6478 34.04
6735 34.14
6808 34.18
6622 34.22
6666 34.26
17699 36.64
1621 38.34
4650 36.38
5180 35.87
6333 35.10
6006 34.95
6452 34.57
6367 34.48
6302 34.52
6321 34.57
6444 34.35
6411 34.49
6515 34.41
6305 34.46
5752 34.67
6891 34.27
6791 34.19
6441 34.43
6200 34.42
6163 34.51
6534 34.29
5873 34.68
6983 34.08
6474 34.08
6642 34.06
6636 34.01
6306 34.01
6242 34.04
6148 34.31
6196 34.32
7123 33.95
6648 34.04
17443 36.63
1859 37.43
3932 36.29
4999 35.79
6178 35.04
5864 34.86
7025 34.39
6377 34.51
6540 34.28
6571 34.29
6435 34.23
6432 34.29
5962 34.50
6617 34.10
6275 34.41
6051 34.54
6993 34.03
6553 34.20
6641 34.07
6698 34.04
6592 34.29
6670 34.17
6808 34.19
6551 34.19
6876 34.20
6823 34.34
6725 34.30
6907 34.23
6610 34.30
6839 34.26
6669 34.21
6765 34.26
16900 37.21
1797 37.43
5195 36.03
5579 35.71
6020 35.35
6685 34.81
6305 34.80
6328 34.70
6304 34.73
6122 34.62
6453 34.51
6465 34.44
6422 34.41
6356 34.46
6412 34.39
6467 34.33
6428 34.40
6466 34.45
6069 34.39
6713 34.08
5625 34.69
6880 34.19
6449 34.29
6081 34.41
6655 34.17
6191 34.24
6575 34.29
5995 34.56
6428 34.29
6077 34.39
6957 33.99
6645 34.02
17469 37.11
1896 37.42
5457 35.81
5555 35.47
6100 35.02
5843 34.95
6816 34.57
6413 34.50
6338 34.39
6568 34.51
6399 34.44
6686 34.36
6685 34.38
6461 34.27
6808 34.40
6654 34.32
6593 34.28
6641 34.35
6720 34.17
6537 34.33
6636 34.18
6541 34.37
6704 34.23
6641 34.30
6491 34.37
6451 34.31
6433 34.42
6501 34.27
6501 34.25
6502 34.20
6677 34.09
6259 34.14
18100 36.76
1524 37.65
5062 35.98
5913 35.14
6156 34.71
6200 34.60
6144 34.45
6008 34.45
6255 34.19
6079 34.27
6256 34.10
5630 34.49
6565 34.00
6374 34.03
6124 33.91
5867 34.07
5929 34.05
6287 34.13
6515 33.90
6420 33.81
6099 34.05
6899 33.66
6344 33.77
6476 33.72
6315 33.84
6322 33.67
5970 33.94
6045 33.65
7191 33.40
6458 33.41
6648 33.43
6752 33.53
17687 36.96
1566 37.64
5135 35.85
6257 34.88
6054 34.72
6694 34.39
6449 34.22
6412 34.07
6438 34.14
6406 34.13
6435 34.07
6413 34.10
