13592 39.37
1662 39.12
6684 36.05
6243 35.27
6208 34.62
7209 34.49
6598 34.47
6130 34.31
6417 34.67
7203 34.24
5862 34.50
7210 33.93
5902 34.33
6809 33.66
7300 33.69
7035 33.66
7025 33.85
6407 33.90
6080 33.95
7331 33.69
7257 33.60
7071 33.75
6863 33.52
7629 33.89
6858 33.65
7238 34.03
6730 33.78
6460 33.96
7114 33.93
7511 33.81
7123 33.82
7114 33.69
17235 36.83
3498 36.14
5116 35.64
5887 35.17
6107 34.79
6568 34.75
7327 34.32
6696 34.31
6827 34.02
7046 34.14
7147 34.15
6979 34.19
6867 34.27
7096 34.22
6815 34.16
6847 34.18
7020 34.19
6980 34.12
6881 34.05
7135 34.03
7035 34.07
6821 34.01
7027 33.96
6938 33.94
7004 33.99
6958 33.97
7291 33.98
7086 33.99
6916 34.16
7065 34.16
6674 34.17
6394 34.30
19916 35.52
1828 38.18
4877 35.97
5373 35.56
6899 34.66
5937 34.79
6559 34.18
6959 33.91
6848 34.18
6979 34.04
6833 34.03
6831 34.14
6667 33.98
7143 33.87
7003 33.94
6894 33.93
6737 33.95
6711 33.97
7155 33.69
7132 33.96
6798 33.85
6913 34.02
7019 33.94
6334 34.24
6897 34.12
6788 34.12
6902 34.20
6932 34.18
6681 34.32
7240 34.18
6613 34.21
6859 34.22
19321 36.15
2043 37.73
5145 36.19
5117 35.90
6041 35.39
6512 35.02
6956 34.77
7184 34.42
6724 34.31
7061 34.36
6911 34.32
6745 34.35
6592 34.26
6353 34.39
6864 34.26
6350 34.50
6978 34.32
6550 34.39
6846 34.24
6412 34.34
6699 34.23
6946 34.00
6340 34.38
7055 34.03
6576 34.12
6532 34.07
7324 33.90
7151 33.78
7187 33.81
7178 33.74
7050 33.81
7319 33.71
18878 36.06
1737 37.82
4529 36.32
5313 35.73
6004 35.13
7120 34.55
6754 34.25
6799 34.14
6717 33.99
6761 34.20
6851 34.04
6805 34.05
6867 33.99
5944 34.43
7200 33.99
6946 33.87
6879 34.03
7199 33.90
6367 34.14
6696 34.08
6846 33.92
6343 34.20
7222 33.77
6106 34.05
7206 33.69
7190 33.49
6812 33.68
6679 33.78
6315 33.97
6854 33.75
7455 33.70
7229 33.61
18665 36.06
1858 37.41
4737 35.54
5537 35.09
6424 34.70
7542 34.02
6589 34.10
6904 34.08
6940 33.93
7022 34.02
6909 33.95
6867 33.95
6851 33.86
6839 33.80
6951 33.71
7040 33.88
6952 33.92
7123 33.81
6878 33.78
7169 33.71
7075 33.97
7003 33.88
7022 33.86
7143 33.89
7162 33.84
7255 33.98
7043 33.93
7273 33.97
7088 33.95
7200 33.92
7062 33.84
7163 33.86
18793 36.23
1500 37.65
5118 35.98
6121 35.27
6047 34.97
7331 34.30
6741 34.34
6759 34.29
6896 34.30
6623 34.32
6853 34.20
6728 34.09
6860 33.94
6800 34.11
6887 34.09
6863 33.95
7000 33.96
6819 34.06
6868 33.89
6253 34.17
7121 33.90
6261 34.11
7334 33.80
6977 33.77
7042 33.93
6840 33.74
6530 33.95
6829 34.07
6435 34.11
6800 33.91
6812 33.93
6491 33.98
18910 36.42
1986 37.25
5375 35.68
5768 35.15
6637 34.79
6962 34.33
6822 34.26
6247 34.37
7248 34.05
6842 34.16
7060 34.03
7052 34.06
7109 33.89
6995 33.95
7201 33.97
7103 33.94
7000 34.04
6983 34.00
7137 34.07
7038 33.93
7090 33.95
6960 33.97
7129 33.84
6992 34.04
6923 34.02
6791 34.09
6875 33.98
6957 33.84
6976 33.82
6990 33.82
6790 33.92
6644 33.80
19246 36.21
1774 37.40
5274 35.67
5834 35.07
6410 34.56
6973 34.13
6226 34.06
6749 33.97
6523 33.90
6577 33.86
6723 33.82
6136 34.08
6536 33.77
6258 33.98
6415 33.75
6541 33.53
6823 33.56
6687 33.61
6739 33.57
6958 33.49
6258 33.68
6665 33.65
7250 33.28
6325 33.54
7293 33.29
6987 33.20
7001 33.26
6270 33.36
7248 33.17
7076 33.05
7008 33.13
7147 33.09
18871 36.32
2041 36.86
5636 35.33
5873 34.74
6746 34.32
7033 34.00
6696 33.90
6889 33.91
6886 33.63
6743 33.69
6860 33.77
6908 33.73
