15120 38.38
2105 38.08
7239 35.22
7455 34.37
7019 33.85
8187 33.76
7412 33.71
6921 33.71
8095 33.60
7508 33.66
7471 33.50
7277 33.56
7321 33.42
6975 33.35
7685 33.38
7598 33.19
7957 33.34
7324 33.21
7747 32.89
7115 33.36
8437 32.94
7795 33.14
7938 32.74
8522 33.19
7697 33.05
8316 33.30
7370 33.22
7969 33.05
8101 33.08
8113 33.24
8037 33.22
7716 33.16
19026 35.97
3932 35.52
5263 35.09
6872 34.64
7284 33.89
6992 34.10
7119 34.07
8179 33.52
7743 33.32
7959 33.51
7870 33.51
7776 33.58
7865 33.55
7825 33.59
7679 33.51
7805 33.53
7705 33.54
7601 33.44
7835 33.42
7717 33.46
7999 33.49
7725 33.36
7842 33.28
7847 33.22
7744 33.33
7867 33.13
8001 33.33
7835 33.37
7797 33.31
7972 33.50
7603 33.41
6874 33.77
22169 34.53
2294 37.33
5523 35.31
6564 34.64
6750 34.29
7130 34.14
7784 33.30
7661 33.18
7855 33.40
7671 33.28
7723 33.28
7610 33.38
7388 33.32
7998 33.13
8000 33.28
7708 33.33
7547 33.22
7594 33.26
7988 33.07
7987 33.18
7390 33.31
7691 33.43
7889 33.23
7117 33.61
7672 33.46
7671 33.55
7586 33.66
7890 33.63
7322 33.72
8032 33.59
7530 33.50
7486 33.58
21743 35.15
2297 37.13
4985 35.92
6278 35.17
6736 34.77
7448 34.25
8308 33.80
7514 33.73
7665 33.58
7929 33.60
7641 33.58
7149 33.81
7715 33.56
7903 33.45
7597 33.49
7812 33.49
7605 33.58
7224 33.65
7941 33.45
7850 33.34
7680 33.41
7212 33.54
7437 33.57
7580 33.49
7711 33.48
8008 32.94
8334 33.11
7744 33.13
7953 33.16
8123 33.14
7990 33.11
7850 33.28
21344 35.00
2027 37.16
5199 35.59
6468 34.90
7063 34.24
7569 33.85
7598 33.53
7456 33.49
7825 33.45
7450 33.37
7702 33.40
7604 33.47
7587 33.36
7604 33.38
7288 33.55
7443 33.47
8248 33.17
7602 33.42
7553 33.38
7303 33.49
7646 33.15
7198 33.49
8191 32.99
7920 33.07
7947 33.04
7711 33.07
7649 32.95
7543 33.10
7089 33.41
7437 33.19
8426 32.92
7747 33.03
21074 34.99
2250 36.56
5034 35.24
6990 34.30
6878 33.97
7617 33.60
7948 33.36
7605 33.29
7777 33.18
8022 33.22
7733 33.27
7771 33.23
7782 33.22
7574 33.15
7774 33.24
7721 33.20
7928 33.19
7719 33.13
7925 33.00
7994 33.13
7789 33.16
7843 33.24
8103 33.20
7929 33.22
7964 33.27
8193 33.32
7869 33.27
8003 33.28
7970 33.33
8045 33.26
7818 33.28
8077 33.22
20514 35.45
1744 37.29
5848 35.38
6229 34.91
7835 34.12
7679 33.77
7733 33.62
7633 33.60
7586 33.54
7406 33.56
7513 33.54
7759 33.35
7718 33.37
7599 33.46
7807 33.37
7597 33.31
7879 33.23
7700 33.31
7721 33.21
7705 33.16
7719 33.22
7860 33.19
7748 33.33
6758 33.67
7523 33.48
7744 33.21
7594 33.34
7340 33.57
7675 33.34
7046 33.44
8211 33.15
7833 33.03
22083 35.04
1643 37.65
5698 35.23
6721 34.46
7072 34.10
8058 33.63
7137 33.79
7871 33.55
7752 33.37
7786 33.44
7756 33.41
8053 33.23
7912 33.41
7597 33.22
7945 33.36
8215 33.23
7744 33.33
8011 33.25
7850 33.27
7903 33.34
7817 33.30
7833 33.24
7860 33.29
8007 33.25
7795 33.31
7704 33.37
7751 33.24
7872 33.22
7750 33.18
7793 33.12
7878 33.11
7347 33.14
20570 35.60
1980 36.47
6156 35.00
6518 34.45
7752 33.64
7397 33.51
7311 33.50
7525 33.29
7306 33.12
7370 33.15
7390 33.15
7486 32.96
7437 33.00
6685 33.36
7539 33.05
7929 32.81
6685 33.10
7244 33.22
7169 33.01
7491 32.86
7738 32.93
7895 32.73
7765 32.67
7728 32.82
7274 32.74
7981 32.53
7845 32.62
7209 32.60
7967 32.67
6758 32.94
8269 32.53
8266 32.50
20736 35.52
2244 36.42
6117 34.88
6924 33.98
6997 33.84
8112 33.30
7597 33.23
7686 33.15
7725 33.11
7696 33.08
7766 33.01
7672 33.09
