15568 38.15
2290 37.65
7779 34.87
7344 34.28
7361 33.66
8399 33.68
7469 33.65
7152 33.37
8199 33.40
7777 33.61
7718 33.31
6945 33.59
7417 33.38
7455 33.12
8543 33.02
8206 32.82
8023 33.15
7549 33.05
7772 32.76
7424 33.12
8617 32.83
7918 32.99
8184 32.75
8741 33.07
7865 32.92
8453 33.13
7691 33.08
8036 32.80
8428 32.93
8236 33.13
8136 33.05
8060 32.93
19600 35.68
4281 35.20
5698 34.80
6810 34.48
6957 34.00
7521 33.95
8324 33.48
7756 33.45
7899 33.19
8222 33.30
8111 33.27
8147 33.42
8032 33.40
7896 33.45
7842 33.36
8087 33.29
8035 33.48
7902 33.32
7917 33.27
8174 33.29
8115 33.37
7948 33.23
8053 33.18
8034 33.15
8025 33.20
7964 33.13
8152 33.19
8240 33.21
7869 33.32
8118 33.32
7660 33.40
8006 33.28
21425 34.88
3050 36.28
5532 35.16
6791 34.54
7339 33.96
7502 33.74
7804 33.16
7714 33.12
8027 33.30
7748 33.23
7824 33.15
7746 33.40
7655 33.12
8106 33.03
8057 33.21
7883 33.23
7789 33.19
7534 33.24
7459 33.38
8487 33.08
7797 33.09
7866 33.20
7996 33.14
7354 33.45
7712 33.43
8138 33.22
7548 33.46
8138 33.35
7495 33.51
8254 33.33
7859 33.40
8559 33.05
21866 35.08
2372 37.02
5077 35.98
6991 34.81
7117 34.44
7186 34.14
7916 33.87
8085 33.54
7631 33.53
8118 33.41
7946 33.56
7811 33.51
7583 33.44
7998 33.26
7895 33.22
7902 33.35
7131 33.72
8267 33.33
8098 33.26
7758 33.28
7379 33.58
8033 33.11
7055 33.57
8280 33.15
8183 32.99
7268 33.12
8332 33.03
8309 32.88
8178 32.94
8260 32.96
8180 33.02
8216 32.96
21817 34.81
2130 37.03
5302 35.41
7384 34.42
7318 33.94
7461 33.72
7804 33.41
7156 33.58
7592 33.51
8128 33.31
7887 33.23
7837 33.23
7795 33.15
7625 33.24
7707 33.36
7491 33.32
8655 32.97
7943 33.12
8032 33.05
7860 33.11
7318 33.22
7711 33.34
8190 32.99
7329 33.26
7936 33.09
7392 33.18
7600 33.13
8243 32.85
8108 32.78
7591 33.00
8331 32.83
7449 33.29
22829 34.21
1771 37.07
5201 35.06
6089 34.53
7125 33.96
7649 33.49
7837 33.41
8321 33.11
7317 33.35
8372 33.10
8176 33.10
7919 33.03
8112 33.02
7924 32.94
7891 32.96
8136 32.93
8193 32.97
8107 32.92
7962 32.94
8219 32.94
8176 32.98
8164 33.01
8388 33.07
8135 33.05
8328 33.04
8380 33.12
8106 33.14
8305 33.16
8206 33.13
8279 33.07
8174 33.03
8269 33.20
20932 35.28
1747 37.05
6064 35.14
7191 34.48
7635 33.99
7853 33.64
7831 33.50
7887 33.45
7606 33.53
7838 33.40
7739 33.43
7937 33.19
7884 33.20
7855 33.29
7789 33.26
7881 33.14
8069 33.18
7868 33.30
7968 33.10
7772 33.10
8029 33.09
8035 32.96
7960 33.06
7846 33.06
8117 33.09
7811 33.02
7619 33.19
7638 33.23
7518 33.29
7872 33.14
7993 33.03
8242 32.91
21623 35.23
2369 36.42
6200 34.88
6615 34.42
7650 33.85
7225 33.84
8172 33.37
8008 33.29
7714 33.41
7897 33.36
8019 33.22
8203 33.19
7948 33.21
8019 33.15
8146 33.23
8165 33.09
7990 33.17
8118 33.19
8282 33.13
7958 33.11
8140 33.11
8133 33.11
8037 33.17
8101 33.10
8046 33.10
7948 33.20
7777 33.22
8075 32.98
7860 33.01
8016 33.01
8146 33.05
7602 32.91
21737 35.10
2208 36.30
6110 34.90
6634 34.24
8023 33.41
7524 33.30
7461 33.19
7681 33.17
7531 33.14
7499 33.07
7786 32.95
7612 32.90
7587 32.87
7653 32.79
7806 32.77
7775 32.72
7258 32.85
8323 32.57
7734 32.70
7731 32.71
7507 32.80
8354 32.47
7762 32.59
8016 32.53
7576 32.73
7936 32.51
7147 32.81
8412 32.21
8161 32.49
7852 32.36
7403 32.72
8161 32.51
22008 35.02
2190 36.14
6137 34.70
7177 33.90
7608 33.37
8129 33.16
7962 33.02
7788 32.99
7915 32.87
7957 32.92
7885 32.89
7973 32.96
