1929 51.00
54 51.00
159 51.00
628 51.00
601 51.00
570 50.98
293 51.00
479 50.61
713 50.88
477 50.41
395 50.23
591 50.60
550 49.13
614 49.85
725 49.94
553 49.49
629 49.93
446 49.31
617 49.27
707 49.65
478 49.23
683 49.10
648 48.88
662 49.65
471 49.63
682 48.86
548 48.92
652 48.83
598 48.60
642 48.82
710 49.06
686 49.67
2284 51.00
237 50.50
568 50.97
412 50.79
554 50.89
629 50.70
503 50.63
370 50.08
687 50.20
741 50.72
561 50.40
555 50.16
469 49.69
422 49.24
735 49.26
589 49.49
535 49.26
532 49.71
478 48.77
405 49.42
525 48.57
340 48.45
363 48.31
788 48.81
787 47.84
538 48.32
721 48.27
670 48.82
869 48.81
648 48.63
602 48.14
597 47.87
2279 51.00
166 50.85
350 51.00
230 50.70
377 49.28
449 49.27
677 49.42
646 50.24
522 49.68
339 48.86
514 49.46
306 49.04
484 49.69
710 49.33
631 49.18
764 49.40
538 49.47
386 48.77
521 47.67
652 49.01
670 49.00
567 48.17
594 47.55
736 46.80
749 47.68
637 48.17
726 47.99
769 47.75
560 47.58
854 47.62
757 46.70
634 47.34
2154 51.00
374 50.97
501 50.97
255 51.00
588 50.66
365 49.35
419 49.53
460 49.39
388 49.28
614 50.16
277 49.16
496 49.89
321 49.20
363 49.64
687 48.73
380 47.86
676 48.20
394 47.75
605 47.31
546 47.78
671 46.53
537 47.43
586 47.11
617 46.86
642 46.53
643 46.17
772 46.33
747 46.12
586 46.33
659 46.05
603 46.09
738 45.84
2113 51.00
225 49.98
160 51.00
314 49.61
363 48.86
269 48.83
307 48.76
368 48.33
349 49.42
354 48.14
341 48.59
450 47.95
445 47.28
617 47.59
545 46.81
522 47.39
711 46.92
698 46.37
661 46.14
659 45.69
687 46.66
596 46.55
584 46.26
659 45.58
739 45.66
584 45.45
803 45.26
624 45.41
748 45.37
682 45.18
733 45.31
663 45.35
2106 51.00
293 49.92
154 50.95
261 49.25
361 48.86
382 48.15
288 48.02
295 48.99
362 48.58
292 48.88
304 48.39
542 46.91
487 48.13
574 47.41
530 47.12
668 46.68
560 46.32
543 47.05
593 46.29
801 46.03
743 45.69
514 46.34
513 46.55
724 45.73
781 45.34
650 45.72
687 45.82
835 45.38
801 45.58
712 45.15
819 45.28
772 45.29
2087 51.00
310 50.39
134 51.00
307 50.03
369 49.17
283 48.92
316 48.54
412 48.63
299 49.02
341 49.00
321 48.69
410 48.48
475 48.04
585 47.33
521 47.13
611 47.29
577 47.10
654 46.61
643 45.84
601 46.42
641 45.60
657 46.36
802 45.64
524 45.56
789 45.29
666 45.60
572 45.62
702 45.48
891 45.21
701 44.88
785 44.34
772 44.42
2210 51.00
199 50.78
151 51.00
215 49.88
307 49.02
228 48.89
237 49.33
290 49.05
209 49.20
264 49.10
405 48.04
403 47.55
462 47.57
462 47.74
673 46.58
521 47.46
740 46.32
652 46.31
516 46.15
729 45.47
523 46.17
700 45.69
813 45.33
688 45.03
815 45.30
741 45.17
793 45.08
685 45.06
680 44.46
897 44.98
708 44.65
853 44.64
2147 51.00
186 50.56
86 51.00
346 48.93
356 48.44
263 48.29
223 48.82
280 48.18
364 47.74
351 47.96
292 48.09
394 47.27
486 47.03
521 46.71
579 46.98
617 45.85
645 46.47
549 46.09
674 45.60
657 45.29
731 45.45
588 45.40
702 45.22
767 44.89
736 44.84
691 44.63
717 43.96
666 44.41
794 44.05
574 44.41
651 44.44
930 43.71
2115 51.00
276 50.36
158 50.99
224 50.24
472 48.83
405 48.71
425 48.74
391 47.83
382 48.31
295 47.98
349 48.13
329 48.18
