16019 37.90
2337 37.57
8067 34.68
7550 34.06
7666 33.45
8438 33.53
7636 33.45
7497 33.22
8524 33.33
7915 33.36
7931 33.15
8130 33.14
7125 33.32
7567 32.92
7868 33.22
8392 32.87
8482 33.08
7179 33.15
7434 32.93
8176 32.84
8368 32.92
8553 32.78
8280 32.51
9017 32.95
8087 32.72
8619 32.99
7828 32.90
7282 33.11
8698 32.80
8603 32.87
8539 32.85
8183 32.73
20315 35.39
4330 35.06
6031 34.79
6566 34.51
7397 33.76
8364 33.49
8246 33.28
7981 33.38
8100 33.08
8350 33.10
7772 33.52
7998 33.49
8338 33.22
8363 33.26
8062 33.11
8300 33.17
8332 33.25
8127 33.17
8065 33.17
8355 33.02
8377 33.25
8133 33.11
8125 33.12
8329 32.99
8176 33.03
8134 32.97
8395 32.93
8421 33.07
7997 33.18
8301 33.13
7917 33.16
7449 33.43
23224 34.11
2465 36.91
5838 34.95
6376 34.64
7494 33.92
7865 33.56
7991 33.03
8174 32.90
8026 33.15
7621 33.25
8397 33.04
8069 33.08
7777 32.94
8482 32.86
8307 32.93
8018 33.04
8041 33.00
7980 32.95
7834 33.01
8537 32.92
8123 32.93
8145 33.01
8219 32.85
7625 33.17
7975 33.28
8056 33.16
8109 33.21
8172 33.19
7912 33.45
8665 33.23
7953 33.23
8842 33.01
22448 34.86
2389 36.92
5312 35.68
6460 35.05
7788 34.24
7292 34.15
8248 33.76
8207 33.45
8089 33.29
7681 33.49
8329 33.30
8025 33.37
7852 33.21
7440 33.52
8046 33.25
7562 33.54
8044 33.40
7667 33.39
8388 33.29
8219 33.07
8330 33.01
7354 33.21
7992 33.15
7719 33.23
8337 32.96
8319 32.80
7814 33.03
7956 33.02
8016 33.09
8748 32.79
8390 32.71
8563 32.83
22411 34.57
2135 36.91
5513 35.22
6782 34.53
7515 33.89
7727 33.56
8147 33.17
7370 33.37
8500 33.09
7994 33.12
7997 33.15
8118 33.08
8023 33.03
7856 33.10
8289 32.93
8063 33.05
8162 33.06
8248 33.00
8164 33.09
7387 33.18
8452 32.91
8264 32.79
7633 33.10
8124 32.91
7684 33.08
8010 32.92
7478 32.96
8496 32.67
8276 32.63
7776 32.91
8040 32.86
8523 32.80
23347 34.03
1810 37.07
5458 34.88
6235 34.35
7115 33.93
7050 33.73
9033 32.98
8247 33.03
7563 33.09
8768 32.86
8242 32.93
8220 32.83
8220 32.80
8113 32.79
8253 32.79
8329 32.82
8336 32.86
8288 32.81
8209 32.82
8390 32.77
8224 32.85
8485 32.85
8381 32.90
8402 32.96
8453 32.90
8504 32.81
8249 33.12
8447 33.04
8481 32.94
8621 32.94
8270 32.85
8499 32.95
21651 34.91
1918 36.71
6275 34.96
7304 34.23
7178 34.01
7732 33.65
8419 33.32
7993 33.30
7983 33.32
8002 33.29
8100 33.11
7909 33.10
8144 33.05
8004 33.09
8146 33.11
8208 32.99
8217 33.11
8069 33.00
8210 32.97
8047 32.97
8149 32.96
8213 32.89
8215 32.91
7164 33.21
7806 33.18
8301 32.94
7740 33.12
7925 33.16
7749 32.98
7821 33.10
8353 32.87
8390 32.80
23374 34.51
1726 36.91
6181 34.98
6960 34.22
7869 33.51
7610 33.62
8469 33.14
8034 33.08
8152 33.12
8127 33.16
8255 33.04
8469 33.03
8371 32.96
8226 33.01
7986 33.03
8615 32.96
8118 33.06
8272 32.97
8437 32.98
8223 32.96
8441 32.95
8302 33.01
8421 32.89
8146 32.99
8234 32.94
8132 32.98
8131 32.85
8272 32.91
8214 32.86
8156 32.88
8103 32.95
7780 32.70
21606 35.16
2235 36.32
6055 34.78
7722 33.85
7386 33.58
7962 33.21
7602 33.09
7849 33.03
7966 32.87
7724 32.86
7952 32.87
7946 32.88
7808 32.73
7995 32.75
6864 33.07
8093 32.66
7728 32.65
8190 32.54
7715 32.64
8277 32.52
7449 32.70
8757 32.36
7968 32.59
8001 32.46
8101 32.50
7625 32.64
8116 32.44
7774 32.41
8302 32.35
7507 32.53
8317 32.26
7905 32.54
22569 34.77
2429 36.01
6034 34.73
8093 33.41
7419 33.33
8462 32.97
8032 32.98
8163 32.84
8179 32.76
7963 32.81
8151 32.82
8163 32.76
