16450 37.67
2455 37.48
8148 34.55
7872 33.80
7756 33.33
8783 33.38
7875 33.31
7559 32.99
8840 33.06
8219 33.09
8154 33.01
8365 32.95
7978 32.91
7306 32.91
8309 33.06
8333 32.79
8624 32.83
7773 32.88
8395 32.42
8156 32.78
8511 32.69
8507 32.82
8586 32.42
9034 32.80
8332 32.68
8874 32.85
8025 32.70
8057 32.73
8424 32.83
8968 32.67
8511 32.71
8413 32.70
21136 35.03
4413 34.96
6222 34.54
7292 34.01
7859 33.38
7642 33.55
7644 33.65
8749 33.12
8218 32.95
8550 33.00
8661 33.05
8340 33.13
8307 33.14
8743 33.07
8255 32.93
8359 32.98
8418 33.08
8385 33.07
8328 33.00
8447 32.89
8720 32.94
8363 32.88
8377 32.93
8474 32.84
8397 32.85
8377 32.87
8691 32.95
8584 32.93
8288 32.97
8625 33.11
7917 33.02
8759 32.96
23403 34.06
2511 36.65
5993 34.86
7176 34.17
7855 33.64
7265 33.72
8413 32.88
8245 32.76
8438 33.01
7602 33.19
8644 32.87
8372 32.96
7972 32.83
8833 32.63
8500 32.87
8170 32.92
8227 32.91
8147 32.80
8540 32.71
8578 32.82
8212 32.82
7909 33.07
7628 33.30
8649 32.80
8633 32.91
8424 32.90
7874 33.24
8494 33.09
8202 33.15
8614 33.13
8199 33.08
7850 33.28
23361 34.51
2700 36.45
5816 35.44
6487 34.80
7910 34.01
7492 33.91
8414 33.61
8491 33.18
8338 33.07
7952 33.36
8656 33.19
8095 33.18
8117 33.11
8538 32.84
8375 32.99
8333 33.03
8377 33.07
8398 32.95
7552 33.45
8285 33.10
7850 33.16
8272 32.83
7634 33.17
8479 32.86
8227 32.91
8573 32.67
7950 32.99
8059 32.86
8273 32.90
9086 32.67
8809 32.57
8670 32.75
22871 34.38
2200 36.64
5662 35.14
6481 34.61
7936 33.84
8031 33.44
8487 33.06
7516 33.28
8726 33.02
8092 33.00
8276 32.91
8410 32.95
8244 32.95
8131 32.99
7364 33.34
8600 32.92
8408 32.90
8595 32.81
7975 33.05
7836 33.04
8344 32.81
7737 33.03
8590 32.78
7875 32.86
8167 32.88
8021 32.76
7585 32.95
8939 32.53
8424 32.51
8565 32.46
8617 32.58
8630 32.54
23298 34.03
2083 36.58
5574 34.79
7029 34.04
7652 33.57
7496 33.35
7686 33.21
8187 33.12
8143 32.90
8931 32.70
8553 32.76
8375 32.77
8536 32.64
8058 32.81
8612 32.73
8297 32.76
8640 32.75
8430 32.75
8616 32.67
8568 32.63
8426 32.83
8488 32.68
8636 32.79
8714 32.75
8661 32.80
8745 32.77
8554 32.85
8668 32.83
8581 32.77
8908 32.75
8496 32.74
8606 32.89
22588 34.52
2001 36.58
6348 34.78
7457 34.09
8063 33.61
8343 33.23
8238 33.17
8219 33.15
8265 33.13
8085 33.13
8341 33.03
8181 32.88
8379 32.91
8264 32.93
8343 32.95
8240 32.99
8330 32.96
8302 32.90
8242 32.81
8361 32.80
8308 32.82
8271 32.85
8551 32.71
8420 32.79
8509 32.74
8282 32.62
8730 32.69
8514 32.65
8372 32.68
8242 32.70
8087 32.80
7791 32.97
24024 34.26
1746 37.03
6322 34.76
7783 33.82
7730 33.55
7875 33.40
7905 33.36
8027 33.17
8584 32.93
8614 32.95
8285 32.91
8707 32.81
8507 32.90
8501 32.84
8672 32.72
8521 32.87
8406 32.91
8520 32.86
8511 32.89
8690 32.79
8429 32.78
8676 32.87
8577 32.75
8560 32.74
8272 32.84
8305 32.80
8211 32.85
8585 32.68
8422 32.79
8410 32.54
8366 32.62
8047 32.68
21894 35.01
2327 36.26
6639 34.57
7137 34.01
7806 33.38
8297 33.01
7862 32.98
8034 32.89
7978 32.78
7978 32.71
8113 32.76
8005 32.69
8197 32.51
8114 32.57
7227 32.82
8049 32.54
8265 32.39
8291 32.62
7754 32.57
8927 32.18
8371 32.29
8721 32.29
8081 32.40
8315 32.26
8053 32.36
8103 32.43
7957 32.50
8166 32.19
8248 32.31
7839 32.34
8434 32.12
8059 32.37
23138 34.54
2482 35.94
6154 34.56
8223 33.32
7709 33.12
8468 32.83
8395 32.71
8414 32.69
8352 32.60
8345 32.60
8351 32.63
8345 32.70
