16866 37.45
2693 36.81
8164 34.47
8120 33.75
8012 33.19
9000 33.23
8136 33.11
7787 32.93
8862 32.94
8469 32.99
8286 32.80
8593 32.79
8222 32.79
8266 32.49
8646 32.65
8247 32.72
8878 32.78
7818 32.86
7671 32.72
8692 32.50
8549 32.51
8958 32.43
9070 32.16
9196 32.78
8545 32.51
8966 32.66
8315 32.51
8715 32.34
8924 32.48
8979 32.55
8833 32.62
8718 32.47
21096 35.05
4514 34.86
6352 34.43
7538 33.92
7375 33.60
8106 33.42
9104 32.91
8492 32.99
8503 32.82
8706 32.77
8244 33.10
8753 33.00
8505 32.90
8782 32.90
8521 32.86
8551 32.90
8727 32.95
8351 32.94
8502 32.83
8741 32.73
8862 32.87
8534 32.71
8750 32.61
8731 32.72
8333 32.83
8646 32.64
9002 32.67
8732 32.72
8564 32.79
8802 32.83
8320 32.85
8697 32.83
24015 33.82
2620 36.41
6194 34.80
6641 34.43
8424 33.40
7984 33.44
8363 32.77
8601 32.69
8595 32.88
8486 32.81
8443 32.73
8623 32.86
8155 32.71
8802 32.58
8812 32.66
8279 32.82
8505 32.77
8253 32.65
8771 32.48
8488 32.77
8552 32.65
7986 32.90
8192 32.93
8504 32.81
7952 33.14
8890 32.78
9044 32.64
9007 32.72
8861 32.72
9211 32.80
8593 32.78
8973 32.74
22815 34.71
2589 36.66
6060 35.28
7264 34.42
7654 34.05
7766 33.72
8522 33.47
8789 33.15
8293 33.03
8133 33.20
8794 32.93
8264 33.03
8287 32.99
8733 32.81
8439 32.90
8607 32.91
8587 32.97
8513 32.88
8056 33.19
8302 33.00
7961 33.01
8663 32.72
7904 33.09
8511 32.91
8218 32.87
8020 32.83
9180 32.56
8782 32.57
8787 32.52
8985 32.60
8899 32.50
8680 32.67
23313 34.18
2370 36.42
5869 34.94
7187 34.16
7648 33.70
8354 33.29
8695 32.93
8448 32.87
8517 32.84
8315 32.81
8407 32.81
8533 32.88
8423 32.75
8269 32.79
8608 32.65
8667 32.72
8912 32.65
8502 32.81
7826 33.00
8440 32.68
8167 32.75
8166 32.89
8647 32.62
8158 32.69
8419 32.71
8079 32.66
8100 32.68
8989 32.40
8660 32.36
7990 32.72
8267 32.69
9191 32.41
24237 33.67
2036 36.73
5746 34.41
6557 34.19
8252 33.23
7783 33.11
8432 32.88
8153 32.90
8352 32.80
9251 32.57
8639 32.67
8713 32.59
8509 32.57
8651 32.50
8755 32.47
8688 32.57
8824 32.44
8683 32.51
8571 32.47
8950 32.53
8714 32.60
8854 32.61
8818 32.64
8817 32.65
8921 32.58
8904 32.66
8807 32.76
8939 32.66
8871 32.68
9010 32.64
8596 32.67
8857 32.67
22500 34.61
1942 36.95
6448 34.64
7149 34.17
8699 33.46
8437 33.13
8480 33.06
8387 32.97
8495 32.95
8389 32.97
8357 32.92
8374 32.82
8543 32.77
8534 32.81
8641 32.66
8570 32.76
8493 32.79
8467 32.70
8585 32.71
8442 32.64
8699 32.63
8495 32.76
8603 32.58
8411 32.64
8814 32.62
8456 32.49
8944 32.52
8734 32.60
8504 32.54
8648 32.59
7872 32.74
8143 32.76
23324 34.52
2780 35.70
6693 34.40
7258 33.89
8288 33.45
8263 33.29
8671 33.00
7837 33.11
8870 32.87
8666 32.78
8527 32.84
8907 32.87
8759 32.74
8651 32.70
8726 32.76
8799 32.68
8685 32.67
8474 32.78
8799 32.77
8699 32.81
8768 32.79
8678 32.65
8764 32.66
8734 32.67
8457 32.66
8627 32.68
8316 32.75
8712 32.61
8603 32.56
8712 32.62
8453 32.52
8258 32.47
23112 34.53
2484 36.19
6406 34.48
7385 33.85
7977 33.24
8591 32.81
7966 32.86
8262 32.70
8193 32.71
8259 32.56
8218 32.56
8453 32.44
8296 32.35
8273 32.43
7926 32.50
7792 32.64
8604 32.29
8161 32.47
8458 32.22
8642 32.21
7789 32.46
9337 32.01
8360 32.24
8270 32.23
8490 32.09
8181 32.26
8144 32.39
8659 31.96
8123 32.30
8425 32.14
8167 32.29
8699 32.06
23564 34.35
2779 35.77
6701 34.32
7617 33.31
8142 32.92
8791 32.68
8048 32.87
8765 32.49
8524 32.47
8457 32.45
8633 32.50
8567 32.54
