17563 37.07
2943 36.47
8712 34.08
8487 33.38
8522 32.88
9462 32.90
8605 32.78
8132 32.70
9280 32.62
8693 32.76
8831 32.51
8996 32.46
8530 32.42
8180 32.34
8710 32.64
9102 32.36
9361 32.52
8000 32.64
8229 32.39
8945 32.26
9334 32.29
9308 32.20
9479 31.93
9654 32.40
8946 32.22
9508 32.48
8574 32.22
9191 32.11
9328 32.17
9421 32.32
9149 32.31
9016 32.25
22170 34.57
4859 34.51
6636 33.99
7249 33.86
8105 33.27
9220 32.88
9178 32.65
8619 32.85
9134 32.47
9133 32.61
9203 32.60
9095 32.71
9045 32.66
9215 32.66
8888 32.58
9023 32.63
9018 32.67
9091 32.63
8864 32.61
8954 32.53
9043 32.59
9237 32.40
8891 32.50
9246 32.34
8843 32.50
9040 32.46
9166 32.47
9336 32.45
8919 32.60
9255 32.63
8779 32.59
9105 32.55
23441 34.06
3600 35.47
6366 34.60
7064 34.08
8090 33.42
8631 33.05
8788 32.52
8788 32.35
8976 32.61
8754 32.57
8929 32.39
9018 32.61
8675 32.46
9244 32.34
9141 32.42
8718 32.52
8870 32.53
8049 32.71
8881 32.50
9512 32.41
8693 32.46
8927 32.47
9047 32.38
8500 32.78
8590 32.74
8961 32.49
8868 32.66
9027 32.67
8495 32.86
9451 32.73
8857 32.59
9737 32.36
25734 33.59
2190 37.10
5975 35.19
7186 34.37
8448 33.61
8144 33.43
9001 33.17
9184 32.84
8239 32.93
8830 32.92
9335 32.77
8896 32.72
8733 32.62
8509 32.69
9108 32.54
9076 32.63
8998 32.64
8999 32.62
9172 32.59
8417 32.70
8544 32.77
8990 32.48
8057 32.78
9141 32.51
8651 32.54
8367 32.54
9660 32.30
9352 32.18
9361 32.25
9297 32.29
9207 32.28
9239 32.29
24399 33.80
2466 36.16
6117 34.74
6799 34.22
8409 33.35
8145 33.16
9480 32.61
8693 32.55
9193 32.62
8693 32.54
9041 32.54
8940 32.50
8742 32.54
8732 32.48
9049 32.40
9129 32.35
9383 32.33
9028 32.48
9195 32.28
8907 32.37
8865 32.30
8007 32.79
8303 32.76
8403 32.64
9239 32.26
7975 32.47
8864 32.35
9029 32.16
9268 32.04
8477 32.31
9580 32.12
9228 32.10
25323 33.27
2127 35.90
5601 34.50
7145 33.81
7907 33.22
8995 32.66
8692 32.58
9378 32.28
8301 32.55
8791 32.56
9531 32.28
8950 32.33
9231 32.31
8950 32.15
9346 32.21
9103 32.29
9067 32.31
9245 32.23
9214 32.21
9146 32.32
9272 32.12
9059 32.37
9341 32.35
9077 32.38
9520 32.40
9420 32.39
9224 32.43
9401 32.49
9222 32.43
9286 32.28
9166 32.35
9213 32.50
22402 34.64
2996 35.82
7253 34.22
7707 33.73
7910 33.45
9340 32.77
8835 32.78
8977 32.70
8694 32.76
8763 32.75
8807 32.56
8818 32.54
8973 32.55
8882 32.51
9085 32.51
8760 32.53
9002 32.59
8997 32.46
8869 32.46
8787 32.43
9091 32.41
9091 32.39
9049 32.47
8833 32.47
9032 32.39
8025 32.64
9562 32.21
9142 32.34
9030 32.27
9117 32.25
9069 32.20
8987 32.31
24420 34.12
3072 35.50
7005 34.21
7973 33.51
8208 33.23
8342 33.08
8566 32.89
9173 32.50
8736 32.56
9090 32.54
8891 32.58
9278 32.56
9165 32.57
8860 32.49
9405 32.46
9081 32.41
9023 32.45
9152 32.45
9301 32.40
9170 32.43
8985 32.42
9189 32.44
9154 32.44
9145 32.41
9100 32.42
8866 32.43
9005 32.47
9089 32.28
8970 32.31
9010 32.29
9065 32.32
8591 32.27
24174 34.11
2556 35.53
7302 34.07
7457 33.56
8284 32.97
8856 32.64
8477 32.52
8836 32.42
8721 32.40
8681 32.30
8695 32.32
8734 32.21
8741 32.17
8788 32.17
8629 32.06
8385 32.24
8532 32.22
8912 32.09
8460 32.15
9429 31.83
8865 31.94
8794 32.03
8859 31.90
9189 31.82
8344 32.14
8888 31.93
8314 32.12
9148 31.66
8479 32.09
9091 31.68
8285 32.12
9474 31.85
24568 34.00
2847 35.30
7041 34.03
8015 33.15
8594 32.67
9022 32.53
8782 32.45
9105 32.27
8987 32.12
8861 32.17
8964 32.21
9197 32.21
