2540 51.00
72 51.00
424 51.00
294 50.99
605 50.67
677 50.54
442 48.67
569 48.12
781 48.58
752 48.26
719 47.68
877 47.54
759 47.37
710 46.51
808 46.95
982 47.26
708 47.54
587 47.83
696 46.55
648 47.15
739 46.66
801 46.67
653 46.45
801 46.93
771 47.81
1081 46.70
854 47.01
828 46.58
827 46.98
1068 46.23
1029 46.04
685 46.65
2659 51.00
203 48.36
543 50.50
487 50.09
863 49.46
762 48.34
748 48.37
589 47.81
828 47.89
696 47.32
641 47.54
781 47.73
743 47.53
543 47.28
891 47.24
814 47.51
679 47.27
739 47.69
762 46.96
648 47.00
859 46.03
572 46.36
522 47.14
942 46.46
1149 45.79
942 45.66
883 46.48
1092 45.72
988 45.72
903 45.93
825 45.87
784 45.90
2592 51.00
183 50.01
380 50.96
658 48.36
604 47.83
612 47.77
767 47.25
665 46.96
679 47.23
522 47.18
790 47.41
447 47.49
797 46.82
851 47.33
784 47.22
810 47.05
748 47.66
515 46.76
744 45.92
935 46.58
994 46.46
814 45.92
704 45.86
836 45.68
987 45.81
830 46.05
828 46.06
882 46.24
941 45.57
1017 45.67
989 45.24
906 45.75
2532 51.00
415 49.92
473 50.67
270 50.35
722 49.39
612 47.28
754 47.87
652 47.52
590 47.70
867 48.04
454 47.15
675 48.51
515 47.63
732 47.42
789 47.28
476 47.14
973 46.43
572 46.51
647 47.07
831 46.09
720 46.14
912 45.76
842 45.24
822 45.57
839 45.25
840 44.84
786 45.38
768 44.92
831 45.12
896 44.64
845 44.87
937 44.54
2579 51.00
209 48.43
152 50.77
546 47.87
533 46.73
391 46.66
509 46.66
617 46.27
552 46.99
526 46.92
491 46.85
544 45.96
534 46.29
697 45.73
798 45.35
740 45.65
870 44.82
704 45.77
700 46.05
797 45.20
749 45.27
788 45.02
934 44.82
964 44.43
833 43.82
784 44.78
934 44.38
828 44.39
924 44.23
997 43.94
1180 43.82
828 44.37
2577 51.00
231 47.73
133 50.14
524 46.80
620 46.73
558 46.04
496 46.82
479 46.71
588 46.03
544 46.42
519 46.48
571 46.97
569 46.00
754 45.22
763 45.79
796 45.75
816 45.07
733 45.32
920 44.94
837 45.00
867 44.42
828 44.57
819 44.29
860 44.33
1127 44.14
958 44.28
937 43.95
876 44.25
1084 44.14
987 43.87
929 44.47
885 44.49
2611 51.00
235 47.34
116 50.99
597 47.97
731 46.26
539 46.92
485 46.60
520 46.70
457 46.96
475 47.10
498 46.86
521 46.13
414 47.13
755 46.08
753 45.53
758 45.60
584 46.02
1006 44.93
767 44.82
791 44.84
762 44.75
929 44.28
1010 44.37
774 44.23
837 44.46
771 44.47
1121 43.95
945 44.10
929 43.72
945 43.56
949 43.52
889 43.82
2527 51.00
257 48.04
103 50.63
449 47.35
473 46.73
405 46.86
524 46.69
545 47.03
372 47.15
382 47.17
428 47.15
761 46.11
730 45.62
823 45.37
694 45.27
576 46.00
636 45.48
967 44.81
1134 44.34
806 44.60
1005 44.41
674 45.07
828 44.36
1001 44.24
923 44.30
926 44.24
1081 43.82
848 43.81
916 43.83
1016 43.63
1082 43.28
859 43.82
2556 51.00
235 47.24
71 50.94
665 46.75
687 45.84
452 46.38
394 46.87
513 46.09
522 45.89
457 46.04
406 46.43
405 45.43
769 45.08
641 44.99
856 44.96
718 44.75
788 44.91
953 44.12
763 44.19
935 44.33
792 43.72
928 43.42
800 43.58
952 43.66
895 43.60
887 42.81
1011 43.23
790 43.09
981 42.79
926 43.11
979 42.75
1033 42.60
2625 51.00
466 47.00
83 50.77
661 47.13
725 46.71
600 46.26
612 46.24
577 46.22
574 45.85
482 46.13
458 46.43
524 45.95
