19965 35.91
3853 35.35
9111 33.44
10407 32.33
9968 31.90
10836 31.96
9904 32.02
9377 31.86
10430 31.87
10158 31.83
9966 31.74
10206 31.70
9839 31.70
9848 31.48
10609 31.54
10590 31.44
10458 31.79
9793 31.63
9904 31.40
10372 31.45
10478 31.40
10329 31.47
10616 31.19
11031 31.69
10054 31.49
10656 31.68
9693 31.56
10009 31.60
9891 31.72
10887 31.54
10531 31.49
10316 31.44
25465 33.29
5938 33.63
7505 33.28
8208 33.05
9721 32.20
10164 32.06
10557 31.98
10006 31.91
10233 31.71
10417 31.74
9874 31.98
10524 31.90
9708 32.03
10709 31.93
10226 31.80
10256 31.85
10319 31.90
10190 31.81
10250 31.82
10342 31.78
10497 31.80
10174 31.65
10312 31.60
10248 31.60
10239 31.67
10310 31.62
10650 31.64
10560 31.71
10237 31.74
10457 31.77
9947 31.84
10390 31.79
27607 32.59
3267 35.48
7016 33.94
8412 33.31
9196 32.61
9955 32.24
9808 31.79
10261 31.59
10360 31.77
10267 31.75
10133 31.69
10356 31.78
9810 31.64
10472 31.54
10459 31.68
9957 31.72
9988 31.73
9912 31.67
10427 31.46
10362 31.67
10117 31.62
10399 31.57
10297 31.66
10463 31.66
10231 31.70
10297 31.74
10708 31.62
10753 31.78
10482 31.76
10906 31.78
10540 31.70
9610 32.02
28726 32.60
2626 36.34
6984 34.35
8296 33.58
9465 32.85
8488 32.99
9911 32.60
10771 32.04
10113 31.97
9869 32.14
10590 31.93
10014 31.94
10017 31.83
10226 31.77
10315 31.80
10382 31.80
10121 31.99
10229 31.82
10403 31.87
10333 31.77
10270 31.68
10173 31.60
10087 31.61
9326 32.10
10507 31.57
10154 31.57
10090 31.78
9683 31.82
9996 31.84
10954 31.50
10497 31.45
10541 31.60
28190 32.48
2906 35.43
7052 33.92
8560 33.05
9185 32.50
9935 32.16
10306 31.82
9390 31.97
9825 32.05
10338 31.72
10075 31.73
10373 31.73
9340 31.94
10442 31.70
10255 31.60
10230 31.65
10618 31.54
10241 31.63
10230 31.64
10263 31.59
9201 31.97
10086 31.76
10053 31.65
9947 31.60
9792 31.70
9532 31.62
9890 31.63
10382 31.38
10442 31.35
9714 31.52
10695 31.40
9421 31.79
29223 31.94
2791 35.14
7013 33.55
7294 33.32
9351 32.45
9656 32.01
10144 31.77
9999 31.77
9932 31.74
11021 31.48
10574 31.52
10201 31.47
10400 31.50
10317 31.41
10434 31.30
10372 31.61
10495 31.52
10436 31.52
10306 31.54
10534 31.43
10315 31.47
10531 31.58
10357 31.54
10675 31.57
10635 31.51
10483 31.67
10508 31.61
10600 31.66
10449 31.64
10716 31.59
10282 31.63
10785 31.60
26029 33.27
2623 35.58
8051 33.61
8892 32.93
10039 32.34
10262 32.03
10132 31.88
10183 31.96
9981 31.87
10038 31.88
10127 31.81
9908 31.76
10264 31.74
10272 31.75
10243 31.71
10176 31.71
10359 31.75
10226 31.70
10075 31.68
10145 31.61
10310 31.68
10281 31.64
10294 31.67
10144 31.58
10582 31.53
10138 31.58
10378 31.56
10328 31.61
10254 31.57
10238 31.55
10235 31.49
10362 31.54
26336 33.40
3618 35.08
7469 33.72
8795 32.96
9688 32.37
10349 32.02
9298 32.18
9760 32.06
10307 31.76
10367 31.83
10113 31.74
10440 31.73
10591 31.67
10281 31.78
10570 31.67
10452 31.62
10167 31.70
10286 31.69
10361 31.69
10414 31.71
10398 31.61
10338 31.64
10422 31.62
10411 31.66
10219 31.60
10228 31.72
10150 31.68
10289 31.59
10349 31.60
10272 31.52
10332 31.55
9728 31.40
27161 33.05
3235 34.85
8072 33.23
8624 32.76
9643 32.13
10279 31.80
9726 31.69
9947 31.66
9861 31.53
9855 31.50
9953 31.51
9945 31.43
9850 31.38
10006 31.35
10037 31.32
9987 31.27
10022 31.22
10260 31.27
9133 31.60
9746 31.39
10150 31.21
10291 31.13
10203 31.20
10048 31.12
10141 31.07
9720 31.34
9712 31.38
10179 30.84
9921 31.20
9932 31.00
9751 31.31
10302 31.14
29497 32.31
2450 35.48
7725 33.43
9180 32.37
9937 31.83
9902 31.71
9970 31.62
10567 31.36
10338 31.33
10281 31.29
10248 31.40
10341 31.34
