21265 35.26
4570 34.79
10083 32.77
11290 31.70
11011 31.43
11529 31.53
10576 31.55
10366 31.35
11461 31.29
10879 31.37
11008 31.18
10926 31.22
10617 31.21
10829 30.93
11378 31.06
11740 31.00
11165 31.32
10573 31.18
10647 30.95
11231 30.93
11335 30.94
11042 31.05
11592 30.76
12106 31.19
10860 31.01
11317 31.15
10546 31.07
11293 30.79
11306 30.95
11475 31.13
11103 31.12
11045 30.99
26769 32.85
6497 33.07
8455 32.71
9379 32.38
9716 31.99
10573 31.89
11044 31.58
11234 31.43
10997 31.16
10775 31.55
10796 31.57
11457 31.39
11235 31.41
11289 31.39
11022 31.35
11146 31.28
11238 31.37
10952 31.41
11034 31.33
11212 31.20
11260 31.33
11059 31.21
11125 31.16
11303 31.16
11131 31.16
11031 31.16
11463 31.17
11154 31.24
10808 31.30
11338 31.38
10713 31.35
11102 31.33
29736 31.84
3741 34.94
7651 33.46
9871 32.51
9554 32.08
9954 32.02
11137 31.14
10977 31.07
11226 31.27
10287 31.41
10526 31.39
11332 31.27
10744 31.10
11257 31.02
11329 31.19
11013 31.16
10942 31.18
10852 31.15
11172 30.99
11510 31.13
10931 31.16
11252 31.09
10954 31.17
11137 31.09
11201 31.16
11262 31.11
11522 31.13
11745 31.27
11387 31.21
11609 31.25
11266 31.21
10502 31.47
31150 31.83
2813 36.05
7692 33.92
8247 33.34
9889 32.58
9682 32.42
10573 32.08
10928 31.80
10598 31.67
10222 31.86
11027 31.64
11253 31.42
10883 31.38
10461 31.60
10331 31.64
10462 31.65
10629 31.60
10596 31.56
10849 31.52
11696 31.09
11146 31.18
11191 31.10
11065 31.18
11032 31.16
10491 31.35
10345 31.33
11603 31.14
11541 30.93
11175 30.98
11538 31.00
11389 31.01
11162 31.15
30430 31.78
3283 35.04
7878 33.44
9175 32.64
9247 32.35
11106 31.60
10999 31.31
10274 31.42
11659 31.24
10924 31.29
10976 31.22
11167 31.23
10929 31.13
10803 31.20
11238 31.17
11152 31.16
11315 31.12
11089 31.19
11196 31.17
11033 31.11
10948 31.08
11206 31.04
11148 31.01
11054 30.96
11136 30.95
10891 30.94
10912 30.91
9984 31.28
10840 31.16
11340 30.79
11212 30.95
10938 31.07
31545 31.24
3178 34.66
7123 33.38
8727 32.64
9825 31.95
10433 31.55
11681 31.02
11112 31.10
10525 31.24
11593 30.97
11301 31.01
11135 31.03
11227 31.01
11037 30.98
11296 30.86
11193 31.08
11356 30.92
11239 31.03
11192 30.95
11448 30.92
11336 31.00
11223 31.08
11329 31.03
11319 31.04
11424 31.16
11636 31.09
11375 31.10
11435 31.17
11340 31.13
11377 31.09
11149 31.11
11453 31.14
27591 32.75
2890 35.38
8101 33.50
8773 32.86
11234 31.90
11128 31.57
11065 31.45
10892 31.32
10895 31.45
10711 31.40
10971 31.32
10997 31.27
11030 31.28
10964 31.30
11033 31.22
10941 31.26
11247 31.28
11070 31.23
11002 31.18
11007 31.14
11137 31.22
10944 31.15
11191 31.16
10903 31.17
11121 31.08
11064 31.08
11227 31.10
11090 31.08
11068 31.05
11004 31.05
11217 30.99
11198 31.05
28988 32.56
4140 34.48
7986 33.27
9383 32.45
10493 31.87
10419 31.83
11306 31.40
10980 31.33
10894 31.37
10932 31.40
11079 31.32
11355 31.22
11207 31.28
11114 31.15
11299 31.12
11394 31.16
11221 31.18
11180 31.21
11326 31.14
11272 31.20
11286 31.12
11274 31.20
11222 31.20
11238 31.24
11041 31.10
10929 31.21
10899 31.20
10970 31.13
11159 31.01
11000 31.09
11115 31.11
10782 30.91
29994 32.13
2655 35.39
8448 33.04
8941 32.36
10673 31.62
11029 31.27
10555 31.11
10867 31.10
10747 31.05
10653 31.03
10810 31.00
10897 30.92
10614 30.89
10917 30.84
10689 30.77
10963 30.71
10672 30.76
11297 30.77
10821 30.65
11230 30.63
10893 30.59
10321 30.92
11218 30.62
11150 30.60
10425 30.75
10997 30.62
10185 30.93
11057 30.48
10713 30.76
10661 30.53
10693 30.78
10920 30.75
31907 31.56
2805 35.08
8867 32.59
9770 31.81
10129 31.59
11084 31.25
10676 31.16
11648 30.87
11114 30.87
11065 30.80
11215 30.87
11124 30.85
