21778 35.07
4734 34.72
10142 32.66
11470 31.61
11132 31.30
11764 31.40
10886 31.37
10569 31.12
11571 31.21
11369 31.16
11150 31.08
11168 31.12
10950 31.03
10831 30.88
11663 30.91
11930 30.89
11609 31.18
10884 31.11
10823 30.80
11520 30.80
11332 30.90
11279 30.98
11599 30.68
12302 31.04
11133 30.92
11615 31.18
10834 30.93
11135 30.79
11777 30.79
11478 31.06
11541 30.96
11248 30.90
26832 32.82
6598 33.08
8532 32.64
9758 32.24
9876 31.88
10681 31.70
11017 31.59
11441 31.23
11257 31.04
11516 31.15
10878 31.46
11541 31.29
11397 31.29
11483 31.31
11322 31.20
11446 31.27
11493 31.16
11127 31.25
11243 31.18
11523 31.09
11360 31.23
11421 31.06
11231 30.99
11383 31.04
11192 31.07
11353 31.09
11669 31.08
11471 31.11
11054 31.19
11426 31.20
10851 31.28
11376 31.22
30089 31.75
3906 34.78
7844 33.36
9208 32.70
10185 32.05
10226 31.86
11359 31.06
11168 30.95
11341 31.18
10454 31.44
10783 31.28
11487 31.12
10953 30.98
11446 30.90
11529 30.96
11216 31.08
11043 31.10
11109 30.96
11325 30.92
11650 30.98
11067 30.99
11541 30.96
11365 31.03
11260 31.00
11546 30.98
11370 31.08
10999 31.35
12074 31.14
11614 31.07
11896 31.15
11411 31.13
11443 31.14
31756 31.66
2952 35.70
7832 33.77
8937 32.96
9849 32.52
10532 32.03
10449 32.00
11018 31.63
10675 31.53
11233 31.48
11794 31.31
11178 31.32
10928 31.27
11524 31.14
11301 31.13
11268 31.18
11527 31.24
11187 31.18
11231 31.22
11434 31.06
11194 31.04
11091 31.02
11253 31.03
10451 31.37
11295 31.11
11604 30.86
11973 30.85
11324 30.92
11478 30.89
11686 30.99
11444 30.98
11677 30.94
30825 31.64
3512 34.73
7910 33.24
8669 32.80
9777 32.19
11054 31.56
10576 31.52
10651 31.28
11734 31.13
10978 31.15
11208 31.12
11371 31.16
11177 31.04
10926 31.13
11514 31.01
11275 30.98
11699 31.00
11214 31.08
11360 31.00
11198 30.97
11299 30.95
11068 31.07
10992 31.00
10982 30.96
10795 31.05
10582 31.07
10652 31.04
11459 30.70
11416 30.77
11021 30.84
11493 30.83
11112 30.80
32305 31.02
3204 34.76
7341 33.24
8900 32.50
9844 31.88
10778 31.34
11127 31.08
10884 31.24
10936 31.20
11346 31.07
11898 30.91
11534 30.87
11501 30.88
11120 30.81
11316 30.94
11678 30.89
11449 30.93
11319 30.90
11470 30.80
11742 30.80
11488 30.96
11663 30.92
11649 30.95
11317 31.02
11653 31.00
11732 30.96
11563 30.99
11781 30.99
11526 31.10
11674 30.98
11429 31.02
11706 31.07
28332 32.49
3138 35.15
8939 32.93
9287 32.57
10368 32.04
11635 31.38
11073 31.28
11162 31.29
11127 31.29
11105 31.23
11085 31.23
10989 31.13
11260 31.08
11204 31.16
11346 31.10
11037 31.07
11213 31.16
11298 31.06
11372 31.06
11259 31.00
11194 31.05
11293 31.06
11353 30.96
11121 31.04
11407 30.95
11081 31.03
11574 31.04
11404 30.96
11355 30.89
11291 30.94
11399 30.92
11223 30.90
30930 31.95
2937 35.03
8686 33.09
9637 32.27
9703 32.02
11054 31.62
10593 31.61
11612 31.15
11221 31.21
11283 31.16
11398 31.15
11550 31.10
11395 31.05
11452 31.04
11594 31.08
11509 30.95
11402 31.04
11358 31.11
11638 31.10
11349 31.07
11641 31.02
11383 31.05
11677 30.94
11435 31.08
11291 31.02
11186 31.10
11163 31.05
11372 30.92
11202 30.99
11384 30.93
11301 30.91
10971 30.85
28355 32.63
3700 34.50
8337 32.92
9206 32.35
10906 31.59
11191 31.18
10735 31.12
10951 31.02
10995 30.95
10704 30.91
10905 30.91
11006 30.78
10812 30.73
11016 30.81
11019 30.68
11104 30.62
10901 30.59
10409 30.97
11165 30.61
11117 30.58
10534 30.82
11603 30.52
11087 30.62
11280 30.54
10784 30.62
10982 30.61
10495 30.80
11097 30.45
10907 30.61
10753 30.57
10980 30.65
11003 30.64
32470 31.40
2988 34.89
8495 32.81
10235 31.65
10270 31.34
10627 31.32
11206 31.06
11111 31.00
11675 30.68
11194 30.76
11403 30.70
11380 30.73
