22127 34.91
5097 34.38
10825 32.39
11101 31.56
11600 31.14
12067 31.25
10862 31.30
10839 31.03
11900 31.06
11545 31.14
11316 31.00
11286 30.99
11045 30.92
11176 30.72
11894 30.84
12041 30.76
11784 31.07
10952 30.89
11040 30.74
11674 30.66
11791 30.73
11421 30.86
11947 30.55
12370 30.98
11142 30.82
11902 31.04
10995 30.87
11529 30.65
11977 30.73
11980 30.91
11708 30.83
11376 30.84
26906 32.78
6809 33.00
8808 32.57
9248 32.38
10470 31.66
11468 31.34
11676 31.21
11575 31.16
11300 30.98
11038 31.33
11259 31.35
11806 31.18
11383 31.18
11820 31.15
11367 31.09
11611 31.14
11722 31.18
11412 31.16
11462 31.04
11627 31.01
11771 31.09
11410 31.01
11620 30.93
11541 30.95
11430 30.97
11352 30.89
11942 31.01
11489 31.00
11369 31.03
11641 31.11
11117 31.11
11645 31.05
30523 31.60
4049 34.62
7822 33.32
9662 32.55
10396 31.89
10450 31.75
11577 30.96
11390 30.82
11510 31.09
11341 31.03
10702 31.21
11694 31.03
11125 30.88
11923 30.78
11595 30.95
11352 30.98
11251 31.02
11301 30.88
11627 30.80
11823 30.90
11273 30.99
11798 30.90
11463 30.95
11524 30.88
11573 30.94
11504 30.87
11199 31.17
11587 31.25
11324 31.20
12398 31.03
11801 30.99
11585 30.99
32411 31.45
3175 35.45
7961 33.66
8541 33.04
9610 32.62
11159 31.87
11460 31.58
11699 31.32
10598 31.45
11168 31.36
11984 31.17
11179 31.23
11242 31.11
10923 31.26
12031 30.90
11606 31.05
11502 31.19
11454 31.06
11573 31.14
11538 30.91
11499 30.97
11374 30.90
11347 30.96
10665 31.21
11561 30.94
11669 30.71
11057 31.15
10979 31.06
11215 31.09
12124 30.73
11883 30.68
11729 30.76
31954 31.31
3486 34.77
8126 33.24
9632 32.41
9555 32.20
10620 31.67
11096 31.30
10244 31.47
11415 31.27
11820 30.96
11348 30.90
11575 30.99
11524 30.91
11173 31.00
11605 30.87
11548 30.84
12045 30.84
11500 30.94
11397 30.96
11636 30.83
11198 30.92
11674 30.77
10348 31.23
11748 30.80
10464 31.12
11280 30.80
10650 31.17
11488 30.65
11609 30.65
11201 30.75
11765 30.68
11243 30.86
32755 30.88
3346 34.61
7431 33.07
9166 32.34
10101 31.70
10793 31.28
10738 31.25
11477 31.11
11173 31.02
12240 30.70
11813 30.79
11684 30.72
11601 30.74
11383 30.76
11557 30.79
11716 30.80
11743 30.87
11680 30.79
11557 30.78
11826 30.71
11714 30.72
11680 30.83
11817 30.83
11837 30.80
12047 30.88
11762 30.87
11706 30.96
11908 30.91
11756 30.78
11833 30.81
11729 30.91
11878 30.98
29017 32.27
3247 35.04
9065 32.85
9316 32.50
10558 31.91
11125 31.47
11689 31.20
11303 31.19
11446 31.14
11423 31.12
11351 31.04
11298 30.96
11458 31.03
11230 31.04
11468 30.95
11513 31.02
11491 31.01
11377 31.01
11461 30.97
11411 30.96
11564 30.94
11633 30.93
11609 30.88
11304 30.92
11436 30.89
11483 30.75
11937 30.73
11540 30.88
11503 30.88
11514 30.88
11534 30.80
11369 30.84
30011 32.25
4324 34.20
8415 33.02
9759 32.16
10844 31.67
11503 31.26
11316 31.20
10792 31.29
11531 31.14
11500 31.10
11456 31.09
11831 30.98
11688 30.99
11589 31.00
11729 30.92
11668 30.92
11637 31.01
11544 30.96
11691 30.99
11612 30.99
11670 30.88
11744 30.93
11731 30.88
11598 30.96
11566 30.95
11397 31.01
11364 30.96
11539 30.87
11474 30.83
11535 30.82
11374 30.87
11049 30.70
30709 31.89
2932 35.07
8940 32.74
10019 31.93
10802 31.42
11281 31.03
10987 30.92
11298 30.86
11143 30.84
11049 30.74
11018 30.80
11158 30.68
11241 30.59
11209 30.61
11039 30.48
11307 30.46
11270 30.47
11663 30.51
11131 30.49
11745 30.43
11320 30.38
11785 30.42
11222 30.46
10570 30.79
11629 30.35
10794 30.56
11095 30.63
11348 30.23
11035 30.58
11103 30.36
11085 30.55
11298 30.54
33163 31.21
2976 34.86
8774 32.73
10307 31.53
10427 31.31
11391 30.98
11134 30.97
11332 30.86
11881 30.60
11488 30.54
11594 30.62
11477 30.62
