22423 34.76
5195 34.22
11208 32.14
11491 31.43
11698 31.03
11517 31.43
11584 30.99
10821 30.98
12074 30.94
11602 30.99
11523 30.84
11633 30.83
11231 30.81
11341 30.63
12044 30.69
12422 30.63
12087 30.89
11202 30.71
11377 30.59
11654 30.63
11854 30.73
11959 30.72
12212 30.43
12602 30.86
11620 30.61
12068 30.88
11297 30.70
11766 30.52
11918 30.63
12303 30.73
12008 30.74
11560 30.67
27281 32.67
6775 32.97
8313 32.68
9731 32.28
10399 31.61
11786 31.30
11146 31.30
11933 31.03
11558 30.92
11798 30.91
11155 31.22
12093 31.05
11842 31.01
11998 31.08
11580 30.96
11871 30.98
11988 31.01
11451 31.01
11725 30.97
11655 30.87
12036 31.01
11681 30.78
11881 30.78
11838 30.79
11676 30.86
11659 30.84
12127 30.84
11937 30.85
11407 30.94
11929 30.96
11499 31.01
11785 30.90
30763 31.50
4209 34.42
8210 33.09
9650 32.36
10437 31.84
11329 31.37
11459 30.90
11459 30.76
11960 30.95
11545 30.92
11534 30.80
11725 30.91
11203 30.73
12052 30.66
12027 30.76
11496 30.87
11497 30.89
11430 30.82
11673 30.65
11933 30.80
11538 30.82
11936 30.74
11720 30.82
11765 30.81
11757 30.85
11809 30.86
12025 30.84
12179 30.91
11988 30.88
12324 30.95
11893 30.90
11864 30.89
31758 31.67
3131 35.64
8297 33.54
9331 32.75
9942 32.26
10870 31.85
11001 31.73
11346 31.35
12024 31.01
11168 31.37
12088 31.15
11541 31.09
11415 30.99
11831 30.93
11784 30.94
11901 30.98
11699 31.07
11809 30.99
11713 30.98
11623 30.88
11657 30.87
11593 30.88
11623 30.90
11742 30.82
11627 30.73
10934 31.02
12048 30.76
11941 30.62
11851 30.60
12008 30.76
11932 30.78
11879 30.68
32294 31.18
3912 34.39
8263 33.06
9765 32.26
9862 32.02
11547 31.35
10806 31.28
10273 31.38
11741 31.21
11918 30.85
11625 30.86
11799 30.87
11584 30.84
11491 30.80
11687 30.79
11745 30.76
12175 30.74
11778 30.87
11812 30.85
11683 30.75
11501 30.68
11865 30.75
11613 30.68
11095 30.86
11261 30.82
11088 30.82
11077 30.84
11648 30.62
11931 30.44
11178 30.73
12146 30.56
10866 30.97
33456 30.70
3396 34.60
7803 32.93
8543 32.52
10639 31.49
11012 31.17
11547 30.93
11424 30.91
11397 30.89
11854 30.83
12208 30.64
11863 30.69
11905 30.61
11459 30.65
11979 30.65
11902 30.69
11942 30.61
11766 30.63
11775 30.63
11992 30.64
11952 30.66
12026 30.70
11924 30.73
12045 30.69
12209 30.73
12000 30.77
12001 30.78
12026 30.81
11936 30.82
12043 30.71
11923 30.75
12076 30.74
29857 32.02
3158 35.20
9223 32.75
10308 32.09
10469 31.79
12022 31.09
11671 31.05
11589 31.04
11518 31.04
11458 31.00
11619 30.98
11382 30.86
11693 30.89
11621 30.88
11669 30.91
11628 30.86
11747 30.89
11671 30.87
11556 30.83
11676 30.78
11610 30.87
11572 30.88
11649 30.76
11551 30.77
11895 30.73
11534 30.67
12146 30.71
11857 30.72
11722 30.76
11642 30.79
11721 30.65
11739 30.67
29925 32.29
4461 34.14
8749 32.92
10123 31.99
10981 31.57
11189 31.36
11624 31.07
10835 31.22
11853 30.97
11772 30.94
11610 30.90
12158 30.87
11937 30.88
11715 30.84
11877 30.86
11931 30.83
11782 30.86
11652 30.92
12018 30.92
11946 30.85
11899 30.73
11986 30.86
11672 30.76
11965 30.72
11582 30.86
11603 30.87
11584 30.84
11671 30.71
11659 30.71
11713 30.76
11777 30.73
11129 30.59
31431 31.69
2914 35.06
8469 32.90
10422 31.85
10944 31.29
11765 30.94
10980 30.85
11501 30.78
11361 30.69
11282 30.67
11408 30.66
11517 30.56
11318 30.48
11466 30.53
11407 30.47
11563 30.39
11395 30.35
11720 30.39
11372 30.34
11829 30.27
11703 30.29
11691 30.36
11488 30.35
10932 30.53
11752 30.30
10952 30.46
11224 30.40
11237 30.20
11407 30.36
11189 30.36
11247 30.36
11592 30.40
33665 31.07
3104 34.72
8597 32.79
10704 31.37
11168 31.04
11415 30.83
11342 30.81
12105 30.51
11797 30.39
11571 30.47
11877 30.49
11822 30.48
