22864 34.58
5266 34.14
11377 32.02
11842 31.25
11944 30.95
11810 31.32
11720 31.00
11201 30.88
12219 30.87
11821 30.90
11742 30.79
11844 30.75
11517 30.76
11439 30.57
12170 30.58
12690 30.48
12327 30.77
11397 30.65
11672 30.48
12140 30.48
12042 30.59
12080 30.57
12364 30.35
12904 30.82
11642 30.59
12464 30.77
11300 30.59
11968 30.40
12196 30.55
12485 30.62
12025 30.68
11834 30.62
27381 32.61
6962 32.93
8594 32.53
9813 32.18
10537 31.51
12110 31.16
11537 31.23
11892 30.99
11784 30.78
11515 31.05
11811 31.06
12265 30.93
11817 30.96
12060 31.00
11862 30.85
11937 30.87
12154 30.95
11769 30.91
11880 30.85
11891 30.81
12223 30.86
11853 30.69
12183 30.65
11960 30.70
11740 30.71
11791 30.73
12345 30.75
12022 30.84
11789 30.83
12176 30.87
11511 30.90
11892 30.87
31922 31.13
4443 34.21
8567 32.87
9884 32.23
10574 31.70
11573 31.25
11647 30.74
11745 30.63
12057 30.79
11681 30.77
11677 30.74
12041 30.75
11448 30.65
12154 30.54
12315 30.65
11784 30.78
11698 30.82
11600 30.65
12014 30.58
12189 30.75
11726 30.72
12033 30.65
12101 30.65
11918 30.71
12050 30.72
11853 30.75
11520 30.97
11876 31.01
11694 30.97
12797 30.78
12131 30.80
12274 30.71
32937 31.29
3293 35.45
7717 33.79
9205 32.89
10807 32.08
10237 32.00
12150 31.35
12210 31.05
11079 31.26
11610 31.19
12297 30.97
11765 30.97
11857 30.90
12002 30.75
11887 30.84
12050 30.86
11877 30.92
11820 30.97
12037 30.96
12069 30.76
11942 30.74
11726 30.69
11920 30.74
11959 30.72
11903 30.75
11361 30.70
12031 30.73
11236 30.93
11422 30.88
11418 31.01
11432 30.94
11686 30.96
33428 30.88
3890 34.30
8352 32.87
9497 32.40
11139 31.56
11507 31.16
11050 31.03
11447 30.98
12489 30.82
11755 30.74
11785 30.77
12085 30.77
11884 30.66
11632 30.84
11974 30.62
12059 30.62
12292 30.58
11869 30.73
11981 30.67
11922 30.60
11662 30.60
11971 30.57
12007 30.61
11866 30.48
11948 30.52
11819 30.37
11806 30.51
11901 30.42
11964 30.43
11888 30.44
12164 30.49
12072 30.44
33740 30.64
3294 34.44
7949 32.79
9299 32.16
10360 31.52
11270 31.14
11801 30.83
11620 30.84
11603 30.82
11917 30.78
12285 30.61
12141 30.57
11955 30.55
11901 30.51
12038 30.47
11999 30.63
12189 30.55
11941 30.59
12110 30.55
12286 30.48
12066 30.52
12191 30.65
12368 30.56
12094 30.66
12236 30.62
12258 30.67
12198 30.70
12232 30.69
12083 30.73
12342 30.64
12076 30.67
12439 30.68
30353 31.85
3269 35.08
9405 32.60
10524 31.90
10656 31.71
12160 31.06
11787 30.97
11822 30.93
11703 30.96
11756 30.90
11633 30.85
11717 30.67
11987 30.75
11782 30.78
11898 30.78
11797 30.76
11978 30.81
12026 30.79
11722 30.72
11787 30.74
12019 30.74
11920 30.78
12072 30.66
11818 30.66
11895 30.66
11890 30.56
12051 30.61
11987 30.62
11889 30.58
11878 30.63
11866 30.58
12008 30.57
31770 31.69
3386 34.81
9138 32.70
10167 31.98
11231 31.44
10336 31.56
11696 31.19
11366 31.08
12055 30.78
12139 30.83
11974 30.83
12276 30.72
12095 30.81
11990 30.76
12102 30.71
12221 30.65
12090 30.71
11991 30.72
12216 30.68
12078 30.69
12074 30.70
12020 30.72
12047 30.63
12097 30.73
11798 30.73
11885 30.72
11804 30.71
12057 30.65
11900 30.61
12011 30.58
11862 30.59
11516 30.42
30111 32.11
4048 34.32
8795 32.65
10458 31.73
11251 31.15
11913 30.80
11163 30.81
11745 30.61
11520 30.64
11604 30.50
11406 30.65
11704 30.45
11397 30.37
11723 30.40
11428 30.32
11735 30.27
11474 30.28
11975 30.30
11546 30.28
11906 30.24
11766 30.14
11737 30.19
11722 30.30
11948 30.14
11361 30.25
11594 30.28
11057 30.47
11712 30.03
11568 30.39
11272 30.28
11640 30.32
11534 30.35
34177 30.91
3329 34.56
8928 32.63
10641 31.43
10887 31.12
11737 30.72
12189 30.47
11964 30.43
12065 30.38
12032 30.28
12047 30.45
12026 30.34
