23276 34.42
5488 34.08
10739 32.17
11679 31.30
12343 30.75
13033 30.84
11565 30.79
11304 30.70
12589 30.69
11900 30.80
11928 30.66
12032 30.64
11840 30.55
11660 30.36
12305 30.49
12966 30.35
12508 30.74
11616 30.53
11893 30.33
12429 30.34
12358 30.48
12217 30.44
12698 30.20
13132 30.68
11819 30.52
12599 30.62
11497 30.51
12149 30.31
12526 30.39
12650 30.55
12181 30.55
11910 30.48
27868 32.45
7397 32.77
9205 32.27
9831 32.03
10697 31.41
11470 31.27
12737 30.86
11995 30.84
11788 30.67
12546 30.71
12212 30.74
12340 30.86
12071 30.84
12437 30.77
11930 30.80
12305 30.80
12252 30.82
12051 30.85
11895 30.75
12116 30.67
12472 30.69
12114 30.60
12215 30.59
12166 30.59
12140 30.62
12118 30.59
12406 30.67
12278 30.74
12040 30.67
12385 30.79
11822 30.79
12277 30.76
31121 31.42
4372 34.30
8381 32.90
9276 32.47
11178 31.56
11789 31.09
11764 30.58
12133 30.48
12226 30.73
11909 30.68
11838 30.60
12140 30.74
11780 30.41
12554 30.47
12527 30.55
11735 30.61
11934 30.66
11667 30.58
12354 30.41
12352 30.58
11777 30.66
12188 30.58
12148 30.63
12507 30.53
12246 30.61
12167 30.59
11876 30.85
12815 30.68
12222 30.73
12854 30.76
12378 30.69
12284 30.64
31390 31.75
4660 34.32
8252 33.35
9682 32.60
11261 31.84
10114 31.95
11570 31.49
11754 31.15
12331 30.88
11448 31.14
11685 31.18
12324 30.89
11712 30.78
12263 30.72
11933 30.78
12157 30.73
11980 30.83
11324 31.18
11963 31.04
12296 30.61
12051 30.63
11206 30.90
11520 30.90
11655 30.81
11880 30.71
11076 30.85
12860 30.48
12455 30.35
12337 30.39
12509 30.47
12433 30.48
12361 30.49
32726 31.08
4147 34.20
8571 32.83
10236 32.07
10976 31.57
11517 31.09
10703 31.26
12508 30.68
12325 30.74
11974 30.70
12035 30.67
12062 30.71
11176 30.86
11491 30.81
12284 30.61
12193 30.53
12649 30.47
12153 30.55
12075 30.56
11917 30.53
12069 30.40
12119 30.55
12100 30.41
12303 30.28
11955 30.38
11996 30.39
10965 30.73
12447 30.25
12160 30.29
11722 30.41
12466 30.42
11692 30.54
34424 30.40
3806 34.09
7388 32.98
9897 31.96
10547 31.33
11382 30.98
12211 30.62
12503 30.42
11618 30.66
12024 30.61
11902 30.64
12415 30.52
12180 30.52
12087 30.38
12388 30.38
12242 30.50
12245 30.49
12236 30.42
12196 30.36
12405 30.28
12304 30.41
12480 30.48
12457 30.46
12337 30.39
12662 30.46
12404 30.56
12502 30.54
12483 30.54
12376 30.56
12604 30.56
12169 30.62
12535 30.60
30941 31.67
3500 34.82
8907 32.79
10446 32.04
11185 31.54
12322 30.93
12063 30.84
12036 30.81
11828 30.80
11866 30.84
12056 30.73
11888 30.64
12149 30.69
12039 30.64
12166 30.62
12061 30.65
12221 30.67
12074 30.67
11900 30.64
12074 30.61
12114 30.59
12036 30.59
12192 30.58
11787 30.59
12411 30.47
12153 30.46
12304 30.49
12298 30.50
12211 30.49
11930 30.53
12222 30.47
12068 30.46
32501 31.45
3537 34.63
8537 32.91
10729 31.83
11580 31.28
11349 31.21
11420 31.15
11580 30.99
12306 30.71
12281 30.68
12178 30.72
12517 30.62
12243 30.67
12142 30.65
12242 30.66
12441 30.59
12233 30.61
12322 30.53
12398 30.50
12394 30.55
12324 30.56
12178 30.62
12283 30.51
12187 30.55
12023 30.61
12186 30.62
12007 30.67
12246 30.57
12101 30.46
12075 30.50
12177 30.45
11612 30.40
30543 31.95
4186 33.83
8356 32.75
10334 31.82
11914 30.98
12111 30.70
11400 30.59
11845 30.51
11885 30.48
11750 30.46
11790 30.42
11787 30.36
11805 30.32
12004 30.26
11791 30.23
11735 30.22
11737 30.21
12058 30.29
11741 30.14
11126 30.48
12142 30.17
11711 30.24
12117 30.09
12144 30.04
11427 30.26
11818 30.14
11355 30.33
11886 30.05
11608 30.25
11649 30.10
11653 30.22
12018 30.21
34831 30.72
3311 34.37
9216 32.38
10872 31.23
11069 31.01
12042 30.61
12277 30.42
12314 30.30
12065 30.29
12087 30.17
12313 30.21
12198 30.24
