2970 51.00
140 51.00
375 51.00
353 50.92
651 50.12
767 49.70
945 47.41
887 46.26
963 46.90
961 46.36
878 46.61
1037 46.42
864 45.73
881 45.77
1062 45.53
886 45.28
705 46.20
914 46.09
859 45.09
895 45.89
913 45.80
914 45.55
809 44.81
1090 45.43
926 45.42
1132 44.93
1075 44.49
1101 44.17
1244 44.38
1067 44.44
963 44.43
1237 44.02
2740 51.00
399 47.14
609 48.87
1019 47.96
986 47.43
974 46.97
922 46.27
831 46.29
950 45.98
1053 45.98
858 45.70
954 46.30
924 45.98
833 45.68
948 45.59
1056 45.76
927 45.87
1033 45.78
939 45.69
854 45.69
842 45.51
961 45.25
1168 44.54
1075 45.00
983 45.00
1085 44.99
1006 45.26
1293 44.63
1226 44.36
1217 44.89
1204 44.23
1063 44.57
2664 51.00
250 48.95
635 48.79
913 46.73
890 47.08
907 46.51
975 45.99
910 45.29
916 46.39
841 46.05
1096 45.79
683 45.51
846 45.54
1163 45.12
1051 44.89
1191 45.12
1140 45.28
610 45.12
1053 44.31
999 45.24
1175 45.00
1051 44.78
1095 44.18
1095 44.01
954 44.49
1118 44.64
996 44.60
1056 45.01
1203 44.57
1267 44.49
1091 44.13
1103 44.28
2706 51.00
608 48.17
769 48.08
612 47.94
920 47.23
829 46.30
985 46.40
868 46.01
972 45.89
1012 45.98
732 45.89
913 45.65
726 45.40
987 44.82
1129 45.35
1158 44.60
1057 45.03
919 44.52
1057 44.54
847 44.63
1183 44.45
1088 43.97
970 43.93
1046 44.05
1077 43.84
1293 43.59
1279 43.61
872 44.17
1186 43.43
1296 43.40
1108 43.29
1061 43.41
2677 50.99
353 47.11
500 46.74
1052 45.86
855 45.57
786 45.35
858 45.08
806 45.07
1086 44.65
922 44.97
1169 43.82
1027 44.66
964 44.00
953 44.48
876 44.40
1176 43.83
1155 43.62
1108 43.69
1259 43.61
1049 43.47
1130 43.21
971 43.16
963 43.48
1090 43.12
1035 43.11
1108 43.21
1026 43.19
1114 43.09
1169 43.29
1006 42.89
1124 43.01
1126 43.05
2659 50.88
545 45.74
721 45.43
921 44.99
788 45.08
959 44.20
881 45.01
972 44.66
1389 43.99
906 44.43
931 44.32
981 43.63
1176 43.65
1111 43.61
1057 43.31
1029 43.67
1216 43.35
1190 43.49
986 43.42
1232 43.24
1166 43.24
1136 42.83
1076 43.50
968 43.25
1405 42.88
1136 43.05
1214 42.67
1219 42.99
1240 42.97
1280 42.51
1255 43.04
1337 41.93
2752 50.89
421 46.38
443 46.56
1116 45.43
1016 45.25
861 45.06
895 44.88
1027 44.80
1161 44.34
1103 44.16
1034 44.04
1002 43.87
1223 43.75
940 44.08
996 43.48
1118 43.53
1197 43.38
1056 43.22
1127 42.92
1195 43.04
1074 43.13
1234 43.15
939 43.53
1181 43.00
1214 42.59
1180 43.06
1096 42.53
1383 42.63
1015 43.10
1195 42.60
1172 42.66
1132 42.46
2805 50.87
633 46.04
697 45.78
661 46.00
956 45.17
1054 44.35
943 44.88
1041 44.66
1055 44.13
1437 43.63
1055 43.75
1083 43.92
774 44.05
885 43.89
1159 43.58
1143 43.67
1372 43.27
1126 43.22
1242 42.98
901 43.62
1449 42.90
1100 43.11
1093 42.83
1209 42.36
1183 42.94
1271 42.74
1185 42.78
1089 42.62
1277 42.65
1217 42.93
1226 42.54
1167 42.26
2896 50.73
413 46.27
778 45.94
933 45.08
844 45.29
1079 44.46
1330 43.94
938 43.68
944 44.04
1086 43.36
1013 43.23
1068 43.18
1121 43.22
783 43.39
970 43.09
1273 42.61
1244 42.52
1203 42.79
1131 42.52
1020 42.31
1119 42.21
1025 42.33
1175 42.64
1331 41.92
1087 42.07
1041 42.23
1166 41.54
1237 41.57
1069 41.74
1189 41.52
1234 41.62
1294 41.37
3026 50.49
637 46.25
832 45.83
869 45.44
1041 44.98
1016 44.77
812 45.24
1009 44.24
968 44.24
972 43.69
1346 43.34
1198 43.24
