23806 34.17
6051 33.53
11891 31.69
12301 30.91
12031 30.77
12821 30.89
12323 30.58
11824 30.43
12858 30.49
12572 30.53
12489 30.38
12366 30.43
12198 30.38
12119 30.17
12821 30.31
13541 30.13
12695 30.55
11954 30.40
12104 30.17
12819 30.12
12785 30.18
12554 30.27
13210 29.98
13621 30.47
12200 30.23
12895 30.49
12009 30.19
12647 30.05
12836 30.21
12951 30.34
12652 30.31
12406 30.27
28921 32.12
7343 32.61
9091 32.21
10395 31.83
11168 31.16
11948 31.05
13138 30.62
12278 30.64
12361 30.42
12220 30.73
13072 30.46
12696 30.65
12516 30.59
12868 30.59
12556 30.55
12639 30.58
12569 30.61
12408 30.61
12333 30.55
12507 30.49
12782 30.48
12517 30.40
12494 30.37
12778 30.30
12535 30.34
12644 30.31
12809 30.52
12775 30.46
12272 30.57
12641 30.57
12222 30.50
12756 30.48
32442 30.99
4684 34.04
8715 32.77
10431 31.99
11335 31.39
12126 31.01
12223 30.48
12382 30.26
12711 30.52
12145 30.50
11687 30.64
12744 30.50
12226 30.35
12836 30.23
12833 30.33
12242 30.43
12497 30.42
12269 30.35
12639 30.22
12869 30.35
12169 30.46
12839 30.37
12429 30.45
12738 30.45
12706 30.37
12615 30.34
12273 30.68
12535 30.76
12144 30.71
13411 30.49
12694 30.44
12919 30.44
34811 30.78
3660 35.02
8325 33.41
9569 32.56
11233 31.78
11096 31.59
11865 31.30
12278 31.02
12798 30.60
12118 30.91
12173 30.87
12610 30.67
12308 30.56
12693 30.45
12414 30.56
12615 30.57
12515 30.58
12544 30.60
12648 30.60
12534 30.43
12538 30.44
12435 30.39
12558 30.39
11464 30.79
12584 30.46
12525 30.20
12285 30.51
12046 30.52
11902 30.57
13381 30.11
12837 30.28
12704 30.33
34300 30.60
4381 34.00
8939 32.54
9813 32.12
11629 31.34
11981 30.87
11761 30.80
11930 30.70
12876 30.48
11629 30.64
12852 30.39
12484 30.43
12424 30.35
12399 30.45
12541 30.30
12548 30.36
13089 30.29
12396 30.46
12574 30.34
12422 30.32
12425 30.26
12591 30.19
12689 30.14
12623 30.16
12549 30.11
12386 30.13
12313 30.16
11673 30.44
11839 30.48
13065 29.96
12683 30.23
11589 30.54
35822 30.03
3759 33.89
8284 32.50
10006 31.71
11010 31.13
11755 30.73
12288 30.48
12117 30.54
12308 30.35
13257 30.12
12859 30.19
11798 30.58
12988 30.16
12322 30.25
12864 30.17
12722 30.23
12887 30.18
12615 30.18
12642 30.14
12889 30.14
12680 30.18
12856 30.27
12829 30.14
12657 30.21
13161 30.24
12783 30.29
12876 30.33
12887 30.24
12824 30.34
12968 30.27
12579 30.29
13004 30.39
31667 31.49
3559 34.55
9432 32.51
11390 31.54
11254 31.34
12079 30.94
12824 30.55
12397 30.57
12315 30.58
12516 30.55
12421 30.50
12237 30.41
12425 30.46
12420 30.50
12586 30.41
12424 30.40
12746 30.40
12578 30.42
12527 30.36
12325 30.36
12582 30.36
12568 30.36
12482 30.41
12442 30.39
12674 30.31
12323 30.29
12763 30.26
12638 30.29
12625 30.30
12657 30.33
12466 30.34
12505 30.23
33103 31.30
3750 34.50
8880 32.71
10290 31.92
11455 31.36
12048 30.92
12519 30.61
11857 30.79
12738 30.53
12810 30.51
12541 30.46
12806 30.40
12735 30.41
12798 30.40
12702 30.42
12793 30.30
12875 30.35
12562 30.34
12889 30.36
12596 30.37
12724 30.31
12542 30.42
12691 30.38
12670 30.36
12672 30.32
12437 30.40
12444 30.42
12503 30.29
12450 30.27
12649 30.21
12714 30.32
12073 30.22
31570 31.66
4161 34.00
9562 32.25
10850 31.49
11894 30.86
12355 30.52
11949 30.41
12273 30.30
12114 30.30
12134 30.22
12244 30.23
12207 30.20
11991 30.08
12206 30.12
12040 30.03
12349 29.97
12183 29.94
12458 30.05
12229 29.91
12785 29.83
12393 29.95
12752 29.79
12156 29.97
12581 29.90
11876 30.07
12115 30.06
11804 30.14
12391 29.68
12076 30.05
12071 29.82
12128 30.02
12128 30.03
35844 30.44
3774 34.08
9367 32.22
11458 30.97
11270 30.73
12279 30.47
12326 30.33
12842 30.07
11988 30.23
12998 29.97
12718 29.99
12820 30.02
