24636 33.86
6521 33.44
12231 31.35
12589 30.71
13135 30.33
12841 30.68
12832 30.37
12477 30.24
13204 30.28
13044 30.29
12904 30.24
12725 30.21
12564 30.17
12562 30.03
13182 30.11
13879 29.99
13203 30.36
12368 30.19
12571 29.93
13176 29.99
12974 30.04
12921 30.03
13658 29.77
14017 30.25
12798 30.07
13388 30.30
12480 29.99
12879 29.90
13297 29.94
13318 30.17
13009 30.16
12923 30.03
29201 32.02
7798 32.42
9337 31.97
10818 31.62
11647 30.92
13063 30.61
13426 30.43
12651 30.43
11928 30.51
13432 30.25
13307 30.29
13072 30.42
12963 30.39
12370 30.69
13036 30.30
13034 30.33
13162 30.34
12866 30.29
12822 30.37
12950 30.18
13229 30.30
12831 30.19
13150 30.14
13139 30.11
13027 30.17
12990 30.15
13367 30.25
13000 30.28
12761 30.37
13145 30.37
12674 30.41
12940 30.35
33338 30.75
4990 33.86
8700 32.65
10771 31.79
11773 31.14
11805 30.99
12995 30.17
12843 30.13
13070 30.29
12793 30.30
12692 30.20
12956 30.28
12644 30.15
13007 30.13
13090 30.18
12897 30.22
12830 30.21
12675 30.11
12992 30.05
13476 30.11
12831 30.24
13146 30.15
12893 30.19
13331 30.11
13200 30.17
12998 30.16
13435 30.16
13634 30.27
13105 30.26
13591 30.35
13144 30.31
12470 30.50
34564 30.84
3729 35.04
9088 33.01
9648 32.35
11514 31.59
11240 31.43
12282 31.06
12710 30.77
12352 30.64
12985 30.61
13525 30.37
12758 30.45
11959 30.62
13366 30.26
12938 30.29
13042 30.36
13149 30.38
12755 30.42
12973 30.39
12932 30.22
12952 30.21
12868 30.16
12877 30.15
12030 30.49
12837 30.26
13193 29.96
12386 30.48
12441 30.32
12337 30.39
13815 29.97
13228 30.06
13060 30.14
35538 30.27
4548 33.73
8611 32.66
10494 31.84
11252 31.34
11973 30.92
12381 30.53
12243 30.48
13551 30.25
12743 30.21
12749 30.25
13035 30.20
12961 30.12
12769 30.21
13001 30.12
12844 30.16
13474 30.12
12989 30.15
13001 30.06
13038 30.09
12795 30.02
13049 30.02
12971 29.98
12977 29.95
13092 29.90
12699 29.97
12872 29.94
12537 30.08
12994 29.88
12594 29.92
13195 29.96
12687 30.08
36834 29.75
4134 33.69
8445 32.31
9643 31.73
11803 30.89
12152 30.57
12594 30.26
13424 29.98
12540 30.19
13621 29.99
13091 30.02
12892 30.11
13015 30.02
13042 29.94
13080 29.97
13182 30.02
13087 30.00
13011 30.06
13097 29.87
13453 30.00
13204 30.01
13022 30.03
13386 29.99
13095 30.07
13453 30.00
13362 30.06
13210 30.09
13365 30.06
13212 30.09
13186 30.08
13220 30.12
13344 30.07
32348 31.31
3798 34.36
9601 32.38
10814 31.61
12059 31.03
13261 30.43
12767 30.41
12856 30.38
12887 30.36
12785 30.35
12824 30.29
12705 30.20
12957 30.27
12732 30.24
12863 30.19
12898 30.14
13049 30.22
12918 30.24
13024 30.19
13043 30.13
12983 30.12
13004 30.15
12895 30.20
12931 30.15
13009 30.12
12754 30.10
12968 30.15
13167 30.13
12917 30.08
12946 30.12
13009 30.00
12899 30.05
34220 30.98
3865 34.33
9204 32.49
10587 31.71
12673 30.80
12175 30.71
13186 30.34
12123 30.59
13142 30.32
12825 30.35
13029 30.29
13424 30.17
13341 30.14
13080 30.23
13240 30.16
13167 30.16
13197 30.14
12956 30.17
13260 30.18
13266 30.13
13005 30.15
13218 30.12
13205 30.12
13052 30.20
12930 30.12
13007 30.18
12793 30.20
13047 30.12
12774 30.04
12912 30.10
13044 30.11
12609 29.90
31804 31.57
4471 33.70
10010 32.07
11200 31.24
12064 30.66
12797 30.26
12488 30.20
12688 30.13
12621 30.09
12443 30.06
12328 30.04
12712 29.99
12481 29.98
12595 29.89
12573 29.84
12621 29.77
12554 29.79
12967 29.77
12680 29.79
13125 29.68
12820 29.72
13154 29.66
12767 29.68
11745 30.13
13163 29.62
12000 29.97
12498 29.83
12791 29.49
12252 29.96
12445 29.66
12559 29.73
12554 29.83
36899 30.17
4101 33.88
9623 32.05
11635 30.90
11737 30.59
12807 30.21
12629 30.22
13351 29.87
13106 29.80
13089 29.77
13158 29.84
13123 29.90
