24962 33.74
6492 33.30
12620 31.22
12689 30.54
12972 30.38
13317 30.57
13148 30.26
12630 30.13
13542 30.15
13262 30.14
13188 30.12
12839 30.12
12925 30.09
12684 29.84
13491 30.00
14195 29.85
13464 30.22
12498 30.11
12802 29.89
13322 29.87
13356 29.90
13069 30.02
13952 29.68
14331 30.15
12901 29.93
13677 30.18
12664 30.01
13005 29.83
13479 29.92
13453 30.06
13091 30.03
12950 29.95
29696 31.90
8067 32.32
9516 31.95
10965 31.56
11753 30.86
13177 30.51
12719 30.59
12343 30.59
13488 30.03
13423 30.22
13514 30.21
13331 30.31
12311 30.52
13525 30.26
12987 30.26
13292 30.26
13235 30.27
13145 30.20
13103 30.16
13286 30.06
13474 30.25
13113 30.12
13143 30.06
13317 30.02
13227 30.10
13388 30.03
13676 30.07
13191 30.23
12961 30.22
13244 30.32
12779 30.26
13267 30.21
34053 30.55
5063 33.77
9127 32.33
10158 31.93
12145 31.05
12737 30.64
12993 30.05
12992 29.99
13409 30.21
12885 30.17
13094 30.03
13147 30.22
12700 30.03
13441 29.99
13371 30.08
13047 30.13
13050 30.17
12820 29.99
13328 29.99
13552 30.10
13013 30.09
13364 30.06
13151 30.07
12531 30.32
13594 30.10
13261 30.07
12720 30.44
12953 30.47
12868 30.39
14038 30.16
13453 30.19
13347 30.10
36198 30.39
4151 34.60
8683 33.08
9958 32.32
11750 31.48
11551 31.21
13479 30.70
12738 30.66
12481 30.59
13016 30.47
13796 30.28
12882 30.36
12893 30.23
13234 30.13
13331 30.11
13311 30.23
13177 30.28
13150 30.24
13201 30.32
13291 30.09
13055 30.14
13019 30.05
13040 30.10
13190 30.12
13159 30.06
12296 30.28
13419 30.09
13448 29.90
13277 29.87
13372 29.91
13347 29.97
13417 30.01
36271 30.04
5038 33.42
9279 32.32
10502 31.81
12110 31.03
12654 30.58
12250 30.51
11732 30.64
13015 30.44
13402 30.15
13054 30.09
13401 30.14
12918 30.01
13016 30.06
13159 30.07
13033 30.07
13630 29.95
13118 30.04
13328 30.06
13181 29.97
12909 29.98
13226 29.94
13175 29.90
13040 29.80
13105 29.81
13074 29.78
13055 29.82
12669 29.94
12140 30.15
13493 29.72
13377 29.81
12460 30.05
37717 29.56
4059 33.68
8782 32.15
9832 31.62
11989 30.80
12264 30.47
12971 30.13
12791 30.25
12990 30.06
13870 29.79
13381 29.91
12421 30.14
13613 29.84
13266 29.83
13274 29.94
13393 29.93
13399 29.88
13351 29.86
13190 29.89
13682 29.83
13289 29.89
13337 29.90
13488 29.92
13371 29.98
13557 29.96
13710 29.95
13433 30.00
13626 30.04
13477 29.97
13591 29.95
13268 30.00
13719 30.04
32679 31.16
4033 34.33
9789 32.31
11054 31.53
12104 30.99
12478 30.62
13426 30.28
13111 30.26
12894 30.36
13152 30.25
12994 30.26
12911 30.07
13139 30.07
12891 30.21
13118 30.13
13195 30.08
13296 30.12
13007 30.11
13109 30.10
13178 30.04
13177 30.12
13100 30.11
13395 30.00
12963 30.04
13094 30.05
13036 30.04
13628 29.98
13273 30.02
13317 30.00
13196 29.99
13218 29.96
13063 29.91
34898 30.77
4063 34.18
9400 32.42
11623 31.27
12371 30.79
11477 30.97
12800 30.53
13481 30.17
13078 30.22
13225 30.19
13255 30.14
13611 30.10
13283 30.05
13313 30.06
13196 30.07
13656 30.04
13284 30.10
13271 30.05
13531 30.06
13348 30.03
13371 30.01
13225 30.04
13463 29.96
13282 30.05
13105 30.06
13146 30.06
13132 30.10
13179 30.02
13277 29.97
13222 29.97
13137 30.03
12575 29.86
32364 31.40
4732 33.58
9927 31.94
11597 31.12
12264 30.55
13150 30.16
12605 30.10
12889 30.04
12649 30.02
12694 29.98
12997 29.93
12829 29.82
12653 29.85
12750 29.82
12672 29.77
12991 29.69
13104 29.64
13148 29.63
12876 29.63
13157 29.62
13059 29.66
13357 29.55
12928 29.63
13332 29.51
13120 29.52
13148 29.48
13047 29.58
12996 29.44
12254 29.76
12986 29.46
12782 29.73
12664 29.81
37738 29.95
3975 33.98
9909 31.97
11263 30.95
12142 30.41
13064 30.12
13567 29.92
13306 29.81
12617 29.96
13548 29.69
13301 29.82
13260 29.80
