25781 33.43
6945 33.05
12959 31.06
13150 30.42
13377 30.18
13695 30.37
13636 29.99
12794 29.96
13924 29.97
13773 30.03
13561 29.92
13609 29.86
13222 29.88
13135 29.71
13977 29.79
14482 29.72
14132 29.99
13056 29.85
12974 29.73
13697 29.71
13649 29.70
13390 29.84
14181 29.44
14735 29.94
13351 29.74
13909 30.00
13125 29.75
13598 29.62
13925 29.72
13914 29.90
13868 29.80
13475 29.75
29931 31.79
8236 32.08
9812 31.68
11227 31.31
12215 30.63
13630 30.29
13151 30.40
13688 30.10
13646 29.84
13729 30.00
13093 30.31
13212 30.40
13035 30.32
14211 30.07
13490 30.08
13528 30.09
13772 30.07
13328 30.05
13633 29.97
13713 29.86
13739 30.01
13703 29.90
13617 29.86
13656 29.86
13546 29.94
13455 29.86
14148 29.92
13745 29.97
13353 30.02
13856 30.05
13146 30.03
13661 29.99
35165 30.24
5482 33.34
9445 32.18
11274 31.48
12185 30.87
13036 30.50
13440 29.87
12690 30.05
13885 29.97
13535 29.93
13438 29.86
13525 29.98
13298 29.79
13000 30.04
14196 29.81
13392 29.95
13424 29.95
13116 29.86
13856 29.72
13820 29.86
13435 29.86
13683 29.85
13647 29.89
13756 29.89
13643 29.93
13612 29.89
13350 30.16
13559 30.22
12491 30.45
13151 30.52
13129 30.32
12848 30.30
39389 29.60
4430 34.27
9444 32.59
10072 32.15
12063 31.24
11989 31.05
13036 30.70
13482 30.38
12850 30.35
13316 30.37
14318 30.00
13400 30.14
13448 29.96
13811 29.94
13813 29.94
13691 30.00
13531 30.03
13578 30.03
12838 30.30
13754 29.86
13612 29.83
13494 29.87
13576 29.85
13628 29.92
13646 29.77
12669 30.06
13601 29.88
12709 30.08
13349 29.94
14290 29.70
13817 29.74
13922 29.74
37285 29.80
4862 33.47
9655 32.08
10753 31.50
11880 31.03
12594 30.65
12869 30.25
12689 30.16
14327 29.91
13402 29.87
12630 30.16
14096 29.84
13389 29.80
13386 29.90
13746 29.82
13528 29.79
14183 29.72
13630 29.87
13551 29.86
13622 29.77
13360 29.79
13671 29.77
13681 29.65
13534 29.63
13539 29.61
13370 29.62
13310 29.57
13213 29.83
13807 29.60
12907 29.77
13972 29.62
12817 29.87
38700 29.28
4290 33.35
9126 31.94
10800 31.13
11947 30.56
12739 30.25
13260 29.92
13295 29.92
13304 29.84
13428 29.88
13939 29.73
13871 29.64
13667 29.67
13424 29.64
13923 29.59
13749 29.71
13921 29.74
13720 29.65
13813 29.69
14001 29.69
13772 29.66
13951 29.76
14037 29.74
13844 29.77
14047 29.77
14097 29.76
13770 29.80
13995 29.76
13873 29.78
13989 29.75
13704 29.80
13909 29.81
31932 31.41
5351 33.40
10541 31.83
11874 31.09
12219 30.81
13630 30.16
13390 30.17
13540 30.11
13369 30.11
13194 30.12
13385 29.98
13397 29.97
13594 29.97
13522 29.98
13526 29.90
13471 29.95
13451 30.03
13434 29.97
13482 29.89
13412 29.86
13471 29.90
13569 29.91
13747 29.85
13395 29.84
13630 29.82
13411 29.78
13865 29.77
13744 29.80
13562 29.79
13529 29.83
13739 29.74
13542 29.77
35989 30.49
4342 33.90
9790 32.24
11913 31.15
11865 30.86
12997 30.41
12810 30.36
12999 30.18
13842 29.95
13781 30.00
13635 29.94
14030 29.90
13956 29.88
13697 29.89
13791 29.84
13898 29.81
13593 29.89
13589 29.91
13972 29.85
13853 29.89
13759 29.85
13824 29.84
13790 29.79
13619 29.90
13545 29.88
13604 29.89
13389 29.91
13764 29.83
13546 29.76
13764 29.75
13603 29.80
13050 29.71
33327 31.10
5178 33.40
10363 31.72
11898 30.94
12693 30.35
13424 29.95
12982 29.95
13214 29.89
13083 29.79
13175 29.73
13165 29.76
13210 29.64
13499 29.56
13315 29.60
12989 29.62
13400 29.51
13278 29.47
13447 29.55
13201 29.46
13670 29.40
13605 29.39
13893 29.42
13248 29.45
13627 29.45
13528 29.36
13482 29.34
13737 29.28
13231 29.27
13633 29.31
12103 29.72
13680 29.43
12912 29.60
38794 29.68
4289 33.75
10236 31.66
12106 30.53
12829 30.07
13138 29.98
13298 29.95
13150 29.87
13985 29.51
13723 29.45
13836 29.54
13662 29.56
