25998 33.34
7244 32.89
13311 30.93
13483 30.30
13380 30.14
13908 30.25
13902 29.92
13005 29.83
14142 29.87
13922 29.84
13832 29.83
13885 29.80
13455 29.79
13189 29.65
14094 29.64
14838 29.59
14276 29.91
13215 29.77
13449 29.63
13891 29.60
13757 29.69
13823 29.64
14640 29.38
14825 29.86
13357 29.68
14093 29.85
13507 29.64
13794 29.51
13985 29.63
14170 29.75
13888 29.69
13730 29.68
30303 31.67
8143 32.13
10044 31.59
11391 31.22
12302 30.58
13157 30.41
12816 30.52
14154 30.00
13662 29.81
14073 29.86
14043 29.86
13947 30.04
13797 30.03
14047 30.00
13650 29.90
13740 30.04
13881 29.98
13876 29.97
13864 29.93
13853 29.80
14030 29.89
13746 29.74
13927 29.80
13970 29.78
13702 29.83
13709 29.81
14301 29.81
13994 29.87
13613 29.93
14004 29.96
13445 29.96
13788 29.87
35035 30.26
5552 33.34
9627 32.11
11449 31.38
12155 30.73
12356 30.64
13890 29.81
13716 29.69
14200 29.82
13432 29.87
12841 30.04
14210 29.80
13335 29.70
13300 29.99
14374 29.71
13638 29.83
13637 29.84
13535 29.77
13963 29.67
14309 29.77
13517 29.82
14040 29.72
13739 29.80
13166 30.03
14151 29.78
13793 29.82
14143 29.82
14365 29.94
13996 29.88
14499 29.92
14011 29.89
13035 30.12
38122 29.89
4327 34.36
9619 32.52
10268 31.96
12383 31.15
11950 30.99
14159 30.36
13193 30.38
13947 29.99
13258 30.33
13543 30.34
13080 30.27
12947 30.18
14470 29.80
13891 29.85
14099 29.86
13701 29.97
13741 29.93
13958 29.95
13772 29.82
13777 29.78
13568 29.79
13724 29.82
13784 29.77
13724 29.81
13467 29.79
13751 29.89
12903 29.98
13440 29.95
14470 29.67
14030 29.62
14081 29.70
37810 29.68
5066 33.28
9713 32.01
10769 31.51
12022 30.97
13664 30.28
13701 29.92
12672 30.08
13409 30.13
13085 30.07
14000 29.72
13909 29.77
13592 29.74
13500 29.84
13924 29.64
13711 29.77
14362 29.67
13793 29.78
13823 29.72
13827 29.64
13649 29.59
13876 29.71
13767 29.67
13746 29.55
13796 29.53
13634 29.47
13662 29.53
12687 29.80
13018 29.82
14199 29.33
13987 29.61
12989 29.81
39313 29.14
4539 33.19
8625 32.12
11219 31.10
12172 30.49
13028 30.20
13455 29.88
13300 29.87
13510 29.80
13683 29.76
14401 29.55
14164 29.60
13824 29.58
13963 29.51
14026 29.58
13869 29.66
14008 29.70
13903 29.62
13949 29.52
14161 29.56
14086 29.58
14176 29.61
14097 29.73
14040 29.69
14337 29.71
14231 29.75
14030 29.70
14163 29.73
14182 29.77
14323 29.67
13971 29.79
14101 29.79
33885 30.82
4092 34.22
10406 32.01
12301 30.98
12324 30.74
13232 30.33
14077 30.00
13639 30.01
13551 29.97
13603 29.96
13557 29.90
13528 29.79
13731 29.89
13631 29.83
13776 29.82
13765 29.80
13981 29.87
13636 29.82
13672 29.80
13688 29.77
13736 29.80
13832 29.84
13876 29.73
13599 29.75
14018 29.75
13726 29.76
13956 29.68
13979 29.74
13710 29.72
13682 29.76
14079 29.63
13789 29.68
35965 30.50
4359 33.91
10041 32.10
11947 31.03
13052 30.46
13048 30.34
12923 30.24
13110 30.15
14009 29.90
13898 29.85
13858 29.87
14105 29.81
14167 29.79
13998 29.79
13999 29.80
14126 29.73
13781 29.80
13727 29.83
14201 29.76
13792 29.81
14081 29.73
14083 29.71
14073 29.70
13913 29.78
13815 29.79
13769 29.83
13621 29.78
13975 29.74
13744 29.70
14009 29.63
13748 29.72
13212 29.62
33327 31.10
5271 33.33
9831 31.91
11571 31.11
13268 30.23
13616 29.84
13254 29.78
13572 29.76
13379 29.70
13421 29.61
13347 29.63
13418 29.57
13336 29.48
13578 29.47
13345 29.43
13569 29.42
13509 29.41
13807 29.40
13378 29.37
13931 29.33
13736 29.36
13869 29.32
13552 29.35
14035 29.27
13832 29.23
13639 29.29
13768 29.27
13455 29.19
13241 29.48
13060 29.41
13253 29.49
13624 29.45
39390 29.54
4431 33.64
10373 31.65
12170 30.48
12939 30.00
13370 29.88
13313 29.86
13584 29.67
14303 29.42
13872 29.38
14086 29.49
13732 29.53
