26394 33.22
7580 32.71
13330 30.86
13731 30.15
13716 30.02
14200 30.18
14111 29.87
13169 29.78
14335 29.79
14168 29.84
13973 29.75
13901 29.74
13518 29.74
13528 29.57
14398 29.63
14929 29.48
14337 29.87
13561 29.70
13491 29.51
14042 29.52
14117 29.51
14108 29.59
14921 29.28
14984 29.80
13617 29.61
14275 29.82
13421 29.57
14044 29.38
14170 29.51
14576 29.65
14064 29.65
13787 29.61
30772 31.50
8517 31.99
10820 31.36
11277 31.23
12515 30.49
13282 30.34
13883 30.16
14053 29.84
13723 29.75
13527 30.07
13726 30.03
14480 29.91
13918 29.90
14092 29.92
14140 29.82
13933 29.88
14131 29.95
13867 29.88
14037 29.84
13960 29.74
14307 29.81
13934 29.69
14276 29.64
14083 29.63
13861 29.69
14047 29.67
14473 29.74
14232 29.74
13764 29.81
14379 29.89
13519 29.86
14023 29.84
35905 30.03
5628 33.35
9849 31.94
11598 31.23
12520 30.70
13433 30.24
13834 29.72
13734 29.64
14245 29.79
13719 29.77
12960 29.96
14389 29.69
13732 29.63
13378 29.87
14632 29.60
13812 29.73
13942 29.77
13731 29.67
14181 29.60
14354 29.69
13862 29.76
14118 29.71
14014 29.74
14057 29.70
14079 29.70
13970 29.72
13480 29.98
13984 30.02
13601 30.00
14969 29.85
14331 29.78
13354 30.01
39047 29.68
4560 34.18
9819 32.46
10396 31.92
12587 31.05
12298 30.86
13404 30.56
13858 30.27
13475 30.15
13682 30.16
14621 29.94
13919 29.93
13645 29.84
14237 29.73
14063 29.81
14151 29.81
13786 29.92
14066 29.89
14189 29.88
14003 29.73
13935 29.77
14001 29.69
13948 29.72
14040 29.69
13973 29.64
13649 29.53
14683 29.53
14203 29.54
13910 29.54
14420 29.59
14148 29.59
14185 29.57
37908 29.64
5179 33.19
9930 31.86
11095 31.36
12260 30.83
12866 30.37
13144 30.09
13433 29.94
13794 30.00
14250 29.76
13887 29.69
14182 29.71
13814 29.68
13685 29.77
13939 29.67
14090 29.63
14328 29.61
14093 29.63
13969 29.64
13965 29.60
13857 29.50
14096 29.56
13958 29.48
14196 29.40
13891 29.48
13818 29.42
13851 29.42
13004 29.68
13124 29.76
14455 29.27
14347 29.32
14438 29.37
39106 29.17
4565 33.15
9497 31.79
10339 31.30
12651 30.46
12996 30.06
13689 29.74
13676 29.78
13736 29.67
14829 29.48
14222 29.51
14089 29.55
14045 29.44
13887 29.44
14299 29.45
14362 29.53
14233 29.56
14112 29.47
14331 29.47
14251 29.49
14123 29.54
14208 29.55
14514 29.57
14097 29.58
14469 29.60
14454 29.63
14272 29.64
13708 29.91
14557 29.59
14324 29.68
14069 29.65
14563 29.61
34896 30.53
4198 34.11
10567 31.87
11665 31.12
12899 30.61
13419 30.27
14339 29.92
14093 29.88
13721 29.92
13881 29.84
13896 29.79
13709 29.76
14050 29.78
13781 29.77
14022 29.72
13828 29.71
14030 29.79
13904 29.75
13865 29.75
13870 29.66
14225 29.69
13955 29.72
14038 29.66
13861 29.67
14070 29.66
14063 29.62
14268 29.63
14006 29.70
14040 29.65
13879 29.61
14014 29.63
14122 29.61
36459 30.35
4613 33.69
9334 32.31
11859 31.16
13490 30.38
12316 30.49
13568 30.13
13371 30.06
14179 29.81
14199 29.77
13913 29.78
14448 29.70
14304 29.67
14072 29.71
14310 29.70
14222 29.61
14128 29.68
14104 29.69
14332 29.66
14252 29.65
14253 29.67
14237 29.69
14272 29.61
14360 29.64
13933 29.66
13927 29.71
13808 29.73
14070 29.63
14068 29.56
13986 29.58
14055 29.60
13526 29.46
34833 30.67
5274 33.02
9894 31.82
12406 30.75
13237 30.13
13882 29.77
13298 29.72
13675 29.62
13565 29.54
13708 29.53
13509 29.59
13846 29.43
13723 29.42
13730 29.40
13550 29.31
13825 29.31
13632 29.34
14135 29.36
13423 29.32
14058 29.21
13854 29.26
14266 29.14
13734 29.27
14102 29.18
13837 29.17
13794 29.13
13966 29.15
13801 29.03
13165 29.42
13412 29.27
13573 29.35
13554 29.35
39877 29.39
4659 33.49
11148 31.30
12124 30.33
12563 30.10
13694 29.78
13741 29.69
13749 29.58
14412 29.29
14136 29.32
14223 29.34
14048 29.38
