26714 33.07
7674 32.55
13391 30.74
13269 30.22
14370 29.77
14682 29.92
14113 29.74
13276 29.63
14659 29.64
14347 29.73
14264 29.59
14329 29.58
13869 29.59
13755 29.48
14607 29.48
15254 29.35
14479 29.81
13565 29.65
13851 29.36
14399 29.42
14280 29.44
14449 29.45
14935 29.22
15365 29.70
13777 29.55
14610 29.64
13750 29.44
14200 29.31
14408 29.44
14577 29.57
14331 29.56
14004 29.46
30935 31.47
8724 31.85
10398 31.44
11778 31.04
12610 30.38
13265 30.36
13377 30.29
14276 29.81
14239 29.58
14765 29.64
14350 29.70
14484 29.80
14210 29.80
14507 29.81
14156 29.77
14226 29.80
14315 29.83
14153 29.78
14142 29.75
14250 29.66
14622 29.72
14090 29.63
14391 29.55
14341 29.54
14070 29.64
14276 29.60
14630 29.71
14415 29.72
14038 29.72
14473 29.77
13702 29.77
14342 29.78
35863 30.05
5660 33.36
9942 31.82
11728 31.18
12700 30.58
12803 30.51
13538 29.82
14283 29.47
14479 29.68
14030 29.65
13966 29.60
14487 29.63
13842 29.53
14463 29.47
14600 29.54
13946 29.66
14098 29.70
13829 29.62
14387 29.47
14630 29.61
13843 29.67
14377 29.57
14260 29.65
14481 29.62
14352 29.66
14220 29.67
13720 29.91
14113 29.92
13796 29.93
15047 29.76
14468 29.69
13640 29.96
39351 29.62
4645 34.13
9351 32.82
10874 31.77
12805 30.96
12329 30.84
14245 30.21
13851 30.14
13575 30.06
13962 30.11
14993 29.78
13979 29.80
14009 29.79
13561 29.97
14392 29.72
14267 29.76
14166 29.81
14108 29.78
14285 29.83
14166 29.63
14424 29.61
14050 29.58
14091 29.62
14346 29.59
14072 29.55
13259 29.77
14248 29.62
13417 29.74
13646 29.69
14943 29.46
14410 29.43
14624 29.46
40659 28.97
4037 34.06
9666 32.21
11371 31.28
12349 30.71
13167 30.25
12848 30.13
12922 30.12
15243 29.58
14286 29.58
14161 29.60
14280 29.61
13254 29.77
14509 29.55
14423 29.46
14252 29.50
14725 29.48
14479 29.52
14279 29.54
14090 29.55
14056 29.47
14155 29.51
14108 29.48
14508 29.29
14133 29.32
14143 29.26
14203 29.39
14376 29.20
14105 29.29
14240 29.23
14414 29.40
14470 29.38
39979 28.98
4440 33.30
9532 31.66
11182 31.03
12455 30.32
13219 30.01
13886 29.67
13736 29.77
13873 29.61
15205 29.35
14581 29.39
14389 29.48
14320 29.45
14008 29.44
14631 29.33
14230 29.55
14383 29.45
14277 29.43
14416 29.39
14473 29.43
14405 29.42
14423 29.49
14400 29.47
14465 29.43
14822 29.44
14632 29.45
14552 29.55
14723 29.54
14458 29.57
14584 29.54
13336 29.79
14985 29.56
35211 30.43
4523 33.88
10619 31.84
12102 30.99
13810 30.32
14105 29.87
13255 30.11
13761 29.97
14121 29.82
14170 29.74
14079 29.67
14081 29.60
14065 29.73
14013 29.70
14380 29.59
14074 29.59
14444 29.65
13958 29.73
14280 29.57
14053 29.56
14329 29.61
14155 29.66
14380 29.59
13938 29.59
14332 29.52
14324 29.48
14304 29.52
14312 29.56
14291 29.55
14228 29.51
14232 29.49
14218 29.52
36913 30.25
4605 33.76
10265 31.90
11699 31.12
13783 30.30
13266 30.18
13338 30.06
13559 29.93
14422 29.70
14367 29.71
14260 29.69
14621 29.61
14416 29.69
14242 29.63
14324 29.62
14424 29.60
14430 29.60
14365 29.59
14422 29.55
14579 29.53
14483 29.57
14368 29.63
14373 29.56
14300 29.62
14225 29.57
14081 29.60
14045 29.63
14370 29.47
14247 29.46
14216 29.42
14192 29.46
13792 29.33
36523 30.26
4021 33.79
10476 31.67
11987 30.87
12938 30.21
14465 29.62
13600 29.56
13860 29.51
14005 29.44
13744 29.39
13937 29.42
14065 29.32
13922 29.29
14031 29.28
13890 29.27
14047 29.21
13740 29.21
14257 29.24
13806 29.20
14393 29.12
13953 29.17
14553 29.03
14108 29.17
14235 29.13
14035 29.08
14094 29.09
14227 29.06
13935 28.99
14467 29.01
14220 28.98
14501 28.95
14614 28.97
39379 29.54
4316 33.62
10633 31.58
12577 30.31
13391 29.81
13633 29.70
13774 29.61
14433 29.34
14325 29.28
14208 29.21
14429 29.23
14374 29.28
