3496 50.97
124 51.00
370 50.82
1094 47.28
1032 45.38
1088 46.18
1103 45.85
1105 44.74
1114 45.51
1162 45.04
1111 44.83
1211 45.10
1061 44.81
1091 43.70
1252 44.08
942 44.35
1185 43.99
1269 43.67
1063 43.24
1413 43.16
1182 43.58
1334 43.22
1153 42.82
1395 43.17
1156 43.73
1482 43.34
1405 42.76
1441 42.66
1491 42.47
1558 42.77
1396 42.85
1222 43.12
2823 50.83
769 45.78
754 46.32
1147 46.21
1218 45.34
1150 45.41
1255 44.81
1233 44.79
1342 44.45
1051 44.83
1194 44.36
1228 44.23
1311 44.18
1095 44.35
1384 43.41
1392 43.80
1364 43.78
1326 43.53
1241 43.49
1340 43.33
1068 43.85
1520 43.26
1273 43.23
1251 43.48
1013 44.22
1239 43.85
1330 44.04
1489 43.49
1508 43.24
1490 43.09
1292 43.34
1264 43.36
2901 50.63
613 46.88
973 46.79
1028 45.73
1248 45.33
1394 44.67
1381 44.02
1323 43.92
1081 44.50
1194 44.34
1300 43.94
1065 43.84
1069 43.91
1369 43.68
1186 43.51
1350 43.91
1343 43.95
1314 43.22
1269 43.05
1506 43.31
1275 43.14
1067 43.52
1474 42.94
1237 43.27
1270 43.39
1416 43.08
1370 43.10
1470 43.12
1226 43.55
1382 43.17
1412 42.46
1376 43.05
3207 50.05
798 46.61
978 46.22
983 46.46
1212 45.42
1011 45.33
1201 44.93
1346 44.51
1342 44.16
1250 44.19
1328 43.95
1251 43.94
1064 43.96
1279 43.42
1237 43.79
1237 43.85
1241 44.11
1226 43.38
1206 43.47
1205 43.55
1290 43.27
1356 43.39
1444 42.62
1499 42.34
1322 42.65
1373 42.77
1349 42.69
1043 43.03
1301 42.87
1293 42.68
1257 42.89
1323 42.40
3472 49.34
573 45.85
825 45.29
1079 44.64
1301 44.33
1384 43.47
1078 43.80
1226 43.57
1447 43.96
1429 43.12
1050 43.17
1188 43.50
1195 43.29
1209 43.26
1368 42.83
1295 42.74
1244 43.18
1374 42.53
1165 42.34
1258 42.86
1386 42.34
1476 42.10
1278 42.35
1265 42.29
1447 41.80
1328 42.06
1219 42.31
1210 42.14
1282 42.22
1112 41.95
1321 41.85
1342 42.23
3596 48.96
561 45.11
818 45.06
1088 44.45
1313 43.61
1097 44.00
1538 43.46
1528 43.32
1187 43.06
1255 42.86
1118 42.79
1176 42.95
1576 42.42
1219 42.90
1373 42.41
1124 42.88
1540 42.23
1421 42.28
1222 42.14
1418 42.08
1422 41.99
1226 42.07
1556 42.06
1314 42.07
1516 41.97
1390 42.16
1481 41.92
1468 41.70
1544 41.86
1474 41.99
1507 41.84
1495 41.80
3420 49.66
532 46.36
861 45.13
1107 44.83
1250 44.37
1161 43.88
1322 43.65
923 44.41
1144 43.88
1299 43.42
1343 42.91
1439 42.69
1370 42.62
1209 42.89
1334 42.84
1231 42.89
1331 42.54
1269 42.33
1414 42.38
1305 42.33
1450 42.00
1262 42.18
1484 42.20
1240 42.00
1463 42.00
1345 41.91
1395 41.76
1483 41.77
1340 41.97
1387 41.74
1353 41.92
1297 42.16
3744 49.00
564 45.77
863 45.30
1050 44.61
1114 44.06
1348 43.83
1216 43.59
984 43.89
1460 43.09
1562 42.79
1189 43.09
1363 42.72
1016 43.05
1559 42.28
1297 42.47
1122 42.60
1586 42.06
1451 42.19
1352 42.29
1261 42.00
1530 41.98
1385 42.20
1290 41.92
1499 41.67
1334 42.08
1346 41.94
1390 42.18
1329 41.75
1387 41.44
1444 41.78
1500 41.70
1270 41.87
3724 49.10
545 45.31
812 45.03
1230 44.22
1044 44.19
1068 43.58
1714 42.85
1165 42.81
1250 42.63
1242 42.60
1266 42.63
1135 42.46
1301 41.74
1166 42.01
1366 41.93
1318 41.99
1291 41.90
1300 42.00
1421 41.82
1251 41.46
1296 41.48
1390 41.52
1421 41.47
1430 41.44
1375 41.22
1314 41.18
1272 40.91
1375 41.04
1400 41.18
1269 40.66
1508 40.87
1577 40.70
3627 49.31
506 45.68
901 45.51
1015 44.46
1085 44.61
1524 43.87
1205 43.81
1744 42.83
1143 42.89
1191 42.52
1152 42.65
1416 42.39
