28763 32.42
8542 32.07
14560 30.19
14883 29.52
15179 29.31
15543 29.57
15170 29.32
14749 29.14
15776 29.15
15429 29.20
14461 29.46
15355 29.13
15175 29.09
14922 28.95
15475 29.10
16485 28.90
15677 29.33
14493 29.27
14822 28.96
15396 28.97
15387 29.03
15309 29.10
16015 28.80
16555 29.24
14852 29.06
15565 29.23
14669 29.01
15249 28.90
15531 28.96
15554 29.15
15109 29.14
15134 29.04
32372 31.03
9577 31.38
11233 30.98
13424 30.31
13279 29.97
14476 29.79
15001 29.60
15265 29.29
15281 29.17
15351 29.26
14626 29.56
15652 29.38
15277 29.34
15633 29.33
15286 29.34
15332 29.34
15449 29.35
15415 29.28
15267 29.30
15163 29.20
15460 29.35
15158 29.23
15327 29.11
15512 29.10
15211 29.12
15197 29.13
15829 29.23
15263 29.28
14959 29.34
15511 29.39
14791 29.37
15441 29.31
37344 29.64
6330 32.92
10244 31.75
13489 30.46
13380 30.08
13924 29.94
14521 29.38
15287 29.12
15453 29.27
15064 29.23
14152 29.40
15503 29.23
14815 29.12
15441 29.06
15516 29.16
15073 29.20
15187 29.22
14835 29.15
15355 29.02
15868 29.12
15184 29.18
15401 29.10
15263 29.17
14625 29.41
15739 29.17
15259 29.14
14810 29.42
15020 29.55
14830 29.46
16237 29.24
15659 29.23
15373 29.28
41577 29.04
5248 33.64
10640 32.07
11521 31.34
13570 30.56
13374 30.32
14193 30.04
14884 29.69
14556 29.59
14986 29.56
16006 29.33
15287 29.39
14000 29.58
15623 29.20
15471 29.21
15312 29.28
15396 29.34
15254 29.33
15367 29.33
15297 29.25
15174 29.21
15175 29.13
15226 29.15
15116 29.19
15369 29.10
15091 28.95
15914 28.97
15380 28.98
15422 28.99
15602 29.04
15389 29.04
15476 29.12
41312 28.82
6100 32.77
10269 31.63
12445 30.80
13194 30.29
14052 29.90
14493 29.50
14452 29.43
15886 29.20
15116 29.17
15121 29.14
15414 29.16
14149 29.41
15342 29.13
15326 29.07
15156 29.03
15734 29.04
15581 29.03
15464 29.06
15147 29.07
15025 28.98
15323 28.99
15355 28.93
15316 28.93
15167 28.85
15243 28.86
15122 28.87
15141 28.84
15126 28.85
15213 28.82
15254 28.94
14504 29.14
43052 28.22
5514 32.49
10213 31.25
12091 30.44
13394 29.81
14165 29.48
14920 29.20
14788 29.28
15014 29.14
16139 28.91
15608 28.90
14459 29.21
15676 28.90
15322 28.90
15566 28.89
15569 28.98
15524 29.00
15517 28.93
15568 28.89
15684 28.88
15427 28.97
15531 28.98
15595 28.98
15363 29.03
15839 29.04
15878 29.04
15597 29.06
15675 29.08
15433 29.14
15678 29.04
15364 29.12
15632 29.14
36800 30.00
4918 33.58
11361 31.33
12724 30.58
15007 29.81
14181 29.69
14585 29.55
15576 29.32
15042 29.35
15112 29.27
15051 29.26
15043 29.19
15217 29.20
15178 29.22
15273 29.14
15177 29.17
15494 29.22
15281 29.26
15199 29.20
15143 29.11
15380 29.13
15466 29.21
15239 29.14
15072 29.16
15250 29.13
15327 29.09
15277 29.15
15283 29.10
15363 29.09
15299 29.05
15384 29.01
15483 29.09
38619 29.82
4997 33.43
10223 31.74
12936 30.61
13635 30.08
14616 29.70
15449 29.33
14313 29.57
15511 29.27
15363 29.29
15344 29.23
15672 29.12
15467 29.19
15514 29.19
15574 29.15
15516 29.13
15322 29.15
15543 29.10
15533 29.11
15501 29.13
15524 29.11
15366 29.16
15544 29.09
15367 29.18
15316 29.16
15243 29.21
15079 29.20
15240 29.13
15178 29.09
15030 29.10
15246 29.10
14825 28.95
38686 29.65
4605 33.32
11163 31.23
13614 30.10
14077 29.61
15314 29.14
14720 29.10
14996 29.04
14984 29.01
14836 28.94
15026 28.95
14957 28.90
14808 28.88
15036 28.85
14745 28.83
15106 28.74
14948 28.73
15424 28.72
14869 28.76
15339 28.73
15156 28.68
15314 28.74
15087 28.68
15506 28.60
15214 28.60
15218 28.57
15246 28.59
14978 28.53
15500 28.56
15051 28.55
15536 28.55
15585 28.56
40888 29.15
5092 33.05
11135 31.24
13413 29.81
14527 29.39
14675 29.27
14661 29.26
15748 28.84
14491 29.05
14782 29.00
15758 28.81
15572 28.86
