28941 32.35
8913 31.94
14643 30.10
15223 29.41
15414 29.20
15756 29.43
15525 29.17
14832 29.03
14766 29.38
15295 29.31
15997 28.96
15263 29.06
15339 28.98
15029 28.87
15914 28.95
16777 28.80
15960 29.24
15012 29.09
15046 28.87
15550 28.92
15448 28.96
15341 29.04
16253 28.69
16862 29.08
15168 28.96
15960 29.19
14813 28.96
15198 28.80
15908 28.82
15530 29.08
15299 29.01
15386 28.96
32812 30.89
10067 31.20
11348 30.94
13504 30.28
13442 29.83
14568 29.70
15158 29.57
15424 29.22
14608 29.31
15110 29.38
15301 29.42
15925 29.27
15571 29.27
15768 29.22
15484 29.20
15500 29.17
15705 29.27
15607 29.23
15493 29.21
15663 29.08
15595 29.21
15393 29.09
15364 29.06
15718 29.06
15501 29.06
15442 29.04
16055 29.10
15635 29.16
15067 29.27
15626 29.31
14977 29.31
15505 29.22
38591 29.32
6547 32.71
10687 31.52
12958 30.62
13851 30.01
14109 29.84
14685 29.31
14706 29.18
16141 29.14
15293 29.12
15349 29.03
15599 29.15
15079 28.99
14853 29.18
15901 29.04
15324 29.14
15436 29.16
15125 29.08
15394 28.99
16099 29.06
15324 29.08
15597 29.03
15477 29.08
15740 29.04
15609 29.08
15529 29.10
14926 29.42
15294 29.44
15053 29.38
16541 29.16
15625 29.21
14871 29.43
42488 28.81
5461 33.45
10960 31.83
11370 31.31
13748 30.43
13630 30.25
14461 29.93
14420 29.85
16049 29.23
14958 29.50
16177 29.29
15435 29.29
15156 29.24
14743 29.36
15812 29.12
15586 29.14
15549 29.22
15457 29.24
15407 29.28
15565 29.12
15391 29.11
15453 29.05
15416 29.03
15495 29.01
15504 29.00
15467 28.88
16106 28.88
15750 28.88
15501 28.93
15812 28.94
15497 29.02
15754 29.00
41536 28.78
6028 32.80
10145 31.63
12642 30.71
14229 29.95
14604 29.58
14572 29.40
13671 29.60
15106 29.39
15676 29.07
15385 29.01
15750 29.04
15335 28.99
15389 29.07
15562 28.98
15365 29.01
15916 28.96
15696 29.01
15551 28.98
15357 29.00
15287 28.87
15645 28.91
15445 28.91
15483 28.85
15377 28.83
15230 28.75
15242 28.83
15419 28.77
15429 28.84
15294 28.77
15615 28.82
14415 29.21
43703 28.07
5531 32.50
10397 31.15
12295 30.38
13543 29.76
14442 29.31
15229 29.12
14849 29.15
15130 29.05
16403 28.80
15907 28.75
14657 29.13
16124 28.78
15549 28.81
15802 28.81
15779 28.91
15708 28.87
15592 28.90
15694 28.79
16146 28.80
15568 28.87
15847 28.90
15783 28.91
15537 28.93
16114 28.92
16009 28.92
15741 28.94
15826 29.01
15562 29.04
15936 29.03
15478 29.01
14993 29.24
38012 29.70
5136 33.37
11476 31.22
13003 30.46
14143 29.99
14820 29.56
15671 29.26
15484 29.22
15382 29.21
14269 29.47
15719 29.11
15121 29.11
15703 29.08
15222 29.15
15441 29.08
15444 29.09
15497 29.18
15567 29.07
15460 29.12
15347 29.02
15472 29.08
15654 29.07
15594 29.03
15357 29.05
15323 29.08
15322 28.97
15813 28.98
15623 28.97
15631 29.00
15352 28.97
15654 28.94
15485 29.03
39386 29.61
5063 33.29
11437 31.32
13355 30.32
14367 29.74
13534 29.93
14861 29.53
14891 29.42
15647 29.14
15646 29.14
15474 29.12
16023 29.09
15726 29.10
15631 29.07
15698 29.02
15947 28.99
15653 29.06
15591 29.03
15829 29.03
15524 29.09
15795 29.02
15673 29.08
15919 28.99
15610 29.08
15505 29.10
15433 29.16
15421 29.08
15369 29.03
15525 29.02
15477 29.01
15460 28.97
14984 28.90
38482 29.70
4711 33.35
11434 31.13
12850 30.36
14118 29.68
15738 29.07
14823 29.07
15277 28.98
15047 28.92
15024 28.89
15286 28.89
15112 28.84
14924 28.77
15233 28.80
14939 28.78
15323 28.66
15159 28.65
15460 28.71
14948 28.66
15586 28.57
15361 28.62
15591 28.53
15193 28.57
15532 28.56
15332 28.47
15499 28.47
15604 28.48
15071 28.41
15851 28.47
15330 28.45
15675 28.49
15773 28.49
42523 28.77
5146 33.06
11721 30.87
13372 29.78
14686 29.28
14944 29.13
14845 29.13
15961 28.75
15637 28.74
15464 28.68
15647 28.73
15522 28.80
