29685 32.10
9321 31.73
14979 29.88
15735 29.14
15886 29.07
16215 29.26
14761 29.23
15656 28.86
16359 28.90
16146 28.89
16182 28.86
15991 28.85
15534 28.86
15331 28.70
16357 28.77
17099 28.67
16396 29.03
15395 28.88
15555 28.75
15950 28.69
16052 28.77
15935 28.80
16690 28.58
17279 28.99
15385 28.87
16142 28.98
15222 28.81
15742 28.66
15333 28.97
16417 28.85
16061 28.76
15755 28.76
33107 30.81
10150 31.09
11817 30.71
13693 30.10
13935 29.65
14886 29.53
15639 29.34
16039 29.05
15052 29.13
15598 29.19
15540 29.23
16463 29.09
15870 29.07
16196 29.08
15950 29.04
15994 29.10
15929 29.12
15939 29.02
15870 29.05
16039 28.92
16159 29.06
15794 28.94
15884 28.90
16031 28.89
15815 28.95
15797 28.90
16477 28.92
15901 29.04
15655 29.02
16073 29.11
15264 29.09
15900 29.07
39570 29.08
6836 32.48
10653 31.36
13465 30.44
14091 29.88
14326 29.72
15912 28.88
15741 28.77
16227 28.96
15704 28.93
15041 29.12
16182 28.97
15400 28.84
15164 29.05
16522 28.82
15805 28.95
15636 29.02
15512 28.91
16236 28.78
16182 28.90
15825 28.92
15926 28.89
15924 28.89
15318 29.13
16181 28.95
16039 28.93
16303 28.96
16403 29.04
15297 29.18
15829 29.31
15324 29.24
16277 28.95
43200 28.66
5760 33.32
11225 31.73
12090 31.07
14131 30.28
13867 30.07
15083 29.74
15480 29.44
16167 29.08
15327 29.36
15451 29.37
15991 29.13
14642 29.33
15382 29.20
16314 28.91
16193 28.93
15695 29.05
16099 29.02
16115 29.06
15706 28.97
15852 28.92
15737 28.87
15877 28.92
15915 28.87
15988 28.88
15872 28.76
16548 28.72
15854 28.77
16018 28.72
16042 28.80
15142 29.04
14810 29.27
46000 27.73
5120 33.10
10791 31.45
13044 30.48
14605 29.72
14520 29.51
15039 29.22
14180 29.37
15886 29.13
15438 29.09
16356 28.79
16249 28.80
15744 28.78
15721 28.85
15075 29.06
16374 28.73
16452 28.75
16076 28.85
15130 29.06
16225 28.72
15748 28.71
16081 28.69
15941 28.67
15892 28.66
15892 28.60
15539 28.59
15665 28.66
16035 28.58
16002 28.60
15935 28.51
15855 28.63
16219 28.59
43989 28.01
5314 32.62
10864 30.97
11812 30.49
14277 29.58
14848 29.17
15680 28.90
15383 28.95
15567 28.87
16886 28.60
16238 28.62
14964 28.98
16488 28.59
15696 28.74
16014 28.66
16064 28.81
16167 28.74
16146 28.65
16025 28.69
16258 28.67
16197 28.65
16380 28.75
16170 28.73
16238 28.76
16371 28.76
16263 28.76
16154 28.84
16201 28.82
16137 28.81
16154 28.80
16010 28.85
15408 29.09
39393 29.36
5336 33.18
11923 31.05
13495 30.26
14459 29.82
15111 29.35
16312 29.01
15982 28.99
15657 29.03
14773 29.28
15049 29.22
16037 28.86
15942 28.93
15930 28.92
15936 28.90
15849 28.90
16025 28.99
15900 28.92
15914 28.94
15830 28.86
16086 28.87
16030 28.90
15946 28.87
15574 28.89
16045 28.86
15733 28.86
16231 28.78
16066 28.85
15924 28.84
15883 28.87
15909 28.82
15838 28.86
40443 29.37
5332 33.07
11526 31.30
14023 30.08
13833 29.84
14171 29.73
15351 29.36
15380 29.21
16082 29.00
16091 28.97
16042 28.91
16154 28.97
16105 28.90
16093 28.91
16181 28.83
16154 28.85
16070 28.90
15846 28.91
16259 28.87
16238 28.87
16150 28.89
16187 28.87
16152 28.80
15949 28.93
15745 28.93
15931 28.88
15756 28.93
15884 28.88
15550 28.84
16019 28.79
15776 28.82
15250 28.72
40557 29.23
4819 33.17
10848 31.31
13598 30.08
15337 29.24
15339 29.07
15738 28.76
15804 28.78
15476 28.77
15576 28.63
15546 28.72
15609 28.63
15567 28.53
15682 28.53
15493 28.54
15713 28.51
15471 28.46
15959 28.52
15632 28.48
15940 28.46
15879 28.38
16192 28.41
15573 28.47
16028 28.37
15733 28.42
15762 28.34
15925 28.37
15482 28.27
16092 28.29
15721 28.27
16071 28.27
16204 28.26
42850 28.69
5401 32.95
12067 30.79
13773 29.60
15054 29.14
15115 29.02
15442 28.92
15592 28.80
16370 28.54
15905 28.58
15944 28.58
15915 28.60
