30029 31.99
9674 31.54
15015 29.81
15196 29.32
16462 28.93
16480 29.16
16219 28.84
15430 28.83
16417 28.85
16262 28.82
16391 28.77
16022 28.74
15820 28.77
15495 28.69
16534 28.68
17379 28.57
16703 28.94
15586 28.81
15675 28.65
16085 28.65
16276 28.66
16232 28.70
16953 28.43
17392 28.92
15545 28.72
16403 28.92
15593 28.68
14870 28.88
16648 28.62
16462 28.78
15968 28.79
15996 28.66
33664 30.65
10171 31.04
11822 30.56
13457 30.23
14273 29.59
15120 29.44
15794 29.27
16238 28.98
16168 28.82
15442 29.15
15731 29.13
16704 29.00
16123 29.00
16437 28.98
16079 28.96
16104 28.98
16209 28.98
15994 28.99
16190 28.93
16061 28.87
16376 28.93
16160 28.82
16196 28.76
16264 28.77
15995 28.86
16075 28.82
16894 28.86
16236 28.91
15695 28.97
16300 29.01
15642 29.01
16011 28.96
39556 29.07
6986 32.41
10891 31.37
13546 30.36
14230 29.81
14578 29.61
16142 28.86
15928 28.71
16474 28.85
15921 28.86
15000 29.09
16597 28.77
15670 28.74
15464 28.98
16840 28.73
15843 28.84
15866 28.86
15726 28.81
16400 28.69
16432 28.81
16054 28.81
16254 28.80
16096 28.81
16395 28.81
16132 28.86
16119 28.85
15568 29.12
15960 29.18
15671 29.11
17055 28.96
16200 28.96
15406 29.19
43645 28.57
6099 33.09
10601 31.92
12430 30.97
14289 30.17
13990 29.97
16312 29.36
15545 29.41
15402 29.28
15760 29.29
16801 29.02
16041 29.07
15780 28.92
15330 29.18
16496 28.88
16283 28.90
16128 29.00
16009 28.97
16338 29.01
15986 28.86
16057 28.83
15963 28.84
15975 28.86
16012 28.81
15970 28.75
15974 28.67
16698 28.63
16195 28.63
16141 28.66
16410 28.70
16298 28.66
16367 28.74
44898 27.97
4881 33.17
11189 31.40
13029 30.49
13784 29.93
14923 29.49
14566 29.38
15573 28.98
16866 28.78
16110 28.75
16035 28.74
16444 28.78
16011 28.75
16107 28.80
16072 28.70
16042 28.76
16631 28.69
16219 28.78
16107 28.72
16023 28.72
15946 28.66
16016 28.69
16181 28.64
16248 28.54
16165 28.57
15932 28.49
15979 28.58
16160 28.52
16097 28.61
16263 28.47
16148 28.52
16368 28.46
43142 28.22
5514 32.58
10274 31.18
13072 30.05
13914 29.54
15148 29.12
15674 28.80
15595 28.86
15881 28.72
17164 28.50
16279 28.62
15368 28.90
16600 28.56
15887 28.60
16348 28.55
16245 28.71
16345 28.58
16091 28.62
16345 28.56
16531 28.54
16338 28.60
16479 28.60
16451 28.71
16326 28.70
16663 28.74
16541 28.70
16450 28.71
16271 28.74
16254 28.78
16559 28.68
16239 28.72
16493 28.75
39010 29.44
5439 33.13
12188 30.97
13539 30.21
14587 29.71
15294 29.33
15473 29.22
16351 28.94
15930 28.96
15989 28.92
14845 29.21
16255 28.83
16175 28.85
16152 28.82
16217 28.80
16030 28.81
16148 28.88
16125 28.88
15957 28.83
16000 28.80
16257 28.81
16035 28.85
16035 28.84
15888 28.81
16089 28.81
16136 28.74
16356 28.76
16382 28.72
16113 28.73
15938 28.82
16200 28.69
16085 28.71
41433 29.13
5524 33.01
11831 31.08
13984 29.99
14169 29.79
14239 29.63
15531 29.24
14500 29.42
16809 28.85
16326 28.89
16195 28.88
16635 28.82
16304 28.84
16390 28.81
16372 28.81
16580 28.72
16064 28.81
16238 28.81
16414 28.77
16384 28.77
16404 28.70
16389 28.79
16377 28.71
16171 28.81
16071 28.80
16181 28.84
16002 28.86
15909 28.80
16098 28.73
16102 28.70
16149 28.78
15476 28.60
40773 29.16
4883 33.09
12030 30.84
13365 30.04
14589 29.43
15419 29.07
15858 28.72
15949 28.67
15871 28.64
15790 28.57
15681 28.61
15961 28.53
15799 28.47
15714 28.47
15833 28.44
16010 28.40
15668 28.43
16132 28.44
15729 28.42
16246 28.33
16008 28.37
16324 28.32
15817 28.38
15957 28.31
15866 28.30
16131 28.25
16119 28.22
15774 28.20
16403 28.25
15857 28.16
16244 28.20
16513 28.20
43769 28.47
5496 32.75
12133 30.68
14143 29.43
15221 29.00
15527 28.91
15565 28.83
15721 28.73
16394 28.49
16131 28.43
16448 28.42
16177 28.51
