3884 50.33
132 48.62
1184 46.06
1811 44.47
1506 42.99
1815 43.69
1635 43.50
1690 42.78
1802 42.87
1603 42.96
1814 42.11
1619 42.73
1668 42.01
1761 41.45
1793 41.44
1785 41.03
1715 41.68
1845 41.27
1860 40.75
2116 40.71
1725 41.11
1729 41.14
1726 40.60
2338 40.84
1922 40.83
2159 40.78
1978 40.53
1758 40.87
2139 40.77
2051 40.88
2277 40.75
1961 40.47
4376 47.72
1114 44.19
1281 44.06
1786 43.40
1498 42.70
1725 42.81
1906 42.44
2031 41.99
2082 41.61
2121 41.69
1815 41.82
1772 41.81
1846 41.75
1758 41.88
1771 41.51
1744 41.67
2030 41.22
2095 41.27
1706 41.55
2078 41.11
2094 41.14
1733 40.95
1906 41.15
1769 41.09
2002 41.05
1873 41.15
1935 41.38
1899 41.25
2100 41.24
2033 41.14
2022 41.10
2120 40.79
5175 46.37
812 44.49
1439 43.27
1696 43.01
1489 42.97
1790 42.58
1780 41.75
1827 41.72
1890 41.72
1632 41.83
1886 41.38
1951 41.32
1847 41.11
1881 41.17
2168 41.11
1823 40.94
1637 41.35
2003 40.98
1998 40.96
2077 40.79
1574 41.30
1768 41.18
1909 41.27
1960 41.17
1936 40.88
1981 41.36
1921 41.12
1974 41.05
1755 41.14
1913 41.51
2165 40.60
2102 40.75
5087 46.72
920 44.00
1384 43.57
1493 43.32
1516 43.17
1669 42.73
2047 42.15
1942 42.15
1716 41.63
1839 41.79
1858 41.58
1963 41.31
1608 41.67
1718 41.45
2101 40.93
2057 41.14
1996 41.07
1630 41.26
1744 41.16
1780 41.16
1972 40.97
1947 40.85
2107 40.59
2071 40.38
1621 40.78
2090 40.38
1969 40.64
1794 40.56
1715 40.96
1982 40.92
1813 40.89
1755 40.86
5158 46.29
759 43.51
1345 43.28
1561 42.49
1585 42.52
1919 41.82
1838 41.57
1701 41.37
2116 41.22
1600 41.25
2022 41.11
1889 41.22
1856 40.90
1624 41.32
2081 40.66
2033 40.71
1771 40.38
1887 40.59
1769 40.91
2082 40.47
1797 40.77
1951 40.42
2229 40.40
2056 40.07
1942 40.43
1963 40.24
1729 40.42
1988 40.03
1952 40.43
1663 40.37
2134 40.51
1853 40.34
5181 46.06
810 43.16
1307 42.57
1576 42.15
1627 41.92
1829 41.83
1756 41.68
1784 41.66
2113 41.13
2224 40.59
1823 40.83
1536 41.20
1817 40.57
1795 40.88
1937 40.69
1660 40.73
1925 40.78
2111 40.38
1818 40.40
1914 40.53
2372 40.09
1838 40.46
2116 40.20
1945 40.38
2005 40.39
2282 40.31
2076 40.37
2064 40.18
2052 40.42
2151 40.26
2044 40.28
2038 40.22
5116 46.47
820 43.79
1419 42.57
1223 42.81
1886 42.30
1597 42.25
2258 41.39
1979 41.01
1837 41.04
1858 41.10
1733 41.25
1747 41.28
2146 40.82
1935 40.81
1832 40.83
1926 40.62
1714 41.17
1955 40.55
1777 40.72
2003 40.19
1653 40.54
2360 40.45
1914 40.20
1986 40.25
1996 40.30
1623 40.32
2244 39.99
1942 39.95
2092 40.03
2136 39.87
1973 40.15
2172 39.90
5167 46.53
854 43.71
1487 42.57
1682 42.19
1439 42.27
1979 41.59
2219 41.22
1853 40.95
1874 41.19
1822 40.99
2023 41.00
1585 41.23
1937 40.83
2051 40.59
1938 40.66
2057 40.58
1506 41.03
2012 40.71
1882 40.39
1929 40.62
1960 40.40
1910 40.44
2084 40.36
2052 40.18
1622 40.29
1910 40.58
2373 40.23
2061 40.14
1962 40.35
2022 40.23
2092 40.20
1950 40.02
5295 46.49
563 44.21
1276 43.23
1311 42.96
1806 41.99
2268 41.13
1697 40.84
1817 40.88
1730 41.02
1710 40.81
1604 40.67
1912 40.56
1714 40.63
1797 40.27
1741 40.34
1970 40.07
1924 39.91
1933 40.14
1859 40.19
1938 40.13
1825 40.06
1990 40.04
2098 39.84
1782 40.04
1843 39.78
1847 39.61
2194 39.20
1940 39.09
1986 39.46
1935 39.17
1976 39.10
1958 39.21
5223 46.55
971 43.49
1430 42.99
1564 42.03
1442 42.11
2082 41.70
2467 40.97
1713 40.88
1815 40.73
1545 40.93
1644 40.71
1760 40.69
