5283 47.52
327 46.15
2394 43.08
2313 42.18
2251 40.86
2390 41.27
2381 40.98
2384 40.55
2537 40.56
2714 40.19
2201 40.09
2512 39.99
2418 39.68
2545 39.23
3318 39.04
2443 38.81
2570 39.02
2352 39.35
2677 38.52
2657 38.97
2797 39.03
2540 39.04
2689 38.24
3052 38.85
2617 39.09
2766 39.36
2551 38.86
3158 38.65
2879 39.02
3244 38.71
3051 38.58
2822 38.54
6363 44.91
1309 42.18
2260 41.12
2024 41.13
2667 40.42
2827 39.92
2624 40.10
2840 39.87
2671 39.48
2914 39.35
2478 39.81
2915 39.48
2686 39.78
2729 39.51
2457 39.64
2554 39.51
2568 39.64
2901 39.14
2555 39.39
2726 39.30
2820 39.33
2617 39.29
3181 38.99
2837 38.91
2796 39.06
2889 39.08
2912 38.91
2527 39.36
2842 39.34
2597 39.49
2877 39.12
2544 39.46
7677 43.44
1078 42.69
1711 41.36
2646 40.58
1965 40.85
2927 39.83
2721 39.46
2734 39.29
2656 39.40
2327 39.70
2695 39.51
2685 39.62
2622 39.00
2673 39.16
2738 39.11
2815 39.21
2661 39.24
2398 39.46
3186 38.65
2934 38.96
2681 39.00
2665 39.14
2524 39.20
2674 39.14
2633 39.11
2817 39.18
2575 39.21
2674 39.38
2487 39.58
2625 39.60
2866 39.12
2789 39.23
7352 43.97
1214 41.85
1825 41.45
1743 41.38
2954 40.63
2070 40.73
2813 40.07
2944 39.79
2435 39.62
2751 39.69
2563 39.78
2446 39.58
2538 39.55
2927 39.22
2523 39.23
2847 39.11
2638 39.43
2839 39.01
2614 39.37
2562 39.29
2533 39.26
2919 39.05
2425 39.06
2968 38.88
2586 38.83
2896 38.81
2719 38.91
2725 38.87
2810 38.72
2603 39.19
2835 38.89
2729 38.87
7567 43.51
875 42.12
1886 40.85
2032 40.64
2140 40.61
3347 39.45
2702 39.33
2512 39.16
2666 39.30
2534 39.30
2616 39.18
2485 39.12
2921 38.82
2283 39.23
3020 38.68
2832 38.78
2834 38.93
2802 38.91
2800 38.76
2472 38.82
2756 38.67
2850 38.80
2774 38.73
2761 38.56
2711 38.80
2742 38.51
2553 38.60
2778 38.46
2450 38.79
2776 38.65
2958 38.57
2706 38.64
7656 43.23
733 42.08
1734 40.71
2210 40.33
2716 39.48
2611 39.57
3189 39.21
2642 39.03
2567 39.15
2682 38.98
2772 38.78
2301 39.08
3009 38.63
2665 38.72
2455 38.93
2656 38.69
2878 38.77
2809 38.57
2631 38.76
2835 38.69
2648 38.71
2971 38.73
2741 38.97
2670 38.80
3033 38.42
3100 38.63
2932 38.73
3042 38.74
2950 38.60
2910 38.36
3061 38.40
3088 38.37
6873 44.39
876 41.96
1917 41.12
2106 40.83
3135 40.05
2229 40.12
2275 39.83
3309 39.36
2550 39.27
2609 39.45
2465 39.58
2679 38.99
2394 39.32
2806 38.75
2348 39.23
3152 38.73
2644 38.79
2484 39.04
2692 39.04
2673 38.68
2892 38.51
2531 38.84
2674 38.83
2458 38.91
3153 38.31
2742 38.65
2535 38.81
3153 38.46
2845 38.45
2715 38.48
2759 38.39
2602 38.66
7597 43.72
837 42.69
2220 40.76
2434 40.07
2394 40.28
2663 39.82
3111 39.23
2694 39.27
2691 39.39
2717 39.21
2786 39.14
2805 38.86
2503 39.21
2686 38.96
2560 39.14
2828 38.97
2601 38.94
2665 38.98
3163 38.80
2751 38.58
2944 38.55
2843 38.66
2568 38.74
2738 38.89
2842 38.69
2570 38.92
2809 38.68
2517 38.62
2617 38.57
2858 38.68
2795 38.76
2862 38.21
7485 43.86
950 41.77
2017 40.72
2472 40.26
2962 39.43
2540 39.30
2417 39.44
2629 38.93
2519 38.99
2542 38.88
2524 38.73
2426 38.64
2556 38.62
3045 38.43
2568 38.49
2483 38.55
2540 38.38
2797 38.46
3001 38.21
2683 38.04
2608 38.17
2678 38.29
2485 38.45
3184 37.86
2797 37.99
2767 37.75
2289 38.11
2796 37.91
2943 37.75
2360 38.14
2683 37.84
2975 37.81
7221 44.15
1074 41.30
1546 41.23
2396 40.36
2083 40.16
3281 39.49
3154 39.16
2576 38.97
2735 38.84
2208 39.02
2809 38.71
2377 39.03
