6518 45.71
405 44.28
3282 41.10
2654 40.61
2813 39.24
3478 39.39
2542 39.72
3025 39.04
3135 39.17
3272 38.87
2743 38.59
3779 38.20
3022 38.44
3221 37.92
3355 37.96
3168 37.77
3456 38.09
3014 38.11
3331 37.61
3446 37.83
3624 37.84
3359 37.66
2938 37.55
3307 38.14
3598 37.61
3697 37.97
3395 37.80
3335 37.72
3540 37.64
3881 37.59
3523 37.71
3097 37.92
8541 42.57
1721 40.00
2465 39.93
3052 39.43
2657 39.03
3289 38.89
3473 38.63
3515 38.42
3386 37.99
3520 38.24
3480 38.27
3263 38.44
3424 38.15
3204 38.45
3253 38.41
3298 38.07
3306 38.38
3238 38.47
3493 38.09
3345 38.19
3144 38.40
3486 38.03
3355 38.03
3352 38.07
3125 38.47
3755 37.95
3612 37.95
3687 37.98
3427 37.95
3575 38.07
3262 38.11
3541 37.76
8794 42.39
1623 40.52
2318 39.95
3050 39.43
2867 39.37
3695 38.63
2997 38.23
3433 38.07
3444 38.32
3148 38.26
3127 38.45
3194 38.39
3310 37.96
3119 38.24
3529 37.99
3033 38.20
3179 38.23
3128 38.05
3490 37.84
3190 38.03
3391 37.87
3073 38.19
3583 37.95
3013 38.29
3294 38.20
3887 37.80
3198 38.10
3487 38.00
3480 38.07
3577 38.12
3342 37.90
3203 38.17
8922 42.48
1564 40.67
2342 40.13
2301 40.29
3709 39.28
2701 39.37
3150 39.14
3353 38.85
3129 38.69
3190 38.66
3253 38.62
3603 38.28
2817 38.62
3530 38.31
3254 38.13
3089 38.42
3123 38.55
3266 38.32
3318 38.15
3405 37.80
3160 37.92
3617 37.79
3472 37.76
3052 38.16
3335 37.91
3371 37.87
3588 37.88
3574 37.58
3075 38.01
3526 37.93
3272 37.89
3174 38.05
9188 41.98
1174 40.79
2309 39.79
2494 39.70
2775 39.24
3753 38.61
3403 38.20
3145 38.13
3050 38.25
3196 38.04
3090 38.19
3155 38.07
3663 37.85
3227 37.89
3170 38.06
3427 37.94
3426 37.82
3637 37.62
3037 38.18
3182 37.94
3874 37.55
3182 37.90
3411 37.62
3372 37.74
3368 37.65
3202 37.87
3357 37.66
3286 37.49
3369 37.69
3687 37.50
3502 37.44
3680 37.43
9253 41.76
829 40.77
2367 39.47
2252 39.51
3504 38.73
3315 38.30
3450 38.16
3281 38.04
2784 38.25
3493 38.09
3268 37.95
2923 38.13
3611 37.63
2937 38.04
3587 37.79
3499 37.62
3294 37.64
3601 37.52
3450 37.69
3126 37.53
3541 37.66
3177 37.99
3685 37.72
3637 37.52
3673 37.64
3679 37.83
3407 37.60
3681 37.85
3525 37.60
3618 37.59
3499 37.67
3329 37.74
9079 42.28
829 40.82
2780 39.50
2678 39.50
3026 39.12
3478 38.68
3568 38.36
3086 38.32
3319 38.27
3220 38.29
3053 38.30
3260 37.95
3579 37.92
2909 38.15
3318 37.99
3109 38.11
3446 37.99
3429 37.85
3220 37.76
3006 38.01
3346 37.78
3590 37.58
2985 37.84
3242 37.75
3355 37.76
3528 37.47
3275 37.60
3303 37.52
3385 37.64
3225 37.53
3676 37.42
3682 37.10
9004 42.46
957 41.31
2197 40.01
2269 39.82
3312 39.29
3409 38.75
3745 38.09
3272 38.11
3316 38.10
3105 38.33
2931 38.22
3328 38.03
3597 38.07
3012 38.11
3311 38.04
3181 38.00
3484 37.95
3445 37.82
3394 37.89
3277 37.90
3443 37.92
3922 37.72
3478 37.56
3530 37.68
3316 37.64
3463 37.70
2822 37.93
3299 37.92
3771 37.40
3641 37.51
3413 37.52
3194 37.45
9080 42.39
1158 40.61
2746 39.47
2753 39.06
3611 38.35
3005 38.15
3109 38.09
3262 37.99
3251 37.82
2848 37.85
3329 37.68
3068 37.68
3364 37.45
2942 37.67
3473 37.41
2878 37.68
3448 37.38
3452 37.45
3317 37.18
3389 37.08
3168 37.35
3236 37.24
3214 37.38
3482 37.06
3441 36.94
3262 37.13
3298 37.03
3501 36.89
3162 37.04
3466 36.60
3281 36.91
3575 36.76
8970 42.43
1391 40.12
2720 39.39
2629 38.96
2895 38.80
3122 38.49
4338 37.87
2901 37.78
3424 37.80
3154 37.69
2674 37.91
3231 37.95
