7335 44.67
574 43.45
3747 40.23
2934 39.57
3200 38.77
3913 38.71
2936 38.95
3367 38.37
4190 38.13
3467 38.16
3158 38.17
3927 37.72
2962 38.05
3695 37.09
4001 37.30
3075 37.32
3777 37.58
3647 37.36
3342 37.17
3826 37.00
4319 36.92
3697 37.00
3662 36.83
4205 36.96
3857 36.97
4167 37.33
3660 37.13
4013 36.90
4309 36.94
3996 36.98
3940 37.16
3536 37.24
9615 41.68
1822 39.77
2750 39.40
3549 38.64
3309 38.46
3533 38.24
3270 38.34
3953 38.07
3397 37.74
4348 37.66
3797 37.64
3876 37.70
3864 37.68
3169 38.28
3753 37.86
3721 37.69
3680 37.91
3484 37.96
3501 37.68
3804 37.59
3690 37.75
3729 37.64
4094 37.44
4053 37.20
3792 37.39
3958 37.45
3869 37.53
3774 37.50
3730 37.49
3571 37.81
3771 37.38
3546 37.59
9928 41.42
1865 39.90
2832 39.12
3032 38.84
4155 38.28
3614 38.22
3594 37.63
3813 37.56
3614 37.81
3554 37.66
3690 37.52
3776 37.42
3401 37.61
3643 37.55
3971 37.28
3243 37.70
3823 37.31
3411 37.48
4034 37.23
3978 37.13
3697 37.40
4077 37.26
3881 37.21
3244 37.59
4181 37.25
4083 37.30
4091 37.22
3886 37.35
3648 37.42
3985 37.58
3632 37.41
4057 37.39
10558 41.15
1023 41.24
2411 40.00
3005 39.00
3574 38.72
3362 38.52
4162 38.15
3772 37.97
3348 37.91
3740 37.96
3641 38.10
3796 37.90
3203 37.94
3976 37.62
3384 37.79
3985 37.59
3410 37.99
3561 37.79
4055 37.37
3672 37.33
3669 37.57
3856 37.25
3392 37.50
3945 37.28
3605 37.54
3781 37.17
3961 37.32
3457 37.38
3785 37.44
3773 37.40
3775 37.41
3608 37.47
10312 41.09
1241 40.26
2364 39.37
2951 38.91
3158 38.62
4688 37.74
3499 37.64
3732 37.57
3758 37.48
3380 37.70
3481 37.72
4030 37.32
3409 37.56
3795 37.25
3467 37.58
4096 37.09
3385 37.56
3804 37.34
3672 37.45
3662 37.35
3904 36.93
3425 37.45
3686 37.52
3812 37.17
3861 37.18
3434 37.15
3886 37.01
3725 36.82
3579 36.98
3791 36.86
3865 36.97
4014 36.88
10528 40.75
899 40.12
2363 39.10
2642 38.70
3483 38.09
4228 37.64
3905 37.31
3680 37.27
3366 37.43
3658 37.44
3761 37.31
3973 37.13
3364 37.20
3348 37.35
4219 36.89
3913 37.06
3960 36.98
3992 36.96
3716 37.03
3577 36.90
3970 37.09
3574 37.33
3991 37.08
4140 36.95
4163 36.95
4091 37.04
3886 37.15
4052 37.24
4070 36.96
3978 37.01
3991 37.15
4010 37.08
9671 41.73
1086 40.50
2735 39.35
3761 38.50
3500 38.35
3965 37.96
3667 37.90
3620 37.88
3591 37.85
3627 37.68
3857 37.62
3521 37.48
3750 37.51
3762 37.26
3310 37.73
3843 37.32
3424 37.62
3760 37.16
4034 37.01
3311 37.40
4026 37.01
3840 37.11
3522 37.22
3439 37.21
3954 37.04
3721 36.92
3972 37.07
4097 37.04
3675 37.08
3472 37.10
3659 37.06
3872 37.11
10334 41.44
1079 40.45
2805 38.96
3568 38.29
3650 38.05
3365 37.97
4192 37.60
3669 37.57
3680 37.52
3737 37.57
3702 37.33
3512 37.65
4149 37.13
3818 37.26
3489 37.53
3572 37.47
3930 37.30
3830 37.36
3790 37.47
3671 37.42
3756 37.27
3574 37.52
4338 36.96
3804 37.03
3840 37.33
3874 37.08
3786 36.98
3497 37.25
3888 36.99
3902 37.20
3471 37.29
3562 37.02
10162 41.47
1325 39.57
3031 38.64
3715 38.03
3547 37.75
3507 37.68
3502 37.52
3715 37.34
3691 37.24
3450 37.20
3123 37.19
3548 37.28
3804 36.96
3205 37.12
4043 36.70
3481 36.89
3275 37.07
3942 36.90
3771 36.64
3867 36.70
3329 36.76
3938 36.67
3923 36.38
3811 36.55
3679 36.40
3786 36.40
3547 36.37
3442 36.35
3724 36.44
4020 36.12
4061 36.11
4142 36.08
9757 41.77
1547 39.51
2947 38.86
3226 38.18
3501 38.01
4263 37.59
3515 37.63
3760 37.28
3646 36.98
3543 37.14
3650 37.27
3423 37.24
