6827 25.02
2285 24.63
4775 21.65
4098 20.92
5184 23.41
4236 20.83
5520 20.89
3578 21.35
5283 22.12
3707 20.33
4904 20.10
3485 19.90
5107 20.73
3744 19.61
4878 19.48
3631 19.72
5353 21.61
3948 19.75
4898 19.98
3537 20.26
5563 20.65
3549 20.13
4769 19.67
3771 19.76
5612 19.94
3345 20.02
5071 19.00
3493 19.04
5492 19.86
3493 19.00
4663 18.79
3554 18.02
9487 18.34
2230 21.19
3679 18.71
3393 17.76
5626 17.26
3364 16.73
4516 16.48
4049 16.14
6207 16.07
3512 16.64
4701 16.58
4106 15.96
5959 16.78
3678 16.53
4889 16.37
3796 16.39
5549 17.47
4138 16.67
4989 16.62
3997 16.31
5388 17.59
4128 16.04
5383 15.83
3912 15.94
5380 16.97
4127 16.22
5285 16.27
3899 16.48
5438 17.58
3990 16.58
5126 16.66
3876 16.57
12317 15.70
1976 21.67
3783 18.17
3442 17.62
5753 16.75
3631 16.43
4538 16.61
3885 15.86
5317 16.78
3762 15.87
4534 16.16
3836 15.71
5401 16.39
3995 15.82
4976 15.74
3918 15.75
5475 16.11
3925 15.65
4829 15.78
4190 15.30
5392 16.33
4209 15.54
5077 15.64
4133 15.41
5594 16.77
4059 15.82
5103 15.63
3896 15.61
5662 16.75
3952 15.80
5202 15.97
3829 15.98
13209 14.79
1565 21.31
4127 16.85
3702 16.41
5978 16.01
3823 15.90
4311 16.28
4293 15.64
5634 16.14
4376 15.57
4611 16.33
4453 15.79
5851 16.55
4254 16.02
4774 16.48
4356 16.07
5498 17.30
4210 16.52
4713 17.47
4230 16.60
5711 17.67
4094 16.96
4541 18.84
4009 17.28
5524 18.39
4306 16.90
4862 17.50
4140 16.85
5106 18.63
4160 17.17
4686 17.84
4163 16.90
12508 16.07
1853 21.46
3680 17.32
3461 16.77
5809 16.13
3867 16.02
4510 16.59
3867 15.73
5721 16.40
4140 16.25
4880 16.60
4057 16.59
6225 16.62
3959 16.65
4913 16.86
3962 16.67
5730 17.15
4041 16.65
4931 16.84
4308 16.79
6283 17.59
4043 17.39
4935 18.00
4176 17.59
6279 17.86
3964 17.69
4899 17.59
4306 17.62
6053 18.49
4180 17.82
5387 18.03
4090 18.95
11131 17.58
2249 21.06
4267 19.24
3495 19.56
6337 17.66
3740 18.11
4803 18.02
4002 17.57
6015 17.95
3632 17.76
4668 18.42
4303 17.47
6138 18.05
3808 18.21
4947 18.36
4166 18.07
6255 18.40
3991 18.14
4975 18.63
4217 17.92
5920 18.98
3745 18.45
4488 18.92
4310 17.62
6005 18.82
4004 18.85
4932 19.69
4398 18.57
6411 19.88
4047 19.68
4755 20.76
4404 20.23
9704 19.39
2222 23.76
4509 21.05
3653 21.43
6388 21.21
3756 21.16
5196 20.90
4042 20.64
6956 20.56
3933 21.12
5083 20.95
3874 21.19
6675 21.17
3740 21.00
4735 21.61
3696 21.36
6052 21.39
3448 21.43
4023 22.41
4100 19.88
5444 21.54
3952 20.66
4378 21.68
3814 20.23
5359 21.08
4091 20.74
5178 20.47
3704 20.92
5732 21.49
3911 21.07
5236 20.90
3506 20.67
13468 17.44
1616 26.60
4108 22.15
3545 22.49
6670 20.74
4074 21.48
5054 21.47
3954 21.49
6511 21.61
3689 22.30
4868 22.08
3788 22.44
6368 21.69
3716 22.18
4712 22.00
4288 21.48
