7043 24.65
2448 24.31
4741 21.56
4454 20.53
5228 23.22
4433 20.65
5805 20.48
3581 20.74
5386 22.03
3981 20.45
5122 19.78
3569 19.64
5251 20.63
4093 19.14
5274 18.89
3719 19.58
5454 21.47
4123 19.76
5126 19.72
3783 20.02
5719 20.43
3781 20.07
4868 19.10
3931 19.54
5601 20.01
3537 19.88
5235 18.35
3576 18.55
5708 19.36
3747 18.53
5088 17.68
3725 17.87
10035 17.86
2237 20.80
3888 18.47
3492 17.68
5885 16.65
3523 16.39
4739 16.29
4129 15.87
6017 16.25
3827 16.11
5121 15.93
4153 16.00
6390 16.56
3852 16.29
5070 15.99
3856 16.24
5963 16.94
4236 16.28
4892 16.76
4156 15.98
5523 17.34
4395 15.63
5524 15.62
4127 15.68
6001 16.48
4243 15.81
5513 15.90
4107 16.25
6118 16.86
3938 16.20
5246 16.27
4014 16.38
12845 15.21
2038 21.41
3924 17.71
3588 16.99
6154 16.02
3774 16.08
4844 16.05
3983 15.51
5436 16.39
4127 15.80
5154 15.37
4041 15.26
5559 16.48
4260 15.42
4971 15.65
4080 15.55
5512 15.99
4153 15.38
5312 15.25
4297 15.18
5585 16.16
4457 15.17
5276 15.41
4359 15.19
5726 16.29
3887 15.55
5253 15.44
4223 15.45
5841 16.23
4383 15.53
5365 15.65
4105 15.66
13114 14.87
1878 19.84
4406 16.52
3902 16.07
6253 15.82
4045 15.66
4621 16.02
4481 15.33
6002 16.03
4558 15.42
4802 16.42
4595 15.60
6078 16.49
4365 15.79
4917 16.43
4559 15.83
5771 17.00
4392 16.30
4673 17.34
4335 16.32
5796 17.36
4253 16.98
4697 17.97
4355 16.79
5955 17.68
4517 16.66
4997 17.18
4233 16.50
5343 18.13
4453 16.64
5208 17.00
4110 16.79
13406 15.43
1805 21.67
3729 17.44
3610 16.42
5970 15.80
3943 15.68
4638 16.09
4120 15.53
6116 15.97
4224 15.88
5115 16.35
4146 16.37
6492 16.53
4100 16.43
5138 16.59
4160 16.44
5982 16.91
4231 16.34
5269 16.59
4380 16.47
6414 17.31
4362 16.96
5214 17.91
4530 17.07
6349 17.70
4288 17.21
5226 17.28
4370 17.56
6281 18.18
4007 17.94
5328 18.26
4308 17.95
12114 16.83
2286 21.08
4331 18.91
3673 18.59
6098 18.48
3922 17.59
4675 18.45
4378 16.99
5805 18.39
4227 17.26
4826 18.23
4427 17.20
5749 18.77
4579 17.52
5143 18.18
4384 17.68
6069 18.76
4393 17.64
5363 17.81
4395 17.66
5967 19.14
4327 17.68
5169 17.92
4265 17.57
6036 19.08
4508 18.00
4820 19.93
4700 18.20
6153 20.14
4358 19.42
4988 20.64
4342 20.13
11270 18.10
2383 23.24
4597 21.26
3590 21.62
6959 20.10
3892 20.78
5659 20.55
4233 20.15
7247 19.92
4053 20.66
5168 21.02
4070 21.30
6487 21.77
3838 21.33
4971 21.55
3750 21.00
5887 21.60
3490 21.07
4417 21.56
3783 20.80
5403 21.69
4316 19.96
5463 19.96
3756 20.18
5789 20.82
3859 20.63
5176 20.41
3903 20.40
5988 20.52
4076 20.71
5138 20.72
3812 20.05
14015 17.06
1672 25.57
4298 21.41
3696 21.82
7069 20.44
4212 21.01
5374 21.28
4126 21.54
6683 21.21
3836 21.86
5091 21.81
4068 21.46
6592 21.42
3945 22.14
4987 21.98
4442 20.88
