3235 34.11
737 35.98
1527 34.21
1422 32.11
1890 32.83
1508 31.79
1907 30.79
1350 30.81
2103 31.37
1364 28.93
1783 30.23
1432 29.27
1862 30.96
1458 29.33
1964 28.33
1288 30.44
2013 31.70
1587 28.77
1977 28.73
1163 29.35
2042 31.14
1402 30.86
1929 28.47
1375 28.69
2007 29.54
1304 28.60
1959 27.58
1209 28.39
2017 28.80
1402 27.66
1992 27.08
1083 28.12
3513 27.94
752 31.80
1331 28.00
1701 24.90
2052 26.24
1090 27.29
1739 25.82
1565 25.47
2099 25.82
1312 26.40
1809 26.26
1482 26.19
2117 27.94
1312 25.70
1924 25.61
1337 26.24
2069 28.55
1531 25.69
1859 25.55
1507 24.79
2034 27.86
1667 24.16
1914 24.77
1371 25.60
2050 26.52
1413 25.85
2094 25.59
1320 26.10
2227 26.72
1422 26.14
1895 26.17
1314 26.20
4392 25.01
856 30.63
1513 28.24
1251 27.89
2036 29.28
1313 26.06
1654 26.47
1561 24.99
2019 27.16
1376 25.47
1723 25.44
1568 24.40
1984 26.48
1564 24.40
1838 25.08
1476 24.38
2006 25.70
1509 24.82
1789 24.77
1529 25.06
2100 25.94
1607 24.48
1817 25.85
1604 24.95
2141 27.62
1277 25.32
1725 24.99
1560 24.35
2034 26.60
1626 24.53
1813 25.18
1483 24.30
4822 23.78
731 27.43
1596 26.11
1256 25.55
1990 27.90
1510 24.34
1660 25.08
1545 24.71
1923 26.99
1691 24.74
1802 25.40
1710 24.51
2093 28.55
1801 24.37
1847 25.89
1637 24.97
2160 26.38
1559 25.37
1795 27.10
1602 25.58
2197 28.09
1405 27.51
1829 27.81
1721 24.82
2199 28.27
1623 26.38
1793 27.02
1587 26.01
2011 27.14
1621 25.89
2132 25.67
1309 27.86
5229 23.94
501 33.32
1314 28.29
1127 27.41
2112 24.89
1292 26.43
1760 25.92
1347 25.58
2335 25.16
1431 26.03
1916 25.86
1486 26.47
2610 25.27
1417 26.42
1963 27.12
1513 25.93
2402 26.13
1610 25.81
2007 25.29
1615 26.09
2747 25.96
1561 26.35
2006 26.86
1580 26.83
2673 26.23
1472 26.98
1868 27.49
1655 25.52
2577 26.74
1604 27.02
1951 27.50
1645 27.68
4311 26.54
702 32.34
1694 29.52
1403 28.43
2248 28.76
1440 27.62
1678 28.92
1608 27.67
2142 28.68
1514 27.11
1834 28.24
1608 27.45
2252 29.21
1575 27.34
1857 29.40
1693 27.43
2278 29.01
1631 26.77
1931 27.81
1601 27.71
2265 28.17
1557 27.69
2135 27.19
1328 27.80
2339 28.39
1418 29.34
2055 28.82
1580 28.51
2391 29.99
1564 29.14
2117 29.10
1579 29.56
4806 26.25
698 34.12
1626 31.47
1328 30.70
2655 30.55
1377 31.03
2043 31.11
1540 29.51
2668 29.86
1483 29.98
1823 31.56
1465 30.53
2645 30.46
1414 30.54
1831 31.30
1472 30.45
2349 30.40
1290 30.03
1596 31.17
1428 29.28
2232 31.20
1458 29.53
1872 29.67
1395 29.33
2433 28.97
1433 30.33
1925 29.58
1348 30.68
2462 29.69
1465 30.10
1992 29.35
1292 30.22
5234 26.51
632 34.16
1608 30.93
1438 30.94
2516 30.66
1627 31.08
1947 31.29
1574 30.80
2437 30.91
1549 30.88
1794 31.67
1487 31.35
2240 32.22
1375 32.71
1801 32.65
1738 31.30
