3491 32.97
825 34.47
1726 32.29
1566 30.73
2005 31.41
1714 30.21
2161 31.43
1555 30.20
2292 30.30
1624 29.36
2072 28.74
1538 27.80
2163 29.79
1572 28.70
2149 27.87
1445 28.42
2228 30.86
1693 28.89
2082 29.00
1456 28.37
2334 30.39
1599 27.80
2062 27.58
1616 28.23
2352 28.55
1366 28.63
2101 26.64
1491 27.37
2254 27.61
1514 27.09
2019 26.38
1465 26.46
3990 26.74
806 30.95
1502 27.90
1841 24.29
2301 25.80
1196 27.15
1876 24.21
1704 23.61
2485 24.16
1440 25.61
2046 24.67
1705 24.65
2635 25.65
1413 24.94
2052 24.00
1618 23.82
2462 25.10
1678 24.04
2071 24.12
1726 23.40
2367 25.54
1647 23.58
2019 23.53
1577 23.62
2228 25.49
1823 23.64
2401 24.21
1504 25.04
2446 25.79
1676 24.19
2212 24.54
1491 24.71
4871 23.95
938 28.08
1630 26.94
1397 26.83
2330 27.16
1433 25.77
2035 25.11
1584 24.41
2286 26.33
1571 24.29
1947 24.26
1660 23.00
2212 25.32
1720 23.62
2167 23.40
1589 23.70
2156 24.64
1772 22.84
2024 23.62
1736 23.78
2238 24.47
1917 23.49
2136 24.31
1665 24.02
2248 25.81
1786 24.03
2079 23.27
1569 23.10
2182 25.10
1895 22.35
2245 23.64
1546 23.70
5443 22.67
774 26.90
1730 24.86
1398 24.74
2199 26.54
1630 23.63
1839 24.52
1658 23.13
2248 25.25
1949 23.31
1950 24.35
1907 23.73
2344 25.86
1963 23.38
2123 23.81
1853 24.67
2429 26.45
1773 24.01
2069 25.66
1792 24.22
2475 25.67
1517 24.91
2152 25.69
1916 23.49
2569 25.99
1839 24.80
2070 25.38
1649 25.26
2243 27.40
1812 24.90
2141 26.18
1662 25.43
5876 22.92
555 32.77
1446 26.30
1305 25.72
2378 24.89
1359 24.42
1954 24.09
1502 24.67
2493 23.94
1638 24.38
2179 24.33
1564 25.13
2851 25.21
1621 25.63
2056 25.70
1722 24.89
2671 25.02
1758 24.11
2079 24.67
1920 24.83
2991 24.99
1679 25.28
2232 25.59
1807 24.94
2964 24.81
1627 26.60
2118 26.35
1789 25.02
2845 25.79
1674 25.99
2274 26.41
1787 26.37
4936 25.29
814 32.15
1922 27.27
1614 26.45
2623 26.08
1586 26.49
1893 27.56
1773 26.59
2480 27.15
1570 26.18
1882 27.11
1820 25.97
2487 27.54
1855 26.04
2109 27.62
1585 27.04
2667 27.80
1786 25.82
2021 27.02
1867 26.10
2638 27.03
1760 26.28
2161 26.15
1620 26.25
2688 26.97
1820 26.46
2288 27.37
1817 27.39
2828 27.91
1717 27.88
2171 28.94
1852 28.72
4909 26.01
772 32.99
1900 30.63
1465 29.54
2839 29.65
1496 29.74
2131 30.10
1557 29.64
2812 29.22
1640 29.47
1947 30.79
1563 30.09
2764 30.49
1689 29.44
1946 30.37
1772 28.37
2508 29.21
1623 28.85
1966 29.27
1571 28.72
2413 30.34
1673 28.61
2087 28.71
1461 28.58
2722 28.55
1520 30.21
2137 28.98
1516 29.55
2687 29.03
1569 29.54
2106 28.50
1497 28.41
5824 25.47
699 33.55
1790 30.12
1524 30.35
2893 28.32
1699 30.29
2160 30.81
1738 30.07
2798 29.78
1689 29.43
1967 30.92
1716 30.34
2588 30.82
1649 30.71
1947 31.42
1918 29.35
