4761 29.18
1381 30.27
2836 27.19
2609 25.33
3189 27.93
2753 25.18
3414 25.51
2348 24.91
3335 26.55
2414 25.22
3325 24.22
2090 24.45
3273 25.86
2496 23.94
3374 23.25
2282 23.49
3651 25.65
2509 24.11
2997 24.21
2263 24.28
3463 25.36
2339 24.14
3230 23.43
2253 24.35
3362 24.70
2292 23.51
3270 22.89
2177 23.03
3649 23.97
2176 23.02
3057 22.89
2434 22.27
6059 22.52
1306 25.17
2262 23.23
2567 21.05
3661 21.03
1990 20.81
3007 20.28
2481 20.09
3697 20.46
2267 20.25
2993 20.52
2580 20.43
3592 21.40
2437 20.72
3071 20.86
2385 20.18
3454 21.58
2662 20.42
3123 20.30
2467 20.46
3440 21.49
2665 19.35
3457 19.36
2249 20.32
3607 20.77
2571 20.27
3545 19.97
2304 21.17
3762 21.08
2458 20.65
3313 20.52
2274 20.75
7609 19.77
1408 23.37
2409 22.17
2242 21.32
3844 20.91
2204 20.79
2864 20.60
2296 20.53
3690 20.54
2303 20.29
3034 19.83
2465 19.59
3530 20.62
2482 20.06
3169 19.73
2418 20.01
3365 20.57
2488 19.38
3207 19.48
2349 19.63
3481 20.36
2627 19.61
3105 19.64
2455 19.57
3514 21.38
2655 19.63
3382 19.13
2269 19.98
3411 20.54
2731 19.24
3078 19.98
2478 19.73
8470 18.64
1082 23.35
2686 20.91
2262 19.99
3443 21.12
2391 19.46
2576 20.71
2751 19.39
3363 21.12
2920 19.26
2945 20.33
2936 19.42
3563 21.29
2905 19.53
2890 21.30
2858 20.51
3473 21.67
2626 20.39
3139 21.45
2662 20.52
3547 22.01
2651 21.52
3384 21.18
2758 21.15
3601 22.63
2866 20.80
3182 21.19
2574 20.81
3472 22.52
2761 21.03
3440 20.89
2442 21.09
8526 19.36
1002 25.99
2243 22.07
2072 20.70
3568 20.29
2173 21.19
2959 20.48
2240 20.21
3706 20.86
2461 21.12
3327 20.39
2427 20.61
4245 20.93
2393 21.49
3326 20.21
2520 20.60
3975 20.73
2575 20.30
3289 20.55
2727 20.39
4411 20.86
2593 20.88
3338 21.44
2859 21.31
4287 21.59
2616 21.30
3192 22.06
2748 20.90
4091 21.74
2710 21.94
3263 22.53
2761 21.82
7163 21.65
1347 27.44
2926 23.07
2320 22.48
3830 22.51
2516 22.32
2882 22.70
2705 21.80
3627 22.82
2526 21.44
2870 23.53
2754 21.19
3726 23.11
2804 21.70
3056 22.92
2378 23.10
3952 23.22
2614 21.98
3122 22.85
2768 22.47
3986 23.11
2496 22.23
3274 21.60
2457 22.05
3897 22.94
2836 22.56
3301 23.88
2857 23.30
4104 24.39
2605 24.27
3379 24.08
2662 24.96
7317 22.02
1216 29.48
2919 25.65
2280 25.86
4397 24.72
2399 26.10
3577 25.05
2505 24.72
4530 24.83
2472 24.73
3251 25.24
2618 25.05
4300 25.72
2417 26.08
3090 26.15
2267 26.20
4023 25.35
2128 25.07
2755 25.48
2522 24.38
3573 26.00
2422 25.15
3367 24.17
2211 24.68
3446 25.34
2659 25.02
3439 24.41
2296 25.24
3865 25.52
2505 24.79
3429 24.27
2269 24.95
8743 21.34
1043 29.52
2695 25.87
2390 25.57
4362 25.03
2643 25.24
3162 26.03
2512 26.34
4304 25.32
2345 26.21
3203 25.95
2524 26.25
4188 25.69
2414 26.24
3077 26.54
2783 25.13
