10136 22.97
4681 20.79
6465 20.61
10131 21.95
8738 21.89
5125 21.90
5534 20.92
7710 21.33
6334 21.92
6770 21.53
5891 21.98
5816 21.78
6236 21.50
6814 21.04
7704 21.01
7114 21.47
11030 23.80
5533 23.35
6494 22.46
6386 22.60
6113 22.71
6201 22.93
6209 22.85
6973 22.57
7400 22.62
7385 22.96
7261 22.99
6189 23.25
5980 23.47
5900 23.55
11796 24.33
9195 25.01
8134 26.67
5008 25.24
6339 24.86
6663 24.62
5660 24.69
5654 25.05
5980 24.78
6466 24.35
5908 24.74
6135 24.57
6180 24.68
6346 23.96
7057 23.78
6815 24.02
7436 24.10
6798 24.16
11416 25.27
6018 25.83
5904 25.94
7386 25.50
9328 25.95
9481 25.63
8884 26.53
8319 26.43
5019 26.77
6100 27.00
6110 26.82
5852 26.48
5695 26.14
6216 26.08
6082 26.25
6206 26.33
11202 27.22
5552 26.78
5622 26.74
5863 25.94
5941 25.39
7572 25.68
7451 25.59
6452 26.16
10348 27.04
9195 26.48
6200 26.76
11222 27.94
8550 26.91
4587 26.85
6107 26.20
8187 26.77
11260 24.91
5980 25.37
5425 25.57
5835 25.61
6747 26.04
7901 25.68
5809 25.94
8117 26.34
7479 26.04
4843 25.82
6183 24.29
5922 24.33
5961 23.96
7492 24.29
7419 24.42
5885 24.94
11736 23.56
8209 23.91
8171 24.00
8220 24.58
6930 24.45
6209 24.27
6524 24.88
6747 25.20
6166 25.28
6156 24.88
6054 24.19
6313 23.59
6160 23.59
7301 23.34
12333 26.18
8534 25.56
8585 25.32
6481 26.11
5982 25.79
6103 25.27
6442 25.91
6353 25.96
6367 25.29
5954 25.74
5970 25.56
5721 25.56
6239 24.96
6090 25.00
6000 25.11
7275 24.94
6987 25.16
7068 25.62
11986 24.33
6845 24.88
6265 24.79
6124 25.31
6614 25.51
6310 25.35
5958 24.60
7034 24.55
6064 25.17
5982 25.60
7091 25.28
7390 24.46
7772 24.71
6780 25.43
7014 25.02
5590 25.43
11874 22.12
7477 22.83
7559 22.97
6512 23.25
6333 22.37
6461 22.94
