10614 22.58
4971 20.37
6755 20.32
10678 21.43
9190 21.51
5491 21.49
6064 20.45
8286 20.77
6893 21.31
7430 20.94
6151 21.71
6262 21.38
6383 21.26
7104 20.71
8072 20.72
7370 21.08
11586 23.40
5750 22.85
6484 22.28
6940 21.86
6672 22.08
7150 22.15
6446 22.43
7318 22.06
7738 22.29
7682 22.64
7557 22.72
6709 23.03
6148 23.19
6177 23.18
11660 24.41
10290 24.23
8503 26.29
5393 24.67
6305 24.79
6754 24.46
5824 24.65
6049 24.64
6431 24.43
6528 24.10
6822 23.83
6828 24.09
6682 24.12
6544 23.82
7285 23.45
7446 23.25
8083 23.41
7575 23.48
11869 24.90
6318 25.43
6135 25.67
7645 25.22
9248 26.02
9341 25.71
8787 26.57
8286 26.47
5034 26.63
6680 26.57
6307 26.48
6190 26.18
6002 25.74
6682 25.51
6281 25.81
6516 25.87
11705 26.82
5861 26.35
6006 26.47
6464 25.39
6104 25.07
7881 25.29
8138 25.05
7221 25.47
11316 26.25
10096 25.69
6889 26.02
12169 27.18
9083 26.49
4677 26.67
6167 26.16
8279 26.59
11801 24.45
6358 25.01
5653 25.17
6314 25.08
6867 25.78
7861 25.76
5909 25.83
8597 26.00
7766 25.73
4962 25.48
6426 23.91
6127 24.14
6264 23.66
7879 23.97
7642 24.22
6017 24.67
12372 23.09
8607 23.45
8656 23.59
9170 23.70
7800 23.62
6630 23.83
6786 24.64
7319 24.29
6525 24.82
6112 24.79
6402 23.78
6642 23.21
6585 23.20
7674 22.95
12902 25.84
8792 25.21
9319 24.48
7186 25.34
6615 25.12
5982 25.06
6584 25.72
6388 25.83
6556 25.04
6115 25.58
6107 25.51
5984 25.30
6543 24.62
6141 24.99
6401 24.94
7573 24.64
7316 24.84
7401 25.25
12698 23.84
7723 24.16
6602 24.26
6879 24.59
7369 24.81
6599 24.98
6260 24.07
7131 24.41
6354 24.79
6217 25.40
7518 24.92
7650 24.12
8215 24.26
7153 25.11
7446 24.69
6487 24.40
12367 21.74
7791 22.42
7888 22.51
6797 22.96
6376 22.37
6870 22.53
