15203 19.12
6821 18.47
9749 17.84
14956 18.39
12986 18.68
8331 18.84
8590 18.08
11448 18.41
10565 18.40
10739 18.41
10731 18.13
9015 18.77
8963 18.85
10459 18.20
10858 18.53
10700 18.66
16761 19.88
8928 19.90
9068 19.76
9508 19.63
8980 19.99
9204 20.20
9006 20.20
10177 19.79
10794 19.92
10667 20.17
10561 20.25
9469 20.43
8933 20.59
8816 20.69
15874 21.65
14355 21.30
12947 22.46
8032 22.02
9334 21.89
9727 21.65
8658 21.87
8669 21.88
8907 21.87
9365 21.45
10347 20.77
10392 20.81
9077 21.47
9346 21.30
10371 20.89
10617 20.73
11467 20.97
10646 21.03
17055 21.54
9574 22.44
8879 22.88
10015 22.90
12277 23.56
12429 23.44
11654 24.30
11066 24.16
7327 24.20
9016 24.27
9115 23.91
8790 23.64
8634 23.27
8884 23.31
9000 23.37
9125 23.47
17153 23.19
8509 23.68
8890 23.68
8846 22.95
8780 22.58
11021 22.71
11146 22.69
9394 23.37
14443 24.02
13118 23.39
9378 23.59
15533 24.85
11866 24.11
6789 24.12
9316 23.08
11905 23.60
17348 20.88
9899 21.67
8567 22.13
8969 22.49
10827 22.34
11573 22.58
9056 22.60
12369 22.86
11266 22.61
8272 21.90
9367 21.10
8918 21.37
8534 21.12
11064 21.08
10769 21.52
8762 21.84
17651 19.87
12186 20.82
12169 20.93
12999 20.97
11044 20.96
9537 21.17
9534 21.97
10408 21.68
9032 22.27
9058 22.01
8809 21.34
9542 20.70
8907 20.91
10753 20.47
17626 22.87
13366 21.71
12820 21.73
10188 22.60
9330 22.38
8450 22.59
9376 23.00
9116 23.11
9518 22.31
8945 22.78
8935 22.70
8530 22.64
9129 22.07
8707 22.27
8992 22.22
10471 22.02
10314 22.19
10368 22.63
18201 20.45
11775 20.85
10943 20.66
11432 20.76
12575 20.66
9812 21.74
8610 21.74
10240 21.60
9068 22.16
8670 22.83
10274 22.31
10988 21.50
11348 21.74
10117 22.37
10325 22.03
8331 22.26
17736 18.49
11468 19.69
11364 19.83
10418 19.85
8849 19.96
9227 20.45
