15797 18.80
7507 17.91
9902 17.79
15130 18.31
12830 18.80
8376 18.85
8856 17.96
11856 18.15
10851 18.17
11498 17.94
11029 17.97
9405 18.54
9349 18.65
10564 18.08
11394 18.36
10950 18.49
17376 19.58
9133 19.70
9331 19.58
9955 19.29
10039 19.39
10741 19.17
9395 19.80
10430 19.54
11132 19.70
10932 19.96
11269 19.77
9691 20.13
9494 20.33
8982 20.46
16291 21.43
14726 21.10
13486 22.09
8257 21.75
9743 21.52
9978 21.39
9146 21.49
8993 21.65
9024 21.60
9351 21.47
9576 21.25
10725 20.61
10067 21.03
9262 21.21
10833 20.65
10480 20.78
11831 20.71
10924 20.82
17662 21.21
9925 22.16
9278 22.65
10736 22.39
12939 23.15
13375 22.77
12700 23.62
11952 23.48
7863 23.62
8961 24.15
9486 23.58
9043 23.32
8879 22.96
9276 23.05
9276 23.17
9552 23.17
17667 22.89
8854 23.41
9020 23.51
9183 22.69
9119 22.38
10650 22.83
11037 22.71
9627 23.26
14553 23.89
12944 23.60
9304 23.72
15172 25.06
11596 24.32
8146 23.13
9759 22.56
12880 22.96
17921 20.56
10332 21.39
9282 21.52
9924 21.83
10979 22.12
11897 22.35
8949 22.72
12188 22.89
11828 22.26
8051 22.01
9879 20.77
9536 20.83
8726 20.88
11323 20.87
11211 21.31
9073 21.63
18137 19.57
12735 20.46
12671 20.60
13240 20.75
11511 20.68
9895 20.98
9717 21.79
10745 21.40
9429 21.96
9261 21.87
9027 21.10
9850 20.50
9680 20.45
11043 20.24
18052 22.65
13574 21.51
13505 21.25
10607 22.26
9660 22.09
8635 22.31
9752 22.77
9342 22.89
9707 22.22
9017 22.75
8821 22.84
9214 22.08
9210 21.87
9324 21.74
9174 22.07
10827 21.84
10703 21.99
10810 22.41
18760 20.08
11994 20.63
10582 20.84
11201 20.92
11478 21.26
9843 21.83
8965 21.43
10682 21.30
9407 21.97
9051 22.57
10507 22.10
11336 21.22
11827 21.44
10258 22.21
10739 21.77
8750 22.06
17707 18.51
11704 19.56
11615 19.61
9850 20.14
8975 19.96
9639 20.21
