16804 18.22
7528 18.03
10221 17.53
15581 18.11
13595 18.34
8896 18.43
9824 17.48
12587 17.67
11510 17.76
11698 17.71
11800 17.44
10002 18.17
9973 18.20
11337 17.62
12167 17.87
11658 18.04
18266 19.02
9856 19.22
10090 19.06
10328 18.99
9968 19.31
10925 19.04
9781 19.48
11325 19.08
11729 19.23
11797 19.49
11479 19.59
10506 19.82
10976 19.17
9939 19.86
17645 20.68
16246 20.26
13538 22.07
8483 21.56
10474 21.07
10285 21.07
9724 21.02
9519 21.16
9825 21.09
10350 20.75
11223 20.06
11596 20.05
10462 20.62
10094 20.67
11313 20.26
11165 20.31
12513 20.27
11704 20.32
19209 20.44
11201 21.24
11133 21.39
11290 21.89
13762 22.60
14359 22.25
13279 23.16
12712 23.02
8495 23.09
9714 23.59
9942 23.23
9558 22.93
9459 22.57
9657 22.63
9969 22.65
10161 22.72
18837 22.22
9458 22.90
9427 23.06
9410 22.51
9741 21.87
12072 21.96
12244 21.95
10377 22.64
15640 23.26
14193 22.67
10458 22.84
16765 24.10
13125 23.31
8827 22.46
10016 22.35
12787 22.94
18942 20.01
11319 20.86
10001 21.03
10296 21.43
11747 21.59
12695 21.80
9631 22.13
12810 22.44
12204 22.02
9142 21.15
10334 20.43
9738 20.66
9520 20.38
11688 20.74
11645 20.99
9377 21.43
19466 18.94
13432 20.05
13320 20.15
13357 20.64
11597 20.57
10322 20.63
10601 21.19
11348 20.98
10150 21.51
9646 21.46
9801 20.55
10195 20.10
10323 20.06
11864 19.80
18722 22.22
14494 20.99
14778 20.51
11776 21.34
10969 21.15
9500 21.53
10524 22.04
10480 22.07
10490 21.55
9705 22.04
9380 22.32
10056 21.51
9799 21.59
9941 21.31
9670 21.55
11532 21.37
11278 21.54
11289 21.97
19684 19.57
12942 20.00
12130 19.93
12406 20.07
12870 20.42
11056 20.89
9829 20.77
11241 20.84
10074 21.45
9625 21.95
11317 21.62
11576 21.00
12063 21.26
10305 22.14
11005 21.59
9384 21.43
19396 17.64
12345 19.05
12525 19.07
11549 19.04
9829 19.33
10831 19.34
