19521 16.69
9873 16.57
12915 15.98
18035 16.79
15652 17.20
10618 17.35
10956 16.66
14627 16.65
13285 16.76
13616 16.67
13290 16.56
11602 17.13
11547 17.23
12994 16.64
13909 16.89
13392 17.12
21548 17.34
12727 17.54
11861 17.95
11809 18.02
11505 18.32
12559 17.96
11838 18.30
12753 18.11
13442 18.16
13318 18.47
13279 18.52
11303 19.09
11505 18.89
11023 19.02
18624 20.18
16458 20.05
19405 18.66
11869 19.19
12458 19.66
12102 19.82
11014 20.03
10973 20.13
11242 20.03
11837 19.69
13011 18.93
13200 18.98
12205 19.47
11378 19.68
12891 19.18
12986 19.19
14387 19.15
13424 19.23
22175 18.93
13881 19.64
13664 19.82
14425 20.06
17002 20.77
17787 20.32
16811 21.14
16271 20.97
11229 21.14
12088 21.81
11659 21.84
11061 21.79
10928 21.51
11174 21.57
11440 21.61
11540 21.70
21715 20.83
11727 21.38
11286 21.82
10563 21.48
11217 20.89
12948 21.27
13468 21.17
11576 21.69
17375 22.35
15361 21.98
11361 22.07
18015 23.38
14285 22.58
10106 21.43
11651 21.20
14580 21.73
21891 18.55
13112 19.68
11484 19.93
12087 20.31
13655 20.47
14523 20.70
11506 20.80
14396 21.45
13772 21.04
10069 20.38
11995 19.36
11762 19.33
10699 19.40
13349 19.63
13015 20.05
10691 20.41
22203 17.58
15274 18.94
15558 19.01
16162 19.11
14170 19.13
12087 19.47
13402 19.38
13585 19.50
12315 19.99
11819 20.03
11248 19.51
11330 19.25
11290 19.27
12950 19.29
20235 21.48
15589 20.36
19175 18.06
15332 19.27
14108 19.14
12824 19.26
12503 20.62
12564 20.64
11889 20.50
11399 20.84
11420 20.83
11371 20.46
11429 20.37
11503 20.23
11151 20.51
13140 20.32
12939 20.43
13005 20.84
22565 18.13
14809 18.90
14043 18.75
14514 18.96
15998 18.77
13820 19.24
11664 19.47
12907 19.70
11588 20.42
11171 20.99
12795 20.58
12539 20.42
13240 20.45
11566 21.26
12496 20.59
10234 20.77
22667 16.11
14560 17.86
14264 17.99
13283 17.94
11383 18.29
12471 18.31
