1972 40.95
645 36.71
1156 34.07
1913 36.01
1406 36.29
938 34.19
1077 33.71
1129 33.99
940 33.65
1129 33.97
1151 33.97
1321 33.57
1077 33.58
1018 34.10
1090 33.42
1177 34.14
1782 40.01
1002 36.19
1276 35.62
1201 34.78
1015 35.20
1204 34.32
1058 34.85
1155 34.42
1351 34.43
1453 34.50
1437 35.05
1094 35.34
1133 35.09
1179 34.65
2421 37.58
1483 39.31
1600 40.86
795 37.84
1238 37.06
1073 36.82
1108 37.04
1072 36.97
1130 36.96
1036 36.68
1179 36.65
1196 36.44
1173 36.40
1038 36.41
1189 36.25
1395 35.84
1339 35.91
1241 36.25
2131 39.33
996 38.13
1244 37.44
1262 38.52
2022 38.71
1834 38.06
1663 39.27
1498 39.05
887 39.18
1151 39.35
1002 38.62
1061 38.53
1068 37.99
1256 38.06
1098 38.13
998 38.47
2008 41.79
931 39.71
1186 38.23
1119 38.14
1142 37.61
1434 37.80
1283 37.36
1180 37.74
2396 39.17
1590 40.58
1081 39.76
2000 42.40
1423 41.46
651 41.03
1097 39.33
1616 40.02
2022 39.84
731 39.91
1030 38.05
1088 38.40
1319 38.55
1526 37.99
1013 38.19
1744 38.66
1648 38.01
924 38.36
1039 37.69
1195 36.69
1169 36.80
1363 37.54
1235 37.17
1120 37.76
2184 38.36
1117 38.33
1125 38.59
1314 38.64
1072 37.79
1140 37.74
1134 38.43
1294 37.85
1135 38.06
1149 38.00
1051 37.42
1164 36.60
1153 36.60
1396 36.09
2429 40.79
1350 41.12
1698 39.53
1102 39.78
1056 39.70
1037 38.79
1183 39.70
1121 39.84
1097 39.38
1086 39.28
1043 39.06
1125 38.39
1061 37.68
1137 37.50
1124 37.88
1337 37.45
1383 37.59
1415 38.04
2128 39.55
963 39.28
1167 37.73
1203 38.11
1248 38.08
1202 38.05
1060 37.99
1173 38.11
1068 38.26
1145 38.15
1403 37.94
1269 38.08
1360 37.69
1280 38.26
1343 38.32
1161 38.53
2081 37.79
1044 38.71
1153 38.25
1060 37.64
1062 36.58
1197 36.55
