23730 14.71
12946 14.87
15796 14.55
20766 15.37
18930 15.59
13067 15.85
13200 15.42
16673 15.54
16066 15.26
16128 15.35
15423 15.33
13512 16.06
13464 16.09
14825 15.62
16026 15.71
15879 15.78
26251 15.29
16892 15.45
15599 15.91
14969 16.36
16012 15.88
16356 15.92
15063 16.51
16102 16.36
16627 16.52
16515 16.82
16399 16.85
14220 17.42
13586 17.56
13505 17.66
21813 18.63
19484 18.55
24225 16.40
15726 17.18
16137 17.59
15429 17.95
14080 18.19
14162 18.28
14021 18.42
14040 18.35
16142 17.32
16310 17.37
15735 17.63
15671 17.42
16193 17.43
16082 17.55
17164 17.80
16111 17.90
26826 16.90
17968 17.70
17338 17.91
18024 18.15
21008 18.82
22197 18.30
21108 19.08
20466 18.93
14776 19.17
15979 19.54
14658 20.03
13905 20.09
13274 20.00
13644 20.13
13820 20.22
13760 20.36
26140 18.80
15086 19.37
14926 19.71
13133 19.94
13212 19.50
15790 19.70
16326 19.65
14072 20.30
20253 20.76
18183 20.45
13280 20.78
20450 22.10
16459 21.24
12748 19.85
15342 18.99
19148 19.32
26714 16.44
16374 17.97
14535 18.31
13988 19.05
16411 18.92
17532 19.12
14141 19.23
17381 19.82
16456 19.42
12372 18.91
14353 17.86
14177 17.87
13117 17.98
16046 18.08
15814 18.53
13032 19.02
26985 15.57
18742 17.32
18557 17.48
19020 17.67
16919 17.63
14893 17.89
16383 17.82
16504 17.96
14611 18.62
14301 18.54
13238 18.31
13775 17.89
13659 17.90
15635 17.73
23621 19.87
18506 18.73
24672 15.43
18421 17.64
17255 17.45
15848 17.60
16679 18.21
15198 19.11
14920 18.66
14335 19.07
13657 19.44
12991 19.39
13664 18.99
13160 19.16
15216 18.11
16560 18.34
16170 18.58
16033 19.01
27774 15.89
17967 17.30
17015 17.19
17602 17.33
18960 17.22
17012 17.56
14225 17.95
15650 18.18
14656 18.60
14889 18.73
15602 18.87
15214 18.77
16327 18.76
13895 19.75
15189 19.04
12716 19.28
26893 14.34
17546 16.41
17402 16.43
16242 16.45
15046 16.40
14687 17.11
