24617 14.41
14020 14.38
16686 14.11
22723 14.59
20374 15.03
14101 15.37
14116 14.95
17570 15.13
16734 14.97
16722 15.01
16306 14.95
14115 15.79
14433 15.65
15592 15.25
16621 15.43
16427 15.51
27171 14.91
17388 15.22
16059 15.65
15616 16.00
16107 15.88
16585 15.79
14538 16.64
16147 16.36
16845 16.44
16792 16.68
16579 16.72
14265 17.39
13837 17.42
13828 17.44
22592 18.26
20489 18.17
25685 15.76
17487 16.31
18015 16.76
16893 17.06
14685 17.74
14628 17.90
14725 17.97
14857 17.96
16188 17.23
16656 17.16
15493 17.64
15992 17.32
16523 17.22
16940 17.12
18005 17.39
16877 17.48
28035 16.43
18850 17.31
18031 17.52
19285 17.69
21876 18.46
22911 18.00
21859 18.76
21149 18.57
15348 18.79
16947 19.10
15198 19.71
14609 19.74
13656 19.73
14115 19.76
14398 19.80
14548 19.94
27847 18.04
16858 18.55
16171 19.01
14521 19.20
13558 19.24
16964 19.12
17390 19.06
15261 19.67
21576 20.21
18936 20.06
13939 20.45
21277 21.71
16841 20.98
12755 19.88
14522 19.42
18255 19.80
27870 15.98
17045 17.65
15149 17.95
14892 18.62
17101 18.54
18235 18.76
14563 18.91
17813 19.48
17200 19.06
13372 18.33
15204 17.54
14564 17.61
13563 17.66
16541 17.79
16592 18.12
13639 18.64
28246 15.05
19550 16.98
19173 17.13
18974 17.64
16872 17.64
14871 17.92
16430 17.78
16718 17.90
14569 18.66
14129 18.62
14301 17.82
14660 17.46
14253 17.62
16722 17.23
24946 19.27
20196 17.99
23989 15.78
19343 17.28
17775 17.17
16406 17.28
15742 18.71
15730 18.75
15006 18.60
14521 18.93
14417 18.99
14214 18.72
14150 18.71
13934 18.77
15866 17.83
16889 18.07
16834 18.29
16731 18.72
28657 15.51
18976 16.85
18002 16.79
18255 17.01
19717 16.88
17663 17.26
14842 17.64
16227 17.87
14644 18.62
15504 18.47
16158 18.55
15903 18.40
16854 18.51
14545 19.39
15563 18.72
13387 18.87
28530 13.72
18569 15.97
17984 16.09
16985 16.09
15566 16.06
15521 16.70
