26485 13.65
15611 13.69
17915 13.63
23432 14.25
21186 14.60
15021 14.90
15217 14.50
19658 14.33
17952 14.46
18165 14.41
17733 14.40
15189 15.21
14991 15.29
16767 14.72
17905 14.85
17763 14.94
29051 14.14
19217 14.49
17709 14.94
16701 15.44
17377 15.23
17982 15.16
15697 16.05
17387 15.76
18108 15.86
17958 16.11
17909 16.13
15858 16.60
15153 16.77
15132 16.74
24334 17.56
21527 17.56
28328 14.71
19202 15.60
19507 16.06
18572 16.37
15883 17.19
15952 17.28
15831 17.41
16413 17.14
17466 16.58
18018 16.50
17004 16.92
17718 16.42
18322 16.42
18156 16.52
19267 16.79
18272 16.89
30596 15.38
21534 16.19
20634 16.34
21698 16.58
24851 17.26
22562 18.08
20857 19.15
19666 19.23
14285 19.30
15384 19.88
15430 19.65
15278 19.35
15020 19.05
15005 19.26
15445 19.23
15646 19.32
30180 17.06
18517 17.86
18718 17.85
16447 18.15
15368 18.32
18359 18.44
18698 18.41
16465 18.97
23144 19.52
20194 19.41
15457 19.64
23330 20.69
19157 19.86
14318 18.84
15592 18.69
19715 19.14
30435 14.99
18532 16.88
16685 17.17
15964 18.03
18535 17.80
19704 18.07
15982 18.18
19528 18.74
18641 18.34
14227 17.88
16356 16.95
15881 16.96
14706 17.08
18107 17.07
17914 17.52
14623 18.06
30621 14.13
21173 16.25
20958 16.42
21213 16.62
19158 16.53
17038 16.84
18350 16.81
18712 16.93
16558 17.61
16324 17.54
14974 17.42
15615 16.95
15451 17.06
17462 16.82
26170 18.80
20815 17.71
28191 14.07
20862 16.59
19577 16.42
17907 16.57
18775 17.19
16947 18.10
16269 17.95
15681 18.38
15387 18.47
14638 18.47
15533 18.02
14951 18.21
17101 17.19
18405 17.40
18141 17.59
18065 18.02
31263 14.57
20341 16.21
19226 16.14
20108 16.25
21335 16.20
19252 16.52
16286 16.95
17601 17.17
16635 17.64
16660 17.73
17509 17.86
17242 17.75
18334 17.76
15655 18.74
17059 18.01
14299 18.27
30310 13.07
20112 15.33
19603 15.40
18489 15.40
17011 15.42
16668 16.15
