35180 10.41
24504 10.36
27552 10.05
33773 10.41
31224 10.88
25106 10.89
22917 11.30
27491 11.28
25849 11.37
26765 11.14
25923 11.11
25567 11.05
23916 11.62
24774 11.52
25967 11.72
25734 11.79
39655 10.34
29372 10.77
27941 11.15
27463 11.29
26788 11.56
27474 11.61
25905 11.99
26742 12.10
26966 12.27
27030 12.48
26692 12.62
23668 13.26
22901 13.39
23433 13.20
33166 14.12
30617 14.04
43301 9.58
28830 12.02
30246 12.03
29016 12.34
26764 12.71
25667 13.07
26530 12.90
25175 13.41
25230 13.35
26156 13.24
24431 13.76
25398 13.37
26561 13.19
26149 13.31
27520 13.54
26693 13.58
45016 10.50
31511 12.60
30042 12.84
31385 12.98
34275 13.78
34082 13.78
32080 14.80
31227 14.55
24755 14.75
25734 15.20
24681 15.51
22991 15.71
22025 15.76
22760 15.69
25764 14.80
23383 15.73
44283 12.19
29206 13.69
29360 13.72
27003 13.86
24661 14.24
27326 14.65
28266 14.59
25577 15.02
32841 15.61
30210 15.31
24261 15.62
33197 16.70
29101 15.68
21491 15.46
23874 15.00
28376 15.41
44760 10.12
28457 13.06
25852 13.50
26500 13.68
27780 13.87
29405 14.11
25085 14.32
28672 14.83
27804 14.45
21932 14.30
22888 14.06
22701 14.01
21951 13.89
26095 13.79
26033 14.14
21664 14.83
41953 10.33
30181 12.84
30039 12.94
29288 13.52
27260 13.45
25194 13.50
26768 13.42
27222 13.56
24493 14.26
25519 13.69
22355 14.15
22116 14.04
22097 14.10
25157 13.66
34342 15.58
27980 14.76
40534 9.81
30062 13.00
28741 12.85
26446 13.01
25045 14.54
24855 14.67
23725 14.65
22608 15.10
25030 14.24
22189 14.88
22271 14.79
22067 14.86
23807 14.24
25516 14.42
25640 14.48
25620 14.80
43662 10.34
29900 12.65
28589 12.54
29157 12.77
30939 12.64
27939 13.09
24512 13.49
25831 13.71
24201 14.31
24387 14.41
25490 14.43
25391 14.35
26225 14.41
22899 15.34
24643 14.64
21383 14.92
40831 9.51
29997 11.75
28894 11.96
27637 11.97
25219 12.22
26933 12.16
