3864 32.80
1705 28.67
2473 28.00
4291 29.35
3244 29.85
1711 29.52
2132 28.09
2540 29.26
2226 28.81
2281 29.09
2309 28.72
2278 28.88
2396 28.38
2092 28.96
2516 28.45
2616 28.24
4043 32.90
1942 30.72
2436 29.97
2388 29.93
2303 29.66
2410 29.69
2330 30.10
2638 29.39
2979 29.51
2866 29.92
2763 30.09
2342 30.77
2351 30.51
2165 30.76
4809 31.90
2903 34.35
3214 34.78
1829 32.01
2301 32.00
2401 31.92
2123 32.06
2175 32.02
2239 31.93
2411 31.41
2288 31.39
2210 31.73
2328 31.32
2015 31.71
2318 31.29
2700 30.92
2797 31.01
2615 31.19
4116 34.04
2050 33.05
2349 32.97
2580 33.46
3704 33.52
3453 33.39
3177 34.51
2887 34.29
1703 34.30
2277 34.01
2107 34.02
2210 33.46
2180 33.00
2360 32.91
2245 33.35
2087 33.34
4147 35.80
1903 34.24
2414 33.16
2232 32.73
2108 32.61
2782 33.25
2671 32.86
2310 33.42
4375 34.26
3546 34.15
2344 34.29
4402 35.77
3118 34.98
1398 35.09
2320 33.44
3337 34.15
4243 33.56
1637 33.64
1988 33.11
2204 32.84
2646 33.09
2909 33.23
2151 33.13
3331 33.23
3159 33.02
1714 33.36
2201 31.93
2172 31.90
2510 31.24
2922 31.70
2783 31.55
2114 32.30
4540 32.06
2527 32.19
2552 32.43
2736 32.91
2377 32.33
2332 32.07
2513 32.15
2590 32.32
2310 32.60
2458 32.06
2258 31.71
2376 31.21
2234 31.33
2805 30.67
4848 34.72
2922 34.44
3265 33.67
2359 34.16
1924 34.15
2105 33.46
2310 33.91
2419 33.45
2309 33.53
2134 33.51
2064 33.34
2218 32.64
2379 32.20
2224 32.67
2280 32.35
2756 32.42
2655 32.53
2699 32.72
4271 33.45
2073 33.22
2441 32.35
2467 32.05
2626 32.31
2488 32.48
2407 31.72
2544 32.04
2368 32.18
2184 32.68
2714 32.85
2522 32.34
2743 32.50
2298 33.21
2721 32.56
2083 33.36
4232 31.60
2171 32.78
2236 32.28
2230 31.82
2149 30.73
2414 30.69
