6207 27.87
2809 24.94
3899 24.18
7028 25.11
5473 25.77
2792 25.78
3426 24.33
4835 24.70
3843 25.31
3770 25.54
3767 25.39
3664 24.80
3768 24.95
3416 26.09
4546 24.94
4429 25.22
6615 28.70
3341 27.31
3836 26.32
3907 26.23
3713 26.07
3912 26.21
3820 26.36
4416 25.93
4673 25.96
4744 26.35
4613 26.50
3810 26.97
3770 26.99
3695 26.97
7693 27.88
4935 30.20
5293 30.50
3040 28.60
3850 28.37
4027 28.29
3579 28.41
3468 28.66
3709 28.38
3807 27.93
4095 27.50
4082 27.46
3816 27.96
3812 27.42
4312 27.25
4275 27.35
4676 27.46
4167 27.63
6928 29.67
3435 29.63
3775 29.42
4649 29.17
6069 29.57
5953 29.31
5483 30.31
5120 30.25
3090 29.95
4013 30.34
3556 30.49
3575 30.18
3481 29.64
3880 29.46
3900 29.27
4006 29.29
6908 31.62
3356 30.38
3669 29.89
3548 29.36
3724 28.74
4779 29.20
4521 29.25
3904 29.69
6788 30.51
5913 30.14
4116 30.03
6934 32.24
4786 31.59
2469 31.25
3922 29.85
5206 30.61
6951 29.30
3058 29.82
3083 29.75
3383 29.29
4241 29.69
4584 29.86
3468 29.72
5213 30.05
5002 29.42
2839 29.51
3600 28.16
3521 28.34
3870 27.65
4619 28.24
4485 28.12
3403 28.87
7228 27.93
4594 28.06
4599 28.13
4904 28.55
3872 28.85
3746 28.02
4147 28.33
4114 28.83
3960 28.75
3710 28.83
3580 28.14
3872 27.34
3843 27.21
4477 27.04
7833 30.44
5107 29.88
5206 29.67
3737 30.41
3302 30.32
3545 29.34
3958 29.87
3764 29.90
3922 29.21
3716 29.28
3482 29.53
3536 29.24
3832 28.53
3545 28.79
3823 28.69
4443 28.61
4364 28.78
4396 29.26
7278 28.91
3595 29.53
3795 28.61
3802 28.86
4165 29.08
3910 28.99
3614 28.42
3939 28.74
3830 28.69
3736 29.15
4520 28.75
4515 27.98
4721 28.22
4300 28.87
4423 28.64
3361 29.30
7077 26.92
4029 27.69
4024 27.79
3718 27.78
3804 26.30
4095 26.47
