8101 25.16
3856 22.45
5152 22.24
8137 23.74
7123 23.69
3871 23.64
4440 22.39
6136 22.96
5226 23.37
4850 23.73
4892 23.47
4902 23.20
5110 22.87
5434 22.47
6150 22.71
5989 22.66
8928 25.83
4403 24.98
5089 24.21
5008 24.34
4967 24.25
5097 24.44
4964 24.56
5645 24.11
5913 24.12
6016 24.43
5896 24.61
5110 24.93
4801 25.22
4812 24.93
9832 25.93
6868 27.32
6745 28.40
4180 26.42
4991 26.56
5299 26.20
4666 26.29
4633 26.53
4931 26.40
5040 25.99
4904 25.82
4941 26.08
4967 26.12
4898 25.77
5601 25.48
5448 25.62
6115 25.62
5434 25.76
9120 27.28
4619 27.62
4766 27.53
6015 27.07
7651 27.56
7735 27.16
7311 28.12
6805 28.11
4173 28.03
4879 28.68
4842 28.35
4855 27.99
4552 27.68
5183 27.42
5204 27.32
5153 27.51
9126 29.15
4613 28.05
4780 27.97
4815 27.23
4633 27.02
6159 27.22
6017 27.25
5099 27.71
8724 28.55
7590 28.07
5326 27.97
9771 29.16
6639 29.04
3287 29.13
5033 27.78
6620 28.46
9051 26.92
4234 27.53
4198 27.57
4537 27.49
5554 27.68
6403 27.28
4643 27.61
6623 27.94
6138 27.75
4173 26.87
4839 26.06
4636 26.08
4907 25.56
6003 26.08
5906 26.15
4753 26.49
9464 25.52
6109 25.94
6222 26.00
6309 26.57
5052 26.86
4900 25.98
5493 26.38
5644 26.33
5024 26.74
4800 26.83
4790 25.84
5079 25.14
4987 25.25
5941 25.02
9993 28.16
6831 27.39
6951 27.16
5149 27.84
4467 27.96
4635 27.18
5284 27.61
5083 27.64
4966 27.19
4655 27.60
4924 27.16
4597 27.17
5019 26.63
4643 26.81
5150 26.63
5799 26.60
5573 26.68
5790 27.18
9535 26.41
5005 27.11
4549 27.02
5095 26.77
5491 27.01
5170 26.89
4659 26.22
5212 26.59
5047 26.60
4754 27.09
5921 26.78
6003 25.98
6284 26.28
6101 26.21
6057 26.23
4608 26.74
9249 24.38
5613 24.98
5136 25.76
4824 25.55
5026 24.17
5405 24.50
