898 50.97
490 49.61
587 49.34
253 50.33
601 48.11
302 49.34
465 47.61
255 47.39
606 47.66
377 44.91
643 43.42
354 43.80
676 42.51
448 43.55
651 41.02
446 41.14
556 51.00
651 39.05
618 38.97
383 41.67
656 39.19
415 42.68
597 41.45
496 38.35
742 39.67
483 38.29
653 39.68
449 37.94
748 38.42
399 40.39
690 40.30
438 38.78
594 48.39
594 38.89
530 40.20
528 40.71
673 40.80
371 42.41
620 40.42
391 40.84
687 39.66
435 37.82
635 39.74
522 38.78
725 40.06
442 38.79
614 36.57
521 38.85
607 47.37
720 38.49
700 39.28
400 42.39
646 41.22
640 37.35
618 39.09
547 38.46
658 42.32
599 38.40
672 41.73
357 42.89
769 40.33
434 39.06
638 40.33
670 38.23
651 46.92
727 38.16
672 39.04
330 43.03
694 40.17
607 40.80
575 43.27
432 40.40
739 40.67
414 41.85
660 40.20
452 41.27
797 39.59
650 37.99
672 40.87
639 39.18
785 46.12
631 41.57
594 42.33
544 42.07
672 41.98
471 42.67
680 42.60
536 40.55
749 42.60
612 39.65
641 41.17
446 41.67
795 41.33
675 40.84
791 41.60
731 39.76
853 45.33
561 41.78
677 42.69
557 43.39
725 44.17
527 44.67
725 44.37
658 41.70
781 43.72
533 41.83
637 43.43
597 42.42
796 43.30
658 42.44
660 43.85
476 43.39
964 44.38
451 43.45
684 43.94
501 43.47
740 45.46
611 42.94
684 44.26
594 42.56
