6828 25.02
3104 24.82
7176 20.31
8484 17.36
8254 19.87
7627 16.76
7282 17.86
5759 17.38
8844 18.65
7685 16.49
8794 16.75
7647 15.89
8715 17.64
5282 18.00
8212 16.71
5905 16.38
9488 18.34
6855 15.44
7798 15.31
6013 14.85
8252 15.60
5728 15.36
7647 15.07
6347 14.67
9355 15.34
5969 15.34
8643 14.52
5572 14.99
9871 14.19
8327 13.43
9642 13.81
8350 13.26
12318 15.70
6225 14.98
7605 14.83
6145 14.78
8653 14.63
5685 14.70
7750 14.25
5564 14.72
8935 14.22
8746 12.61
7041 14.44
6348 14.24
8813 14.31
8459 12.94
9047 13.65
8949 12.75
13210 14.79
6175 14.82
8502 14.11
5919 14.56
9502 14.39
8418 13.27
9124 13.79
8399 13.20
10180 14.29
8384 13.49
9112 14.12
8678 13.77
9252 15.46
7895 14.24
8785 14.48
8379 13.80
12509 16.07
5662 15.07
7989 14.37
6055 14.55
8211 15.06
8308 13.82
9045 14.45
8492 13.75
9067 15.52
8166 14.28
9168 14.85
8450 14.53
9650 15.88
7932 14.85
8965 15.48
8232 15.03
12550 16.54
6621 16.03
7841 15.98
6245 15.98
9386 15.61
7878 14.62
7692 16.20
8004 15.03
10196 15.79
7804 15.10
9173 15.46
8270 14.60
10205 15.80
7968 15.63
9639 16.06
8301 15.93
12250 17.40
6368 17.80
8661 17.89
6004 19.59
10497 17.99
7669 17.35
8091 18.83
7917 17.59
10166 18.55
7246 17.35
7814 18.42
7708 17.00
9173 18.50
7538 17.31
7743 18.51
5844 19.05
12919 17.79
6656 17.83
8780 18.43
6427 19.50
10362 18.78
7728 17.84
9511 18.13
8157 17.60
