2302 38.94
685 39.54
1440 35.11
1665 32.92
1591 34.91
1252 34.67
1603 33.23
1196 32.38
1888 33.79
1570 31.82
1612 34.01
1106 33.57
1867 32.85
1088 33.42
1699 31.02
1157 31.07
1930 34.20
1416 30.08
1599 29.48
1241 30.39
1707 30.29
1247 32.03
1623 31.07
1120 31.70
1988 30.15
1167 31.08
1726 28.25
1113 30.61
1862 28.59
1692 27.48
1866 27.89
1667 27.33
2318 31.21
1062 32.36
1552 29.98
1414 29.74
1595 31.27
1250 30.25
1584 29.61
1187 31.02
1865 28.92
1524 26.35
1627 29.78
1262 30.95
1948 31.08
1551 26.33
1601 28.67
1566 27.13
2531 30.18
1200 29.75
1623 28.68
1334 27.19
1763 30.09
1734 27.45
1845 28.15
1754 26.63
2025 29.18
1778 27.08
1872 28.18
1811 29.17
2039 29.83
1696 27.82
1806 28.70
1750 28.10
2826 30.27
941 31.53
1618 28.61
1300 30.38
1726 29.61
1690 27.66
1719 32.33
1602 28.39
2084 29.30
1692 28.00
2004 28.93
1825 27.59
2194 30.61
1675 29.00
2022 29.77
1769 28.78
2768 31.00
1176 31.56
1634 31.95
1372 32.05
1868 30.82
1667 29.95
1710 31.38
1712 29.28
2171 31.28
1672 29.68
1902 30.53
1724 29.90
2147 31.13
1759 30.77
2199 31.39
1819 31.62
2773 32.10
1335 34.42
1739 33.80
1309 34.68
2182 34.12
1586 32.09
1782 34.31
1768 32.73
2148 33.82
1513 32.29
1633 33.70
1663 30.92
2017 32.69
1620 32.09
1727 34.39
1178 34.31
2809 32.99
1214 34.33
1778 34.19
1390 34.75
2136 35.43
1701 33.21
1912 33.89
1706 33.48
