4534 29.72
1825 30.68
4241 25.95
4914 22.17
5366 24.14
4332 21.51
4427 22.54
3387 21.94
5226 23.51
4443 21.02
5283 21.37
3155 22.50
5506 21.71
3256 21.93
4965 20.77
3314 20.88
5619 23.29
4275 19.48
4699 19.55
3382 19.20
4992 19.91
3436 19.51
4616 19.73
3547 19.22
5680 19.76
3373 19.76
5161 18.70
3080 19.20
5422 19.03
5082 17.20
5528 17.89
4962 17.20
7076 20.45
3450 19.45
4453 19.66
3902 18.64
4991 19.39
3284 19.28
4617 18.47
3317 18.74
5449 18.19
4962 16.30
4379 18.33
3515 18.73
5600 18.09
4784 16.33
5498 17.20
5006 16.56
7757 19.39
3489 19.16
4871 18.45
3505 18.37
5499 18.75
5000 17.11
5368 17.94
5293 16.70
5919 18.39
4750 17.66
4363 19.99
3547 20.40
6013 19.40
4512 18.23
5300 18.08
5098 17.48
7750 20.37
3247 19.18
4750 18.28
3525 18.53
5010 19.31
5008 17.50
5531 18.47
4970 17.71
5675 19.30
4782 17.86
5590 18.74
5092 18.24
6246 19.64
4583 19.08
5524 19.41
4809 18.95
7847 20.85
3741 20.51
4871 20.28
3835 20.09
5734 19.99
4669 19.20
4944 20.35
4828 19.33
6244 20.45
4449 19.56
5523 19.72
4948 18.38
6183 20.20
4817 19.97
6032 20.55
4853 20.54
7793 21.46
3828 22.79
5592 22.20
3583 24.92
6385 23.08
4747 22.02
4933 24.23
4978 21.73
5796 23.76
4668 21.61
4568 23.31
4726 21.41
5727 23.16
4573 22.00
4709 23.43
3418 24.11
7921 22.37
3685 23.36
5210 23.35
3964 24.15
6395 24.13
4582 22.88
5521 23.39
4907 22.34
