4762 29.18
1947 29.52
4637 24.74
5367 21.40
5216 24.30
4774 21.04
4716 21.92
3825 21.44
5558 22.90
4743 20.44
5548 20.89
3327 22.31
6009 21.28
3361 21.78
5116 20.81
3716 20.38
6060 22.52
4529 18.82
5008 18.82
3867 18.13
5400 19.09
3506 19.17
5015 18.90
3812 18.27
6289 18.89
3638 19.02
5301 18.27
3477 18.29
5852 18.36
5290 16.70
5806 17.48
5381 16.41
7616 19.76
3755 19.40
4913 18.58
3851 18.17
5423 18.70
3582 18.64
5206 17.65
5180 15.92
5650 17.95
5083 16.11
4578 18.17
3900 17.49
6045 17.39
5178 15.90
5929 16.49
5259 15.93
8451 18.65
3805 18.42
5247 18.05
3823 17.61
6019 18.21
5282 16.43
5964 17.20
5400 16.31
6321 17.91
5283 16.89
4630 19.92
3888 19.89
6537 18.46
4946 17.64
5601 17.82
5432 16.98
8527 19.36
3455 18.77
5234 17.61
3699 18.27
5387 18.57
5306 17.20
6056 17.96
5484 16.63
6108 18.81
5273 17.17
6026 18.17
5467 17.53
6603 19.17
4823 18.41
5980 18.77
5262 18.37
8395 20.16
3970 20.21
5230 19.44
4115 19.52
6170 19.36
4959 18.38
5202 20.06
5130 18.76
6722 19.98
4763 18.98
5988 19.50
5220 17.92
6697 19.57
5249 19.03
6499 19.70
5249 19.97
8128 21.07
4345 21.51
5865 21.71
3851 23.84
6808 22.24
5024 21.38
5292 23.42
5236 21.10
6643 22.51
4699 21.29
5082 22.25
5088 20.52
6170 22.31
4852 21.11
5133 22.74
3613 22.91
8500 21.68
3882 22.64
5647 22.74
4275 23.15
6898 23.39
4913 22.10
5972 22.80
5080 21.77
