5336 27.88
2242 29.15
5154 23.55
6067 20.34
5978 22.83
5402 19.95
5432 20.68
4171 20.20
6359 21.55
5412 19.40
6426 19.52
5399 18.70
6833 20.22
3617 21.20
5847 19.32
4220 19.19
6859 21.33
5182 17.68
5716 17.66
4390 16.99
6096 18.10
4109 17.86
5764 17.40
4318 17.11
7129 17.91
4144 17.85
6181 16.98
3935 16.99
6813 17.13
6078 15.80
6695 16.39
6160 15.47
8695 18.66
4330 18.12
5474 17.87
4661 16.88
6143 17.57
3970 17.21
5831 16.44
3969 17.11
6638 16.37
5962 14.91
5473 16.57
4415 16.31
6979 16.32
5907 14.91
6771 15.44
6181 14.93
9731 17.47
4282 17.22
6204 16.30
4425 16.67
6987 16.77
5989 15.50
6808 16.06
6309 15.25
7337 16.69
5917 15.94
5088 18.26
4505 18.18
7531 17.29
5606 16.78
6396 16.68
6278 15.85
9073 18.81
4160 17.73
5729 16.99
4434 16.76
6142 17.84
6085 15.87
6758 16.66
6277 15.93
6656 17.88
5916 16.43
6810 17.04
6131 16.70
7127 18.39
5707 17.34
6689 17.81
6102 17.42
9413 19.07
4654 18.65
5897 18.51
4506 18.61
7014 18.40
5814 17.02
5566 19.06
6014 17.63
7367 18.72
5650 17.43
6756 17.92
5915 16.83
7612 18.23
5844 18.14
7250 18.55
6072 18.35
9468 19.63
4849 20.24
6539 20.76
4309 22.72
7746 21.29
5852 19.88
6093 21.93
5851 20.11
7097 22.02
5671 19.82
5645 21.54
5591 19.61
6719 21.34
5536 20.13
5716 21.40
4147 22.04
9642 20.50
4583 21.46
6504 21.38
4744 22.07
7599 21.84
5600 21.53
6718 21.52
5837 20.54
