5601 27.32
2400 28.04
5596 22.95
6476 19.61
6405 22.46
5735 19.23
5746 20.15
4334 19.74
6932 20.99
5825 18.80
6833 19.03
5919 18.04
7011 19.80
3927 20.48
6247 18.60
4520 18.54
7332 20.71
5448 17.39
6131 17.41
4549 16.74
6576 17.49
4188 17.56
6166 16.98
4681 16.58
7488 17.69
4449 17.27
6598 16.44
4163 16.77
7110 16.68
6345 15.37
7086 15.89
6297 15.18
9233 18.00
4610 17.53
5832 17.26
5017 16.45
6548 17.01
4305 16.51
6296 16.24
6230 14.70
6744 16.33
6241 14.60
5576 16.10
4780 16.14
7278 15.79
6380 14.47
7144 15.19
6501 14.57
10392 16.97
4705 16.67
6507 16.01
4572 16.31
7359 16.19
6425 14.97
7101 15.52
6704 14.74
7768 16.18
6225 15.59
5393 17.56
4725 17.66
7821 17.03
6092 15.85
6862 16.06
6558 15.41
9673 18.25
4416 17.11
6043 16.54
4688 16.27
6529 17.03
6543 15.53
7282 16.30
6496 15.54
7033 17.33
6291 15.94
7223 16.93
6721 16.17
7799 17.67
5911 16.82
7108 17.35
6340 16.86
9806 18.64
5000 18.21
6228 17.96
4723 18.46
7281 17.97
6198 16.42
6085 18.36
6361 16.86
7697 18.13
6053 17.08
7117 17.59
6361 16.32
8061 17.82
6181 17.79
7611 18.12
6363 17.91
10010 19.12
5135 19.67
6921 20.15
4639 21.93
8227 20.36
5912 19.85
6437 21.52
6282 19.60
8147 20.93
5390 19.71
6077 20.82
6080 19.11
7459 20.88
5654 19.64
6157 20.54
4517 21.40
10083 20.05
4693 20.98
6709 21.15
5231 21.48
8248 21.68
6252 20.10
7334 20.89
6116 20.31
