789 51.00
93 51.00
256 51.00
283 51.00
170 51.00
261 49.37
300 48.31
217 48.88
253 48.00
269 47.89
305 47.42
280 44.76
372 43.56
305 45.36
366 43.30
375 42.11
420 42.58
368 42.82
357 41.35
377 42.02
416 41.05
368 39.01
382 40.68
414 41.96
379 42.31
388 39.75
396 40.89
369 41.49
376 40.66
409 39.89
380 40.24
406 39.20
637 49.36
240 42.07
338 42.12
326 40.66
353 41.36
318 39.48
352 37.25
368 39.96
385 38.79
400 38.62
403 38.89
366 40.13
372 38.87
399 38.88
371 37.74
417 38.26
378 35.45
406 38.57
393 38.63
373 37.57
389 36.96
378 35.31
395 35.80
384 34.25
377 37.16
394 36.24
400 36.06
388 37.04
422 36.63
370 36.43
381 37.48
394 38.37
666 45.78
247 44.30
341 42.87
424 41.15
340 40.51
351 40.84
382 39.16
380 37.23
375 36.91
390 38.29
446 36.67
297 38.78
381 37.19
394 39.09
384 37.13
386 38.76
412 36.19
361 38.64
388 36.44
427 37.11
399 39.15
389 38.14
406 38.46
402 39.45
387 36.70
353 35.62
404 35.89
411 37.12
354 37.30
410 37.74
419 38.11
389 37.28
669 44.68
238 42.45
381 43.86
385 39.34
440 40.32
347 38.58
374 39.15
378 37.36
395 39.28
383 35.24
359 39.09
369 36.52
389 39.28
400 36.95
386 35.08
371 36.62
405 38.65
367 39.30
427 38.03
391 39.70
394 39.82
404 39.51
362 38.86
422 39.67
431 38.01
395 39.61
424 37.05
350 39.58
390 39.71
413 38.76
409 39.44
414 39.36
701 45.29
237 43.07
388 39.81
409 38.88
281 39.74
390 38.68
340 39.25
365 38.30
373 37.87
394 36.92
405 39.47
394 38.88
419 39.50
400 38.67
385 40.37
401 38.96
417 38.36
386 37.19
399 39.02
372 38.34
428 38.11
406 39.35
431 40.26
424 40.40
362 39.94
398 38.98
413 39.92
438 39.67
482 39.70
425 39.35
435 40.14
444 40.62
799 45.56
242 43.95
358 42.98
349 42.62
378 42.46
350 42.52
361 42.22
350 40.03
429 40.42
359 40.65
428 40.77
344 40.61
445 41.26
393 41.94
384 42.01
433 41.47
440 41.22
375 41.03
435 41.59
413 39.66
450 40.77
410 40.77
360 38.61
362 40.16
434 40.03
450 41.36
421 42.05
450 40.60
418 39.97
465 41.88
492 41.49
463 42.27
818 46.19
210 45.54
284 44.63
339 46.11
331 44.81
382 44.72
373 43.07
363 43.96
401 41.52
441 42.42
427 43.35
376 44.54
399 43.36
449 41.35
381 42.46
382 42.89
406 41.62
376 39.65
387 42.30
373 38.39
362 41.93
421 39.78
413 41.35
427 41.44
408 40.67
424 42.56
415 42.76
464 41.87
401 41.04
412 41.51
399 41.69
379 42.17
974 44.20
238 45.69
287 43.51
409 43.63
378 43.03
408 42.94
367 43.82
368 43.04
367 44.55
406 43.35
419 43.83
438 42.27
398 43.63
423 42.34
387 43.31
376 43.64
