3491 32.97
825 34.47
1695 31.13
1593 30.21
1687 28.44
1937 28.55
1951 27.74
1947 28.07
2027 27.18
1872 25.93
2016 26.03
1894 25.39
2008 25.19
2015 24.15
2060 24.45
2114 24.67
2013 25.51
1981 25.33
1834 25.03
2078 25.20
2082 25.92
1907 25.70
2058 25.30
2095 25.37
1837 26.04
1968 24.30
2040 23.87
1965 24.10
1894 23.96
2188 22.98
1837 23.80
2118 22.91
3975 26.74
1211 26.81
1616 25.44
1623 23.83
1971 22.65
1851 22.20
1913 22.35
2064 21.48
2039 21.62
2220 20.93
1703 22.58
1955 22.74
2037 21.84
2073 21.62
1983 21.49
2155 21.53
1882 21.72
2211 20.83
1915 21.04
2061 21.03
1937 20.94
1895 20.83
2173 20.32
1893 20.85
2131 20.81
2019 21.44
2076 21.55
2150 22.15
2003 21.82
2155 21.59
2069 21.19
1977 21.88
4897 23.93
1249 25.94
1454 25.58
1506 25.92
1742 23.89
1949 22.47
2097 21.97
1865 21.78
1878 21.80
1871 21.54
1925 20.82
1981 21.03
2043 21.19
2063 20.65
1973 21.12
2132 20.74
1855 21.46
2133 20.04
1915 20.89
2146 21.02
1912 21.10
2031 20.93
2105 20.92
2103 20.86
2015 21.12
1910 21.34
2101 20.32
2105 20.75
1936 21.14
2158 21.15
1940 20.78
2012 20.76
5390 22.73
1179 23.58
1452 24.83
1518 24.47
1559 23.49
1891 21.91
2022 21.28
2256 20.60
1794 21.01
1848 21.14
2233 20.83
2214 20.77
2033 21.95
1944 21.82
1983 21.39
2234 21.34
1958 21.69
2155 21.89
2252 21.72
2111 21.83
1896 22.69
2040 22.52
2119 22.32
2327 22.00
2148 21.97
2110 22.49
2028 22.35
2200 22.00
2090 22.82
2195 22.57
2093 22.21
1905 22.90
5228 23.94
816 28.77
1150 27.71
1187 27.24
1871 23.25
2163 22.02
1841 22.76
1863 21.89
2162 22.01
1929 22.19
2220 22.59
1929 23.10
2138 22.06
2072 22.72
2019 23.28
2182 22.08
1982 22.21
2120 21.85
2225 21.91
2114 22.08
2160 22.34
2244 22.32
2178 23.15
2234 23.24
2091 23.48
2169 22.54
2145 22.83
2278 22.80
2126 23.71
2201 23.53
2310 23.36
2233 23.31
4335 26.52
1010 29.27
1385 29.46
1721 26.96
1633 27.08
1941 25.18
1974 24.39
1810 25.32
2089 24.31
1998 23.87
2162 23.45
2091 23.84
1991 24.65
2143 24.12
2004 23.64
2016 24.58
1981 24.75
2055 24.97
2212 24.16
2185 23.93
1957 24.95
1763 25.29
2014 23.90
2017 23.64
2163 23.50
2271 24.59
2277 24.88
2281 24.87
2218 24.84
2170 25.97
2314 26.48
2202 27.06
4501 26.88
992 32.07
1331 31.51
1484 30.21
1526 30.92
1687 29.74
1879 29.01
1995 28.30
2155 26.34
2110 27.05
2203 26.54
2062 27.66
2091 26.84
2099 26.48
2122 27.05
1982 26.27
1922 26.38
1990 26.54
1993 26.26
1976 26.02
1831 26.85
2092 26.03
2079 25.48
1979 25.62
2281 25.23
2060 25.92
1953 26.74
1964 27.18
2109 26.01
2099 25.65
2075 26.38
2025 25.73
5756 25.55
906 31.83
1550 30.19
1675 29.50
1805 28.40
1871 29.77
2027 28.33
2024 28.93
1870 28.87
2091 28.30
2076 28.61
2031 28.23
2041 27.87
1868 28.93
1897 28.96
2345 26.92
