5040 28.50
1469 29.87
3039 24.94
2884 24.68
2871 24.06
2840 23.35
3088 23.24
3220 22.66
3118 21.43
3210 20.90
3279 20.69
3220 20.16
3129 19.87
3285 20.24
3319 19.98
3201 20.30
3370 20.68
3270 20.48
3006 20.67
3431 20.58
3044 21.29
3163 21.01
3209 20.42
3387 20.40
2974 21.10
3153 20.20
3304 19.97
3087 19.89
3039 19.62
3412 18.91
3201 19.35
3178 19.05
6499 21.84
2144 20.91
2839 20.04
2808 19.20
2835 18.94
2841 18.66
2969 17.65
3308 17.31
3125 17.58
3454 17.14
3002 17.88
3202 17.97
3120 17.56
3522 17.11
2758 17.89
3227 17.68
3484 17.33
3274 17.66
3188 17.80
3321 16.99
3273 16.94
3480 16.54
3161 16.99
3303 16.84
3485 16.78
3233 17.42
3450 17.38
3317 17.53
3225 17.44
3394 17.20
3363 17.57
3231 17.15
8176 19.11
2038 21.28
2202 21.55
2411 21.05
2782 19.58
2963 18.79
3188 17.53
3161 17.45
3027 17.83
3445 16.73
3104 16.82
3281 16.47
3371 16.52
3095 17.19
3190 16.76
3555 16.74
2995 16.88
3499 16.28
2958 16.61
3290 16.52
3282 16.65
3514 16.35
3346 16.99
3276 16.82
3157 17.17
3254 16.52
3365 16.41
3432 16.37
3286 16.82
3206 16.94
3307 16.93
3522 16.42
8756 18.31
1541 21.20
2057 20.94
2569 19.81
2889 18.80
3504 17.05
2886 17.74
3449 16.99
3101 17.09
3212 17.18
3222 17.26
3340 17.49
3520 16.92
3400 17.39
3302 17.17
3375 17.32
3339 17.97
3396 18.25
3454 17.94
3249 17.86
2973 19.27
3005 19.66
3334 18.36
3586 18.01
3553 17.72
3465 17.71
3537 18.18
3222 18.69
3284 18.70
3264 18.21
3319 18.50
3293 18.28
8396 19.54
1379 22.78
1819 22.59
2291 21.58
3011 18.50
3344 17.86
3037 18.15
2941 17.85
3100 18.14
3264 17.70
3269 18.29
3128 18.59
3521 17.45
3029 19.06
3413 17.82
3205 18.20
3390 17.71
3251 17.62
3511 18.03
3357 18.07
3353 18.46
3356 18.49
3341 18.94
3271 19.28
3476 18.78
3394 18.77
3389 18.73
3674 18.83
3432 19.04
3490 19.59
3482 19.49
3613 19.85
7960 20.65
1667 24.49
2285 23.29
2573 22.25
2825 21.73
3189 19.83
3026 20.24
3077 19.91
3350 19.44
3150 19.10
3307 19.30
3386 19.44
3293 20.51
3487 19.12
3135 19.74
3061 20.53
3279 20.19
3350 19.51
3387 19.77
3221 20.11
3050 20.82
3152 19.79
3300 19.39
3478 18.77
3368 19.61
3225 20.64
3392 20.36
3701 19.96
3578 20.60
3521 20.80
3645 21.33
3614 21.65
7317 22.00
1699 27.16
2278 25.99
2646 24.99
2652 24.56
2687 25.52
2704 25.79
3363 22.50
3334 23.03
3256 22.05
3479 22.24
3403 22.47
3106 23.19
3323 22.89
3220 23.16
3358 22.07
3175 22.32
3396 21.45
3100 22.39
3255 21.72
3028 21.92
3311 21.70
3298 21.67
3315 21.40
3337 21.91
3212 22.40
3418 21.31
3137 21.96
3296 21.98
3568 21.58
3236 21.96
3210 21.50
9313 20.81
1447 27.06
2381 25.05
2702 24.53
2726 24.87
3392 23.37
3126 23.47
3243 23.37
3124 22.90
3134 23.74
3064 24.30
3469 23.27
3263 23.11
2957 24.14
3028 24.14
3687 22.66
