1486 46.64
143 48.59
318 48.84
322 45.77
672 43.38
325 44.18
548 42.03
473 40.30
636 42.73
480 41.02
618 39.89
434 40.02
634 41.60
458 40.56
627 39.16
464 42.24
683 42.23
403 41.37
567 40.77
498 40.82
694 41.59
471 40.97
618 40.40
420 39.23
636 41.62
481 40.87
622 39.53
460 40.83
677 39.99
366 40.99
575 37.74
437 38.97
933 42.86
380 40.46
571 38.44
476 38.86
629 39.48
394 37.45
588 37.17
443 37.70
671 37.40
430 38.98
623 36.87
432 39.13
658 40.23
431 37.22
570 36.57
468 37.40
670 38.14
463 36.78
624 36.70
465 36.45
667 36.87
468 37.68
637 35.52
399 34.90
672 37.92
475 38.04
617 37.39
498 36.51
776 37.00
418 35.54
633 37.38
379 36.79
1153 39.24
324 39.79
403 40.27
576 36.89
625 38.88
452 36.92
587 37.27
516 34.45
651 37.55
478 37.35
621 35.07
417 35.45
654 37.92
539 36.30
601 35.23
432 35.39
655 36.81
533 34.88
592 36.14
493 34.28
661 37.27
536 36.61
696 36.55
448 37.98
707 38.69
485 36.80
581 35.91
495 36.89
632 37.69
586 36.82
602 37.19
424 36.77
1330 36.68
260 39.33
405 40.38
474 36.86
654 38.13
533 37.25
647 37.06
367 37.10
654 40.32
560 38.00
659 37.04
406 38.09
704 36.39
494 36.74
556 37.93
508 36.93
630 40.01
572 36.91
643 37.10
522 37.36
749 38.65
497 37.88
572 38.74
528 38.81
663 40.58
563 37.94
622 38.87
509 38.46
664 37.77
496 37.90
589 37.93
529 35.92
1545 36.53
187 36.01
337 38.96
362 38.15
645 36.41
469 37.28
621 36.02
463 38.24
679 38.63
446 37.94
612 37.99
489 37.10
719 40.25
529 37.12
600 38.47
561 37.61
709 39.67
528 37.46
580 37.56
570 37.81
737 38.93
478 36.80
622 39.69
551 37.69
789 38.97
512 38.72
597 38.23
564 37.14
743 38.26
457 37.13
666 39.34
518 39.12
1623 36.81
260 41.39
483 40.29
446 40.41
731 39.39
463 39.30
601 40.04
508 38.72
696 39.94
479 39.14
680 39.41
493 38.37
716 40.84
540 39.51
651 39.93
535 39.93
805 40.45
479 40.20
598 40.23
556 39.46
765 40.93
471 39.38
539 40.94
505 39.73
717 40.43
525 40.43
648 40.66
629 40.54
793 42.23
497 40.16
707 41.45
598 41.47
1558 38.67
243 44.77
550 41.73
452 39.89
798 41.31
466 42.10
612 41.45
516 41.44
842 40.82
429 41.26
623 41.99
463 42.27
808 41.49
502 41.24
589 42.47
492 41.75
745 41.68
398 39.39
604 41.30
425 38.87
706 39.85
456 40.64
650 39.88
423 40.13
800 40.37
451 40.61
652 40.37
469 41.74
800 40.67
511 39.56
653 40.56
443 39.51
1666 38.94
302 41.27
532 41.35
461 39.42
830 41.31
519 41.06
619 42.32
454 42.19
781 42.73
496 41.94
566 41.81
586 42.05
648 42.80
543 42.16
594 42.63
503 40.87
