1752 42.92
203 41.21
580 42.64
518 40.16
878 40.35
575 40.68
821 38.74
584 40.96
867 40.59
625 39.73
832 38.32
571 38.95
861 39.30
556 38.56
850 36.29
603 39.40
912 38.56
642 36.66
788 38.94
561 37.58
980 40.13
605 38.60
829 36.87
630 36.15
916 38.25
598 36.44
833 36.25
583 36.32
869 37.48
522 37.55
798 34.82
627 35.88
1447 37.41
356 38.85
697 36.19
738 32.52
846 35.43
509 36.11
791 34.60
613 34.99
896 35.58
540 36.17
820 34.25
650 33.89
885 36.36
565 34.64
828 33.80
650 32.45
884 35.60
770 33.38
780 33.31
682 32.60
906 34.28
696 33.83
800 33.68
537 33.20
947 34.78
582 34.28
782 34.08
703 34.19
992 36.33
614 33.73
767 34.36
639 33.84
1755 34.31
368 37.75
488 38.50
615 36.69
813 37.26
641 35.72
797 35.47
629 34.35
843 36.52
684 34.29
828 34.93
564 34.48
880 36.27
660 33.81
741 35.07
673 34.62
889 33.83
636 33.30
803 33.17
682 33.73
871 34.68
713 34.11
785 34.22
696 34.73
868 36.21
760 33.62
793 33.67
692 33.67
871 34.43
725 33.57
805 34.75
609 33.57
1969 32.81
342 35.59
567 36.37
593 35.59
845 36.48
610 35.05
769 34.13
666 34.12
851 35.08
738 33.99
789 34.82
685 34.85
909 34.84
723 33.48
842 34.88
670 34.25
867 35.87
721 34.32
845 35.67
701 35.36
989 34.87
670 34.67
798 34.63
735 35.49
996 35.34
720 34.16
755 34.83
707 35.05
855 37.01
735 34.72
806 36.57
646 33.76
2200 32.74
255 36.14
470 35.40
473 35.62
792 34.41
630 34.69
828 33.53
623 33.47
889 35.52
670 35.91
819 35.07
657 35.46
1021 35.66
703 35.59
747 36.51
697 35.21
921 35.89
726 35.25
846 35.30
685 34.23
1057 35.80
688 34.35
823 36.96
800 35.37
1031 35.47
727 35.53
844 36.61
715 34.05
1041 37.17
694 35.22
859 36.96
725 35.94
2177 33.60
371 37.79
705 37.64
558 38.34
1052 35.94
565 37.41
752 37.66
662 37.70
1007 37.48
579 37.29
872 36.99
634 36.56
995 37.85
705 36.97
859 37.13
733 36.60
1089 37.83
674 36.02
775 38.41
734 35.82
986 38.16
607 37.64
723 37.18
715 36.52
1021 37.79
626 37.82
838 37.73
750 37.31
1075 38.81
669 37.07
863 38.46
802 37.88
2179 34.68
323 40.64
800 38.32
586 38.98
1169 37.27
598 38.50
945 38.15
647 38.12
1206 38.14
616 37.49
858 38.96
644 39.76
1108 39.21
645 37.90
783 37.94
608 38.57
1033 37.76
518 36.49
628 39.01
661 37.28
901 38.71
695 35.83
885 37.07
559 36.24
1030 36.94
628 37.23
866 37.52
624 38.43
1119 37.71
619 36.48
953 37.11
552 36.13
2287 35.07
333 39.23
727 37.37
624 39.02
1115 38.66
682 38.10
845 39.30
677 39.47
1068 39.84
656 38.86
704 39.96
786 39.28
939 40.21
603 39.40
805 38.73
687 38.50
