4533 29.72
1226 31.03
2459 28.43
2554 26.22
2921 28.95
2587 26.26
3046 27.01
2140 26.02
3197 26.86
2272 25.55
3006 24.79
2039 25.06
3045 26.92
2281 24.68
2999 24.42
2180 25.17
3084 27.06
2462 24.67
3148 24.61
1972 24.60
3343 25.65
2194 24.55
2927 24.14
2146 25.00
3183 25.65
2071 25.04
2963 24.26
2185 23.58
3433 24.51
1950 24.29
2865 23.04
2213 22.38
5618 23.29
1215 26.21
2043 24.36
2530 21.30
3125 22.43
1938 21.37
2764 21.04
2328 20.99
3456 21.45
2042 21.27
2948 20.63
2342 21.06
3479 22.33
2315 20.94
2975 21.22
2058 21.43
3334 22.21
2396 21.03
2981 20.90
2192 21.03
3162 22.10
2591 20.21
3214 19.99
2175 20.39
3310 21.74
2343 20.87
3281 20.56
2171 21.03
3414 21.92
2264 21.21
3323 20.47
2031 21.27
7075 20.45
1360 23.95
2287 22.52
2008 21.97
3501 21.27
2016 21.64
2733 21.54
2123 20.85
3536 20.88
2083 20.66
2775 20.31
2324 19.46
3172 21.32
2318 20.16
2731 20.70
2463 19.61
3287 20.82
2288 19.88
2755 20.43
2443 19.53
3177 21.09
2542 19.78
2882 20.50
2464 20.02
3241 21.74
2426 19.90
3007 19.97
2346 19.96
3261 21.23
2328 20.35
3043 20.29
2411 19.96
7756 19.39
1160 23.27
2517 20.96
2010 21.56
3137 22.34
2365 19.82
2477 21.40
2545 20.05
3000 21.68
2342 20.51
2701 21.11
2780 19.79
3327 21.78
2735 20.26
2999 21.01
2486 20.96
3331 21.56
2385 21.78
2964 22.05
2544 20.92
3376 22.24
2260 21.56
3199 21.93
2509 21.57
3428 23.06
2736 21.34
3082 21.64
2339 21.55
3300 22.25
2486 22.17
3218 21.59
2288 22.10
7749 20.37
1070 25.69
2058 22.51
1884 21.80
3194 21.08
2163 20.84
2866 20.37
2135 21.21
3408 21.23
2285 21.63
3045 21.15
2303 21.49
3806 21.89
2336 21.38
2907 21.86
2340 21.83
3574 21.79
2449 21.41
3150 21.13
2548 21.02
3895 22.10
2501 21.91
2979 22.98
2665 21.68
3831 22.38
2502 22.04
2874 22.98
2670 21.77
3699 22.66
2507 22.50
3078 23.10
2570 22.65
7341 21.42
1110 28.60
2583 23.86
2251 23.10
3669 23.17
2239 23.11
2855 22.90
2457 22.46
3443 23.56
2396 21.88
2844 23.05
2530 22.35
3591 23.64
2533 22.51
2825 23.60
2293 23.10
3715 23.50
2398 22.89
2887 23.57
2628 22.83
3648 23.75
2438 22.58
3145 22.43
2277 22.48
3637 23.60
2261 24.71
3199 24.60
2671 23.72
3794 25.60
2375 24.62
3023 25.73
2610 25.02
6854 22.70
1081 30.21
2628 27.13
2094 25.98
4094 25.50
2197 26.41
3290 25.80
2405 25.71
4352 25.29
2262 25.87
3094 25.90
2397 25.97
3955 26.61
2194 26.27
2840 26.57
2201 26.41
3734 25.91
1997 25.99
2288 26.94
2468 24.66
3407 26.17
2266 25.28
3129 24.76
2137 25.12
3518 25.51
2129 25.95
3089 25.00
2174 26.06
3686 25.48
2332 25.54
3239 25.46
2054 25.57
8023 22.22
1042 30.38
2513 26.68
2094 27.19
4027 25.84
2473 26.39
3194 26.05
2584 25.80
3798 26.61
2424 26.40
2820 27.97
2284 27.84
3788 27.26
2275 27.36
2650 28.31
2598 26.65
