5600 27.32
1684 28.73
3376 25.52
3414 23.28
3735 26.19
3335 23.42
4170 23.38
2646 23.88
3986 24.67
2913 22.87
3931 22.44
2520 22.23
4010 22.93
2812 21.60
3801 21.67
2857 21.84
4101 23.86
3139 21.89
3967 22.17
2734 22.01
4257 23.24
2772 22.38
3694 22.20
2997 21.83
4293 22.64
2658 22.01
3862 21.27
2698 20.90
4430 21.84
2688 21.26
3651 21.04
2790 20.85
7331 20.71
1660 22.83
2929 20.97
2649 19.78
4566 18.98
2282 20.03
3729 18.46
3018 18.40
4658 18.46
2542 19.43
3767 18.36
3069 18.79
4518 19.16
2708 19.00
3820 18.46
2797 18.62
4521 19.85
3022 18.87
3691 18.81
3249 18.07
4273 19.66
3032 17.90
3638 18.22
3080 18.19
4346 19.01
3110 18.16
4128 18.43
2900 18.89
4750 19.21
2840 19.12
3788 18.90
2808 18.60
9232 18.00
1859 22.01
3020 20.74
2550 19.92
4511 19.06
2691 18.89
3552 18.72
2808 18.31
4328 19.17
2793 18.47
3834 17.44
3257 16.76
4147 19.25
2995 18.22
3786 18.11
3030 18.04
4156 18.76
3112 17.42
3817 17.41
3120 17.31
4064 18.90
3357 17.62
3797 18.31
3193 17.57
4391 19.19
2855 17.54
3640 18.32
3099 17.26
4171 19.19
3351 17.43
3850 18.54
3204 17.59
10391 16.97
1230 22.22
3145 19.55
2796 19.12
4294 18.89
3022 17.75
3123 19.14
3335 17.32
4109 19.16
3642 17.56
3512 19.22
3674 17.47
4412 19.46
3438 18.00
3434 19.61
3410 18.11
4101 20.13
3260 18.65
3465 20.33
3117 19.37
4422 19.89
3170 18.99
3676 20.16
3459 18.89
4405 20.67
3116 19.78
4042 19.31
2912 19.39
4070 20.88
3279 19.48
4110 19.11
2949 19.52
9673 18.25
1588 22.83
2831 19.94
2500 19.55
4068 18.94
2859 19.10
3780 18.22
2770 19.06
4229 19.51
3161 18.85
4091 18.15
2911 19.28
4712 19.49
3142 19.19
3960 19.40
2985 18.95
4569 19.54
3120 19.34
4142 18.90
3195 18.87
4983 19.78
3295 19.41
4155 19.98
3152 19.69
4898 20.20
3106 19.98
4047 20.07
3311 19.94
4805 20.78
3236 20.77
4280 20.38
3237 20.85
8646 19.89
1681 24.53
3489 21.17
2739 21.12
4848 20.34
2846 20.26
3587 20.28
3194 20.01
4573 20.65
2973 19.80
3614 20.86
3088 20.79
4677 20.88
3284 20.05
3886 20.78
3179 20.56
4903 20.85
3076 20.38
3739 20.89
3376 20.32
4766 20.85
3148 20.42
3847 20.21
3110 20.23
4810 20.83
3341 20.77
3890 22.12
3408 21.14
5163 22.25
3082 21.95
4072 22.26
3258 22.80
7216 22.17
1643 26.60
3387 23.62
2699 23.95
4855 23.86
2816 24.17
3779 24.42
3362 23.02
5199 23.53
2870 23.82
3611 24.47
2942 24.39
4613 24.83
2939 23.76
3555 24.88
2744 24.31
4618 24.13
2989 22.67
3739 23.20
2841 22.52
4235 24.19
3036 22.84
3903 22.84
2927 22.82
4430 22.98
2807 23.65
4090 22.68
2695 23.47
4619 23.44
2995 22.92
3734 23.09
2830 22.94
10458 19.70
1277 28.44
3269 24.09
2676 24.27
5119 23.43
3182 23.48
3920 23.99
3172 24.02
4863 24.39
2916 24.28
3604 25.19
3047 24.95
4675 24.69
3025 24.72
3478 25.80
3331 23.45
