12365 31.34
4956 29.94
8437 25.90
9822 25.22
8312 25.20
6692 25.60
6381 25.44
7817 24.41
9628 23.11
5816 25.35
8244 24.39
6280 24.54
7386 24.48
7757 24.21
8997 23.92
9328 23.27
13591 30.98
5313 28.29
7345 26.91
8456 25.97
5748 27.40
8077 25.15
7568 24.72
8722 24.36
11805 24.57
7464 24.95
10600 24.90
10911 25.21
6592 25.10
9727 24.34
10415 25.46
10624 24.89
11388 32.89
5833 29.80
8217 27.08
5071 28.05
8261 26.49
7490 25.40
10141 24.74
10579 25.43
8786 25.66
9191 25.99
10069 25.18
8386 25.25
7026 28.69
6746 26.97
8053 27.54
7081 27.33
13457 31.42
5671 28.96
6854 28.66
6642 27.33
7692 25.98
8764 25.62
6238 26.07
7323 25.43
9323 25.05
8692 24.47
7260 24.85
9337 25.60
5658 26.80
7785 26.37
9691 25.86
8197 24.72
13441 32.28
5537 29.73
7426 27.91
6410 26.35
7201 26.06
8438 25.44
10420 25.07
10754 25.78
7540 25.92
10837 25.20
6826 25.61
10183 25.53
9291 25.16
7638 25.91
7359 26.45
9442 25.93
13584 31.99
5316 29.89
7991 28.26
5658 28.75
6961 28.31
6645 28.06
7159 28.11
8259 27.55
6314 28.44
7338 27.43
8279 27.46
9237 27.05
6267 28.34
8607 28.47
9421 27.65
6848 27.72
13407 33.09
5694 31.99
8329 29.33
5837 29.72
6285 29.51
6926 28.34
6797 29.30
7916 27.63
6197 28.62
9158 28.14
7890 27.24
6424 28.38
9004 27.77
6665 29.08
8830 28.55
7687 27.97
13467 33.89
5296 31.56
6269 31.21
6362 30.57
7232 29.94
6766 29.41
6558 29.70
6907 30.08
7278 29.65
7951 28.60
7217 28.20
9324 28.06
7400 27.95
9214 28.01
7258 28.07
9126 27.87
13409 34.17
5222 32.11
6532 30.65
7298 29.87
6924 28.94
5953 29.76
7200 29.34
7475 28.76
8358 28.62
9787 28.37
9652 28.20
10504 28.21
9845 28.34
10024 28.47
8846 28.41
9161 28.56
12688 35.23
5573 32.62
7230 31.50
7878 29.79
7150 29.11
9727 28.50
