2663 45.13
1119 40.57
1912 39.99
1743 38.41
1335 38.24
1569 36.90
1255 36.78
1906 35.55
1621 35.11
1209 35.07
1642 35.21
1912 35.06
1831 34.67
1081 35.13
1299 35.63
1300 36.17
2498 44.71
1681 39.62
1728 38.71
1927 37.12
1683 37.52
1549 36.98
1632 35.58
771 37.14
1944 36.26
2024 35.83
1789 35.97
1779 35.98
2009 35.05
1602 35.85
2270 34.36
1646 36.20
2944 43.73
1173 40.20
1893 39.01
1351 38.69
1779 37.64
1776 36.05
1768 36.15
1542 36.33
917 37.64
1689 35.84
1853 36.18
799 37.44
2032 36.31
1197 36.52
1821 36.57
1367 36.34
2938 43.76
906 42.18
1726 39.31
1334 39.21
2083 38.15
1991 37.58
755 38.77
1863 36.77
2163 35.97
1349 36.08
1982 35.78
1486 35.77
1087 37.00
1687 35.86
1220 37.05
1885 36.23
2922 44.48
1329 40.73
1812 39.28
1150 38.44
1870 37.75
1930 36.58
1738 37.45
1500 36.74
1252 36.66
811 37.90
1684 37.74
2118 36.41
1796 36.10
1462 36.74
1781 35.99
2152 35.15
2917 44.28
856 42.81
1840 40.99
1144 40.51
1449 39.81
1404 39.72
1733 37.61
1822 37.44
1178 39.79
1643 37.79
1213 39.44
1388 39.55
1807 38.08
2125 37.84
2202 37.69
1315 38.95
2909 45.73
913 43.70
1785 40.88
1415 39.81
1150 41.04
1715 39.18
2078 39.23
1356 38.75
1210 39.85
1201 39.23
1811 38.83
1330 38.34
1976 38.25
958 39.28
1744 38.62
1881 37.96
2820 46.24
1131 43.61
2020 41.30
1708 40.03
589 42.32
1598 40.13
1117 39.95
1469 39.26
1692 38.64
2124 37.88
1057 38.66
2060 38.19
1671 37.84
1976 37.74
1305 37.66
2098 37.34
2976 46.18
957 43.42
1999 41.36
774 42.06
2128 40.29
1631 39.43
1992 38.56
634 40.49
1680 39.24
946 39.69
1700 39.14
1288 38.84
1778 38.71
1059 39.52
1947 38.61
1061 39.31
2891 46.43
1295 42.77
1834 41.60
1679 39.75
1578 39.83
1916 38.67
