4839 39.96
2047 36.46
3520 34.25
3427 33.76
3090 33.17
2344 33.02
2740 32.31
3140 31.34
3581 30.80
1872 31.83
3315 30.88
2768 31.29
2715 31.90
3086 30.39
3630 30.48
3710 30.52
5175 39.49
2304 36.17
2889 34.67
3521 33.48
1169 34.59
3335 32.81
3394 31.93
3490 31.91
4050 32.30
1677 33.39
2357 33.52
2703 33.83
3714 31.53
3482 32.02
3680 32.56
3724 31.96
5268 39.47
2249 37.28
3304 35.21
1605 35.12
1751 35.78
3669 33.31
3518 32.19
3803 32.57
1701 33.22
3059 33.04
2594 33.57
3053 32.96
2358 33.06
3103 32.26
2737 33.26
3094 32.88
5372 39.50
2202 37.17
2656 35.59
2888 35.05
3117 33.27
3608 32.84
2018 33.32
2712 32.57
3430 31.78
3467 31.20
2898 32.15
3735 31.37
1492 33.38
3451 32.38
3842 32.13
3564 30.96
5273 40.14
2381 36.67
3205 35.30
2025 34.86
3074 33.69
3581 32.57
3390 33.06
3375 32.98
1717 33.68
2495 34.41
3069 33.53
3350 32.35
1878 34.17
3415 32.98
2924 32.60
3779 32.42
5264 40.00
1634 38.28
3159 36.61
2111 35.78
2763 35.57
2537 34.72
2878 34.76
3351 34.23
2111 35.55
2971 35.12
2219 35.43
3447 34.63
2675 35.29
3546 34.62
3716 34.03
2817 34.39
5378 40.86
1980 38.61
3402 36.42
2089 36.63
2757 35.88
2533 35.52
2184 35.97
3534 34.78
3792 33.65
3866 33.88
2573 34.21
2552 35.07
3602 34.30
2219 35.63
3017 34.88
3456 34.03
5209 42.12
1930 39.36
2517 37.93
2025 37.55
3020 36.41
2732 35.68
2009 36.16
2884 35.72
2513 35.42
3728 34.43
2354 34.75
3700 34.41
2782 34.28
3836 33.70
2687 34.05
3478 34.08
5382 42.04
2107 39.50
2906 37.19
1974 37.04
3513 35.90
3113 35.14
3460 34.34
1341 36.44
3150 35.44
2248 36.07
2679 35.78
2439 36.15
3156 35.41
2421 36.18
3133 35.20
2353 35.70
5383 42.28
2241 39.38
3207 37.41
3250 36.33
2634 35.58
3302 35.09
