6281 37.44
3039 33.36
4437 31.46
4486 31.59
4586 30.47
3098 30.93
3698 30.13
4156 29.04
4430 28.45
3105 29.94
3759 29.91
4738 28.67
4691 28.35
2743 30.43
4663 28.69
4742 28.86
7001 36.97
3005 33.45
4112 31.90
4119 31.59
2305 32.26
4457 30.11
4056 30.46
4518 29.67
5760 29.81
3812 29.88
5796 29.74
5150 29.88
3279 30.46
5729 29.25
4714 30.01
5080 29.76
6614 37.68
2968 34.83
4402 32.58
2252 33.46
4235 31.77
4309 30.20
4701 30.89
4958 30.43
2431 32.37
4113 31.57
3439 31.49
3488 31.37
4606 31.85
3380 31.47
4351 31.88
3216 32.07
7050 37.33
3229 34.94
3178 34.14
3756 32.77
4492 30.89
4246 30.90
2891 31.50
3805 30.49
4744 30.11
4752 29.95
3403 29.99
4866 29.91
2462 31.58
4182 30.73
5282 29.62
4655 29.41
7073 38.02
3221 34.41
3564 33.58
3495 32.07
3743 31.44
4325 30.97
5306 30.38
4899 30.45
2447 32.16
3835 31.03
4351 30.74
4797 30.23
2288 31.90
4270 32.15
4357 31.33
4795 30.30
6986 37.81
3037 35.14
4271 33.80
2383 34.61
3824 33.30
3444 32.76
4012 32.90
4575 31.98
2669 33.36
3991 32.64
3121 33.23
4641 32.85
3421 32.94
4609 32.53
4911 32.27
3789 32.31
7140 38.61
2757 36.83
4430 34.44
3232 34.27
2692 34.69
3965 33.22
2911 34.06
4576 32.75
4699 32.22
5476 31.99
3569 32.02
3311 32.96
4641 32.32
3174 33.73
4056 33.53
4334 32.40
6917 39.71
2719 36.59
2761 36.03
3538 34.96
3342 34.57
3900 33.53
2810 34.07
3867 33.62
3444 33.69
4638 32.75
3721 32.74
4686 32.66
3803 32.44
4814 32.36
3439 32.60
5022 32.18
7054 39.83
3070 37.05
3241 35.45
3713 34.73
4306 33.51
4312 32.83
4493 32.58
2180 34.37
3485 33.78
4085 33.77
2852 34.49
4104 34.27
3999 33.87
3293 34.91
3696 34.02
3831 33.63
7181 40.03
2943 37.39
4196 35.55
4070 34.26
3754 33.57
4496 33.19
