8035 35.34
3470 32.87
5721 29.79
5858 29.48
5559 29.39
4240 29.84
4110 29.05
5064 27.57
6053 26.86
3652 28.51
5082 27.61
4542 27.73
4783 27.93
4833 27.57
6223 26.89
5833 27.08
8670 35.18
3895 31.39
4617 30.97
5485 29.94
3297 31.11
5438 28.58
4309 29.06
4435 29.90
6504 29.10
4221 29.57
6993 27.72
7150 28.84
4411 28.12
6605 28.22
6877 28.68
6066 28.40
7921 36.05
3865 33.51
5541 30.29
3681 30.89
5016 30.06
4742 28.89
6926 28.66
5950 29.22
5791 29.08
3555 31.46
5097 29.55
4214 30.57
5006 31.12
4260 30.37
5395 30.35
4438 30.11
8850 35.34
3584 33.09
4687 31.74
3889 31.35
5323 30.04
5577 29.20
4566 29.67
3684 29.46
3739 30.37
4224 29.94
5750 28.32
6083 29.31
5740 27.92
2978 30.91
5723 30.11
5569 28.52
8770 36.14
4360 32.82
4247 31.51
4256 30.45
5247 29.37
5381 28.97
6880 28.81
5873 29.54
3536 30.55
5440 30.71
5696 29.32
6684 28.22
5743 29.43
3960 30.00
5512 29.44
6638 29.27
8478 36.13
3558 33.83
5414 32.29
3180 31.77
4642 31.30
4254 31.40
4788 31.14
5704 29.86
3575 31.35
4988 31.07
5842 30.51
6165 30.34
3557 32.21
4865 31.95
5673 31.48
5012 30.91
8822 36.94
3448 35.41
5469 32.76
3708 33.00
3878 32.67
4776 31.79
3823 33.03
5658 31.26
6032 30.15
6836 30.42
4403 30.70
4428 31.29
5807 30.81
4188 32.28
5192 32.02
5147 31.17
8683 37.85
3742 34.62
5559 33.12
5054 32.61
3066 33.70
5346 32.24
3792 32.86
4471 32.68
4382 32.49
5761 31.39
4298 31.47
5931 31.38
4930 30.89
6351 30.75
4652 31.05
5849 30.84
8773 38.11
3469 35.36
4206 33.90
4262 33.29
5440 31.75
2795 33.30
5149 32.38
4436 32.01
5422 31.57
6097 31.45
6598 31.05
6755 31.07
6094 31.40
5975 31.73
5745 31.43
3277 33.50
8872 38.32
3601 35.91
5174 34.03
5232 32.29
4440 32.27
5900 31.83
