9613 33.76
4218 31.97
6740 28.10
7448 27.63
6545 27.64
5186 27.69
4804 27.78
6381 26.05
6892 25.51
5054 26.94
5411 26.88
5711 25.98
5252 26.67
6370 25.63
7060 25.46
7762 25.43
10477 33.57
4133 30.52
5710 29.18
6981 27.82
3854 29.88
6733 27.03
5023 27.46
5089 28.48
8172 27.42
5817 27.67
7999 27.21
7683 27.84
5522 26.91
7804 26.61
8178 26.81
8076 27.17
8828 35.08
5334 31.59
5872 29.78
3879 29.60
6211 28.76
6314 26.81
7481 27.80
8020 27.48
6853 28.15
4165 31.05
6142 28.72
4571 30.40
6692 29.17
4883 29.40
6201 29.27
5588 28.99
10728 33.58
4332 30.35
5554 30.42
4880 29.57
6312 27.95
6831 27.36
4878 28.43
5604 27.53
6873 27.30
6322 26.72
6410 26.40
7921 26.71
7102 26.26
3912 29.28
6545 28.77
6282 27.33
10652 34.44
4350 31.87
6353 29.04
4332 29.19
6107 28.01
6543 27.28
8242 26.97
7988 27.36
5669 27.79
8047 27.45
5517 28.01
7685 27.90
7299 27.05
5791 27.82
5945 28.39
7450 27.95
10501 34.41
4318 31.97
6517 29.93
4004 30.93
5274 29.99
5450 30.26
5657 29.40
6442 29.26
4624 30.02
5760 30.07
5068 29.97
6866 30.10
5138 30.36
6817 30.31
7206 29.95
5544 29.98
10564 35.25
4451 33.81
6492 31.31
4367 31.54
5014 31.20
5637 30.57
4830 31.31
6510 29.52
4470 30.53
7177 30.24
6368 29.28
4911 30.51
7265 29.70
4647 31.36
6829 30.26
6045 29.64
10694 35.98
4213 33.37
4513 32.88
4979 32.29
5444 31.76
6133 30.66
4327 31.88
5762 31.48
5089 31.23
6718 30.29
6013 29.74
6970 29.95
6082 29.62
7735 29.52
5487 29.91
7294 29.69
10596 36.39
3922 34.14
5654 32.40
4632 32.16
5889 30.79
4235 31.66
5981 30.86
5111 30.83
6761 30.29
8176 29.99
7375 29.95
7809 30.18
7287 30.61
7451 30.39
7439 29.99
6723 30.40
10590 36.96
4288 34.48
6274 32.73
5625 31.56
5749 30.86
7383 30.47
