12678 30.92
5314 28.31
7960 27.24
8360 25.98
9359 27.58
8075 25.67
7892 26.51
6546 26.46
8980 26.83
8004 25.04
8316 25.99
7561 24.79
8462 27.36
8033 24.86
8730 25.75
7801 25.38
14101 30.33
5189 28.54
7441 28.13
6573 27.87
8287 28.90
7119 26.88
7506 26.95
7453 25.86
9240 27.69
6337 27.44
7857 27.33
9001 26.32
8096 28.17
7995 26.99
9188 27.34
7694 27.59
14112 30.59
5592 29.61
7342 28.40
6123 27.77
8199 29.05
7052 27.14
8193 28.10
7854 27.64
8104 29.42
8472 27.24
8154 26.92
6515 28.65
8093 29.03
7973 27.52
7422 29.35
6448 28.34
14194 30.86
4963 28.83
6933 29.55
6651 27.94
7773 30.35
8260 27.14
7011 29.68
7467 26.34
8461 29.22
7703 27.05
7085 29.24
7141 27.27
8217 29.54
7602 27.35
7331 29.02
7273 27.29
14228 31.67
5021 29.37
6785 29.47
5842 28.10
7372 30.95
7397 27.93
7333 29.74
8213 28.15
7809 30.49
7542 29.31
6692 31.16
6904 29.64
7316 30.46
5181 30.03
6906 30.42
7029 28.97
14117 31.64
3973 31.35
7058 31.04
5473 30.58
7639 32.21
6981 29.26
6964 30.93
6611 29.78
7993 32.65
6802 29.74
7089 31.45
6783 30.24
7956 32.55
7278 30.46
7320 31.76
5438 30.55
14251 32.48
4479 32.29
7039 31.28
5352 30.96
7482 32.79
6606 30.52
7037 31.87
5975 30.23
8547 32.16
7515 30.22
6999 31.60
6895 29.91
8542 31.75
6969 30.47
6534 32.16
5656 30.79
14182 33.30
4341 31.35
6654 31.90
5843 31.20
7221 32.71
5360 31.57
7269 32.05
7143 30.58
7925 32.41
6839 30.22
7420 31.15
7398 30.41
8593 32.09
7386 30.44
7299 31.71
6903 30.62
14020 33.75
4197 32.20
5973 32.88
6461 31.02
7108 33.34
6812 30.97
7101 31.94
6786 30.39
7722 33.01
7255 31.14
6472 32.40
5979 32.21
8133 33.18
7737 31.09
6364 32.33
6153 31.40
14340 34.17
4507 32.71
7206 32.45
5598 31.43
6402 33.29
7268 30.74
