6229 37.53
2790 34.08
4170 32.61
4484 31.90
4787 33.15
3367 33.36
4300 32.01
2130 32.81
3971 32.73
3454 32.35
4329 31.41
3294 32.16
4428 33.14
3999 30.97
4105 31.42
3752 31.65
7057 36.55
3158 33.59
3794 33.65
2494 33.97
4177 33.94
3730 32.58
3822 32.84
4161 31.23
4653 32.99
3186 32.58
3914 32.46
4460 32.03
3996 33.66
4150 32.00
4112 32.48
3992 31.44
7127 36.90
2882 34.51
4038 33.18
2950 33.44
3924 35.85
3516 32.69
4158 33.08
3705 32.20
3864 35.05
3891 32.88
3775 33.71
2721 34.49
3339 35.18
3698 33.34
4034 33.71
2131 33.39
7074 37.10
3087 35.12
3809 34.69
3196 34.14
4169 35.31
4163 33.01
3139 35.44
2884 33.60
3915 35.16
3918 32.76
2968 35.29
3792 31.92
3671 35.38
3993 33.51
3861 34.70
2848 33.63
7063 37.94
2570 34.79
4086 34.10
2732 34.08
3972 34.81
4246 33.01
4606 34.07
3328 33.76
3832 35.33
3886 34.59
3378 35.67
3526 34.10
3763 35.46
3238 34.66
3654 35.39
3805 33.91
7073 37.77
1805 37.32
2682 37.87
3096 35.57
3331 37.57
3957 34.95
3501 36.93
3486 35.26
3551 38.91
3759 35.84
3374 37.30
3653 35.78
3954 38.96
3650 36.10
3442 37.29
2898 36.05
7133 38.63
2364 36.76
3681 36.87
2560 36.40
3464 37.73
3070 35.96
3572 36.29
3630 34.80
4042 36.95
3689 35.46
3550 36.70
3474 35.17
4464 36.73
3748 35.29
3613 36.69
2255 35.79
7137 39.35
2465 36.40
3975 35.91
2139 36.66
3734 37.83
3023 36.46
3346 37.07
3424 35.69
4068 36.66
2424 36.28
3660 36.23
3820 35.08
4649 36.75
4074 34.85
3482 36.52
3984 34.70
7030 39.82
2253 37.48
3184 38.12
3119 36.17
3402 38.95
3730 36.02
4025 37.03
3411 35.37
3937 37.76
3734 36.41
2600 37.74
3196 36.52
4053 37.82
3534 36.40
3104 37.19
2818 36.11
7198 40.00
2420 37.41
3746 37.21
2522 36.31
3935 37.93
3626 35.64
