8446 34.78
3477 31.75
5258 30.90
6370 29.45
6336 31.17
4936 29.68
5419 29.76
3848 30.11
5444 30.58
5188 28.91
5198 29.58
4557 29.45
5698 30.95
5225 28.62
5486 29.58
5101 28.55
9258 34.27
3963 31.66
5241 31.18
3389 31.85
5711 32.38
4475 30.91
4991 30.31
5221 29.26
5881 31.39
4506 30.83
5431 30.69
5834 30.35
5297 32.15
5441 30.15
5489 30.91
5053 30.49
9335 34.51
4321 32.22
4970 31.81
4721 31.18
6306 31.81
3736 31.05
5171 31.18
4252 32.18
5398 32.69
4840 30.90
4981 31.47
3566 32.08
5562 31.78
3447 31.76
5261 31.77
4240 30.90
9331 34.60
4114 31.62
5084 32.60
3990 31.55
5241 34.19
5650 30.79
5493 31.68
4600 29.66
5776 32.52
6422 29.40
5107 31.83
4550 30.26
5724 32.02
4944 30.87
4652 32.52
4309 31.16
9327 35.38
4053 32.21
3158 33.23
4874 31.48
5551 33.04
5074 30.80
5596 31.39
5129 30.64
5230 33.39
5577 32.02
4429 34.00
4709 31.92
4680 34.03
3458 33.23
5042 32.59
5104 31.70
9455 35.32
2630 33.61
4560 34.47
3376 33.19
5175 34.64
5017 32.53
4611 34.47
4767 32.92
5039 35.91
5051 33.14
4816 34.88
4790 33.23
5491 36.52
4863 33.97
4984 34.92
3462 34.28
9455 36.14
3742 35.09
4710 35.09
3273 34.19
4943 35.54
3905 34.05
4716 34.45
4283 33.10
5598 35.23
5114 33.43
4965 34.25
4624 32.84
5324 35.01
5042 33.42
4246 35.07
3898 33.67
9506 37.02
3176 34.74
3226 35.97
4471 34.44
4763 35.55
3336 34.53
4721 34.96
3962 33.98
5635 35.22
5233 33.17
5233 33.79
4975 33.14
5839 34.91
4955 33.23
4563 34.92
4577 33.44
9369 37.45
2966 35.14
3681 36.34
4330 34.00
3968 37.19
4724 34.18
4463 35.66
5140 33.21
5275 35.96
5007 34.24
4894 35.05
3279 34.97
5218 36.08
4803 34.44
4430 34.99
4024 34.13
9510 37.71
3817 35.18
4866 35.66
3422 34.22
5162 35.46
4634 34.09
