9037 34.24
3585 31.62
5652 30.22
6630 28.81
6724 30.61
4071 30.83
5058 29.94
4281 29.17
5578 30.82
5427 28.51
6269 28.84
5497 27.59
6347 30.48
5555 27.98
6047 29.11
5473 28.31
9788 33.72
4028 31.00
5512 30.74
4117 31.25
5808 31.63
5130 29.98
5626 29.67
5631 28.99
6257 30.65
5055 30.01
5985 29.91
5855 29.63
5611 31.24
6403 29.24
5694 30.17
5470 29.29
10059 33.88
4710 31.48
4503 31.90
4841 30.47
6050 31.98
4387 30.42
5707 30.63
5201 30.08
5940 31.91
4953 30.25
4091 31.51
4945 31.15
5513 31.20
5139 30.03
5777 31.67
4897 30.10
9943 34.04
4338 31.20
5634 31.50
3973 31.66
5505 33.23
5824 30.64
4503 32.96
5031 30.32
6870 32.00
4835 29.70
4946 31.12
5885 29.92
6070 31.34
4956 30.42
5107 32.39
3997 31.17
9963 34.80
4314 31.97
3731 32.86
4370 31.90
5473 32.73
5096 31.18
6328 31.67
5114 30.84
5831 32.74
6210 31.62
4768 33.47
4873 31.78
5454 33.25
4035 31.74
4935 33.11
5190 31.39
10114 34.69
2727 34.44
4631 34.19
4263 33.15
4801 35.02
5129 32.49
5057 33.80
5312 32.58
5582 35.40
4809 32.31
4951 34.50
4936 32.46
5730 35.72
5684 33.23
5425 34.34
3298 34.15
9910 35.82
3833 34.52
5000 34.26
3726 33.34
4728 35.56
4471 33.63
5082 34.07
4431 32.80
5204 35.84
5396 32.91
5335 33.95
5027 32.35
5903 35.40
5120 32.98
4486 35.12
3786 33.83
10095 36.51
3268 34.52
4474 34.83
4040 33.76
5206 35.38
3392 34.39
5286 34.26
4043 33.84
5871 34.70
4413 33.51
5374 33.75
5034 33.16
5791 34.82
5149 33.20
5446 34.14
5114 32.82
9712 37.07
3216 34.92
4559 35.78
3708 34.12
4973 35.81
5145 33.26
4743 34.68
5253 32.89
5430 35.55
5113 33.72
4273 35.06
4442 34.18
5700 35.52
4952 34.02
4363 34.91
4524 33.58
9836 37.42
4099 34.78
5081 35.24
3585 34.12
5191 35.83
4863 33.78
