9266 33.92
4394 30.79
6093 29.84
6364 28.51
7461 30.04
5695 28.49
5983 28.48
4241 29.19
6084 29.69
5661 27.70
5684 29.03
3493 29.83
6857 29.34
5950 27.16
6043 28.42
6209 27.91
10560 33.09
4326 30.21
5927 30.33
4158 30.75
6300 31.10
5526 29.63
5749 29.50
5809 28.48
6492 30.94
4908 29.89
5880 30.23
6148 29.55
6480 30.53
6145 28.34
6344 29.09
5611 29.72
10563 33.35
4829 31.39
5591 30.58
4589 30.61
5751 32.92
4868 30.48
5858 30.94
5711 29.45
5919 32.43
5730 30.58
5427 30.57
4241 31.10
6542 31.06
5419 30.00
5225 31.35
4710 30.50
10551 33.53
4377 31.29
5693 31.09
4934 30.72
6082 32.23
6264 29.32
5859 31.49
5500 28.71
6121 31.74
6003 29.18
5357 31.33
5494 29.77
6033 31.90
6174 30.07
5327 31.29
4651 30.44
10611 34.23
4099 31.66
5502 31.47
4705 30.62
5729 32.22
5289 30.65
5544 32.09
5569 30.79
5949 32.36
5473 31.89
5030 33.03
5083 31.72
5638 33.23
4888 31.77
5395 32.63
5458 31.20
10558 34.30
2835 33.21
4887 33.95
4175 32.68
5610 34.11
6076 31.24
5626 33.17
4972 31.50
5882 34.89
5364 32.34
5166 33.62
5289 32.34
6052 35.35
5480 32.83
5265 33.64
4116 32.93
10625 35.28
2901 35.99
5502 34.09
3850 33.06
5217 34.98
4733 33.15
5229 34.20
4773 32.58
6115 34.41
5559 32.48
5242 33.86
5149 32.22
6007 34.22
5517 32.44
4718 34.72
4533 32.74
10676 35.95
3247 33.94
5596 33.66
3908 33.10
5569 35.00
4048 33.65
5483 33.98
5147 32.70
5794 34.62
5061 32.80
5550 33.40
5468 32.68
6113 34.73
5340 32.67
5584 33.79
5067 32.72
10649 36.29
3259 34.45
4026 35.70
4807 33.28
4681 36.10
5169 33.33
5296 34.37
5847 32.39
5676 35.69
5515 33.39
5421 34.07
4215 34.08
5998 35.28
5586 33.46
4474 34.69
4729 33.32
10556 36.80
3854 34.66
5435 34.43
3985 33.33
5434 35.18
5045 33.13
