11580 30.27
4283 27.21
7176 24.47
5715 24.18
6325 23.48
5856 23.27
5807 22.76
6469 22.14
6647 22.08
7860 21.52
8471 20.62
5400 22.34
7224 22.14
7981 20.87
8491 20.34
9053 20.12
12053 29.01
5785 25.36
6668 23.73
5982 23.44
6193 22.78
6012 22.38
6765 21.88
7265 21.52
6648 21.85
5975 21.85
7224 21.05
6712 21.02
5933 21.80
7373 21.19
7173 20.90
6681 21.03
12123 28.31
5937 24.58
7009 22.67
5380 22.72
6925 21.65
5938 22.46
7263 21.56
7025 21.16
6065 21.53
6798 21.13
6112 21.50
6704 20.93
7621 20.58
6469 21.09
6743 20.89
8743 20.40
11755 28.59
5536 25.15
6910 23.11
5783 22.63
6295 22.45
6710 21.73
6422 21.70
6670 21.06
5880 21.67
7688 20.65
5592 21.61
6617 20.98
6074 20.99
6787 20.57
7332 19.91
6462 20.28
12525 27.65
5618 24.18
7269 21.98
5721 21.98
6141 21.25
6337 21.25
7498 20.62
6386 21.31
6674 21.26
6850 20.92
8198 20.19
9065 19.82
9313 19.83
5919 21.61
7152 20.76
8463 19.80
12427 28.51
5697 24.86
7069 22.87
5405 22.78
6645 22.15
5790 21.92
6662 21.46
6552 21.36
6788 20.91
6902 20.45
6632 20.88
7041 20.56
7247 20.47
6274 21.04
6968 20.47
7035 20.27
12729 27.60
5374 24.54
6772 22.62
7179 21.64
5808 21.87
5094 21.83
6953 21.39
7202 20.96
6643 20.34
5364 21.20
7833 20.86
6196 21.25
6519 21.06
6438 21.28
7229 20.73
6947 20.73
11867 28.68
5612 25.23
7069 22.94
5737 22.60
6298 21.82
5659 22.12
6299 21.70
6491 21.30
7478 20.70
6049 21.22
7066 20.50
6856 20.56
6528 20.51
7324 20.07
9577 20.21
7952 19.89
12457 27.75
4761 25.50
7456 23.40
5121 23.24
6054 22.33
6771 21.93
6891 21.51
6246 21.72
6893 21.27
6801 21.25
6467 21.01
6321 21.20
6555 20.89
7355 20.82
6998 20.88
6630 21.12
12822 27.67
4417 24.94
7545 22.81
7053 22.35
5108 22.82
7420 21.29
