2988 41.20
1214 37.18
2110 34.97
2310 33.63
2034 32.67
1966 31.81
729 33.96
2208 31.20
1324 32.04
2467 30.79
2027 30.32
1097 31.68
2144 30.82
2328 29.73
2465 29.23
2342 29.10
2842 39.78
1919 35.35
1728 34.06
1616 33.60
1530 32.97
1693 32.29
1717 31.68
1892 31.23
1569 31.30
1643 30.85
2047 29.98
1655 30.08
1514 30.44
2190 29.72
1747 29.77
1884 29.37
3286 38.30
1341 34.73
2541 32.68
2141 31.82
871 33.06
1882 31.57
2068 30.76
1599 30.74
1802 30.23
1636 30.09
1832 29.86
1755 29.57
2080 29.07
1601 29.55
1789 29.14
1861 29.51
3255 38.39
1626 35.05
2113 32.82
1387 32.58
1672 32.14
1947 31.33
1447 31.52
2001 30.13
1170 31.23
2407 29.98
2301 29.59
2224 28.74
1924 28.36
1147 29.75
2222 28.55
1604 28.82
3493 37.57
1468 33.98
2499 32.05
1136 32.42
1716 31.17
1559 31.07
2020 30.40
1530 30.78
1632 30.50
2060 29.71
2414 29.21
2499 28.92
2415 28.76
1104 30.81
2299 29.24
2305 28.53
3441 38.27
1210 34.91
2422 32.96
1071 33.42
1994 31.81
1322 31.85
2025 30.91
1222 31.10
2051 30.07
1794 29.79
1538 29.92
2003 29.30
1961 29.27
1393 29.91
1940 29.09
2190 28.44
3276 38.13
1453 34.39
2209 32.59
1699 31.91
1400 31.88
1544 31.10
1563 31.00
2156 30.38
1787 29.73
1125 31.00
2255 29.95
1480 30.27
1829 29.46
1405 29.97
2328 29.08
1269 29.88
3406 38.18
749 35.96
2296 33.45
1949 32.41
2323 30.81
2139 30.10
1960 29.83
814 31.01
2340 29.37
1281 29.98
2165 28.86
1637 29.28
1831 28.89
2013 28.56
2790 28.67
2176 28.55
3424 37.78
1167 35.11
2016 33.56
1633 32.84
1339 32.45
1902 31.32
1813 31.07
1378 31.13
2053 30.23
1510 30.33
1944 29.79
1478 29.94
1918 29.49
1979 29.39
1613 29.73
2033 29.40
3263 38.26
1629 34.57
2036 33.01
1561 32.64
1320 32.34
2347 31.14
