5307 36.87
1706 33.64
3707 31.03
3463 29.70
3642 28.56
3240 27.90
1285 29.75
3526 27.37
2421 27.99
3856 27.09
3535 26.47
2340 27.46
3358 27.28
3630 26.36
3854 25.82
4006 25.64
5333 35.68
2776 31.68
3032 30.24
2646 29.66
2719 29.01
2439 28.44
3070 27.54
3281 27.18
2723 27.53
3004 27.03
3050 26.50
3176 26.19
2261 27.08
3678 26.36
3051 26.28
3103 26.18
5762 34.42
2093 31.33
3015 29.50
2873 28.60
2829 27.92
2472 28.31
3576 27.12
2780 27.04
2735 26.85
3124 26.42
2502 26.81
3321 26.07
3139 25.92
2906 26.05
3161 25.83
2963 26.42
5528 34.67
2533 31.22
3478 29.10
2367 28.72
2717 28.48
3303 27.34
2447 27.66
3326 26.55
2058 27.58
3821 26.06
4027 25.60
3834 25.02
3611 24.73
1755 26.70
3745 25.02
2883 25.38
5768 33.96
2570 30.31
3633 28.10
2155 28.32
2834 27.07
2741 27.02
3235 26.59
2861 26.79
2845 26.78
3223 26.32
3992 25.65
4184 25.26
4121 25.19
1939 27.19
3681 25.71
3970 25.16
5808 34.66
2126 31.43
3785 29.09
1863 29.40
3061 28.04
2622 27.69
2977 27.26
2679 27.06
3232 26.40
2835 26.11
3174 25.99
3044 26.00
3394 25.81
2463 26.37
3097 25.90
3652 25.12
5537 34.51
2502 30.92
3192 29.09
3228 27.99
2186 28.22
2352 27.48
3061 27.05
3354 26.56
2945 26.12
2023 26.86
3758 26.07
2321 26.88
3115 26.09
2963 26.07
3358 25.78
3016 25.85
5414 35.13
2798 31.09
3473 29.13
1978 29.10
3210 27.66
1850 28.26
3228 27.13
2914 26.74
2980 26.46
2825 26.20
3265 25.63
3007 25.70
3079 25.53
3235 25.32
4825 25.20
3415 25.41
5695 34.24
2013 31.66
3911 29.50
3504 28.08
3324 27.13
1350 28.75
3802 27.06
2250 27.45
3315 26.53
2827 26.45
3057 26.18
2529 26.57
3208 25.78
3148 25.80
3308 25.74
2842 26.10
5470 34.70
2647 31.01
3328 29.21
2969 28.62
1915 29.13
3783 27.23
