6959 34.65
2448 31.44
4521 28.81
2885 28.92
3901 27.50
2943 27.59
3708 26.59
3820 25.95
3629 26.06
4843 25.39
4747 24.60
2892 26.05
4452 25.65
4580 24.59
5118 24.04
5246 23.86
7116 33.49
3250 29.77
4093 28.02
3599 27.61
3288 27.06
3678 26.22
3628 25.76
4164 25.46
3854 25.45
3570 25.40
4222 24.64
3904 24.65
3292 25.16
4556 24.48
4471 24.35
3556 24.76
7072 32.87
3347 29.01
4473 27.04
2689 27.18
4144 25.82
3175 26.56
4558 25.28
3759 25.25
3630 25.14
3880 24.73
3586 24.78
4068 24.41
4323 24.08
3669 24.44
4288 24.06
5423 23.76
6892 33.12
3230 29.44
4457 27.31
3021 26.96
3576 26.55
4179 25.77
3327 25.84
4139 24.68
2979 25.57
4846 24.34
2823 25.45
4208 24.30
3447 24.38
3891 24.09
4450 23.32
3825 23.69
7580 31.92
3003 28.43
4622 26.26
3216 26.28
3447 25.30
3463 25.06
4296 24.67
3747 25.01
3851 24.83
4308 24.32
4644 24.07
3321 25.28
4195 24.91
4630 24.55
4530 24.01
4979 23.42
7567 32.74
2852 29.60
4560 27.29
2776 27.22
4101 26.07
3111 25.97
3964 25.31
3498 25.27
4229 24.48
3881 24.28
3812 24.44
4188 24.06
4164 23.94
3768 24.32
3988 23.94
4482 23.55
7208 32.57
3221 29.02
4271 26.97
4087 25.99
2886 26.27
3259 25.54
4052 25.11
4428 24.64
3682 24.24
2959 24.76
4816 24.38
3139 24.86
4101 24.36
3845 24.61
4277 24.05
3873 24.26
6917 33.17
2280 30.35
4359 27.91
3618 26.91
3414 26.20
3124 26.17
3699 25.57
3970 24.93
4041 24.56
3442 24.72
4458 23.91
3784 24.10
3925 23.89
4146 23.54
5842 23.90
4663 23.49
7510 32.20
2690 29.59
4787 27.55
2538 27.60
3661 26.27
3715 25.76
4041 25.42
3690 25.27
3930 24.93
3950 24.77
3694 24.52
3865 24.51
3669 24.27
4371 24.16
4238 24.15
3750 24.43
7154 32.71
3167 28.98
4428 27.31
3885 26.85
2596 26.95
4685 25.40
