7466 34.08
2544 31.05
4938 28.24
5090 26.80
4907 25.87
4878 25.19
1940 27.24
4639 24.97
4060 25.18
5195 24.56
4943 24.09
3496 25.17
4928 24.82
4870 23.98
5676 23.37
5620 23.24
7636 32.89
3529 29.08
4421 27.48
3618 27.16
4057 26.28
3551 25.89
4034 25.27
4493 24.89
4135 24.93
3937 24.83
4590 24.06
4207 23.99
3552 24.80
4957 24.02
4568 23.91
4145 24.05
7759 32.17
3350 28.37
5025 26.31
2823 26.68
4755 25.18
3094 26.15
4957 24.77
4161 24.60
3819 24.62
4322 24.27
3551 24.59
4604 23.72
4590 23.74
4054 23.97
4489 23.68
5984 23.26
7337 32.63
3391 28.96
4662 26.79
3308 26.44
4032 25.91
4363 25.15
3682 25.21
4589 24.03
3214 25.08
5112 23.85
3268 24.85
4200 23.92
3799 23.88
4418 23.51
4826 22.74
3803 23.46
8071 31.42
3454 27.71
5023 25.52
3281 25.65
4051 24.57
3711 24.71
4570 24.12
4261 24.39
3808 24.48
4464 24.07
5519 23.24
5819 22.94
6159 22.82
5994 22.67
3166 24.08
4081 23.79
8144 32.14
3102 28.91
4969 26.51
3157 26.45
4213 25.57
3621 25.21
4413 24.66
3455 24.89
4744 23.88
4025 23.81
4218 23.82
4479 23.60
4687 23.40
3502 24.09
4433 23.44
5038 22.86
7737 32.02
3538 28.40
4310 26.52
4579 25.42
3145 25.71
3454 24.97
4153 24.71
4886 24.14
4029 23.65
3137 24.27
5058 23.98
3634 24.44
4339 23.86
3818 24.27
4794 23.66
4136 23.76
7998 32.07
2983 29.06
4170 27.15
4054 25.90
3957 25.22
3242 25.44
4096 24.76
4132 24.31
4474 23.95
3674 24.14
4744 23.30
4052 23.52
4419 23.36
4447 23.06
6434 23.17
5003 22.98
7991 31.70
2850 29.17
5213 26.90
2799 27.18
4053 25.71
3866 25.35
4468 24.93
3471 25.11
4571 24.36
4047 24.27
4190 24.02
3904 24.12
4087 23.74
4776 23.66
4141 23.87
4522 23.76
7714 32.12
3516 28.17
4680 26.66
4038 26.26
3206 26.25
5117 24.71
