9024 32.45
3182 29.43
5856 26.53
4003 26.59
5046 25.50
3976 25.46
4706 24.61
5308 23.83
4768 24.09
6243 23.41
6359 22.65
3985 24.26
5567 23.87
5908 22.86
6828 22.14
6975 21.96
9433 31.20
4531 27.47
5092 25.89
4649 25.47
4841 24.75
4351 24.42
5088 23.78
5367 23.61
5186 23.57
4706 23.51
5423 22.79
5217 22.68
4482 23.49
5865 22.81
5306 22.71
5183 22.67
9448 30.58
4239 26.91
5680 24.81
3883 24.97
5262 23.72
4582 24.40
5592 23.41
5270 23.09
4630 23.23
5171 22.91
4868 23.15
5314 22.51
5461 22.44
5109 22.64
5172 22.51
7097 21.95
8943 30.98
4280 27.38
5601 25.20
4255 24.81
4547 24.61
5412 23.68
4594 23.77
5300 22.83
4416 23.57
6069 22.42
4149 23.50
5089 22.72
4714 22.61
5243 22.25
5665 21.62
4936 21.96
9960 29.76
4081 26.46
5813 24.05
4308 24.03
4634 23.18
4686 23.08
5623 22.61
4920 23.03
5109 22.93
5437 22.52
6321 22.05
4184 23.55
5599 23.14
6102 22.63
5861 22.25
6538 21.63
9866 30.56
3779 27.33
5696 25.08
4032 24.88
5121 24.12
4411 23.85
5123 23.28
4804 23.19
5387 22.52
5060 22.34
5346 22.35
5238 22.33
5656 22.15
4821 22.53
4881 22.35
6166 21.65
9848 29.96
4212 26.67
5288 24.77
5516 23.73
4088 24.02
4103 23.61
5245 23.23
5737 22.77
4955 22.28
3848 23.04
6309 22.43
4581 22.94
5121 22.62
4905 22.99
5768 22.35
5178 22.43
9701 30.49
3790 27.45
6093 24.93
3874 24.82
5078 23.66
4012 24.12
4951 23.43
5352 22.84
5285 22.62
4717 22.77
5794 22.04
5000 22.40
5003 22.22
5843 21.70
8023 21.69
5854 21.85
9714 30.01
3706 27.64
5806 25.55
3877 25.19
4751 24.27
4545 24.01
5674 23.30
4690 23.57
5172 23.10
5049 22.93
5361 22.53
4528 22.98
5138 22.54
5834 22.35
5086 22.65
5239 22.72
9492 30.42
3836 26.96
5705 25.22
5150 24.71
3831 24.94
5851 23.29
