5822 46.70
429 45.14
3866 41.44
4300 39.81
4186 40.67
4115 40.27
4339 40.35
2845 39.76
4914 40.67
3216 40.10
4129 39.57
3252 39.36
4932 39.92
2630 39.27
4466 39.24
2597 38.97
4798 39.60
2914 39.10
4400 38.56
2999 38.77
4752 39.48
3207 38.87
3896 38.26
3497 38.82
4887 39.11
3330 39.12
4272 38.59
3468 38.28
5020 39.11
3472 38.72
4237 38.81
3118 38.50
8945 42.25
1462 40.33
3285 39.38
3078 39.03
4445 39.68
3790 38.68
4508 38.95
3110 39.01
4881 39.31
3650 38.74
4890 38.76
2925 38.85
5504 39.17
2969 38.97
3973 39.10
3461 38.65
5286 39.04
3083 38.90
4153 39.02
3395 38.70
5173 39.15
3169 38.82
4265 38.63
3331 38.64
5330 39.07
3068 38.81
4072 38.84
3662 38.41
5135 39.43
3208 38.88
4280 38.65
3048 38.71
11089 40.55
940 42.07
2784 39.61
2833 39.15
3992 39.87
3734 38.81
4261 38.33
3345 38.36
4799 39.35
3473 38.47
4338 38.50
3332 38.58
4796 39.02
3692 38.53
4502 38.68
3100 38.60
5283 38.97
2876 38.71
4526 38.26
3017 38.36
5148 38.97
3193 38.63
4459 38.57
2954 38.49
4755 39.23
3596 38.55
4828 38.50
3141 38.52
5269 39.07
3476 38.74
4231 38.76
3397 38.44
11549 40.52
669 42.77
2594 40.08
3228 39.08
4008 40.03
3782 38.76
3859 39.54
3787 38.55
4921 39.61
3650 38.70
3861 39.23
3427 38.79
4783 39.44
3534 38.72
4286 38.77
3149 38.57
4775 39.54
3398 38.79
4352 38.85
3225 38.48
4698 39.34
3547 38.70
4407 38.78
3096 38.44
4809 39.19
3474 38.40
4851 38.43
2842 38.32
4858 39.18
3610 38.67
4242 38.77
3295 38.33
11339 40.31
623 42.32
2607 39.36
3031 38.92
3990 39.59
3832 38.52
3891 38.97
3473 38.34
4736 39.34
3485 38.58
4621 38.54
2957 38.52
4727 39.25
3444 38.43
4458 38.52
3068 38.28
5033 39.15
3403 38.39
4569 38.40
3113 38.22
4872 39.11
3386 38.67
4737 38.17
2901 38.31
5004 39.09
3251 38.53
4593 38.20
2958 37.80
4880 38.82
3432 38.32
4342 38.45
3413 38.09
11011 40.44
611 41.19
2329 39.36
3390 38.34
4088 39.28
3764 38.36
4208 38.72
3585 38.12
4765 39.13
3858 38.53
4082 38.87
3474 38.35
4878 38.95
3264 38.56
4473 38.50
3262 38.36
4899 39.00
3500 38.49
4422 38.47
3199 38.30
4789 39.25
3492 38.68
4802 38.53
3047 38.43
4730 39.46
3840 38.65
4623 38.64
3206 38.32
4781 39.46
3704 38.47
4669 38.53
3138 38.31
11032 40.70
607 41.43
2734 39.14
3084 38.86
3998 39.79
4012 38.57
4666 38.80
3023 38.43
5135 39.34
3316 38.81
4478 38.86
3051 38.50
4925 39.37
3288 38.52
4932 38.42
2846 38.42
5064 38.91
3213 38.51
4274 38.60
3118 38.30
5316 38.83
2962 38.48
4482 38.32
2885 38.30
4724 38.93
3379 38.44
4444 38.20
3059 38.27
4849 38.83
3412 38.25
4695 38.07
2926 37.98
10990 40.90
705 41.52
2807 39.14
2958 38.78
4026 39.55
3825 38.39
4767 38.51
3247 38.39
4926 39.06
3525 38.45
4369 38.56
3386 38.30
5013 39.11
3373 38.31
4525 38.40
3262 38.14
5060 39.04
3401 38.22
4659 38.37
3094 38.28
5035 39.04
3368 38.29
4692 38.46
3066 38.56
5021 39.19
3401 38.46
4761 38.35
2712 38.39
4735 39.01
3388 38.43
4796 38.09
2709 38.19
11337 40.63
506 42.03
2619 39.02
3056 38.69
4163 39.01
3425 38.23
4432 38.36
3091 37.98
5095 38.56
3098 38.09
4456 38.03
2996 38.09
4856 38.74
3494 38.12
4641 38.02
2936 37.79
4933 38.45
3378 38.03
4744 37.70
2953 37.81
4599 38.58
3679 37.93
4865 37.89
2720 37.89
4729 38.50
3574 37.80
4635 37.77
2922 37.30
4716 38.55
3522 37.58
4758 37.64
3026 37.49
11288 40.70
568 41.33
2980 39.06
3055 38.37
4217 39.02
3842 38.35
4602 38.23
3319 38.05
4769 39.10
3493 38.20
4502 38.23
3205 37.99
