7660 44.30
729 43.03
5254 39.24
5436 37.71
5758 38.57
4856 38.34
6114 38.14
3500 37.75
6771 38.59
4225 38.11
4963 37.97
4606 37.44
6375 37.94
3523 37.44
5800 37.42
3721 37.17
6332 37.93
3909 37.30
5482 36.76
4487 36.85
6364 37.77
4189 37.25
5442 36.56
4523 37.04
6693 37.21
4145 37.46
5566 36.83
4454 36.59
6583 37.47
4427 37.15
5681 37.12
4245 36.80
11758 40.00
1997 38.97
4346 37.92
4231 37.35
5762 38.11
5082 37.09
5791 37.32
4188 37.28
6244 37.61
4805 37.33
6290 37.08
4090 37.26
6702 37.74
4434 37.49
5861 37.15
3874 37.22
6702 37.71
4294 37.33
5557 37.34
4115 37.24
6679 37.80
4198 37.14
6143 36.94
3892 37.26
6291 37.93
4571 37.18
6094 37.09
3978 37.04
6961 37.73
4039 37.32
5282 37.34
4328 36.96
14561 38.32
1427 40.31
3841 37.99
3832 37.51
5409 38.19
4559 37.21
5392 36.93
4356 36.70
6300 37.88
4607 36.92
5775 37.04
4221 37.08
6358 37.59
4567 36.85
6260 36.74
3754 37.09
7151 37.35
3716 37.01
5830 36.71
4058 36.90
6219 37.50
4703 37.01
6126 36.91
3878 37.09
6233 37.75
4533 37.09
6157 37.11
4210 36.95
6468 37.92
4879 37.32
5774 37.25
4298 37.12
15220 38.27
820 41.60
3959 38.13
4002 37.51
6153 37.86
4287 37.41
4783 38.08
5068 37.17
6557 37.97
4464 37.30
4985 37.67
4555 37.18
6235 37.95
4589 36.97
5556 37.33
4289 37.01
6270 38.00
4340 37.17
6077 37.07
4052 36.97
6794 37.54
3998 37.18
5917 36.93
3992 36.87
6430 37.68
4413 36.78
6138 36.79
3840 37.04
6060 37.77
4844 37.05
5789 37.18
4277 36.90
14715 38.22
924 40.87
3423 38.11
4326 37.33
5892 37.87
4494 37.17
5283 37.37
4555 36.80
6051 37.93
4559 36.97
6059 36.95
4045 36.96
6204 37.85
4610 37.08
6291 36.67
3753 37.11
6199 37.94
4356 37.03
6039 36.99
3919 36.91
6576 37.61
4361 37.04
5716 36.80
3959 36.85
5990 37.86
4718 36.93
5801 36.89
4011 36.75
6134 37.71
4602 36.85
5484 37.24
4281 36.94
14457 38.26
891 39.90
3153 38.01
4488 36.96
5262 37.87
5066 36.83
5722 37.07
4463 36.71
6250 37.74
4920 36.81
6392 36.76
3899 36.72
6691 37.34
4063 36.99
5769 36.70
4149 36.67
6627 37.45
4365 36.77
5548 36.99
4289 36.73
6619 37.36
4333 36.90
5907 37.04
4160 36.74
6650 37.62
4534 36.98
5862 37.31
4315 37.09
6275 37.88
4768 37.04
6422 36.89
4002 36.84
14338 38.58
908 39.79
3990 37.60
4072 37.20
5588 38.10
4802 37.20
5968 37.37
4042 36.95
6400 38.15
4568 37.14
6358 36.97
3615 36.99
6483 37.83
4464 36.98
5879 37.20
4008 36.97
6205 37.91
4371 37.15
6150 37.00
3706 36.95
6522 37.57
4223 37.13
5716 37.00
4042 36.92
6504 37.54
4044 37.14
5866 36.90
4148 36.58
6793 37.30
4008 36.95
5687 36.79
3967 36.68
14293 38.79
993 39.57
3958 37.66
3836 37.25
5434 38.00
4822 36.97
5955 37.18
4423 36.87
6187 37.88
4674 37.00
5557 37.36
4659 36.78
6449 37.64
4573 36.95
6477 36.78
3953 36.97
6688 37.56
4273 37.15
5932 37.18
4134 36.88
6588 37.56
4323 36.92
5996 36.98
4095 37.03
6667 37.62
4268 37.00
5423 37.25
4367 36.71
6797 37.44
3962 36.97
5488 37.00
4236 36.51
14734 38.50
729 40.66
3782 37.69
3862 37.11
5161 37.93
4627 36.76
5692 36.93
4088 36.54
6192 37.51
4474 36.57
5807 36.64
4021 36.44
6275 37.34
4427 36.72
6014 36.50
3999 36.32
6403 37.14
4384 36.68
6057 36.31
3879 36.33
6108 37.05
4696 36.43
5990 36.28
3817 36.24
6479 36.98
4194 36.44
6180 36.20
3634 36.19
6465 36.81
4271 36.12
6282 35.99
3980 35.98
14623 38.56
793 39.62
4130 37.41
4094 36.78
5415 37.71
5154 36.69
5634 37.17
4421 36.49
6174 37.53
4824 36.56
6018 36.78
4032 36.54
