8577 43.32
981 42.16
5941 38.36
5961 36.97
6667 37.80
6180 37.25
6660 37.43
3863 37.26
7458 37.94
4720 37.40
5670 37.10
5003 36.87
6975 37.29
4295 36.80
6776 36.61
4048 36.57
7581 36.91
4029 36.63
6065 35.97
5353 35.92
7410 36.89
4413 36.43
5668 36.13
5189 36.49
7090 36.88
4934 36.64
6202 36.29
4846 36.01
7007 36.96
5103 36.47
6883 36.32
4316 36.28
13298 39.03
2253 38.15
4950 36.86
4474 36.66
6309 37.28
5530 36.49
6448 36.68
4755 36.50
7069 37.02
5396 36.49
7013 36.35
4635 36.65
7341 37.25
5050 36.56
6660 36.43
4448 36.51
7832 36.90
4452 36.75
6287 36.48
4675 36.58
7159 37.20
4824 36.56
6324 36.65
4690 36.42
6996 37.29
5085 36.52
6007 36.85
5033 36.38
7182 37.20
5062 36.60
6510 36.47
4610 36.47
16121 37.42
1442 39.51
4480 37.31
4375 36.86
6572 37.39
4874 36.53
5838 36.38
5050 36.09
7319 37.02
4964 36.34
6250 36.43
4718 36.34
7112 37.01
5087 36.14
6891 36.29
4302 36.27
7143 37.21
4728 36.31
6454 36.29
4552 36.34
7511 36.85
4725 36.43
6657 36.33
4362 36.37
7536 36.83
4805 36.39
6141 36.70
4976 36.33
7636 36.99
5019 36.47
6340 36.48
4812 36.42
16981 37.36
908 40.55
4678 37.15
4361 36.89
7002 37.29
4506 36.94
5429 37.26
5439 36.34
7341 37.18
5079 36.54
5212 37.24
5434 36.45
6995 37.27
5014 36.48
6257 36.55
4782 36.40
6777 37.50
5004 36.65
6811 36.49
4704 36.43
7362 37.05
4744 36.58
6420 36.47
4691 36.29
7148 37.04
4891 36.20
6822 36.17
4412 36.08
7675 36.65
4622 36.45
6174 36.40
4787 36.16
16479 37.27
1105 39.67
4073 37.45
4888 36.62
7175 36.98
4634 36.54
5681 36.78
5075 36.02
7364 36.93
4741 36.41
6235 36.51
4609 36.33
7147 37.01
4854 36.19
6552 36.34
4618 36.15
7337 36.92
4840 36.36
6852 36.25
4475 36.12
7035 36.91
4924 36.42
6881 36.15
4344 36.21
6958 37.15
5007 36.07
6355 36.20
4705 35.94
6832 37.11
5130 36.11
6933 36.09
4431 36.20
16984 36.88
740 40.05
3956 36.98
4625 36.30
7106 36.71
4741 36.07
5785 36.65
5164 35.96
7489 36.79
4881 36.12
6858 35.99
4396 36.02
6766 36.93
5056 36.25
6988 35.89
4379 36.06
7315 36.76
5063 35.87
6991 35.99
4669 35.92
7191 37.00
4951 36.23
6623 36.38
4702 36.27
7417 37.10
5152 36.46
6655 36.58
4824 36.19
7448 37.07
4940 36.44
7018 36.41
4483 36.25
15993 37.64
1123 38.86
4382 37.09
4638 36.66
6882 37.34
4857 36.67
6505 36.62
4736 36.18
6949 37.52
5132 36.46
6798 36.64
4500 36.30
7448 37.11
4548 36.54
6890 36.27
4247 36.40
7106 37.23
4882 36.29
6677 36.15
4204 36.12
7161 37.11
4706 36.43
6433 36.38
4594 36.36
7184 36.83
4773 36.28
6921 36.13
4415 36.20
7081 36.91
4836 36.14
6339 36.13
4618 36.16
16980 37.38
723 40.39
4284 37.12
4413 36.51
6365 37.20
5101 36.43
6016 36.68
5215 36.02
6820 37.17
5336 36.15
6569 36.45
4905 36.09
6887 37.25
5224 36.29
6881 36.36
4658 36.14
7096 37.15
5345 36.37
6789 36.42
4631 36.13
6992 37.17
5072 36.37
6901 36.34
4324 36.29
7059 37.12
4969 36.41
6379 36.50
4484 36.33
7795 36.73
4404 36.43
6460 36.20
4161 36.21
16426 37.60
957 39.39
4371 36.89
4437 36.46
6275 37.00
4784 36.13
6778 35.93
4407 35.97
6861 36.97
4953 35.91
6739 35.83
4300 35.88
7095 36.64
4673 35.98
6318 35.90
4650 35.72
7125 36.38
4719 35.91
6250 35.90
4667 35.56
6866 36.60
5165 35.73
6888 35.62
4300 35.76
7503 36.20
4657 35.64
6413 35.63
4409 35.58
7083 36.37
4960 35.57
6811 35.41
4548 35.51
16230 37.68
938 39.08
4202 37.10
4884 36.13
6188 37.02
5618 36.07
6738 36.22
4829 35.88
6976 36.83
5377 35.90
6409 36.16
4740 36.06
