1552 51.00
21 51.00
231 51.00
589 51.00
654 51.00
762 51.00
601 51.00
507 51.00
663 51.00
532 51.00
538 51.00
739 51.00
570 51.00
578 51.00
725 51.00
501 51.00
642 51.00
477 51.00
752 51.00
668 51.00
820 51.00
366 51.00
588 51.00
661 51.00
703 51.00
318 51.00
509 51.00
703 51.00
725 51.00
460 51.00
638 51.00
619 51.00
1554 51.00
76 51.00
396 51.00
482 51.00
630 51.00
542 51.00
664 51.00
353 51.00
747 51.00
538 51.00
610 51.00
437 51.00
625 51.00
342 51.00
582 51.00
470 51.00
750 51.00
347 51.00
514 51.00
229 51.00
547 51.00
229 51.00
372 51.00
521 50.95
805 51.00
276 51.00
570 51.00
630 51.00
674 51.00
293 51.00
445 51.00
303 51.00
1650 51.00
195 51.00
237 51.00
371 51.00
482 51.00
263 51.00
607 51.00
588 50.95
712 51.00
252 51.00
529 51.00
196 51.00
421 51.00
457 50.87
772 50.98
456 51.00
889 51.00
170 51.00
328 51.00
405 51.00
754 51.00
229 51.00
332 50.94
336 50.68
688 51.00
298 50.87
548 51.00
477 50.98
676 51.00
339 50.79
387 50.83
811 51.00
1287 51.00
391 51.00
532 51.00
415 51.00
434 51.00
278 51.00
684 51.00
402 51.00
560 51.00
402 51.00
362 51.00
553 51.00
639 51.00
274 51.00
548 50.93
316 51.00
559 51.00
327 50.85
525 50.86
411 50.70
606 50.63
378 50.80
445 50.89
346 49.90
564 50.67
371 50.80
465 50.87
292 50.75
571 50.57
276 50.71
417 50.49
256 50.04
1275 51.00
265 51.00
397 51.00
278 51.00
547 51.00
228 51.00
406 50.76
442 50.98
670 50.92
256 50.92
450 50.85
423 50.72
616 50.73
353 50.97
425 50.81
328 50.01
586 50.40
324 50.57
440 50.79
288 50.37
590 50.78
265 50.00
441 50.40
276 49.81
629 49.86
309 49.45
477 49.34
344 49.03
617 49.62
438 49.21
549 49.35
374 49.30
1782 51.00
155 50.94
242 51.00
206 51.00
519 50.64
281 50.58
404 50.41
276 50.68
520 50.57
298 49.70
438 50.35
287 50.53
528 49.92
255 50.41
399 49.88
303 49.59
595 49.44
322 49.72
486 49.94
302 50.19
635 49.98
390 49.88
537 49.12
385 49.39
659 49.37
371 49.56
593 49.18
480 48.72
712 49.16
437 49.17
641 48.77
499 48.58
1835 51.00
238 51.00
311 51.00
231 51.00
514 51.00
221 51.00
326 50.89
253 50.94
518 50.82
248 50.74
357 50.81
223 50.24
471 50.67
216 50.36
359 50.56
249 50.41
549 50.33
225 50.62
415 49.74
256 49.51
572 49.50
339 49.44
523 49.63
316 48.58
644 49.13
468 48.00
577 48.52
392 48.57
722 48.39
398 48.26
515 48.30
381 47.71
1846 51.00
239 51.00
323 51.00
146 51.00
401 50.98
226 50.74
358 50.87
191 50.66
374 50.86
205 50.85
238 50.93
182 50.23
419 50.55
213 49.79
331 49.18
359 49.41
651 49.22
316 49.38
514 48.60
397 48.95
740 48.69
402 48.55
567 48.14
418 47.77
730 48.42
470 48.14
671 47.97
401 47.48
733 48.49
488 47.76
692 48.13
418 47.67
1817 51.00
216 51.00
247 51.00
127 50.95
511 50.43
269 50.20
343 50.62
182 49.61
409 50.48
167 50.16
234 50.65
158 49.88
374 49.98
245 49.47
440 48.96
314 48.52
644 48.76
321 48.58
559 48.31
346 48.53
695 48.32
476 47.78
547 47.77
428 47.66
709 47.49
505 47.10
561 47.26
472 47.17
698 47.69
470 47.63
629 47.40
502 47.18
1826 51.00
267 51.00
287 50.96
162 51.00
488 50.87
318 50.99
434 50.86
257 50.62
571 50.65
199 50.90
345 50.41
211 50.86
