8960 43.01
1018 41.42
6120 38.04
6269 36.61
7471 37.13
5955 36.98
7273 36.79
3807 36.93
7935 37.39
4543 37.07
5934 36.65
5235 36.42
7891 36.57
3980 36.44
6499 36.38
4632 36.00
7760 36.51
4366 36.34
6206 35.58
5350 35.71
7848 36.46
4683 36.20
6352 35.63
5197 36.18
7578 36.43
5015 36.34
6058 36.10
5675 35.46
7466 36.72
5221 36.29
6494 36.32
4981 35.93
13645 38.81
2515 37.75
5013 36.93
4916 36.42
6512 37.18
5839 36.11
6888 36.37
4936 36.28
7295 36.79
5322 36.17
7265 36.11
4753 36.39
7895 36.83
4973 36.47
6631 36.23
4656 36.35
8134 36.62
4805 36.42
6583 36.26
4817 36.21
7783 36.74
4668 36.35
6620 36.19
4780 36.29
8037 36.55
4919 36.20
6754 36.21
4807 36.16
8045 36.64
4794 36.33
6582 36.26
4640 36.16
16723 37.12
1506 39.20
4758 36.91
4516 36.54
6918 37.02
5088 36.22
6190 36.09
5175 35.88
7444 36.83
5149 36.13
6027 36.42
5149 36.08
7451 36.63
5273 36.04
7085 35.91
4654 36.04
7380 36.87
4941 36.15
6500 36.14
4982 35.95
7655 36.67
5000 36.23
6891 36.10
4494 36.24
7179 36.91
5192 36.05
7131 36.05
4828 36.23
7565 37.05
5593 36.38
6567 36.45
5150 36.23
17590 37.02
994 40.44
4832 37.27
4587 36.78
7202 37.02
4924 36.50
5560 37.13
5553 36.16
7547 37.00
5354 36.36
5985 36.72
5115 36.31
6940 37.24
5330 36.30
6511 36.33
4882 36.25
7124 37.34
5150 36.33
6786 36.39
4712 36.16
7285 37.01
5142 36.25
6705 36.23
4731 36.08
7012 37.08
5421 36.08
6978 36.07
4525 36.20
7128 37.03
5499 36.27
7159 36.12
4463 36.13
16940 37.05
1141 39.48
4282 37.30
4903 36.58
7363 36.94
4887 36.35
5863 36.60
5192 35.89
7585 36.81
4875 36.18
7019 36.01
4515 36.14
7147 36.89
5202 36.13
6416 36.34
5011 36.04
7519 36.81
5170 36.13
6717 36.26
4635 35.98
7215 36.75
5308 36.23
6797 36.07
4658 35.84
7256 36.91
5144 35.91
6646 36.09
4836 35.84
7233 36.68
5127 35.99
7156 35.97
4535 36.09
16691 37.04
1160 38.86
4272 36.93
4856 36.11
6791 36.74
5343 35.96
6560 36.04
4923 35.89
7226 36.88
5352 36.09
7351 35.99
4413 35.76
7599 36.63
4951 35.96
6932 35.79
4687 36.00
7572 36.52
5170 35.94
7164 35.89
4750 35.83
7514 36.76
5017 36.01
6810 36.08
4903 35.93
7681 36.90
5278 36.21
6795 36.44
5049 36.09
7644 36.88
4978 36.25
6656 36.36
5026 36.07
17535 36.88
777 40.16
4656 36.80
4790 36.47
7661 36.77
4778 36.29
5983 36.65
5291 36.04
7563 37.05
5050 36.16
7192 36.00
4471 36.15
7206 37.04
5310 36.20
7212 36.14
4476 36.09
7673 36.90
4723 36.18
6997 35.96
4421 35.99
7633 36.67
4824 36.02
6629 36.10
4610 36.09
7505 36.61
4731 36.05
6696 35.96
5024 35.78
7288 36.75
4954 35.96
6412 36.06
4987 35.88
16526 37.58
1141 39.27
4636 36.90
4705 36.41
6731 37.04
5290 36.11
6830 36.33
5088 35.96
7047 37.00
5563 36.08
6882 36.30
5001 36.02
7742 36.76
4978 36.06
6797 36.10
4990 35.98
7834 36.78
5044 36.24
7297 35.96
4488 36.02
7652 36.81
4960 36.20
6940 36.12
4597 36.05
7317 36.94
4634 36.28
6991 35.99
4512 35.99
7642 36.68
4921 35.97
6691 36.01
4293 35.82
17782 36.87
706 40.63
4539 36.41
4623 36.25
6871 36.53
4693 35.87
6395 36.00
4841 35.71
7496 36.49
4911 35.62
6914 35.61
4498 35.60
7267 36.38
5199 35.61
6858 35.57
4578 35.49
7480 36.22
5128 35.69
6722 35.65
4815 35.52
7620 35.97
4987 35.30
6930 35.41
4554 35.44
7800 35.90
4684 35.63
7111 35.27
4359 35.38
7209 36.04
5133 35.28
7260 35.13
4617 35.17
16880 37.35
937 38.99
4718 36.74
4809 35.97
6538 36.86
5644 35.84
6042 36.45
5692 35.61
6897 36.87
5792 35.71
6971 35.86
4827 35.85
