9895 42.12
1279 40.39
6931 37.28
6533 35.97
8315 36.49
6367 36.19
7946 36.15
4411 36.24
8739 36.71
4894 36.35
6561 35.82
5898 35.72
8206 35.99
4855 35.61
7534 35.66
4961 35.34
8197 36.15
5089 35.64
6904 35.32
5593 35.33
8703 35.89
5287 35.53
6406 35.26
6138 35.63
8395 35.83
5617 35.64
6834 35.48
5726 35.18
8290 36.03
5727 35.60
7878 35.46
5078 35.53
15151 37.96
2747 37.25
5393 36.16
5476 35.87
7063 36.63
6495 35.65
6915 36.14
5704 35.64
8307 36.13
5989 35.66
7316 35.75
5612 35.68
8329 36.39
5830 35.96
7428 35.66
5288 35.75
8851 36.21
5208 35.71
6808 35.93
5639 35.65
9002 36.02
5052 35.66
7211 35.71
5352 35.63
8869 35.98
5225 35.68
7431 35.56
5359 35.51
8649 36.10
5363 35.79
6696 35.85
5393 35.67
18281 36.34
1765 38.36
5106 36.40
5288 35.93
7581 36.45
5542 35.77
6288 35.81
5931 35.18
8164 36.19
5811 35.45
7198 35.56
5648 35.59
7848 36.26
5953 35.43
8001 35.55
4818 35.59
8306 36.29
5328 35.58
7276 35.53
5448 35.56
8182 36.22
5667 35.60
7653 35.53
5162 35.61
7966 36.48
5660 35.85
7697 35.68
5324 35.74
7807 36.76
6199 35.80
7403 35.91
5576 35.66
19212 36.23
1112 39.72
5354 36.53
5259 36.08
8600 36.24
5104 36.03
6426 36.34
5844 35.65
8805 36.10
5511 35.78
6481 36.29
5829 35.64
8139 36.44
5619 35.81
7036 35.88
5326 35.70
7911 36.66
5712 35.75
7638 35.64
5300 35.49
7897 36.55
5613 35.77
7449 35.71
5278 35.60
8131 36.35
5510 35.48
7906 35.37
4984 35.68
8150 36.23
5758 35.66
7016 35.72
5379 35.56
18709 36.18
1331 39.00
5242 36.32
5057 35.90
8111 36.26
5377 35.73
6080 36.21
6112 35.38
8270 36.15
5456 35.56
7172 35.69
5333 35.57
8506 36.08
5249 35.82
7426 35.55
5396 35.34
8401 36.23
5692 35.52
7897 35.49
4892 35.61
7877 36.33
5724 35.70
7623 35.34
5063 35.42
8187 36.24
5306 35.46
7548 35.30
5108 35.08
7959 36.12
5661 35.30
7249 35.48
5509 35.39
19310 35.75
912 39.57
5219 35.89
5027 35.56
8093 35.82
5419 35.47
6984 35.55
5762 35.28
8494 35.94
5867 34.95
7300 35.54
5557 35.41
8340 35.94
5342 35.43
7098 35.54
5473 35.18
8468 35.88
5444 35.49
7440 35.43
5494 35.38
8516 35.99
5511 35.52
8113 35.35
5091 35.45
8721 36.19
5654 35.51
7956 35.58
5354 35.50
9281 35.98
5139 35.47
7621 35.44
5256 35.57
18299 36.49
1343 38.33
5349 36.26
5206 35.80
7964 36.52
5631 35.76
7339 35.87
5407 35.59
7930 36.70
5884 35.75
7500 35.76
5285 35.40
7950 36.61
5747 35.69
7903 35.65
4980 35.58
8348 36.35
5232 35.75
7696 35.41
4886 35.45
8271 36.12
5321 35.74
7337 35.61
5103 35.62
8297 36.08
5375 35.51
7162 35.51
5336 35.53
8096 36.04
5380 35.50
7271 35.32
5249 35.29
19193 36.27
896 39.65
5138 36.41
5178 35.89
7862 36.22
5495 35.48
6762 35.88
6049 35.20
8167 36.20
5801 35.44
7421 35.64
5721 35.38
8516 36.18
5485 35.43
7527 35.50
5655 35.42
8589 36.21
5540 35.57
7559 35.54
5483 35.42
8482 36.15
5334 35.70
7799 35.48
5042 35.50
8460 36.18
5370 35.65
7146 35.67
5489 35.44
8336 36.11
5415 35.64
7427 35.46
4806 35.29
19628 36.01
805 40.00
5097 35.95
5107 35.56
7691 35.86
5272 35.25
6965 35.53
5387 34.98
8184 35.93
5450 35.01
7080 35.26
5317 34.93
8014 35.90
5797 35.09
7449 35.17
5176 34.97
8247 35.62
5396 35.07
7782 34.85
5141 35.02
7967 35.59
5679 35.01
7224 35.11
5306 34.86
8011 35.72
5584 34.99
7596 34.82
5000 34.84
8096 35.54
5605 34.77
7822 34.80
5265 34.83
18505 36.50
1125 38.29
5113 36.19
5373 35.26
7661 35.96
5878 35.32
6940 35.66
5902 34.96
7916 36.12
5958 35.21
7539 35.37
5315 35.08
