10522 41.59
1354 40.37
7273 36.81
7105 35.45
8992 35.97
7004 35.88
7816 36.00
5094 35.67
9242 36.30
5535 35.98
6873 35.67
6086 35.44
8802 35.70
4917 35.48
8252 35.11
5298 35.12
8534 35.87
5489 35.10
7613 34.66
5861 34.87
8770 35.73
5665 35.20
7504 34.67
6358 35.27
9068 35.37
5932 35.45
7036 35.23
6105 34.84
8900 35.56
6101 35.31
8178 34.97
5400 35.13
16018 37.45
2860 37.00
5955 35.95
5849 35.51
7439 36.35
6940 35.26
7927 35.55
5806 35.27
8781 35.78
6360 35.29
7729 35.52
5932 35.44
8608 36.23
6349 35.40
8015 35.39
5539 35.41
8725 36.16
5774 35.59
7874 35.35
5604 35.28
8704 36.05
5887 35.34
8006 35.24
5573 35.22
9122 35.82
5775 35.31
7798 35.26
5607 35.24
9220 35.73
5739 35.55
7646 35.38
5570 35.35
19408 35.81
1859 38.25
5498 36.01
5409 35.77
8825 35.77
5603 35.24
6602 35.33
6354 34.88
9216 35.60
5781 35.14
7343 35.17
5808 35.10
8908 35.56
6053 35.09
8111 35.10
5435 35.14
9274 35.62
5365 35.20
7641 34.98
5862 34.99
9261 35.57
5635 35.18
7869 35.20
5656 35.12
8842 35.71
5873 35.16
7841 35.38
5965 35.18
9221 35.88
6135 35.43
7473 35.46
6017 35.25
20297 35.72
1320 39.18
6000 36.12
5516 35.64
9225 35.83
5633 35.57
6910 35.88
6358 35.32
9462 35.75
5873 35.30
6723 35.95
6265 35.45
8573 36.07
5965 35.26
7416 35.57
5904 35.28
8675 36.26
5644 35.44
7591 35.52
5835 35.20
8426 36.10
5981 35.32
7834 35.40
5736 35.16
8645 36.01
5873 35.14
8231 34.97
5486 35.15
8652 35.93
6081 35.34
7559 35.42
5754 35.23
19946 35.63
1454 38.53
5704 36.02
5593 35.48
9285 35.55
5335 35.50
6775 35.65
6174 35.03
9384 35.60
5518 35.20
7305 35.28
5902 35.05
8661 35.90
5801 35.19
7608 35.25
5813 35.03
8712 35.88
5927 35.22
8389 35.07
5308 35.19
8505 35.95
5994 35.21
8110 35.01
5497 35.18
8627 35.88
5877 34.98
7769 34.99
5561 34.90
9083 35.51
5712 34.96
8175 34.77
5513 35.02
20357 35.25
1104 38.53
5626 35.64
5337 35.30
9373 35.18
5286 35.09
6786 35.39
6400 34.95
9599 35.29
5830 34.97
7601 35.07
6061 34.91
9495 35.35
5393 34.95
8077 35.05
5485 34.99
8688 35.69
6142 34.93
7562 35.22
6106 34.98
8721 35.72
6048 35.04
8649 35.04
5458 35.07
9273 35.78
6190 35.28
7881 35.49
5835 35.30
8955 36.09
5999 35.35
8403 35.10
5454 35.25
20384 35.50
1034 38.95
5625 35.91
5426 35.57
9596 35.63
5431 35.44
7376 35.41
5869 35.20
9403 35.72
5618 35.29
7649 35.36
5774 35.06
8742 35.97
5823 35.30
8236 35.21
5378 35.16
8719 35.95
5857 35.31
8244 35.09
5301 35.01
8637 35.86
5976 35.24
8067 35.04
5165 35.08
8732 35.85
5689 35.09
7759 35.07
5619 34.98
8223 35.91
6158 35.03
8160 34.89
5560 35.03
19385 36.18
1483 37.95
5553 35.98
5292 35.50
7782 36.10
6152 35.18
7361 35.58
6378 34.89
8318 36.07
6237 35.26
7859 35.32
6150 34.99
8846 35.91
5904 35.23
8079 35.24
5812 35.00
9125 35.83
5972 35.27
8493 35.07
5470 35.19
8878 36.02
5768 35.32
8151 35.14
5586 35.06
8793 36.00
5755 35.36
7547 35.32
5791 35.18
8472 35.88
5931 35.17
8069 35.10
4996 34.96
20796 35.47
874 39.40
5388 35.72
5424 35.40
8205 35.61
5673 35.10
7526 35.09
5742 34.77
8745 35.59
5653 34.88
8031 34.70
5337 34.78
8723 35.39
5754 34.88
8293 34.53
5338 34.53
8255 35.64
6311 34.69
7861 34.74
5570 34.75
9116 35.15
5697 34.79
8012 34.60
5582 34.53
8879 35.24
5681 34.69
8155 34.38
5321 34.46
8477 35.25
5952 34.51
8253 34.39
5635 34.46
19685 35.95
1327 37.71
5533 35.82
5646 34.91
8048 35.68
6270 34.95
7983 35.05
5899 34.70
8291 35.80
6503 34.82
7314 35.37
6048 34.89
