2022 51.00
59 51.00
361 51.00
505 51.00
626 51.00
581 50.99
465 50.98
504 50.59
860 50.76
381 50.97
650 50.62
681 50.84
882 50.64
639 50.52
728 50.85
597 50.70
794 50.86
511 50.36
796 50.61
690 50.61
895 50.55
368 50.85
748 50.19
757 50.57
968 50.67
367 50.71
506 50.12
771 50.07
862 50.63
459 50.64
842 50.39
643 49.94
2420 51.00
202 50.80
553 50.98
398 51.00
550 50.96
396 50.86
645 50.87
249 50.42
648 50.26
678 50.36
828 50.18
343 50.32
918 50.18
248 50.79
622 50.81
622 49.41
880 49.25
300 50.39
698 49.35
518 48.46
832 48.99
556 48.84
716 48.97
776 48.56
977 50.06
355 50.09
826 49.76
839 49.52
914 49.82
419 50.12
776 49.80
449 49.03
2424 51.00
171 51.00
397 50.94
185 50.99
454 49.95
342 49.17
787 49.34
568 48.60
753 49.16
489 49.04
751 49.22
364 48.68
714 48.47
684 48.43
894 48.76
477 49.79
938 49.35
239 49.54
534 48.71
577 48.99
936 49.55
495 48.71
604 48.55
584 48.67
991 49.51
699 48.54
963 48.58
700 48.45
932 48.50
609 48.61
701 48.35
761 48.00
2428 51.00
340 51.00
446 50.97
260 50.94
334 50.57
218 49.71
593 49.95
593 49.51
626 49.39
576 49.02
516 49.04
530 48.59
840 49.20
417 48.92
762 49.02
305 48.74
678 49.01
350 48.98
666 48.44
434 47.85
832 48.33
546 48.41
776 48.16
549 47.26
905 47.76
535 47.29
883 47.49
510 47.19
886 47.96
659 47.25
810 47.71
694 47.09
2395 51.00
115 50.99
212 50.99
195 50.77
485 49.56
385 48.14
553 48.11
319 48.22
695 48.95
410 47.98
495 47.97
353 48.54
782 47.68
417 48.31
654 47.80
464 47.75
923 47.99
596 47.28
826 46.95
516 47.23
968 47.33
586 47.34
768 47.14
663 45.77
955 47.16
647 46.79
920 46.50
582 46.28
933 47.59
710 46.90
804 46.74
623 46.34
2396 51.00
133 50.89
185 50.72
177 50.32
560 48.29
394 48.19
513 47.67
371 47.60
702 48.00
364 47.47
498 48.46
432 48.08
844 48.08
367 47.67
648 47.43
520 47.24
866 47.76
665 46.97
738 47.20
610 47.13
955 47.25
633 47.40
878 47.21
540 47.20
922 47.47
660 47.26
859 46.84
713 46.63
923 47.43
709 46.93
899 46.63
651 46.78
2456 51.00
127 51.00
199 51.00
163 50.79
551 49.05
420 48.81
506 48.23
308 48.94
703 48.80
370 48.38
506 48.41
323 48.08
683 48.32
345 48.38
592 48.30
467 47.40
869 48.05
540 47.56
815 47.17
520 46.43
894 47.19
610 46.45
805 47.16
585 46.66
936 46.80
522 46.83
777 45.92
689 46.44
935 46.69
729 46.52
881 46.24
533 46.30
2448 51.00
92 51.00
161 51.00
121 51.00
481 48.56
294 47.80
448 48.74
299 48.65
495 48.61
262 48.69
377 48.16
404 48.12
707 47.63
479 47.52
652 47.24
545 46.99
918 47.45
608 47.12
822 46.75
540 46.43
998 46.97
649 46.94
888 46.46
515 46.41
939 46.99
792 46.27
905 46.98
548 46.62
1076 46.99
605 46.78
954 46.36
550 46.19
2455 51.00
54 51.00
122 50.79
180 49.91
467 47.85
331 47.43
396 48.27
310 47.87
616 47.83
298 47.86
522 47.37
457 46.82
860 47.23
446 47.01
838 46.42
518 46.45
850 46.44
652 46.34
887 45.97
597 45.56
917 46.37
654 45.26
964 45.63
535 45.89
994 46.12
593 45.56
829 45.53
551 45.71
916 45.83
718 45.39
965 45.21
590 45.25
2450 51.00
110 51.00
210 50.89
154 50.43
658 48.61
483 48.18
632 48.20
517 47.66
896 47.72
153 49.60
429 47.99
348 47.67
