12911 39.76
2211 38.45
10578 34.65
7608 34.10
10798 34.64
8622 34.41
9761 34.48
6365 34.29
11127 34.90
7063 34.51
8403 34.34
7560 34.12
11409 34.11
6223 34.06
9559 33.94
7059 33.73
10569 34.45
6717 34.05
9325 33.47
7341 33.58
10830 34.34
7126 33.95
9149 33.56
7991 33.71
10911 34.10
7337 34.10
9038 33.83
7291 33.54
10661 34.37
7417 33.92
9623 33.96
7045 33.79
19814 35.59
3766 35.49
6984 34.79
7379 34.10
9348 34.93
8474 33.90
9673 34.16
7400 33.94
10449 34.55
7771 33.97
9728 34.14
7260 34.15
10676 34.92
7688 34.23
9870 34.03
6966 34.14
11302 34.56
7146 34.11
9575 33.98
7044 34.08
11093 34.58
7074 34.11
9391 34.10
7065 33.97
10790 34.67
7245 34.13
9793 34.13
7084 33.96
11037 34.60
7004 34.44
9176 34.18
7204 34.01
23522 34.02
2717 36.37
7207 34.65
6555 34.48
11758 34.05
6623 34.11
8574 33.93
7441 33.60
11950 34.01
6790 33.91
8884 33.96
7558 33.72
11034 34.19
7452 33.80
8902 34.20
7234 33.81
11418 34.37
6636 33.89
9163 33.90
7517 33.80
10989 34.45
7266 33.91
9820 33.82
7018 33.91
10703 34.55
7369 33.95
9597 34.21
7418 34.06
11177 34.71
7616 34.20
9238 34.33
7361 34.00
25039 33.84
1788 38.03
7623 34.91
6343 34.67
12244 34.17
6560 34.29
8929 34.42
7545 33.99
12044 34.22
7063 34.11
8971 34.36
7224 34.06
11166 34.50
7065 34.08
8452 34.44
7538 33.91
11198 34.55
6913 34.18
8659 34.55
7713 33.86
10507 34.72
7409 33.82
10127 33.84
6886 33.89
10502 34.77
7252 33.88
10104 33.76
6908 33.82
10957 34.47
7200 34.03
9352 34.02
7311 33.89
24499 33.79
1930 37.24
7394 34.69
6860 34.28
12344 33.98
6300 34.05
8987 34.16
7140 33.79
12209 34.06
6563 34.05
8981 34.07
7335 33.90
11372 34.33
6803 33.92
9177 34.11
7223 33.82
10832 34.60
7317 33.98
9592 34.05
7105 33.83
10617 34.49
7258 34.02
9729 33.85
6877 33.75
10535 34.65
7282 33.82
9513 33.76
6745 33.71
11147 34.28
7025 33.77
9841 33.73
6957 33.76
24988 33.40
1614 36.92
7232 34.38
6826 33.83
12546 33.65
6409 33.80
8960 33.86
7489 33.70
12428 33.77
6931 33.77
9172 33.87
7304 33.68
12213 33.86
6534 33.87
9168 33.95
7327 33.80
12355 33.83
6750 33.73
9351 33.89
7236 33.69
12283 33.88
6755 33.89
9401 33.94
7326 33.82
12613 33.87
6850 34.03
9540 34.10
7375 33.89
12547 34.09
6790 33.93
9210 34.02
7295 33.99
21227 35.13
1536 37.79
6658 35.18
7663 34.10
10422 35.00
7510 34.09
8897 34.50
7556 33.95
10217 35.16
7790 34.01
9028 34.60
7448 33.96
10091 35.14
7488 34.11
9702 34.15
6916 33.99
10104 35.08
7538 34.06
10185 33.85
6609 33.96
10484 34.84
7217 33.99
10137 33.92
6451 33.94
10898 34.57
6751 34.06
9419 34.00
7022 34.00
10999 34.36
6735 34.00
9447 33.85
6782 33.89
25185 33.84
1340 37.81
7212 34.70
6583 34.17
11984 33.95
6586 33.94
9198 34.10
7508 33.78
11944 33.86
6874 33.90
9230 34.11
7664 33.72
11578 34.28
7072 33.78
8978 34.24
7828 33.70
11853 34.25
6882 33.98
9000 34.31
7731 33.70
11639 34.32
6855 34.01
9429 34.09
7174 33.82
11715 34.36
6736 34.05
9497 33.89
6845 33.89
10465 34.61
7268 33.82
9995 33.77
6453 33.77
25522 33.61
1287 37.47
7196 34.42
6626 34.13
10960 33.97
6752 33.67
8901 33.75
7340 33.39
11311 34.07
6790 33.55
8600 33.92
7477 33.33
10601 34.16
7171 33.53
10141 33.30
6733 33.41
10785 33.94
7244 33.51
9379 33.61
7149 33.38
10388 34.08
7516 33.35
9883 33.36
6758 33.36
10921 33.87
7057 33.38
9697 33.35
6602 33.19
10975 33.80
6931 33.26
10066 33.05
6962 33.17
24188 34.12
1794 36.42
7859 34.32
6786 33.71
10873 34.08
7248 33.61
8898 34.02
7813 33.44
10908 34.29
7482 33.38
8923 34.00
7510 33.50
