14445 38.77
2732 37.64
11536 33.88
8638 33.33
11902 33.90
9983 33.50
11293 33.64
7349 33.46
12360 34.19
8011 33.81
10095 33.32
8085 33.51
12577 33.37
6923 33.37
10857 33.19
8008 33.05
12571 33.40
7293 33.43
10352 32.74
8142 32.95
12368 33.54
7711 33.17
10381 32.84
8779 33.20
11937 33.43
8451 33.38
10163 33.10
8082 32.96
12107 33.64
8576 33.25
11058 33.08
7678 33.16
21886 34.65
4364 34.83
8485 33.91
7983 33.51
11094 33.99
9006 33.19
10623 33.40
8248 33.20
11008 34.05
9184 33.22
11126 33.46
8311 33.37
11385 34.38
8948 33.48
11049 33.31
7929 33.43
11882 34.20
8187 33.61
10973 33.37
7710 33.42
12400 33.99
7930 33.43
10415 33.43
7893 33.32
12493 33.78
7792 33.48
10764 33.37
7948 33.29
12313 33.87
7978 33.63
9963 33.73
8093 33.39
26209 33.02
3415 35.36
8126 34.05
7547 33.73
13011 33.33
7641 33.35
9591 33.28
8272 32.96
13359 33.34
7640 33.26
9941 33.28
8195 33.21
12096 33.60
8264 33.16
10515 33.27
7955 33.18
12548 33.66
7655 33.24
10923 32.97
8027 33.09
11562 33.90
8470 33.23
10975 33.17
7902 33.14
11755 33.96
8476 33.27
10297 33.66
8514 33.22
12985 33.78
8172 33.53
11075 33.29
7836 33.37
27918 32.85
2132 37.10
8635 34.26
7226 33.92
13561 33.47
7374 33.66
10381 33.68
8173 33.39
13474 33.52
7869 33.45
9954 33.63
8149 33.29
12302 33.85
7935 33.27
9499 33.64
8481 33.30
12407 33.80
7880 33.43
9623 33.89
8577 33.14
11692 34.02
8155 33.32
11285 33.15
7794 33.25
11716 34.06
8170 33.17
11511 33.00
7785 33.22
12416 33.81
8178 33.28
11086 33.16
7550 33.26
27314 32.78
2174 36.38
8395 33.92
7721 33.58
13720 33.30
7026 33.39
10082 33.40
8073 33.12
13586 33.29
7541 33.29
9968 33.39
8246 33.14
13345 33.24
7276 33.32
10156 33.36
8078 33.15
12855 33.52
7798 33.31
10357 33.37
8065 33.09
11520 33.87
8297 33.13
11117 32.98
7809 32.99
11592 34.01
8129 33.08
10169 33.23
8142 32.95
12752 33.50
7918 33.09
10993 32.95
7865 33.01
27824 32.39
1945 36.42
8345 33.73
7589 33.24
13845 32.98
7428 33.10
10088 33.20
8337 32.96
13686 33.09
7831 33.09
10375 33.21
8200 33.07
13372 33.16
7530 33.17
10377 33.16
8260 33.00
13398 33.25
7723 33.07
10258 33.23
8304 33.01
13429 33.28
7717 33.27
10430 33.33
8227 33.10
13901 33.21
7741 33.39
10332 33.39
8453 33.19
13848 33.42
7581 33.35
10222 33.44
8284 33.21
23634 34.18
1729 37.19
8136 34.16
8207 33.47
11857 34.27
8599 33.32
9888 33.88
8593 33.28
11442 34.41
8610 33.41
9923 33.87
8356 33.26
11229 34.44
8467 33.43
10625 33.56
7894 33.24
11242 34.42
8320 33.45
11154 33.27
7511 33.20
11894 34.06
8080 33.37
10490 33.42
7646 33.26
11983 33.89
7736 33.27
10572 33.22
7914 33.21
12087 33.77
7812 33.24
10368 33.21
7891 33.23
28106 32.84
1713 36.87
8210 34.05
7489 33.56
13236 33.21
7416 33.33
10298 33.33
8366 33.07
13429 33.34
7713 33.25
10269 33.37
8657 32.99
13647 33.28
7546 33.15
10378 33.33
8385 33.06
12805 33.63
8161 33.23
10023 33.67
8477 33.05
12992 33.55
7712 33.30
10441 33.39
8094 33.12
12946 33.76
7659 33.35
10051 33.42
7974 33.11
11620 33.93
8323 33.16
11185 33.05
7115 33.10
27938 32.77
1651 36.84
8158 33.71
7706 33.34
13180 33.04
7096 33.23
9827 33.12
8093 32.86
13460 32.95
7216 33.01
10016 32.96
8033 32.63
12416 33.16
7752 32.86
10942 32.66
7778 32.60
11683 33.37
8251 32.74
11179 32.67
7852 32.62
11223 33.59
7642 33.07
10676 32.73
8227 32.63
11884 33.42
8269 32.65
10415 32.95
7979 32.54
11833 33.44
7982 32.57
10963 32.60
8033 32.56
28547 32.61
1439 36.82
8492 33.78
7626 33.08
13707 32.85
7515 33.00
10253 33.10
8413 32.74
13754 32.91
7705 32.82
10351 33.01
8263 32.79
