14810 38.57
2898 37.20
11500 33.83
8982 33.18
12439 33.56
10040 33.38
11226 33.54
7470 33.30
12576 34.02
8334 33.63
10370 33.23
8136 33.31
12339 33.38
7377 33.13
10843 33.12
8395 32.92
12356 33.49
7640 33.09
10626 32.63
8417 32.77
12723 33.28
8026 33.08
9960 33.03
9249 32.95
12258 33.34
8593 33.30
10192 32.99
8294 32.84
12261 33.49
8530 33.07
10496 33.27
8390 32.91
22371 34.49
4575 34.63
8704 33.72
8141 33.49
11420 33.85
9290 33.07
10365 33.47
8666 33.13
11803 33.74
8987 33.11
11005 33.33
8582 33.21
12170 33.95
8742 33.39
11024 33.20
8081 33.31
12440 33.92
8089 33.42
10990 33.17
8146 33.19
12566 33.71
8153 33.17
10600 33.18
8265 33.08
12114 33.90
8524 33.27
11289 33.16
8007 33.27
13027 33.56
7784 33.51
10425 33.33
8184 33.13
26750 32.85
3489 35.33
8442 33.87
7581 33.54
13302 33.20
7769 33.28
9787 33.15
8419 32.75
13634 33.20
7780 33.09
10267 33.12
8297 33.10
12533 33.36
8359 32.87
10744 33.15
8118 33.01
12888 33.43
7787 33.08
10490 33.06
8620 32.96
12578 33.50
8326 33.08
11121 32.94
8139 33.08
12750 33.56
8034 33.15
11400 33.08
8222 33.17
13361 33.57
8404 33.33
11150 33.09
8028 33.17
28321 32.72
2212 36.92
9030 33.97
7409 33.79
13974 33.32
7611 33.45
10460 33.58
8345 33.34
13621 33.41
7890 33.32
10275 33.49
8302 33.27
12584 33.72
8242 33.26
9762 33.56
8632 33.16
12713 33.77
7984 33.32
10580 33.40
8313 33.07
12071 33.88
8283 33.07
11455 33.03
7824 33.06
11521 34.09
8616 33.03
11778 32.90
7921 33.03
12560 33.74
8451 33.11
11377 33.00
8040 33.07
29172 32.14
1861 37.10
8450 33.82
7952 33.36
13917 33.14
7311 33.24
10205 33.32
8552 32.95
13684 33.23
7745 33.17
10345 33.26
8332 33.07
12944 33.51
7732 33.12
9753 33.55
8494 32.97
12323 33.80
8330 33.12
10688 33.33
8227 33.02
12138 33.69
8269 33.11
11407 32.90
7777 33.03
11645 33.94
8561 32.88
11246 32.88
7799 32.89
13082 33.31
8074 33.00
11111 32.90
7913 32.91
28623 32.16
1891 36.30
8520 33.41
7795 33.14
14083 32.84
7712 32.95
11134 32.77
8219 32.81
13869 33.00
7922 33.01
10410 33.13
8591 32.89
13718 33.04
7718 32.97
10355 33.12
8519 32.89
13596 33.13
7991 32.99
10463 33.13
8520 32.85
13763 33.09
7885 33.12
10737 33.24
8411 33.04
14182 33.20
7926 33.22
10671 33.27
8540 33.10
13924 33.33
7732 33.19
10304 33.31
8489 33.00
23639 34.18
1834 37.07
8389 34.09
8384 33.38
11917 34.24
8774 33.21
10263 33.72
8681 33.11
11666 34.36
8683 33.38
10431 33.61
8404 33.14
11456 34.36
8612 33.36
10913 33.44
8090 33.20
11402 34.32
8505 33.30
11554 33.16
7600 33.17
12416 33.90
8025 33.32
11148 33.14
7509 33.16
12303 33.77
7712 33.28
10829 33.05
8065 33.13
12647 33.58
7909 33.13
11060 32.89
7853 33.02
28523 32.70
1789 36.65
8425 33.87
7695 33.36
13564 33.03
7547 33.21
10527 33.31
8580 32.92
13576 33.22
7878 33.06
10493 33.24
8665 32.91
13064 33.48
8108 33.00
10337 33.43
8754 32.93
13167 33.49
8172 33.02
10364 33.48
8566 33.11
13185 33.48
7961 33.17
10678 33.24
8376 33.06
13269 33.59
7739 33.19
10904 33.07
7959 33.08
11980 33.73
8318 33.12
11303 33.02
7237 32.94
28939 32.46
1683 36.68
8379 33.64
7693 33.23
13371 32.91
7374 32.95
10081 33.03
8382 32.69
13620 32.92
7409 32.86
10207 32.91
8109 32.61
12596 33.05
8122 32.71
10456 32.77
8117 32.53
11856 33.26
8610 32.61
11392 32.51
7989 32.59
12184 33.17
8534 32.58
11222 32.48
7935 32.61
12400 33.08
8056 32.60
11133 32.42
7764 32.50
12322 33.11
8159 32.53
11010 32.38
8211 32.41
29159 32.43
1535 36.92
8819 33.50
7918 32.92
13971 32.63
7675 32.92
10468 32.99
8718 32.51
14162 32.74
7785 32.71
10573 32.93
8271 32.71
