2577 51.00
64 51.00
478 51.00
281 51.00
599 50.62
674 50.26
884 49.07
721 47.88
1002 49.61
674 48.84
933 48.41
942 48.16
1081 48.89
729 48.05
1043 47.99
839 47.52
1078 48.64
766 48.19
1055 47.84
763 47.94
1147 47.90
455 49.15
1004 47.59
879 48.10
1136 48.04
613 48.72
936 47.52
1051 47.34
1117 48.18
703 47.78
968 47.39
1020 47.50
2706 51.00
157 49.85
596 50.15
464 48.95
1005 47.82
789 47.47
1034 48.01
497 48.07
1083 48.11
539 48.58
1021 47.75
640 47.76
1128 47.44
349 49.18
1030 47.40
636 48.02
1175 47.47
595 47.95
1057 47.38
535 46.96
1140 47.28
584 47.07
920 46.72
867 46.77
1298 47.72
721 47.45
1139 47.12
931 46.94
1245 47.40
747 47.11
1105 47.02
757 46.54
2652 51.00
159 50.83
464 50.73
488 48.61
838 47.67
715 46.72
1128 46.66
508 47.64
1106 47.31
463 48.21
1013 47.16
439 47.29
1091 46.96
861 47.49
871 47.33
921 46.56
1204 47.00
439 47.32
923 46.91
896 46.63
1264 47.18
717 46.98
901 46.83
726 46.30
1201 47.47
857 47.08
1154 46.99
929 46.57
1142 47.05
949 46.58
967 46.11
849 46.37
2659 51.00
357 50.60
512 50.60
254 49.23
833 47.58
706 46.52
1070 47.73
603 47.60
1140 47.21
463 48.90
657 47.50
777 47.32
1136 47.24
603 47.36
1068 47.05
665 46.91
1176 46.85
516 46.81
1087 46.44
612 46.69
1129 46.65
726 46.47
989 46.46
852 45.90
1116 46.35
889 45.51
1039 46.42
670 45.81
1184 46.10
806 45.99
1073 46.03
788 45.70
2639 51.00
132 49.81
223 50.71
725 47.45
855 47.60
744 45.96
917 46.55
743 46.09
1059 46.85
544 46.97
806 46.55
561 46.61
1126 46.68
596 46.54
891 45.95
640 46.32
1213 46.69
814 46.04
1019 46.13
654 46.06
1209 46.30
777 45.12
1097 45.92
698 45.42
1200 46.12
799 45.27
1153 45.08
713 45.63
1200 46.02
864 45.34
1023 45.79
737 45.45
2563 51.00
140 48.45
257 48.49
712 46.27
936 47.12
719 45.86
837 45.84
684 46.23
1147 46.73
466 46.74
859 46.14
623 45.93
1110 46.70
657 45.96
1018 45.76
737 45.75
1215 46.30
780 45.45
919 46.35
762 45.66
1139 46.21
960 45.48
1083 45.92
725 45.06
1119 45.98
932 45.12
1183 45.85
847 45.29
1346 46.35
730 45.97
1109 45.75
795 45.51
2692 51.00
124 48.68
188 49.61
788 46.76
860 47.41
746 46.26
935 46.24
650 46.44
1099 47.26
384 47.51
870 46.51
558 46.26
1072 46.48
552 46.54
814 46.39
659 46.07
1196 46.57
595 45.97
962 45.76
649 45.39
1103 46.30
902 45.44
1183 45.37
586 45.18
1186 45.81
876 45.31
1185 45.06
735 45.18
1129 45.76
863 44.97
1067 45.28
818 45.13
2682 51.00
82 48.62
191 49.38
596 46.55
803 46.57
643 46.04
849 46.73
661 46.09
1009 46.51
494 46.49
777 46.30
653 46.24
1153 46.10
757 45.87
1022 45.88
672 45.39
1306 46.09
685 45.42
1060 45.64
823 45.46
1184 45.92
825 45.50
1018 45.78
816 45.31
1114 46.26
929 45.39
1114 45.42
719 45.15
1158 46.21
893 45.34
1081 45.64
844 44.77
2626 51.00
60 49.54
173 49.36
866 46.16
902 46.76
888 45.79
921 45.82
707 45.90
1056 46.15
599 45.93
826 45.76
611 45.36
1095 45.92
565 45.58
964 45.57
675 45.33
1159 45.84
764 45.58
1053 45.43
674 45.40
1224 45.22
802 44.78
1156 44.83
656 44.97
1245 45.41
748 44.35
1006 44.36
690 44.78
1192 45.07
877 44.30
1044 44.63
959 44.11
2699 51.00
146 49.01
231 49.53
967 46.59
932 47.22
820 46.27
1038 46.59
742 45.85
1119 46.68
342 46.83
876 46.25
623 45.68
