15154 38.40
2945 37.22
11726 33.68
9274 32.95
12765 33.40
10080 33.24
11426 33.40
7716 33.13
12850 33.83
8573 33.53
10532 33.03
8432 33.14
12497 33.32
7636 32.99
11086 33.01
8584 32.76
12523 33.39
7891 33.07
10711 32.59
8692 32.76
12917 33.21
8126 32.91
10473 32.68
9410 32.98
12396 33.21
8672 33.17
10775 32.77
8429 32.67
13011 33.12
8485 33.09
11446 32.80
8090 32.89
22841 34.30
4685 34.59
8981 33.70
8343 33.22
11615 33.75
9545 32.98
10456 33.45
8722 33.00
11506 33.90
9212 32.98
12126 32.94
8462 33.19
11750 34.17
9182 33.26
11535 33.05
8187 33.18
12178 33.94
8691 33.24
11381 33.12
8222 33.08
13118 33.57
8069 33.22
10782 33.21
8431 33.05
13045 33.59
8247 33.11
11243 33.02
8194 33.08
13324 33.42
8058 33.32
10712 33.22
8243 33.10
27186 32.69
3571 35.33
8673 33.78
7757 33.43
13621 33.14
7846 33.09
9873 32.91
8658 32.65
13737 33.08
7968 32.84
10490 33.02
8800 32.87
12706 33.24
8551 32.82
10930 33.09
8367 32.95
13171 33.41
7904 32.96
10737 33.04
8639 32.87
12055 33.70
8970 32.98
11489 32.88
8208 32.99
12284 33.72
8633 33.04
11330 33.15
8713 33.05
13377 33.56
8669 33.20
11341 33.15
8235 33.08
28926 32.55
2431 36.56
9020 34.00
7521 33.67
14164 33.25
7907 33.34
10664 33.47
8647 33.18
13966 33.27
8253 33.12
10499 33.38
8333 33.14
13010 33.55
8253 33.10
9866 33.50
8870 33.05
12890 33.61
8142 33.11
10070 33.55
8694 32.90
12235 33.70
8503 33.05
11635 32.89
8016 32.98
12287 33.80
8624 32.91
11935 32.71
8163 32.72
12876 33.53
8413 33.03
11489 32.82
8165 33.03
29886 31.95
1832 37.11
8660 33.62
8085 33.23
14323 32.96
7546 33.15
10493 33.13
8472 32.80
14032 33.07
7972 33.02
10442 33.12
8588 32.96
14050 32.99
7787 32.99
10496 33.18
8356 32.95
13319 33.33
8205 33.05
10268 33.38
8557 32.86
12147 33.61
8628 32.97
11421 32.83
8161 32.88
11751 33.87
8616 32.88
11443 32.73
7976 32.76
12544 33.57
8452 32.83
11606 32.75
8137 32.78
29207 31.97
1948 36.21
8727 33.30
7974 33.04
14469 32.62
7752 32.84
11373 32.64
8422 32.72
14216 32.91
8060 32.95
10525 33.01
8807 32.72
13941 32.90
7831 32.82
10702 32.96
8595 32.83
14109 33.02
8056 32.87
10738 32.91
8667 32.71
13979 33.03
8102 32.90
10972 33.08
8611 32.83
14430 33.07
8099 33.07
10585 33.25
8931 32.97
14099 33.29
7902 33.18
10693 33.07
8693 32.98
23803 34.09
1940 36.87
8083 34.21
8889 33.21
12148 34.22
8886 33.14
10546 33.59
8821 33.06
11849 34.37
8818 33.18
11169 33.37
8228 33.02
11761 34.19
8680 33.22
10981 33.36
8276 33.05
11747 34.16
8754 33.20
11676 33.10
7864 33.09
12659 33.71
8088 33.19
10870 33.18
7969 33.11
12883 33.48
7755 33.13
11028 32.99
8233 32.99
12666 33.40
8158 32.93
10798 32.95
8192 32.98
29180 32.49
1789 36.71
8626 33.81
7828 33.19
13723 32.91
7859 33.01
10678 33.11
8731 32.75
13938 33.07
8101 32.93
10732 33.08
8991 32.85
14096 33.06
7929 32.98
10993 33.03
8673 32.86
13460 33.34
8250 33.02
10463 33.46
8920 32.89
13549 33.36
8144 33.03
10808 33.20
8314 32.96
13430 33.40
8059 33.14
11009 32.98
8170 33.01
12112 33.65
8385 32.97
11595 32.79
7595 32.89
28758 32.48
1700 36.62
8569 33.52
8068 32.95
13881 32.73
7512 32.80
10242 32.90
8651 32.54
13760 32.82
7731 32.62
10373 32.82
8567 32.52
12920 32.98
8320 32.49
10630 32.59
8391 32.45
12028 33.16
8767 32.41
10957 32.68
8447 32.47
12226 33.15
8736 32.44
11416 32.39
8021 32.44
12561 33.01
8303 32.54
11345 32.43
7942 32.37
12655 32.95
8107 32.37
11516 32.25
8160 32.37
29745 32.24
1564 36.41
9169 33.40
7892 32.75
14269 32.48
7874 32.68
10718 32.74
8774 32.51
14305 32.64
8079 32.47
10900 32.71
8512 32.59
