15392 38.26
2980 37.04
12162 33.47
9531 32.85
13035 33.31
10563 33.03
11494 33.27
7933 33.02
13042 33.79
8606 33.33
10818 32.93
8561 33.04
12730 33.21
7798 32.74
11249 32.89
8697 32.71
12875 33.17
7917 32.91
11072 32.37
8728 32.54
13247 33.05
8512 32.88
11261 32.38
9362 32.88
13205 32.88
8556 32.97
10602 32.79
8669 32.61
12820 33.18
8837 32.92
10872 32.98
8700 32.71
23290 34.11
4847 34.56
9040 33.40
8628 33.09
11968 33.56
9619 32.83
11151 33.16
8732 32.88
11452 33.84
9695 32.81
11796 33.08
8792 33.01
12129 34.02
9493 33.08
11876 32.88
8392 33.02
12493 33.79
8805 33.04
11644 32.95
8475 33.00
13352 33.48
8443 33.01
11488 32.93
8459 32.92
13314 33.43
8345 33.02
11355 32.98
8467 33.00
13520 33.29
8155 33.30
10857 33.10
8532 33.04
27678 32.51
3659 35.09
8857 33.53
8114 33.32
13869 32.92
8019 33.02
10157 32.85
8843 32.56
13860 33.08
8289 32.87
10631 32.99
9021 32.68
13033 33.25
8800 32.72
11143 32.93
8543 32.73
13227 33.29
8214 32.82
10941 32.92
8842 32.77
12306 33.60
8825 32.95
11667 32.78
8277 32.86
12696 33.52
8754 32.95
11293 33.11
8769 32.95
13755 33.35
8776 33.02
11652 32.97
8589 32.95
29361 32.40
2355 36.67
9214 33.86
7611 33.62
14510 33.05
7954 33.23
10830 33.39
8913 33.01
14228 33.06
8446 33.10
10731 33.25
8646 32.97
13418 33.42
8427 32.94
9879 33.46
9230 32.87
12954 33.55
8465 33.06
10277 33.43
9163 32.85
12460 33.67
8481 32.94
11836 32.86
8348 32.76
11973 33.86
8905 32.88
12130 32.67
8237 32.77
12977 33.46
8690 32.88
11865 32.76
8442 32.81
30350 31.77
1873 36.95
8888 33.59
8156 33.17
14484 32.91
7933 32.90
10600 33.02
8949 32.64
14298 32.92
8077 32.93
10609 33.03
8877 32.73
14226 32.87
7823 32.89
10810 33.02
8606 32.76
13253 33.28
8502 32.81
10404 33.31
8857 32.74
12618 33.51
8646 32.84
11499 32.72
8253 32.68
12019 33.71
8709 32.75
11708 32.60
8228 32.60
12760 33.42
8731 32.71
11843 32.70
8440 32.71
29819 31.77
2025 36.04
8882 33.35
8041 32.92
14738 32.48
7915 32.72
11730 32.46
8558 32.64
14466 32.68
8455 32.72
10860 32.84
8892 32.63
14191 32.85
8059 32.69
10810 32.84
8857 32.64
14257 32.74
8144 32.78
10933 32.89
8869 32.62
14186 32.83
8205 32.88
11212 32.98
8972 32.78
14593 32.85
8357 32.87
10988 33.01
8930 32.92
14431 33.16
8219 33.01
10980 33.15
8765 32.87
22862 34.46
2678 35.88
8197 34.21
9103 33.18
11713 34.27
9271 33.09
10083 33.74
9440 32.93
11529 34.48
9441 33.09
11607 33.23
8220 33.00
12296 33.99
8587 33.07
11982 32.99
8005 32.97
12455 33.74
8556 33.09
11764 32.94
7942 32.93
13182 33.43
8114 33.09
10991 33.09
8155 32.94
12719 33.48
8358 33.01
11033 33.05
8617 32.84
12756 33.45
8229 33.02
11017 32.95
8322 32.84
29578 32.35
2027 36.27
8788 33.63
7886 33.03
13972 32.87
8081 32.93
10937 33.08
8812 32.67
14181 32.89
8347 32.85
10963 32.98
9175 32.67
14383 32.90
8270 32.89
10992 32.99
9113 32.74
14606 32.95
7967 32.93
11201 33.05
8815 32.76
14374 32.92
8083 32.88
10906 33.05
8828 32.69
14366 33.00
7959 33.00
10689 33.04
8661 32.76
12978 33.32
8464 32.90
10820 33.03
8114 32.71
28127 32.70
1733 36.78
8976 33.34
8022 32.95
13297 32.89
8146 32.69
10454 32.76
8935 32.40
13219 33.05
8191 32.59
10965 32.65
8529 32.41
12345 33.16
8815 32.46
11054 32.52
8363 32.30
12214 33.07
8960 32.43
11878 32.43
8452 32.29
12075 33.21
9034 32.36
11771 32.37
8067 32.41
12753 32.89
8570 32.39
11574 32.39
8071 32.35
12673 32.94
8457 32.31
11728 32.14
8511 32.23
30157 32.08
1620 36.44
9178 33.31
8068 32.69
14556 32.37
7943 32.58
11015 32.66
9040 32.28
14448 32.54
8342 32.51
11135 32.58
8869 32.34
