16319 37.73
3428 36.60
13118 32.85
9603 32.47
12992 33.38
11389 32.65
12682 32.79
8333 32.74
13172 33.66
9688 32.86
11582 32.61
9165 32.65
14043 32.70
8091 32.63
11829 32.56
9292 32.42
13788 32.75
8409 32.68
11655 32.01
9293 32.28
13735 32.78
8942 32.51
11530 32.35
10016 32.55
13246 32.76
9455 32.64
11745 32.22
9046 32.25
13506 32.88
9605 32.47
12385 32.36
8756 32.41
24487 33.64
5237 34.08
9159 33.32
9249 32.81
12560 33.23
10237 32.53
12039 32.73
9245 32.53
12413 33.40
10113 32.48
13198 32.37
9085 32.76
13258 33.43
9791 32.69
12172 32.63
8841 32.71
13118 33.43
9400 32.74
12316 32.57
8931 32.59
14048 33.09
8924 32.64
11312 32.87
9434 32.46
14011 33.00
8901 32.73
12152 32.57
8865 32.53
13640 33.12
9179 32.78
11122 32.96
9273 32.64
29349 31.98
4109 34.57
9445 33.26
8551 32.94
14749 32.56
8653 32.70
10740 32.52
9408 32.21
14833 32.58
8516 32.49
11346 32.45
9365 32.48
13618 32.85
9336 32.34
11674 32.55
9217 32.46
14061 32.97
8723 32.47
11537 32.50
9430 32.40
13626 32.99
9123 32.54
12257 32.45
8984 32.43
13072 33.32
9377 32.54
12642 32.52
8963 32.62
14556 33.04
9232 32.83
11567 32.84
9446 32.49
31387 31.77
2598 36.29
9959 33.45
8161 33.25
15281 32.70
8578 32.83
11707 32.92
9437 32.61
14916 32.79
8966 32.73
11389 32.99
9134 32.61
13859 33.09
9160 32.58
10525 33.08
9724 32.55
13832 33.09
9039 32.70
10792 33.16
9553 32.46
13233 33.29
9137 32.64
11760 32.72
9134 32.51
12499 33.57
9391 32.40
13006 32.30
8807 32.38
13598 33.14
9363 32.55
12338 32.44
8823 32.40
32206 31.23
2027 36.41
9489 33.19
8973 32.74
15336 32.49
8276 32.68
11470 32.63
9265 32.39
15157 32.62
8514 32.49
11478 32.68
8991 32.43
13976 33.04
8783 32.55
10786 32.98
9847 32.36
14260 32.84
9026 32.58
10821 32.91
9408 32.43
12995 33.14
9212 32.50
12458 32.34
8763 32.42
13293 33.07
9115 32.45
12325 32.28
8764 32.18
13948 32.75
8970 32.35
12345 32.35
9006 32.27
32527 30.93
1775 36.48
9526 32.96
8582 32.50
15511 32.18
8574 32.28
12316 32.11
9207 32.30
15311 32.29
9042 32.36
11603 32.48
9351 32.31
15036 32.50
8627 32.29
11387 32.47
9436 32.18
14962 32.44
8653 32.46
11547 32.45
9475 32.28
14989 32.47
8759 32.48
11800 32.63
9310 32.46
15363 32.57
8658 32.64
11690 32.71
9497 32.37
15261 32.68
8812 32.61
11431 32.69
9513 32.48
24846 33.69
1996 36.67
8880 33.74
9707 32.77
13267 33.65
9524 32.67
10705 33.33
9910 32.47
12807 33.78
9454 32.71
11236 33.17
9545 32.53
12690 33.62
9485 32.73
11756 32.88
8972 32.66
13094 33.44
9190 32.70
12552 32.49
8429 32.62
13125 33.36
9244 32.67
11538 32.80
8793 32.63
13899 32.99
8677 32.57
12379 32.45
8790 32.46
13517 33.09
8775 32.61
11695 32.43
9085 32.38
31406 31.80
2138 36.02
9281 33.24
8480 32.76
14627 32.48
8556 32.51
11595 32.70
9716 32.29
14854 32.61
8910 32.53
11544 32.68
9559 32.25
15434 32.55
8312 32.49
11887 32.56
9602 32.36
15128 32.65
8807 32.51
11764 32.67
9436 32.35
15235 32.57
8684 32.58
11536 32.63
9227 32.47
15118 32.63
8360 32.64
11000 32.75
9276 32.45
13745 32.92
9012 32.50
11513 32.56
8627 32.39
29950 32.14
1857 36.08
9533 33.06
8994 32.58
13966 32.60
8807 32.30
10608 32.68
9741 32.11
14106 32.62
8910 32.20
10733 32.60
9218 32.08
13048 32.88
9370 32.08
12344 32.06
8645 32.09
12367 32.98
9736 32.21
12672 32.05
8865 31.92
12968 32.79
9486 32.09
12228 32.09
8862 32.13
13444 32.58
9047 32.06
12226 31.99
8576 31.92
14014 32.41
8673 32.02
11984 31.98
9271 31.87
31964 31.55
1882 36.29
9871 32.92
8435 32.32
15228 32.05
8526 32.30
11606 32.37
9400 31.92
15176 32.19
8906 32.05
11735 32.28
9430 32.19
