17744 36.95
4156 35.59
14344 32.31
10924 31.79
14187 32.71
12539 31.99
13556 32.31
9425 32.02
14923 32.83
9922 32.37
12541 32.01
10070 31.97
14038 32.40
9685 32.00
12906 32.07
10528 31.80
14775 32.27
9467 32.01
12583 31.55
10376 31.70
14801 32.28
9941 31.92
12612 31.66
11160 31.94
15064 32.06
10091 32.15
12134 31.92
10167 31.52
15118 32.13
10206 32.02
13567 31.76
9521 31.83
26699 32.87
5848 33.45
10689 32.54
9891 32.12
14577 32.36
10752 31.88
12867 32.15
10210 32.00
14067 32.53
10945 31.88
13359 32.09
10230 32.08
14730 32.79
10595 32.17
13437 31.97
9814 32.07
14226 32.82
10245 32.21
13428 31.96
9999 32.00
15096 32.55
9940 32.06
13430 31.91
9936 32.02
14289 32.79
10441 32.00
13455 32.03
9846 32.10
15477 32.48
9804 32.34
12603 32.21
9940 32.09
31792 31.17
4734 33.93
10462 32.72
9305 32.48
15923 32.06
9425 32.09
12033 32.02
10163 31.62
15851 32.20
9561 31.96
12344 32.05
10440 31.89
14894 32.27
10241 31.85
12833 32.07
9923 31.93
15190 32.38
9669 31.96
12656 31.99
10296 31.89
14967 32.38
10082 31.89
13281 31.80
9919 31.99
15077 32.40
9944 32.05
13594 31.93
10083 32.03
15322 32.57
10394 32.19
13517 32.04
9870 32.09
33961 31.02
2943 35.65
11063 32.90
8914 32.64
16502 32.16
9543 32.24
12614 32.37
10353 32.06
16281 32.20
10101 32.05
12500 32.34
10051 32.14
15171 32.48
9945 32.11
11658 32.46
10505 31.96
14996 32.61
9853 32.17
11895 32.57
10429 31.96
14169 32.75
10030 31.98
12719 32.18
10251 31.97
13608 32.95
10591 31.82
14211 31.72
9734 31.81
14560 32.64
10383 32.01
13702 31.90
9683 31.91
35314 30.36
2335 35.98
10502 32.65
9678 32.30
16660 31.96
9163 32.14
12283 32.17
10213 31.80
16518 32.04
9600 31.97
12443 32.14
10141 31.92
16324 31.99
9254 32.08
12559 32.18
10076 31.84
15211 32.38
10000 32.01
12708 32.10
9847 31.97
14071 32.59
10239 31.95
13464 31.85
9734 31.79
13612 32.83
10377 31.84
13521 31.70
9615 31.73
14368 32.49
10072 31.85
13668 31.81
9940 31.79
34030 30.52
2736 35.15
10572 32.40
9721 31.95
16817 31.68
9546 31.74
13380 31.64
10303 31.60
16434 31.79
9812 31.83
12479 32.00
10368 31.74
16149 31.88
9483 31.81
12556 31.93
10161 31.78
16279 31.89
9650 31.95
12596 31.98
10398 31.70
16264 31.92
9627 31.97
12695 32.08
10323 31.82
16769 32.02
9655 31.96
12744 32.21
10395 31.94
16361 32.16
9752 31.99
12634 32.18
10239 31.95
27513 32.76
2443 35.81
10450 32.89
10120 32.25
15064 32.90
10175 32.13
12150 32.55
10619 31.99
14596 32.95
9331 32.41
12128 32.56
10432 31.93
13737 33.10
10453 32.07
13155 32.27
9900 31.98
13833 33.03
10210 32.15
13882 31.96
9482 31.95
14370 32.81
10155 32.14
13700 32.01
9304 32.08
14955 32.49
9486 32.05
12782 32.03
9925 31.96
14678 32.52
9657 31.95
12630 32.08
9792 31.84
34220 30.98
2640 35.57
10324 32.76
9503 32.25
16151 31.98
9277 32.03
12633 32.14
10630 31.72
16108 32.00
9751 31.96
12791 32.11
10552 31.84
16567 32.02
9584 31.95
12894 32.05
10413 31.81
16596 32.02
9505 32.06
12937 32.11
10210 31.93
16346 32.08
9591 32.06
12575 32.14
9990 31.93
16278 32.09
9443 32.04
12191 32.17
10056 31.92
14880 32.33
9819 31.94
12437 32.03
9447 31.87
32166 31.46
2310 35.70
10740 32.51
9474 32.02
16493 31.63
9334 31.79
12149 31.86
10105 31.65
16135 31.74
9432 31.64
12337 31.80
10137 31.40
15121 31.92
9814 31.59
12566 31.66
9969 31.36
13925 32.20
10412 31.53
12843 31.72
10119 31.38
13469 32.39
10842 31.49
13617 31.41
9617 31.61
13886 32.37
10238 31.54
13679 31.38
9263 31.38
15218 31.89
9485 31.45
13282 31.35
9797 31.33
34836 30.71
2250 35.48
11005 32.33
9478 31.71
16759 31.45
9543 31.71
12848 31.77
10477 31.47
16677 31.61
9588 31.53
12764 31.74
10329 31.53
