3064 51.00
103 51.00
405 51.00
312 50.94
621 49.77
789 48.63
1203 47.79
886 46.53
1244 48.34
837 47.24
1224 47.19
1026 46.62
1311 47.94
762 46.78
1294 46.78
943 46.88
1333 47.30
690 47.45
1219 46.21
925 46.11
1371 46.84
661 47.40
1158 46.04
908 46.60
1328 47.03
774 47.21
1173 46.40
1121 45.76
1375 46.80
744 45.92
1235 45.98
972 45.67
2698 51.00
213 48.44
716 48.47
1245 47.23
817 48.07
1196 46.98
1097 47.60
794 46.45
1302 47.23
726 46.88
1197 46.61
895 46.44
1350 47.11
560 47.26
1266 46.25
814 46.57
1361 46.45
851 46.28
1241 46.23
969 45.36
1259 46.65
956 45.41
1211 45.76
1061 45.35
1494 46.34
960 46.14
1391 46.07
915 45.80
1459 46.37
951 46.12
1376 45.86
854 45.60
2639 51.00
198 49.95
647 48.99
1197 46.41
1107 46.84
907 46.04
1226 46.05
1066 45.60
1377 46.44
644 47.45
1301 46.26
528 46.72
1320 46.10
1073 46.26
1261 46.04
926 46.11
1399 46.22
650 46.30
1230 45.67
1002 45.93
1486 46.09
847 45.83
1201 45.53
855 45.55
1522 46.26
1001 45.94
1366 45.80
1087 45.59
1542 45.91
947 45.66
1205 45.04
1114 45.52
2672 51.00
397 49.85
561 48.65
1162 46.41
1154 46.57
865 45.87
1232 46.50
1027 45.72
1368 46.67
829 47.28
1063 46.28
1008 45.86
1332 46.48
871 46.25
1236 45.54
889 46.02
1318 46.13
816 45.88
1272 46.05
776 45.93
1485 45.79
829 45.39
1222 45.34
883 45.51
1339 45.56
977 45.03
1327 45.33
849 44.80
1422 45.58
1020 45.03
1246 45.26
881 44.96
2669 50.98
185 48.39
556 47.19
1188 45.69
1245 46.42
743 45.58
1177 45.55
904 45.13
1386 45.97
785 45.81
1074 45.76
896 45.63
1462 45.66
876 44.93
1325 45.04
752 45.31
1575 45.10
910 45.42
1259 45.21
928 45.05
1460 45.42
1081 44.77
1337 45.06
835 44.51
1469 45.23
969 44.57
1329 44.56
836 44.26
1416 45.02
1081 44.44
1340 44.84
851 44.45
2707 50.85
194 48.30
613 46.18
1171 45.22
1293 45.93
799 45.53
1048 45.35
1118 45.20
1367 45.58
946 45.18
1244 45.55
926 45.20
1372 45.68
883 45.14
1313 45.46
873 44.76
1390 45.69
1050 44.77
1181 45.35
970 44.92
1377 45.73
1115 44.76
1322 44.90
796 45.22
1422 45.53
1095 45.18
1296 45.20
964 44.54
1477 45.43
935 45.16
1330 44.92
993 44.21
2814 50.80
224 46.32
625 46.90
1198 45.37
1283 46.73
893 45.58
1149 45.66
925 45.34
1364 46.19
979 45.42
1258 45.61
746 45.50
1390 45.68
905 45.20
1143 45.45
1034 44.87
1361 45.68
1062 44.70
1243 45.01
821 44.50
1467 45.28
991 44.63
1321 44.80
769 44.89
1425 45.22
1043 44.31
1283 44.43
982 44.05
1369 44.78
1028 44.36
1436 44.21
849 44.31
2837 50.78
269 46.76
854 46.18
688 45.41
1307 45.92
918 45.32
1275 45.49
897 45.01
1331 45.54
1004 45.30
1363 44.84
886 44.97
1455 45.21
980 44.90
1179 45.03
976 44.97
1454 45.29
1046 44.56
1423 44.97
845 44.84
1509 44.91
1014 44.87
1387 44.50
799 44.77
1473 45.21
1108 44.44
1364 44.68
867 44.22
1465 44.83
975 44.33
1350 44.58
956 43.99
3056 50.39
227 47.69
700 46.22
830 45.37
1337 45.60
886 45.18
1194 44.78
1061 44.58
1362 45.43
1035 44.81
1159 44.94
887 44.23
1353 45.11
1081 44.13
1439 44.30
842 44.39
1566 44.67
912 44.75
1252 44.11
787 44.52
1345 44.54
1007 44.15
1390 44.09
833 44.21
1579 44.11
993 43.64
1289 43.64
802 43.70
1400 44.27
1095 43.67
1300 43.72
992 43.65
3154 50.25
282 47.00
838 46.30
853 45.78
1229 46.67
1229 45.43
1257 45.93
945 44.88
1296 46.04
1198 44.71
1421 44.82
825 44.54
