18020 36.79
4447 35.62
15062 31.99
10752 31.77
14425 32.58
12784 31.88
13111 32.41
9738 31.90
15199 32.68
10472 32.16
12709 31.91
10253 31.95
14431 32.26
9652 31.73
13140 31.90
10696 31.71
15189 32.13
9483 31.91
12716 31.47
10510 31.61
15060 32.11
10068 31.87
12957 31.57
11368 31.86
15094 31.94
10293 32.07
12738 31.60
10246 31.54
14800 32.31
10583 31.87
12715 32.02
10178 31.66
27173 32.70
6046 33.39
10825 32.46
10113 32.10
14678 32.28
10985 31.84
12905 32.02
10434 31.77
14227 32.39
11099 31.78
13569 32.00
10629 31.94
14913 32.69
10797 32.05
13702 31.83
10018 31.94
14592 32.70
10384 32.01
13574 31.90
10057 31.82
15318 32.42
10122 31.90
13707 31.76
9972 31.86
14630 32.69
10401 31.89
13727 31.88
10117 31.90
15503 32.41
9844 32.18
12230 32.26
10288 31.96
32288 31.02
5106 33.73
10627 32.58
9485 32.30
16289 31.90
9599 31.97
12108 31.89
10449 31.50
16176 32.04
9944 31.80
12613 31.92
10617 31.71
15047 32.13
10499 31.60
13014 31.96
10078 31.82
15530 32.22
9755 31.85
12672 31.95
10497 31.76
14258 32.53
10527 31.80
13847 31.73
9898 31.84
14765 32.55
10401 31.98
14021 31.83
10190 31.93
15420 32.47
10637 32.07
13712 31.92
10060 31.90
34734 30.79
3077 35.59
11365 32.73
9125 32.55
16814 31.98
9646 32.13
12784 32.32
9974 32.23
16540 32.17
10272 31.98
12666 32.23
10348 31.96
15400 32.39
10220 31.86
11690 32.34
10842 31.88
15226 32.45
10300 32.01
12141 32.46
10546 31.83
14385 32.64
10222 31.87
13014 32.04
10159 31.88
13907 32.86
10588 31.77
14355 31.60
9784 31.73
14848 32.53
10575 31.90
14017 31.74
9899 31.82
35683 30.22
2440 35.63
10714 32.53
9929 32.10
16882 31.87
9485 31.86
12652 32.02
10269 31.68
16724 31.90
9552 31.91
12563 32.01
10322 31.79
16657 31.80
9431 31.95
12811 31.96
10349 31.63
15495 32.26
10086 31.94
12229 32.22
10474 31.71
14621 32.41
10355 31.75
13813 31.68
10004 31.71
13778 32.73
10447 31.75
13676 31.61
9715 31.61
14607 32.36
10531 31.62
13969 31.61
9995 31.66
34851 30.31
2683 35.20
10885 32.17
9655 31.84
17020 31.56
9635 31.66
13719 31.51
10206 31.61
16711 31.69
10164 31.67
12910 31.80
10555 31.63
16440 31.81
9616 31.77
12759 31.73
10318 31.62
16495 31.78
9835 31.79
12919 31.83
10489 31.52
16446 31.85
10013 31.75
13284 31.95
10295 31.78
17045 31.89
9823 31.90
12765 32.20
10684 31.96
16623 32.13
9891 32.00
12714 32.08
10481 31.90
27867 32.66
2352 35.88
10648 32.78
10347 32.10
15386 32.79
10203 31.99
12350 32.41
10839 31.95
14876 32.89
10383 32.11
12188 32.46
10631 31.86
14740 32.77
10252 32.06
12950 32.16
10097 31.91
14377 32.77
10222 32.00
13848 31.85
9618 31.88
14324 32.69
10490 32.01
13859 31.86
9384 31.94
14821 32.59
9893 31.93
13741 31.75
9798 31.88
14790 32.44
9847 31.97
12871 31.93
9962 31.86
34668 30.83
2823 35.25
10693 32.63
9632 32.15
16361 31.90
9688 31.86
13028 32.05
10708 31.61
16323 31.90
9871 31.95
12893 32.01
10715 31.73
15719 32.26
10041 31.79
12271 32.28
10905 31.71
14872 32.50
10536 31.89
13370 32.08
10479 31.78
14949 32.58
10435 31.84
12341 32.34
10555 31.82
14867 32.65
10288 32.03
13564 31.94
9840 31.83
13899 32.76
10577 31.88
13856 31.72
9063 31.72
35404 30.53
2461 35.40
10568 32.33
9538 31.93
16320 31.53
9617 31.72
12351 31.72
10398 31.48
16403 31.61
9414 31.58
12857 31.64
10166 31.40
15407 31.80
9889 31.45
12823 31.59
9964 31.34
14144 32.09
10568 31.42
13765 31.32
9956 31.38
13793 32.31
10821 31.41
13764 31.30
9864 31.28
14535 32.13
10048 31.38
13442 31.30
9556 31.25
15466 31.65
9968 31.28
12879 31.52
10361 31.25
35537 30.51
2257 35.49
11154 32.22
9701 31.55
17014 31.36
9564 31.57
12932 31.63
10728 31.32
16809 31.49
10024 31.41
12940 31.58
10549 31.38
