18309 36.64
4459 35.40
15413 31.86
10896 31.65
14604 32.44
12979 31.77
13269 32.35
10068 31.75
15510 32.54
10716 32.10
12930 31.73
10577 31.79
14679 32.12
9831 31.68
13029 31.92
11077 31.58
15581 32.00
9625 31.76
12882 31.38
10785 31.42
16218 31.77
9902 31.74
13459 31.31
11424 31.79
15203 31.89
10459 31.89
13155 31.53
10314 31.42
14998 32.14
10699 31.77
13343 31.84
10177 31.64
27686 32.52
6118 33.24
10471 32.61
10513 31.98
15027 32.21
11224 31.70
13381 31.88
10511 31.75
14406 32.35
11298 31.65
13735 31.88
10777 31.87
14969 32.59
11059 32.00
13887 31.77
10282 31.87
14818 32.57
10562 31.95
13916 31.79
10273 31.78
15575 32.33
10291 31.87
13891 31.66
10165 31.69
14715 32.57
10644 31.87
12945 32.17
10622 31.85
15405 32.35
10402 32.01
12219 32.23
10507 31.83
32824 30.88
5160 33.64
10771 32.56
9807 32.11
16489 31.87
9768 31.88
12268 31.80
10645 31.43
16432 31.97
10062 31.68
12637 31.83
10777 31.63
15273 32.07
10678 31.50
13283 31.82
10303 31.67
15667 32.15
10102 31.72
13000 31.77
10661 31.66
15485 32.13
10530 31.78
13691 31.66
10297 31.76
15601 32.18
10093 31.88
14018 31.72
10417 31.82
15771 32.37
10710 31.97
13963 31.79
10322 31.80
34610 30.82
3230 35.47
11637 32.64
9348 32.49
17157 31.91
9902 32.01
13117 32.20
10634 31.95
16778 32.03
10332 31.93
12891 32.15
10419 31.83
15501 32.27
10207 31.88
12003 32.33
10976 31.73
15641 32.33
10142 31.96
12069 32.34
10812 31.70
14611 32.50
10553 31.82
14025 31.69
10195 31.72
14040 32.78
10793 31.61
14575 31.52
10031 31.65
14224 32.78
11213 31.78
14385 31.62
10041 31.81
35961 30.15
2531 35.70
11055 32.43
10121 32.01
17156 31.78
9636 31.84
12947 31.93
10545 31.57
16881 31.88
9948 31.76
12753 31.93
10372 31.68
15828 32.09
9869 31.81
12178 32.17
10845 31.58
14979 32.37
10650 31.78
13401 31.83
10303 31.62
14951 32.30
10395 31.71
13973 31.51
10019 31.59
14846 32.31
10393 31.59
13879 31.48
9878 31.55
14760 32.33
10691 31.56
14083 31.56
10233 31.51
35665 30.09
2687 35.08
11002 32.12
9968 31.72
17361 31.39
9695 31.60
13830 31.41
10456 31.52
17112 31.56
10447 31.51
13152 31.70
10524 31.51
16828 31.63
9707 31.75
12806 31.70
10428 31.58
15551 32.09
10445 31.59
12187 32.07
11184 31.51
15961 32.02
10372 31.76
13642 31.79
10518 31.55
16408 32.10
10507 31.83
12666 32.18
10938 31.79
16090 32.25
10294 31.83
13218 31.93
10548 31.72
30731 31.73
2560 35.58
11496 32.33
10136 32.03
16575 32.26
9987 31.89
12228 32.35
11142 31.73
16117 32.30
10160 31.85
12341 32.34
10766 31.66
15932 32.23
10030 31.92
12923 32.06
10453 31.72
15574 32.30
10110 31.88
13239 32.02
10303 31.67
14625 32.57
10484 31.89
13127 32.01
10123 31.84
14175 32.68
9656 31.99
14382 31.53
10107 31.71
14977 32.41
10125 31.82
14257 31.48
9885 31.72
35536 30.62
2796 35.02
10979 32.51
9843 32.00
16565 31.76
9877 31.78
13051 31.95
10928 31.58
16552 31.83
10119 31.76
13104 31.92
11005 31.62
17065 31.80
9949 31.78
13273 31.89
10704 31.57
16973 31.87
9984 31.82
13167 31.93
10714 31.66
17064 31.80
9912 31.86
12951 31.93
10503 31.71
17014 31.87
9815 31.85
12585 32.03
10580 31.74
15374 32.16
10215 31.74
13011 31.94
9729 31.51
32307 31.43
2331 35.72
11103 32.30
9965 31.87
15760 31.82
10139 31.61
11883 31.98
11067 31.35
15839 31.87
9966 31.46
12334 31.82
10668 31.29
14673 32.04
10502 31.40
13861 31.21
9900 31.33
13936 32.25
10123 31.61
14268 31.19
10160 31.31
14678 31.95
10703 31.32
13751 31.28
10074 31.23
15065 31.79
10314 31.23
13721 31.17
9768 31.12
15841 31.61
9881 31.30
13203 31.22
10506 31.14
35949 30.41
2457 35.27
11370 32.11
9848 31.51
17224 31.26
9836 31.55
13243 31.52
10849 31.20
17212 31.36
10091 31.31
13089 31.50
10756 31.24
