18617 36.48
4665 35.27
15673 31.71
10986 31.53
14453 32.53
12235 31.97
14839 31.79
9716 31.74
15643 32.54
10939 31.98
13207 31.59
10859 31.74
15449 31.93
9809 31.61
13213 31.82
11174 31.47
15769 31.88
9726 31.67
13142 31.29
10742 31.40
15598 31.84
10347 31.61
13346 31.34
11636 31.67
15667 31.66
10805 31.75
12842 31.60
10665 31.33
15151 32.07
11207 31.60
14167 31.52
10124 31.49
28121 32.39
6340 33.27
11315 32.28
10403 31.82
15183 32.11
11276 31.63
12682 32.02
10967 31.62
14685 32.21
11462 31.53
14132 31.77
11147 31.71
15497 32.42
11264 31.83
14043 31.68
10297 31.79
15920 32.22
10216 31.91
13933 31.70
10273 31.67
15734 32.25
10541 31.71
14176 31.50
10328 31.61
15150 32.42
10520 31.75
13264 32.03
10784 31.74
16226 31.98
10338 31.95
13339 31.78
10316 31.80
33378 30.74
5293 33.58
11103 32.36
10152 32.02
16652 31.69
9965 31.82
12550 31.71
10901 31.27
16698 31.84
10210 31.62
12823 31.68
10969 31.46
15431 31.92
10895 31.50
13334 31.79
10594 31.55
15942 32.05
10238 31.73
13154 31.66
10991 31.49
15648 32.06
10569 31.69
13940 31.57
10377 31.66
15922 32.07
10272 31.75
14185 31.60
10705 31.73
16316 32.13
10807 31.89
14122 31.65
10367 31.75
34817 30.76
3400 35.35
11864 32.50
9401 32.32
17432 31.77
10231 31.88
13456 32.04
10300 31.99
16940 31.88
10493 31.79
13265 32.07
10657 31.72
15835 32.15
10547 31.79
12204 32.21
11032 31.66
15832 32.24
10531 31.80
12438 32.25
10930 31.61
14993 32.44
10764 31.64
13513 31.85
10515 31.66
15210 32.38
10462 31.59
14596 31.43
10230 31.50
15378 32.28
10752 31.72
14451 31.53
10240 31.61
36165 30.09
2626 35.41
11325 32.31
10358 31.96
17474 31.65
9774 31.75
13237 31.78
10669 31.45
17143 31.72
9964 31.69
12938 31.76
10700 31.58
16076 31.96
10281 31.67
12312 32.01
11155 31.48
15182 32.31
10679 31.63
12755 32.02
10862 31.50
14246 32.52
11197 31.57
14231 31.45
10191 31.49
15124 32.24
10588 31.46
13912 31.35
9992 31.46
15949 31.81
10332 31.46
14184 31.31
10515 31.43
36189 29.94
2902 34.71
11333 32.10
10046 31.55
17597 31.30
10061 31.49
14044 31.24
10701 31.36
17488 31.43
10589 31.42
13201 31.63
10174 31.59
16912 31.52
10084 31.55
13175 31.58
10766 31.40
17159 31.57
10162 31.56
13305 31.64
10902 31.37
16986 31.55
10364 31.65
13488 31.73
10699 31.58
17449 31.75
10316 31.70
13357 31.87
11019 31.62
17215 31.84
10253 31.72
13131 31.90
10830 31.61
28635 32.41
2577 35.72
11285 32.57
10712 31.87
15715 32.57
10567 31.80
11991 32.46
11590 31.66
15308 32.62
10794 31.74
12715 32.17
10903 31.60
15347 32.46
10736 31.79
13148 31.95
10484 31.77
14916 32.58
10677 31.77
14199 31.73
9929 31.70
14249 32.77
10943 31.75
14378 31.61
9824 31.69
15449 32.23
10271 31.76
14120 31.56
10298 31.72
15355 32.30
10173 31.74
13453 31.67
10370 31.65
35988 30.49
2890 35.07
11143 32.38
9854 31.95
16565 31.67
10083 31.65
13462 31.86
10973 31.53
16790 31.76
10248 31.66
13289 31.80
11258 31.53
17289 31.67
10098 31.64
13678 31.75
10933 31.52
17229 31.73
10277 31.67
13673 31.81
10722 31.61
17177 31.72
10149 31.77
13283 31.75
10498 31.68
17190 31.77
9761 31.74
12704 31.89
10586 31.47
15587 32.05
10437 31.57
13165 31.79
10029 31.51
33361 31.08
2467 35.28
11312 32.08
10121 31.68
17277 31.34
9781 31.48
12894 31.61
10785 31.22
16827 31.46
9809 31.26
13086 31.40
10461 31.20
15810 31.62
10393 31.30
13162 31.33
10511 31.10
14756 31.85
10782 31.23
13443 31.34
10550 31.15
14109 32.14
11294 31.14
14252 31.11
10240 31.15
15303 31.77
10399 31.17
14110 31.01
9887 31.10
16054 31.51
10212 31.11
13141 31.28
10801 31.02
36556 30.24
2608 35.22
11685 32.01
9912 31.44
17598 31.18
10105 31.30
13379 31.48
10980 31.09
17446 31.26
10439 31.17
13388 31.44
10758 31.17
