18903 36.37
4779 35.22
15114 31.83
11648 31.35
15387 32.03
13287 31.54
14707 31.72
10004 31.51
15221 32.59
11407 31.84
13596 31.53
10763 31.65
15029 31.93
10166 31.55
14609 31.37
11055 31.41
15999 31.76
10011 31.66
13402 31.07
10929 31.27
16012 31.76
10579 31.52
13136 31.38
11848 31.49
15326 31.84
10981 31.66
13302 31.40
10795 31.25
16325 31.64
11063 31.57
14347 31.40
10319 31.33
28566 32.23
6448 33.02
10815 32.35
10906 31.73
15491 31.91
11369 31.53
13747 31.74
10944 31.44
14895 32.15
11803 31.48
14235 31.67
11253 31.65
15468 32.32
11499 31.72
14186 31.55
10699 31.68
16138 32.08
10700 31.74
14130 31.63
10518 31.60
15868 32.13
10703 31.61
14310 31.47
10643 31.51
15627 32.17
10761 31.67
14115 31.61
10824 31.65
15867 32.16
10678 31.83
12879 31.95
10924 31.61
33977 30.57
5316 33.48
11194 32.34
10290 31.97
17043 31.58
10142 31.71
12587 31.65
10917 31.18
16997 31.66
10336 31.45
13184 31.62
11062 31.40
15854 31.91
11001 31.40
12983 31.91
10912 31.36
16080 32.02
10531 31.50
13543 31.59
10969 31.45
15753 31.99
10729 31.54
14174 31.48
10749 31.44
16081 31.93
10614 31.66
14620 31.51
10834 31.64
16392 32.07
10905 31.79
14326 31.62
10593 31.67
35565 30.55
3805 34.94
12024 32.37
9565 32.24
17749 31.74
10272 31.88
13536 31.96
11014 31.62
17268 31.77
10674 31.75
13200 32.01
10848 31.64
16008 32.10
10700 31.56
12229 32.10
11352 31.56
16125 32.09
10591 31.71
12624 32.14
11218 31.51
15238 32.30
10861 31.56
14506 31.49
10431 31.59
15276 32.20
10793 31.44
14874 31.33
10324 31.46
14710 32.48
11398 31.52
14682 31.39
10598 31.56
36821 29.94
2647 35.46
11457 32.23
10507 31.85
17669 31.50
10033 31.67
13250 31.66
10969 31.43
17473 31.63
10247 31.58
13264 31.64
10805 31.45
17210 31.54
10048 31.64
13274 31.66
10857 31.27
16380 31.84
10445 31.58
12642 31.95
11125 31.33
15040 32.17
10847 31.49
13618 31.52
10879 31.27
14680 32.37
11075 31.37
14407 31.24
10375 31.24
15412 32.02
10945 31.40
14485 31.24
10750 31.38
36390 29.88
2942 34.94
11589 31.97
10136 31.49
17885 31.20
10224 31.29
14319 31.16
10860 31.22
17464 31.40
10864 31.28
13429 31.51
10980 31.36
17122 31.39
10291 31.34
13454 31.50
10871 31.33
17306 31.49
10329 31.55
13565 31.57
11020 31.32
17306 31.47
10355 31.55
13634 31.64
10944 31.48
17665 31.63
10453 31.54
13518 31.80
11112 31.54
17481 31.75
10163 31.65
13453 31.76
10989 31.56
29382 32.18
2552 35.74
11427 32.44
11003 31.79
15897 32.45
10829 31.66
12333 32.34
10481 31.94
15698 32.40
11037 31.68
13042 32.07
11235 31.49
15468 32.39
10860 31.70
13530 31.88
10631 31.65
15274 32.39
10796 31.69
14627 31.51
10147 31.54
15196 32.37
10785 31.66
14633 31.51
9963 31.65
15782 32.12
10386 31.55
14095 31.58
10366 31.52
15670 32.05
10515 31.59
14282 31.28
10385 31.47
37372 30.13
2532 35.38
11403 32.26
9953 31.90
16957 31.55
10217 31.59
13648 31.68
11266 31.34
17156 31.60
10511 31.50
13598 31.64
11465 31.29
17684 31.58
10188 31.59
13735 31.64
11251 31.38
17414 31.59
10441 31.52
13679 31.75
11088 31.44
17624 31.58
10125 31.62
13493 31.67
10798 31.55
17350 31.60
9960 31.64
12906 31.78
10778 31.48
15886 31.95
10594 31.55
13372 31.67
10204 31.37
31643 31.60
3398 34.74
11669 32.07
10239 31.54
16471 31.63
10326 31.46
12319 31.76
11393 31.19
16260 31.71
10234 31.27
12691 31.57
10905 31.16
15106 31.88
10836 31.06
14222 30.99
10528 31.04
15011 31.74
10726 31.23
14228 31.06
10427 31.11
15367 31.77
10999 31.10
14064 31.09
10417 31.07
16148 31.51
10265 31.13
13823 31.03
10280 30.88
15811 31.46
10441 30.98
14424 30.84
10731 30.98
36895 30.15
2806 35.01
11884 31.93
10118 31.31
17681 31.08
10220 31.23
13542 31.38
11202 30.94
17743 31.17
10681 31.09
13682 31.30
10995 31.07
