19113 36.25
4895 35.11
16029 31.55
11668 31.22
15695 32.01
13501 31.41
14843 31.66
9905 31.53
15366 32.46
11436 31.72
13942 31.35
11051 31.51
15364 31.85
10400 31.44
14091 31.54
11492 31.20
16215 31.65
10115 31.56
13587 31.02
11171 31.17
17017 31.40
10579 31.33
14133 30.97
12006 31.42
16513 31.37
10823 31.59
13651 31.19
10746 31.20
16500 31.42
11101 31.44
14394 31.29
10514 31.32
29017 32.09
6627 32.99
11172 32.20
11084 31.61
15728 31.82
11717 31.36
13851 31.60
11190 31.31
15172 32.00
11912 31.31
14272 31.66
11378 31.52
15740 32.22
11717 31.61
14602 31.40
10741 31.52
15565 32.26
11142 31.70
14528 31.50
10686 31.54
16297 32.03
10942 31.52
14472 31.32
10811 31.38
15953 32.13
11072 31.53
14502 31.50
10914 31.50
16020 31.97
10873 31.82
13176 31.84
10977 31.55
34482 30.43
5496 33.39
11333 32.21
10392 31.77
17209 31.56
10318 31.59
13026 31.48
11150 31.09
17273 31.59
10472 31.40
13211 31.53
11234 31.33
16092 31.71
11032 31.29
14089 31.51
10889 31.31
16360 31.83
10608 31.35
13844 31.46
11306 31.34
16032 31.85
10952 31.41
14150 31.35
11019 31.36
16424 31.79
10743 31.51
14758 31.43
10985 31.47
16694 31.95
11044 31.63
14510 31.47
10937 31.46
35559 30.55
3803 34.92
12259 32.32
9820 32.13
17935 31.65
10505 31.72
13792 31.83
11252 31.56
17482 31.71
10747 31.66
13574 31.86
10980 31.59
16306 32.03
10925 31.51
12719 31.98
11309 31.45
16135 32.04
10712 31.70
12732 32.11
11357 31.33
15495 32.19
10916 31.43
13886 31.57
10811 31.45
14728 32.41
11424 31.27
15387 31.19
10803 31.30
15883 32.03
11154 31.53
14830 31.31
10416 31.40
37646 29.71
2798 35.29
11815 32.08
10562 31.66
17939 31.42
10070 31.58
13540 31.57
11108 31.25
17791 31.54
10421 31.32
13392 31.58
11149 31.33
17444 31.48
10154 31.41
13557 31.52
11117 31.33
16578 31.72
10693 31.42
12961 31.81
11098 31.33
15310 32.05
11146 31.39
13760 31.50
10930 31.21
14780 32.27
11185 31.24
14643 31.09
10746 31.11
15652 31.89
11265 31.19
14815 31.22
10639 31.27
37090 29.72
2970 34.72
11684 31.85
10507 31.34
17843 31.03
10513 31.22
13674 31.31
11360 31.11
17977 31.16
10825 31.27
13629 31.34
11295 31.17
17465 31.34
10467 31.24
13413 31.35
11204 31.28
17446 31.37
10560 31.26
13793 31.38
11161 31.17
17484 31.40
10651 31.40
13942 31.53
11031 31.30
18059 31.51
10557 31.50
13959 31.65
11249 31.34
17643 31.61
10472 31.47
13605 31.65
11100 31.51
30008 31.94
2846 35.39
11549 32.33
11269 31.60
16076 32.35
11044 31.62
12247 32.35
12016 31.39
15841 32.30
11084 31.54
13043 32.02
11308 31.38
15748 32.23
10914 31.60
13917 31.76
10692 31.46
15543 32.36
11006 31.59
13831 31.64
10723 31.38
15356 32.25
10922 31.58
14577 31.47
10364 31.48
15854 32.06
10761 31.43
14045 31.50
10841 31.43
15734 31.98
10545 31.48
13640 31.57
10738 31.42
37076 30.19
3098 34.74
11582 32.20
10202 31.65
17323 31.39
10199 31.53
13751 31.57
11371 31.21
17325 31.52
10686 31.41
13733 31.59
11597 31.16
17971 31.49
10587 31.41
14091 31.58
11274 31.27
17774 31.51
10812 31.44
13980 31.60
11055 31.38
17861 31.51
10376 31.51
13642 31.60
11153 31.38
17589 31.62
10200 31.55
13058 31.70
11038 31.38
16162 31.81
10632 31.48
13693 31.64
10318 31.25
33155 31.19
2850 35.03
11848 31.96
10373 31.52
16603 31.48
10568 31.23
12606 31.59
11309 31.08
16511 31.53
10690 31.08
12939 31.49
11076 31.04
15469 31.70
10881 31.07
13816 31.22
10661 30.86
15297 31.67
11084 31.10
14512 31.00
10789 30.86
14818 31.87
10536 31.27
13712 31.15
10796 30.95
16359 31.33
10681 31.00
13614 31.15
10624 30.74
16485 31.28
10468 30.81
13886 30.91
11080 30.72
37725 29.96
2709 35.10
12214 31.78
10339 31.18
17925 30.97
10457 31.12
13726 31.30
11489 30.80
18010 31.01
10937 30.98
13751 31.25
11288 30.88
