19801 35.96
5161 34.77
15948 31.39
12142 30.99
15980 31.82
12823 31.60
15496 31.37
10681 31.20
16967 31.92
11351 31.48
14244 31.03
11341 31.26
15894 31.56
10634 31.13
14364 31.35
12151 30.97
16954 31.42
10413 31.24
13837 30.88
11478 30.94
16792 31.43
11058 31.21
14043 31.02
12601 31.24
16683 31.32
11224 31.43
14097 30.96
11235 30.93
16898 31.39
11564 31.32
14727 31.07
10905 31.09
29811 31.87
6972 32.77
12142 31.85
11069 31.40
16156 31.69
12088 31.12
13743 31.66
11936 31.15
15790 31.80
12118 31.20
14137 31.59
11792 31.29
16309 31.99
11992 31.39
15038 31.23
11331 31.33
15937 32.09
11440 31.43
15050 31.22
10976 31.32
16668 31.83
11199 31.40
15111 31.12
11224 31.18
15822 32.11
11615 31.24
14863 31.27
11179 31.34
16687 31.78
11269 31.58
13260 31.76
11560 31.28
35404 30.17
5839 33.20
11831 32.08
10758 31.64
17513 31.35
10933 31.43
13569 31.28
11511 30.90
17610 31.38
10790 31.18
13831 31.29
11461 31.23
16450 31.59
11312 31.09
13585 31.54
11549 31.18
16925 31.67
10872 31.25
14160 31.29
11726 31.13
16541 31.60
11302 31.19
14730 31.17
11200 31.19
16956 31.59
11247 31.28
15214 31.17
11448 31.25
17484 31.70
11354 31.46
15088 31.28
11032 31.34
36898 30.18
4003 34.75
12608 32.12
10208 31.92
18370 31.42
10900 31.51
14088 31.71
11735 31.29
18005 31.52
11174 31.44
14092 31.62
11257 31.44
16754 31.84
11234 31.35
13172 31.73
11792 31.29
16662 31.87
11036 31.43
13162 31.89
11848 31.18
15997 31.95
11328 31.28
14096 31.46
11202 31.26
15191 32.26
11676 31.09
15672 30.94
11104 31.09
16154 31.89
11832 31.22
15322 31.17
10991 31.23
38579 29.47
2909 35.27
12288 31.87
10893 31.46
18482 31.23
10532 31.27
14008 31.40
11638 31.06
18224 31.37
10710 31.23
13797 31.40
11532 31.15
18096 31.26
10562 31.31
13863 31.44
11318 31.19
17107 31.58
11188 31.23
13376 31.68
11602 31.13
15504 31.95
11530 31.18
14290 31.28
11196 30.95
15277 32.09
11595 31.00
14956 30.96
10865 30.95
16020 31.75
11434 31.00
15235 30.97
10978 31.07
39300 29.12
2561 35.14
12098 31.61
10753 31.18
18939 30.77
10756 31.00
15083 30.72
11495 30.93
18342 31.02
11278 31.06
14259 31.24
11015 31.09
18186 31.18
10926 31.02
14076 31.23
11643 30.96
17934 31.24
10940 31.13
14083 31.24
11656 30.95
17936 31.28
11146 31.11
14317 31.42
11499 31.21
18355 31.35
11227 31.29
14000 31.51
11743 31.17
18192 31.47
10823 31.36
14032 31.48
11520 31.28
29358 32.16
2924 35.43
12057 32.18
11433 31.44
15859 32.43
11642 31.41
12877 32.12
12126 31.24
15587 32.46
11991 31.35
13662 31.86
11577 31.12
15453 32.44
11578 31.41
14511 31.56
11092 31.35
15147 32.40
11595 31.42
15236 31.30
10693 31.30
16129 32.09
11154 31.37
15059 31.26
10621 31.32
16648 31.73
10803 31.35
15106 31.08
10789 31.34
16402 31.72
10881 31.38
14352 31.30
11006 31.14
38250 29.89
3289 34.65
12069 31.93
10448 31.55
17650 31.22
10650 31.23
14139 31.42
11806 31.07
17874 31.32
10963 31.20
14085 31.43
11998 31.04
18337 31.25
10862 31.23
14398 31.35
11619 31.05
18420 31.29
10955 31.27
14459 31.37
11439 31.11
18139 31.33
10810 31.35
14076 31.38
11462 31.18
18041 31.37
10656 31.36
13605 31.49
11393 31.19
16720 31.64
11014 31.23
13974 31.37
10698 31.03
35345 30.56
2630 35.10
12125 31.64
10862 31.29
18055 30.95
10721 31.12
13574 31.17
11443 30.83
17957 31.01
10557 30.97
13807 31.02
11114 30.75
16839 31.18
10898 30.84
14005 30.92
11145 30.60
15526 31.49
11668 30.81
14304 30.91
11346 30.68
15152 31.64
11873 30.71
15228 30.64
11029 30.62
16048 31.43
11150 30.73
15125 30.60
10688 30.61
16980 31.12
10823 30.66
14338 30.72
11348 30.59
38945 29.65
2882 34.84
12540 31.51
10692 30.99
18352 30.71
11029 30.89
14371 31.00
11770 30.70
18575 30.82
11090 30.76
14373 31.02
11453 30.80
