20063 35.82
5345 34.56
17035 31.00
12179 30.87
16100 31.76
13021 31.55
15727 31.28
10708 31.09
16318 32.11
12107 31.32
14579 31.03
11469 31.20
16830 31.30
10743 31.07
15219 30.95
12009 30.93
17155 31.33
10704 31.24
13776 30.90
11663 30.85
17024 31.31
11243 31.15
13950 31.02
12822 31.05
16865 31.21
11544 31.27
14168 30.91
11410 30.74
17265 31.23
11624 31.17
14946 31.01
11074 30.93
30134 31.71
7192 32.59
12338 31.70
11444 31.27
16417 31.51
12513 31.02
14554 31.36
11801 31.08
15884 31.69
12263 31.07
14891 31.27
11834 31.16
16396 31.91
12204 31.31
15178 31.13
11398 31.18
16302 31.95
11686 31.27
15330 31.09
11449 31.05
17045 31.68
11248 31.22
15299 31.05
11505 31.10
16085 32.01
11619 31.16
15280 31.14
11317 31.27
17542 31.47
11288 31.43
14247 31.30
11208 31.28
35995 30.01
5835 33.28
12060 31.93
10920 31.53
17941 31.22
11019 31.27
13657 31.21
11706 30.79
18201 31.19
10921 31.16
13971 31.24
11817 31.02
16939 31.46
11626 30.99
13658 31.50
11797 31.06
16907 31.62
11197 31.05
14446 31.16
11950 31.08
16850 31.56
11542 31.14
14868 31.09
11524 31.07
16945 31.57
11365 31.23
15390 31.10
11543 31.18
17373 31.64
11899 31.31
15192 31.14
11353 31.24
37130 30.12
3975 34.80
12789 32.08
10364 31.80
18690 31.29
11109 31.36
14372 31.55
11820 31.33
18156 31.44
11299 31.32
14306 31.50
11374 31.26
17038 31.68
11407 31.22
13384 31.63
11883 31.22
16909 31.77
11334 31.32
13367 31.77
11885 31.05
16094 31.94
11613 31.13
14410 31.29
11376 31.14
15445 32.17
10903 31.23
16039 30.89
11212 30.93
17025 31.66
11655 31.12
15269 30.98
11263 31.09
39598 29.21
3066 34.91
12455 31.71
11120 31.33
18890 31.06
10722 31.17
14032 31.35
11798 30.94
18503 31.21
10839 31.16
14148 31.27
11678 31.05
18165 31.17
10932 31.11
14174 31.31
11518 31.08
17370 31.47
11343 31.09
13482 31.53
11802 30.98
15949 31.77
11694 31.02
15239 30.84
11210 30.91
15350 31.99
11925 30.91
15232 30.83
10962 30.90
16288 31.61
11561 30.89
15373 30.87
11217 30.93
39318 29.10
2741 35.01
12443 31.45
10909 31.10
18992 30.68
11042 30.91
15180 30.65
11539 30.88
18534 30.87
11514 30.96
14314 31.13
11125 31.06
18521 30.95
10931 30.90
14149 31.05
11790 30.91
18277 31.10
10808 31.07
14439 31.04
12026 30.79
18245 31.09
11307 31.00
14519 31.27
11763 31.00
18669 31.22
11450 31.15
14506 31.37
11784 31.09
18442 31.37
11035 31.28
14151 31.44
11694 31.11
30054 31.92
2824 35.46
12315 32.04
11765 31.29
16938 32.07
11761 31.22
13438 31.88
11947 31.16
16322 32.15
12051 31.26
12915 32.00
12079 31.09
16498 31.97
11648 31.27
14483 31.45
11387 31.13
15965 32.02
11589 31.29
15435 31.14
11083 31.18
16011 32.02
11444 31.31
15133 31.19
10671 31.26
16088 31.93
11246 31.20
14249 31.39
11429 31.17
16615 31.71
11283 31.18
15221 30.95
11021 31.17
38780 29.77
3405 34.65
12220 31.81
10740 31.45
18129 31.09
10945 31.20
14359 31.34
12071 30.98
18061 31.24
11244 31.19
14321 31.32
12192 30.95
18491 31.21
11125 31.15
14561 31.27
11799 31.05
18747 31.21
11076 31.17
14591 31.32
11603 31.08
18491 31.26
11005 31.23
14390 31.33
11497 31.09
18363 31.26
10966 31.25
13848 31.46
11383 31.15
16838 31.53
11145 31.14
14099 31.28
10894 30.98
35417 30.51
2743 35.05
12364 31.53
10908 31.18
18356 30.82
10651 30.99
13732 31.05
11763 30.73
18170 30.87
10713 30.79
13934 30.94
11401 30.61
16928 31.12
11345 30.73
14240 30.85
11446 30.55
15727 31.37
11823 30.74
14616 30.80
11483 30.54
15448 31.57
12041 30.67
15228 30.56
11154 30.61
16197 31.38
11370 30.62
15411 30.52
10799 30.47
17104 31.08
11058 30.57
14780 30.63
11353 30.55
38571 29.72
3752 34.09
12602 31.49
10840 31.05
18782 30.66
10901 30.84
14374 30.96
11751 30.63
18768 30.73
11297 30.64
14411 30.93
11631 30.73
