20704 35.54
5728 34.22
17072 30.91
12534 30.67
17400 31.25
14319 30.88
15024 31.37
11547 30.91
17540 31.60
12125 31.20
14634 30.78
12053 30.92
16482 31.30
11319 30.80
15732 30.75
12516 30.71
17374 31.17
11049 31.03
14403 30.61
12119 30.59
17294 31.16
11608 30.86
14830 30.67
13047 30.92
17472 30.98
11886 31.09
14086 30.88
11936 30.57
16903 31.28
12444 30.89
15867 30.73
11461 30.73
30935 31.47
7455 32.40
12795 31.51
11684 31.13
16950 31.31
12665 30.82
14979 31.14
12072 30.78
16344 31.48
12774 30.82
15526 31.09
12138 31.06
16950 31.73
12651 31.11
15476 30.95
11958 30.99
16617 31.83
12189 31.12
15658 30.98
11765 30.96
17486 31.53
11857 31.11
15544 30.84
11652 30.92
16780 31.69
11973 31.04
15688 30.94
11748 31.01
18059 31.30
11458 31.26
14655 31.11
11777 31.09
37023 29.74
6254 32.91
12419 31.74
11197 31.33
18477 31.00
11287 31.03
14066 30.99
12048 30.64
18530 31.03
11398 30.96
14464 31.07
12161 30.79
17316 31.30
12243 30.79
14263 31.28
11924 30.84
17440 31.42
11395 30.94
14840 30.96
12044 30.83
16250 31.67
12286 30.90
15856 30.83
11436 30.91
16614 31.68
12043 30.96
15852 30.92
11941 31.08
17325 31.65
12562 31.11
15696 30.94
11471 30.98
39608 29.55
4330 34.29
13265 31.84
10550 31.62
19092 31.08
11517 31.22
14764 31.33
12190 31.02
18799 31.17
11933 31.07
14465 31.38
11866 31.06
17532 31.53
11930 30.95
13585 31.48
12457 30.94
17418 31.55
11552 31.16
13908 31.58
12234 30.94
16445 31.73
11914 30.94
14860 31.12
12011 30.85
15806 31.99
12271 30.83
16355 30.69
11469 30.86
17104 31.61
12140 30.98
15782 30.87
11505 30.87
40094 29.09
3329 34.62
12872 31.61
11456 31.21
19390 30.89
11061 30.95
14360 31.17
12128 30.72
18853 31.01
11347 30.94
14588 31.09
11948 30.89
18860 30.94
11159 30.98
14607 31.07
11813 30.88
17699 31.25
11784 30.92
13931 31.38
12221 30.75
16675 31.51
11905 30.91
15509 30.79
11510 30.83
15919 31.77
11984 30.76
15626 30.69
11265 30.80
16725 31.47
11936 30.73
15820 30.66
11607 30.73
40653 28.78
3014 34.60
12849 31.19
11235 30.89
19659 30.45
11476 30.69
15732 30.48
11925 30.57
19069 30.67
11448 30.85
14701 30.90
11426 30.87
18931 30.81
11269 30.74
14825 30.84
12232 30.70
18765 30.79
11588 30.86
14770 30.97
12161 30.65
18819 30.91
11644 30.84
15008 31.11
12074 30.78
19200 30.93
11792 30.96
14843 31.15
12096 30.91
18784 31.18
11683 30.94
14658 31.19
12170 30.92
30589 31.77
2958 35.19
12848 31.82
12006 31.22
17419 31.86
11913 31.07
13465 31.80
12622 30.97
16989 31.86
12089 31.05
13235 31.83
12494 30.90
16836 31.80
12022 31.11
14922 31.21
11686 30.99
16613 31.84
11963 31.08
15768 30.96
11365 30.95
16541 31.77
11658 31.07
15732 30.98
11238 30.97
16456 31.76
11726 31.02
14452 31.26
11819 30.96
16971 31.55
11456 31.05
15820 30.71
11174 31.02
40790 29.24
3139 34.73
12495 31.72
11065 31.24
18663 30.90
11344 31.01
14973 31.02
12312 30.68
18630 30.93
11645 30.88
14857 31.06
12353 30.76
19075 30.99
11400 30.94
15100 31.06
12334 30.76
19082 31.01
11375 31.01
15123 31.14
12210 30.84
18986 31.08
11278 31.00
14745 31.12
11913 30.90
19006 31.07
11225 31.09
14282 31.20
11942 30.85
17382 31.35
11551 30.85
14640 31.10
11052 30.79
34715 30.72
3282 34.41
13072 31.40
11120 31.00
18024 30.90
11450 30.75
13566 31.10
12231 30.62
17662 31.08
11432 30.59
14042 31.02
12036 30.42
16557 31.30
11858 30.54
14900 30.63
11658 30.41
16447 31.21
12160 30.52
15598 30.42
11627 30.49
16531 31.19
12021 30.45
15473 30.44
11279 30.40
17776 30.75
11397 30.44
14864 30.51
11344 30.28
17659 30.79
11408 30.38
14926 30.44
11951 30.38
40563 29.23
3174 34.39
13184 31.24
11170 30.57
19163 30.43
11468 30.54
14871 30.71
12352 30.32
19141 30.53
11628 30.46
15159 30.67
12041 30.46
