3455 51.00
126 51.00
395 51.00
1059 47.11
1266 46.00
1043 46.21
1422 45.82
1194 44.93
1600 46.23
652 46.96
1457 45.77
1309 45.41
1543 46.01
845 45.71
1508 45.42
1153 45.53
1546 45.96
1006 45.64
1470 44.82
1110 45.10
1658 45.39
1066 45.14
1324 44.57
1060 45.08
1607 45.17
1054 45.05
1515 44.73
1176 44.74
1749 45.40
1123 44.86
1690 44.61
1072 44.48
2767 50.94
355 47.46
1168 46.01
1421 45.59
1525 46.03
949 46.38
1391 45.82
1074 45.18
1588 46.21
983 45.64
1511 45.57
992 45.56
1596 45.99
1009 45.73
1432 45.46
1154 45.05
1743 45.73
1108 45.33
1379 45.51
1176 44.76
1577 45.67
1034 44.75
1430 45.00
1229 44.97
1870 45.20
1139 44.98
1456 44.79
1146 45.12
1743 45.27
1168 45.23
1506 45.39
1048 44.81
2757 50.90
431 47.48
1127 47.17
1378 45.65
1444 46.44
988 45.43
1475 44.86
1186 45.12
1614 45.70
1093 45.64
1461 45.30
861 45.39
1739 45.30
1213 45.26
1456 44.98
1192 45.19
1851 45.40
834 45.29
1405 44.88
1243 45.02
1554 45.10
1042 44.88
1395 45.16
1107 44.71
1729 45.46
1256 44.98
1481 45.19
1327 44.86
1665 45.16
1236 44.66
1427 44.65
1232 44.48
2905 50.60
736 47.83
846 46.54
1340 45.61
926 47.24
1549 45.38
1424 46.21
1338 45.52
1665 46.11
1310 45.82
1352 45.73
1114 45.18
1669 45.70
1135 45.38
1574 45.02
1064 44.87
1657 45.47
947 45.06
1469 45.48
1002 44.99
1814 45.12
1042 44.65
1417 44.54
1120 44.25
1628 44.77
1068 44.43
1479 44.53
1050 44.44
1588 45.11
1187 44.46
1401 44.60
1259 44.05
3486 49.37
308 47.30
823 45.96
1006 45.39
1566 45.73
1039 45.02
1439 44.88
1056 44.39
1679 45.14
1202 44.34
1559 44.82
1030 44.58
1665 45.04
1144 44.38
1484 44.40
1004 43.83
1580 45.44
1260 44.06
1476 44.35
1099 44.33
1600 44.70
1207 44.21
1514 44.46
1138 44.09
1672 44.67
1146 44.31
1466 44.15
1119 43.96
1596 44.79
1251 44.04
1438 43.90
1223 43.91
3668 48.86
335 46.10
769 45.05
1082 44.65
1542 44.98
1165 44.17
1431 44.63
1116 44.29
1844 44.53
1106 43.60
1489 43.85
1059 44.39
1637 44.81
1160 43.88
1561 44.06
1129 44.15
1683 44.62
1066 44.13
1476 44.01
1071 44.19
1686 44.40
1259 43.82
1495 44.09
1087 43.97
1642 44.77
1374 43.80
1436 44.32
1242 44.01
1821 44.60
1066 43.95
1480 43.90
1120 44.02
3626 49.17
288 46.33
782 45.76
1189 44.90
1510 45.88
1180 44.84
1491 44.52
1035 44.63
1693 45.20
1124 44.59
1586 44.42
1105 44.37
1728 45.13
1174 44.42
1492 44.39
1092 44.35
1561 45.16
1276 44.17
1415 44.39
1052 44.18
1646 44.53
1167 44.10
1462 44.10
1000 43.99
1607 44.53
1125 44.43
1501 43.88
1192 43.96
1554 44.33
1332 44.03
1501 44.02
1087 43.82
3585 49.29
358 46.78
938 45.67
811 45.05
1580 45.09
1158 44.43
1491 44.68
1143 44.24
1526 44.78
1338 44.27
1568 44.38
1012 44.21
1609 44.73
1315 44.02
1550 43.80
1085 44.27
1677 44.67
1342 43.71
1535 44.03
1134 43.83
1643 44.79
1299 43.71
1506 44.14
1031 43.71
1621 44.38
1355 43.96
1424 44.42
1070 43.51
1663 44.61
1339 43.84
1656 43.84
950 44.01
3652 49.24
240 47.05
886 45.24
897 44.52
1572 44.93
1058 44.42
1421 44.18
1132 43.77
1611 44.63
1120 44.00
1521 43.70
937 44.01
1672 44.27
1137 43.91
1467 44.07
1069 43.50
1851 44.06
1100 43.53
1501 43.57
1080 43.32
1640 43.62
1270 43.68
1602 43.52
951 43.62
1714 43.94
1153 43.56
1538 43.32
986 42.93
1673 43.71
1159 42.91
1731 43.04
936 43.05
3777 49.08
308 46.90
1045 45.43
905 44.83
1391 45.48
1589 44.38
1332 44.97
1225 44.35
1679 45.03
1166 44.35
1433 44.50
1131 44.33
