21175 35.31
5993 34.15
18169 30.49
12640 30.51
16769 31.47
15175 30.57
15654 31.19
11831 30.66
17323 31.70
12806 30.95
15233 30.71
12299 30.79
17167 31.09
11556 30.71
16250 30.56
12698 30.55
18058 30.93
11579 30.77
14879 30.39
12322 30.51
18575 30.66
11988 30.78
15987 30.26
13400 30.77
17646 30.90
12260 30.85
15027 30.49
12025 30.41
17373 31.13
12913 30.73
16098 30.59
11838 30.55
31900 31.16
7726 32.29
13076 31.38
11959 30.95
17277 31.16
12979 30.67
15508 30.92
12495 30.63
16804 31.32
13206 30.64
15762 30.90
12748 30.79
17413 31.53
12898 30.90
15977 30.77
12054 30.85
17154 31.56
12374 30.87
16153 30.78
12072 30.74
17960 31.30
12239 30.75
16141 30.67
12170 30.74
17269 31.44
12314 30.83
16125 30.77
12092 30.90
18700 31.02
11794 31.05
15277 30.92
11952 30.91
37941 29.49
6686 32.61
12866 31.53
11496 31.11
19010 30.76
11552 30.93
14486 30.84
12508 30.42
18862 30.93
11918 30.71
14817 30.86
12658 30.67
17665 31.09
12512 30.58
14671 31.12
12441 30.63
18118 31.22
11778 30.75
15250 30.84
12310 30.72
17674 31.17
12251 30.72
15939 30.66
12135 30.69
18002 31.18
11945 30.89
16230 30.74
12206 30.85
18218 31.30
12542 30.96
16207 30.79
12045 30.85
39604 29.56
4370 34.28
13904 31.60
10837 31.48
19616 30.92
11933 30.98
15287 31.14
12428 30.88
19119 30.99
12129 30.87
14992 31.14
12204 30.86
18028 31.28
12174 30.82
14025 31.31
12803 30.74
18090 31.31
12045 30.92
14242 31.36
12863 30.72
16984 31.55
12052 30.84
15239 30.96
12191 30.70
16278 31.79
12442 30.69
16014 30.77
12198 30.57
17549 31.38
12474 30.71
16333 30.69
11947 30.70
41445 28.78
3352 34.49
13334 31.33
11986 30.99
19783 30.73
11381 30.84
15083 30.88
12371 30.60
19461 30.81
11696 30.73
14925 30.84
12229 30.68
19386 30.69
11540 30.87
15130 30.83
12243 30.60
18252 31.12
11988 30.81
14424 31.13
12554 30.60
17166 31.35
12296 30.72
15223 30.79
11985 30.61
16380 31.54
12432 30.64
16151 30.42
11671 30.52
17122 31.28
12247 30.60
16363 30.54
12028 30.55
41668 28.53
3100 34.53
13035 31.07
11016 30.87
20152 30.29
11559 30.47
16312 30.29
12517 30.39
19561 30.49
12384 30.51
15351 30.74
12531 30.52
19153 30.64
11721 30.54
15080 30.66
12503 30.49
19285 30.65
11881 30.67
15084 30.76
12574 30.48
19288 30.68
11900 30.78
15415 30.79
12427 30.69
19665 30.83
11797 30.80
15402 30.95
12573 30.74
19505 30.91
11818 30.81
15103 31.01
12496 30.81
31649 31.50
3053 34.90
13206 31.60
12332 30.99
18071 31.67
12226 30.87
13643 31.64
13296 30.72
17441 31.68
12290 30.86
14615 31.33
12440 30.75
17296 31.62
12335 30.82
15345 31.02
12021 30.76
17042 31.60
12247 30.94
16080 30.77
11711 30.79
16169 31.86
12415 30.91
16473 30.64
11460 30.84
17031 31.54
11998 30.83
16145 30.68
12017 30.76
18224 31.16
11659 30.82
15508 30.70
11763 30.74
42698 28.79
2848 34.93
13160 31.37
11391 30.97
19135 30.71
11809 30.74
15503 30.88
12538 30.52
19061 30.82
12071 30.71
15326 30.86
12716 30.53
19563 30.77
12040 30.67
15654 30.87
12306 30.64
19694 30.81
11813 30.75
15514 30.92
12455 30.65
19513 30.82
11733 30.80
15296 30.92
12390 30.68
19340 30.88
11554 30.88
14542 31.07
12111 30.65
17849 31.14
11852 30.79
14050 31.19
11941 30.57
35844 30.40
3454 34.42
13297 31.19
11708 30.79
18369 30.73
11617 30.58
14014 30.92
12806 30.30
18189 30.90
11865 30.41
14282 30.84
12252 30.27
17116 30.99
12364 30.34
15147 30.54
12159 30.22
16246 31.19
12609 30.32
16304 30.25
11938 30.27
17118 30.96
12378 30.32
15937 30.21
11810 30.23
18062 30.60
11850 30.27
15000 30.43
11937 30.10
18084 30.66
11664 30.19
15629 30.16
12150 30.15
41819 28.94
3480 34.17
13598 31.04
11448 30.39
19605 30.30
11814 30.41
15456 30.54
12674 30.20
19756 30.35
11965 30.38
15258 30.56
12636 30.18
