22325 34.83
6391 33.64
17987 30.46
14343 29.95
18126 30.90
16026 30.21
16387 30.76
12645 30.26
18369 31.30
13374 30.57
16201 30.27
12996 30.40
17931 30.70
12280 30.30
17062 30.20
13751 30.12
18695 30.62
12227 30.42
15727 30.04
13337 30.08
18628 30.64
12909 30.31
15838 30.22
14372 30.35
19499 30.26
12809 30.54
15876 30.13
12954 30.03
18993 30.50
13332 30.35
16717 30.23
12369 30.25
33379 30.70
8568 31.85
13954 30.90
12787 30.58
19243 30.46
13481 30.28
16284 30.52
13216 30.30
18743 30.62
13489 30.32
16385 30.60
13470 30.39
19085 30.88
13514 30.45
16703 30.31
12859 30.42
18951 30.92
12808 30.51
16908 30.37
12860 30.33
17868 31.22
13185 30.39
17229 30.25
12932 30.30
17774 31.25
13152 30.41
16994 30.39
13005 30.40
18693 30.94
12839 30.64
16215 30.51
13018 30.49
40058 28.95
7223 32.24
13628 31.13
12030 30.80
20038 30.41
12446 30.51
15203 30.44
13156 30.09
19809 30.56
12533 30.39
15830 30.47
13177 30.29
18540 30.70
13111 30.23
15346 30.78
13086 30.27
18957 30.78
12688 30.33
15124 30.75
13770 30.25
18756 30.76
13048 30.42
16604 30.33
12895 30.35
18948 30.80
13025 30.43
17272 30.33
13287 30.44
19503 30.92
13046 30.65
16920 30.43
12712 30.45
41738 28.98
4887 33.89
14577 31.21
11566 31.09
20696 30.51
12356 30.68
16311 30.75
13237 30.51
20390 30.64
12704 30.57
15860 30.78
12935 30.45
19035 30.88
12883 30.50
14753 30.99
13507 30.46
18980 30.98
12713 30.61
14845 31.03
13254 30.40
18083 31.14
12953 30.39
16201 30.48
12759 30.34
17316 31.40
13203 30.27
16827 30.38
12851 30.20
18265 31.04
13410 30.40
17304 30.23
12589 30.32
43763 28.24
3726 34.20
14114 31.01
12056 30.85
20907 30.31
12148 30.47
15857 30.50
13298 30.14
20349 30.45
12415 30.27
15945 30.45
13255 30.24
20243 30.40
12273 30.38
15971 30.49
12955 30.22
19212 30.76
12795 30.39
15238 30.73
13170 30.21
17825 30.98
12933 30.34
16042 30.46
12960 30.14
17231 31.22
13082 30.14
16963 30.07
12815 29.98
18035 30.90
13134 30.21
17152 30.08
12650 30.21
43818 28.06
3432 34.21
14047 30.67
12423 30.35
21219 29.90
12426 30.00
16900 29.94
13157 29.98
20662 30.10
12710 30.15
15908 30.39
12447 30.35
20215 30.24
12473 30.09
16110 30.26
13200 30.10
19976 30.29
12762 30.14
16170 30.33
13399 30.02
20201 30.29
12925 30.21
16272 30.44
13107 30.25
20628 30.47
12669 30.33
16184 30.59
13422 30.29
20399 30.57
12474 30.47
15793 30.54
13321 30.32
31815 31.45
4510 34.03
13042 31.60
13381 30.63
18175 31.47
13147 30.54
15477 30.97
13492 30.36
17452 31.63
13539 30.53
15481 31.02
13328 30.32
17430 31.51
13268 30.51
16345 30.62
12631 30.41
17405 31.50
13328 30.53
17170 30.40
12182 30.45
17931 31.24
12683 30.54
16884 30.47
12116 30.49
19171 30.78
12470 30.45
16318 30.49
12966 30.37
19146 30.77
12212 30.47
16783 30.23
12303 30.41
43057 28.74
4452 33.62
13807 31.06
12124 30.70
20057 30.39
12291 30.51
16091 30.56
13409 30.19
19782 30.49
12718 30.41
16177 30.52
13747 30.13
20502 30.44
12492 30.31
16289 30.53
13393 30.18
20457 30.43
12691 30.38
16481 30.56
13147 30.21
20615 30.42
12366 30.46
16068 30.52
12919 30.27
20347 30.49
12461 30.48
15422 30.69
12883 30.38
18847 30.85
12589 30.36
15854 30.50
12163 30.19
39176 29.53
3502 34.26
14233 30.75
12422 30.37
20385 30.08
12089 30.20
15599 30.23
13051 30.00
20130 30.16
12441 30.06
15714 30.25
13012 29.90
18749 30.40
12660 30.02
15024 30.37
13280 29.76
17687 30.67
13193 29.97
16099 30.08
13096 29.79
16983 30.85
13659 29.86
17023 29.85
12630 29.89
18036 30.59
12869 29.85
17316 29.72
12331 29.73
18894 30.29
12369 29.86
16954 29.70
12796 29.77
43930 28.43
4058 33.70
14317 30.75
12170 30.18
20626 29.87
12662 30.10
16175 30.17
13521 29.83
20767 30.00
12796 29.85
16071 30.18
13276 29.91
