23205 34.44
7010 33.33
19043 30.02
14697 29.68
18500 30.77
16775 29.91
17211 30.44
13201 30.01
19689 30.82
13857 30.32
16664 29.97
13712 30.13
18461 30.46
13094 30.03
17789 29.90
14459 29.90
18496 30.58
12818 30.13
15843 29.99
14034 29.80
19298 30.40
13420 30.08
16490 29.96
15097 30.04
19395 30.23
13651 30.27
16193 30.04
13572 29.72
19620 30.23
13713 30.14
17449 29.93
13046 29.93
34772 30.33
8697 31.70
14441 30.67
13311 30.31
20164 30.13
14141 29.96
16794 30.27
13932 30.02
19000 30.36
14136 30.07
17416 30.22
13766 30.16
19780 30.62
13895 30.27
17405 30.01
13367 30.18
19778 30.64
13649 30.24
17440 30.05
13510 30.05
18803 30.87
13746 30.15
17797 29.98
13564 30.06
18631 31.01
13840 30.14
17727 30.07
13350 30.19
19343 30.68
13540 30.40
16768 30.28
13226 30.33
41495 28.60
7866 31.97
14446 30.85
12635 30.49
20763 30.16
12925 30.21
15873 30.14
13768 29.85
20504 30.30
13094 30.10
16264 30.23
13822 30.08
19489 30.42
13800 29.95
16824 30.26
13358 30.06
19407 30.59
13269 30.10
16659 30.22
13829 30.06
19244 30.57
13544 30.07
17394 30.05
13550 30.04
19593 30.58
13399 30.15
16916 30.38
13712 30.19
20215 30.57
13818 30.30
17657 30.16
13167 30.15
42827 28.74
5279 33.64
15089 30.96
12100 30.85
21582 30.20
13114 30.33
16720 30.48
13136 30.44
21022 30.34
13667 30.25
16531 30.47
13509 30.22
19890 30.61
13503 30.17
15443 30.64
13866 30.18
19519 30.73
13264 30.27
15718 30.71
13994 30.04
18708 30.88
13553 30.05
16773 30.28
13465 30.12
17781 31.15
13930 29.98
17439 30.17
13676 29.92
19096 30.81
13893 30.11
17714 29.96
13124 30.16
44813 27.98
4122 33.74
14757 30.72
13198 30.32
21623 30.04
12609 30.21
16548 30.25
12861 30.20
21191 30.19
13004 30.10
16447 30.24
13798 29.97
20963 30.10
12985 30.12
16576 30.26
13480 29.96
19917 30.44
13324 30.05
15783 30.46
13737 29.93
18576 30.68
13674 30.01
17669 29.81
13074 29.85
17916 30.90
13853 29.91
17626 29.81
12961 29.84
18768 30.59
13555 29.94
17765 29.82
13329 29.91
45150 27.75
3678 33.83
14707 30.31
12185 30.24
22172 29.56
12969 29.79
17854 29.59
13725 29.83
21470 29.82
13575 29.86
16714 30.07
13032 30.09
21095 29.90
13009 29.86
16547 29.99
13829 29.87
20874 30.05
13245 29.87
16668 30.02
13964 29.74
21056 30.04
13318 29.97
16890 30.22
13594 29.99
21340 30.15
13527 30.05
16792 30.28
13040 30.23
21082 30.30
13037 30.10
16523 30.31
13818 30.03
35066 30.48
3742 34.53
15553 30.67
13159 30.31
19749 31.01
13590 30.25
15727 30.81
14142 30.11
19155 31.08
13860 30.13
15977 30.72
13703 30.04
18914 30.94
13426 30.22
15701 30.70
13673 30.11
18796 30.95
13525 30.20
17681 30.11
12922 30.09
18558 30.93
13483 30.22
17928 30.03
12865 30.11
18592 30.92
13067 30.19
17701 30.06
13219 30.14
19245 30.70
13181 30.18
16633 30.22
13246 30.06
45724 28.11
4272 33.73
14514 30.76
12756 30.37
20923 30.04
13225 30.15
16930 30.28
13999 29.90
20792 30.21
12778 30.28
16841 30.24
14076 29.95
20133 30.50
13320 30.07
16119 30.49
14247 29.94
20157 30.53
13618 30.08
16156 30.60
13984 30.00
20223 30.47
13250 30.13
16030 30.51
13881 30.05
20181 30.61
13031 30.20
16381 30.37
13389 30.03
18593 30.78
13514 30.10
17582 29.98
12467 30.02
43351 28.52
3769 33.75
14597 30.53
12914 30.12
21128 29.76
12793 29.95
16255 30.03
13779 29.73
21002 29.90
12908 29.80
16513 29.90
13434 29.61
19465 30.12
13458 29.72
16465 29.90
13524 29.53
18324 30.39
13773 29.71
16622 29.86
13598 29.59
17725 30.64
13110 29.94
17897 29.58
13175 29.62
18617 30.39
13583 29.63
17779 29.48
12875 29.57
19784 29.97
12921 29.60
17540 29.48
13260 29.53
46160 27.94
4011 33.70
15059 30.39
12854 29.81
21563 29.57
13006 29.77
16854 29.96
14136 29.57
21671 29.73
13463 29.66
16846 29.85
13839 29.65
