23309 34.37
7195 33.14
18890 30.04
15124 29.60
18703 30.66
14278 30.67
17821 30.22
13621 29.82
19427 30.91
14503 30.14
17024 29.90
13939 29.97
19883 30.06
12971 29.95
17915 29.82
14622 29.79
19446 30.23
13071 30.07
16913 29.66
13946 29.74
20304 30.03
13282 30.05
17713 29.59
15056 29.99
19967 29.99
13774 30.15
16727 29.76
13437 29.78
20362 30.06
13930 30.03
17741 29.83
13128 29.79
35329 30.19
8858 31.57
14724 30.49
13534 30.15
20237 30.06
14268 29.99
17159 30.17
13967 29.95
19347 30.34
14350 29.96
17476 30.15
14193 30.08
20090 30.53
14136 30.13
17640 29.98
13675 30.09
19912 30.60
13759 30.12
17804 30.01
13648 30.00
18755 30.89
13974 30.01
18166 29.88
13523 29.98
19143 30.79
14010 30.08
17861 30.04
13605 30.08
18716 30.86
13792 30.37
17216 30.21
13519 30.26
41935 28.49
8043 31.84
14558 30.68
12766 30.46
20957 30.08
13160 30.10
16093 30.11
13964 29.69
21043 30.12
13321 30.02
16600 30.11
13986 29.95
19517 30.33
14010 29.82
16316 30.37
13811 30.00
19812 30.48
13391 30.01
16756 30.10
14181 29.93
19403 30.46
13904 30.01
17552 29.93
13641 30.02
19475 30.52
13406 30.09
18254 29.96
13687 30.10
20295 30.54
14106 30.22
18000 30.08
13434 30.14
43137 28.67
5232 33.49
15429 30.91
12282 30.78
21922 30.16
13294 30.25
17029 30.40
13251 30.42
21284 30.29
13808 30.14
16810 30.40
13768 30.14
19996 30.55
13718 30.04
15728 30.59
14172 30.03
19703 30.63
13531 30.25
15963 30.67
13963 29.99
18772 30.81
13861 30.03
17027 30.28
13880 29.92
19031 30.83
13614 29.97
17434 30.10
13828 29.90
19159 30.65
14065 30.05
17906 29.91
13475 30.03
44677 28.01
4221 33.67
14961 30.66
13269 30.29
21907 29.95
12886 30.12
16768 30.21
13046 30.15
21469 30.09
13124 29.97
16632 30.18
14164 29.88
21350 30.02
13009 30.05
16851 30.15
13679 29.93
20214 30.36
13332 30.04
16077 30.42
13981 29.86
18694 30.64
13823 29.99
16846 30.04
13628 29.79
18237 30.82
13772 29.86
17852 29.71
13197 29.71
19067 30.53
13628 29.84
18010 29.72
13390 29.80
44901 27.79
4416 33.12
14969 30.22
13187 29.95
22440 29.53
13280 29.72
17867 29.57
13743 29.67
21588 29.81
13756 29.82
16718 30.03
13259 29.95
20871 30.06
13295 29.74
16966 29.90
13865 29.81
21042 29.99
13584 29.82
17036 29.93
14120 29.71
21241 29.99
13388 29.94
16920 30.16
13760 29.88
21487 30.10
13469 30.02
16893 30.25
13981 30.01
21383 30.23
13263 30.05
16694 30.27
14072 29.95
35746 30.30
3887 34.30
15567 30.59
13363 30.23
21359 30.41
13432 30.13
16070 30.62
14240 29.98
20212 30.71
13654 30.13
15963 30.61
13995 29.92
20080 30.55
13322 30.14
15899 30.58
13950 30.07
19875 30.63
13491 30.12
16802 30.34
13473 29.99
18790 30.87
13765 30.12
16887 30.30
13376 29.98
17797 31.09
13780 30.09
18360 29.95
13371 30.03
18745 30.81
13622 30.06
17847 29.93
13159 29.96
46490 27.95
4155 33.66
14650 30.72
12868 30.32
20999 29.97
13441 30.10
17020 30.23
14226 29.82
21060 30.13
13068 30.16
17014 30.22
14319 29.84
21717 30.08
13266 29.99
17147 30.09
14170 29.83
21634 30.04
13249 30.08
17262 30.16
13947 29.88
21387 30.11
13222 30.05
16841 30.19
13653 30.04
21381 30.12
12913 30.15
16317 30.32
13662 29.97
19649 30.45
13255 30.02
16560 30.21
13075 29.84
39756 29.39
4187 33.61
15120 30.47
13045 29.99
20486 30.02
13410 29.82
15597 30.17
14156 29.64
20093 30.13
13578 29.75
15749 30.11
14016 29.53
18607 30.36
13954 29.58
16781 29.83
13721 29.44
17952 30.55
14163 29.66
17191 29.76
13676 29.51
18715 30.24
14154 29.59
17749 29.50
13322 29.59
19281 30.11
13445 29.51
17948 29.46
13012 29.48
20338 29.82
13006 29.51
17054 29.60
13754 29.40
46260 27.91
4379 33.50
15282 30.30
12956 29.80
21792 29.52
13162 29.68
17143 29.84
14181 29.53
21782 29.65
13610 29.58
17122 29.80
13880 29.59
