3720 50.57
137 48.73
1707 45.22
2285 43.68
3002 43.33
1639 44.13
2443 43.46
1768 42.62
3049 43.48
1861 43.09
2312 42.93
2176 42.34
3078 42.80
1492 42.34
2693 42.26
1472 42.09
2874 42.76
1780 42.28
2478 41.55
2010 41.52
3070 42.12
1876 41.81
2221 41.32
2092 41.93
2984 42.03
1912 42.06
2645 41.67
1924 41.48
3117 42.15
2033 41.84
2747 41.47
1841 41.51
4612 47.22
1136 43.48
2249 43.02
1841 42.77
2741 43.10
2150 42.48
2630 42.49
1975 42.15
2701 42.76
2153 42.14
2494 42.61
2062 42.27
2992 42.79
1898 42.51
2723 42.23
1718 42.22
3210 42.35
1704 42.20
2610 41.94
1711 41.98
2859 42.54
1796 42.05
2602 41.80
1923 41.69
2861 42.56
2011 42.20
2683 42.05
1939 41.70
3052 42.51
1927 42.11
2610 41.81
1744 41.63
6291 44.93
727 44.29
1415 43.32
1797 42.46
2427 43.06
2031 41.82
2572 41.36
1876 41.32
2854 42.49
2125 41.67
2571 41.80
1944 41.60
2844 42.00
2142 41.50
2543 41.93
1898 41.66
3094 42.29
1796 41.68
2648 41.30
1729 41.59
2775 41.91
2106 41.55
2613 41.65
1904 41.35
2853 42.16
2069 41.61
2755 41.43
1869 41.61
2857 42.23
2345 41.64
2820 41.19
1951 41.49
6317 45.01
693 44.19
1665 42.87
1666 42.16
2458 42.77
2123 42.13
2607 42.31
2101 41.90
3081 42.28
2036 41.87
2421 42.15
1902 41.74
2701 42.46
2103 41.69
2596 41.69
1882 41.79
2839 42.19
2020 41.75
2641 41.66
1794 41.59
2970 42.04
2013 41.44
2600 41.30
1845 41.29
2800 41.82
2220 41.35
2678 41.41
1601 41.20
2712 41.93
2212 41.28
2660 41.36
2011 41.03
6378 44.80
546 43.76
1547 42.63
1811 41.99
2425 42.78
2223 41.57
2588 41.61
1865 41.45
2899 42.12
2019 41.51
2559 41.62
2050 41.43
2752 42.04
2188 41.58
2627 41.73
1805 41.54
2990 41.95
2074 41.36
2484 41.77
1938 41.39
2752 42.01
2035 41.37
2656 41.50
1736 41.54
2768 41.95
2287 41.39
2524 41.50
1929 41.00
2721 41.91
2111 41.04
2609 41.11
1895 40.97
6203 44.82
514 43.19
1396 42.52
1834 41.79
2694 41.94
2088 41.27
2703 41.48
1828 41.32
2917 41.94
2087 41.26
2660 41.46
1985 41.30
2846 41.60
1988 41.27
2596 40.85
1865 41.12
2895 41.75
2192 41.20
2510 41.29
1932 41.14
2797 41.83
2211 41.39
2621 41.50
1869 41.07
3011 41.90
2238 41.42
2564 41.65
2101 41.18
2883 42.12
2228 40.83
3080 41.06
1717 41.12
6677 44.57
332 44.64
1405 42.27
1797 41.79
2464 42.63
2181 41.31
2666 41.67
1885 41.27
2787 42.38
2149 41.69
2746 41.69
1678 41.51
2868 42.09
1978 41.17
2600 41.40
1844 41.26
2843 42.00
2064 41.23
2751 41.09
1663 40.84
2834 41.66
2153 41.04
2799 41.16
1665 41.02
2805 41.75
2044 40.86
2710 40.74
1837 41.09
2738 41.57
2123 40.55
2674 40.84
1839 40.94
6538 44.83
459 44.29
1538 42.29
1770 41.46
2428 42.25
2210 41.33
2657 41.40
2063 41.13
3265 41.66
1777 41.39
2495 41.33
1924 41.16
2854 41.65
2153 41.03
2873 41.12
1896 41.05
3110 41.84
2046 41.04
2707 41.17
1880 40.89
3134 41.68
1846 41.32
2590 41.27
1827 41.14
2774 41.72
1838 41.56
2998 40.92
1735 40.95
2932 41.65
2156 41.24
2890 40.86
1466 40.71
6333 45.07
454 43.25
1734 42.04
1796 41.37
2381 42.03
1872 41.18
2734 41.24
1956 40.95
2994 41.55
1963 41.08
2640 40.95
1665 40.82
2884 41.45
2152 40.91
2601 40.81
1840 40.81
2834 41.23
2189 40.86
2601 40.92
1682 40.61
2800 41.03
2187 40.48
2679 40.70
1724 40.43
2756 41.23
2155 40.49
2601 40.59
1732 40.30
2972 41.00
1934 40.18
2977 40.24
1626 39.91
6219 45.26
793 42.98
1899 41.67
1828 41.37
2254 42.35
2759 41.21
2583 41.76
2023 41.19
2656 42.13
2373 41.14
2677 41.14
1854 41.19
