4598 48.74
251 47.70
2830 43.16
3355 41.73
3434 42.28
3019 41.98
3426 42.00
2176 41.50
3611 42.47
2923 41.41
3299 41.22
2452 41.12
3685 41.63
2270 40.85
3601 40.77
2077 40.62
3860 41.20
2369 40.48
3315 40.16
2646 39.98
3871 40.90
2572 40.33
3015 39.83
2786 40.36
4085 40.45
2450 40.57
3139 40.31
3007 39.51
3753 40.75
2769 40.11
3780 39.99
2254 40.00
6965 44.23
1248 42.25
2677 40.89
2444 40.51
3748 40.87
2781 40.32
3420 40.56
2616 40.23
3926 40.56
2507 40.43
3483 40.42
2572 40.24
4254 40.56
2519 40.36
3090 40.47
2937 39.94
4087 40.43
2299 40.36
3423 40.04
2625 39.92
4354 40.35
2241 40.10
3626 39.77
2433 39.90
4139 40.33
2330 40.32
3671 39.77
2480 40.09
4100 40.40
2680 40.21
3265 40.38
2633 39.87
8527 42.65
998 42.34
2293 40.90
2255 40.69
2799 41.81
2895 40.19
3622 39.61
2598 39.66
3725 41.01
3033 39.77
3854 39.83
2265 40.12
3800 40.65
2883 39.75
3719 39.89
2351 39.80
4233 40.22
2439 39.97
3423 39.62
2362 39.91
3763 40.45
2896 39.90
3364 40.27
2495 39.82
3910 40.50
2681 39.99
3427 40.09
2805 40.01
4132 40.50
2787 40.21
3085 40.28
2898 39.83
9151 42.30
565 43.57
2107 40.95
2346 40.34
2875 41.29
3080 40.24
3266 40.89
2977 40.15
3719 41.08
3041 40.27
3187 40.39
2661 40.07
3567 40.87
2972 39.95
3476 40.15
2517 39.99
3638 40.97
2953 40.00
3557 40.14
2521 39.96
3729 40.78
2780 39.99
3619 39.73
2396 39.87
3771 40.42
2731 39.51
3557 39.80
2392 39.68
3750 40.45
2843 39.91
3437 40.01
2630 39.58
8516 42.63
680 42.23
1834 41.30
2534 39.98
3412 41.01
2799 39.88
3543 39.87
2492 39.71
4544 40.03
2268 39.99
3379 39.90
2546 39.57
3955 40.13
2523 39.74
3603 39.57
2329 39.43
3943 40.17
2834 39.55
3361 39.69
2596 39.50
3756 40.30
2863 39.44
3589 39.63
2348 39.42
3921 40.26
2706 39.59
3523 39.56
2467 39.14
3910 40.03
2696 39.14
3512 39.39
2799 39.11
8304 42.65
830 41.13
1939 40.72
2741 39.76
3116 40.63
3206 39.55
3370 39.99
2733 39.67
3863 40.43
3030 39.69
3291 40.00
2784 39.68
3728 40.20
2523 39.66
3694 39.62
2479 39.57
3918 40.06
2845 39.45
3485 39.50
2470 39.38
3888 40.15
2969 39.66
3977 39.63
2212 39.61
4074 40.19
2845 39.74
3454 40.00
2729 39.71
4009 40.40
2760 39.36
3602 39.64
2506 39.45
8380 42.89
680 42.01
2090 40.41
2469 40.08
3387 40.88
2842 39.67
3857 39.96
2383 39.88
3809 40.87
2834 39.93
3737 39.92
2253 39.82
3821 40.62
2895 39.65
3550 40.06
2421 39.89
3722 40.57
2797 39.94
3726 39.83
2204 39.61
3831 40.16
2669 39.61
3518 39.89
2335 39.54
3722 40.31
2811 39.53
4007 39.42
2217 39.44
3721 40.11
2683 39.64
3442 39.42
2415 39.33
8732 42.65
653 42.56
2012 40.67
2426 40.13
3153 40.79
3147 39.66
3852 39.80
2560 39.61
4168 40.24
2657 39.67
3322 39.90
2695 39.54
3958 40.17
2746 39.83
3664 39.63
2496 39.49
3913 40.34
2900 39.42
4038 39.49
2230 39.61
4172 40.22
2525 39.65
3879 39.46
2191 39.46
3836 40.38
2756 39.68
3641 39.59
2316 39.34
4275 39.88
2512 39.63
3268 39.49
2621 39.00
8601 42.85
581 42.31
2194 40.53
2594 39.86
3366 40.28
2627 39.70
3644 39.34
2391 39.37
3762 40.07
2674 39.23
3549 39.46
2407 39.02
3784 40.00
2791 39.11
3831 39.03
2196 39.18
3980 39.62
2749 39.37
3472 39.28
2279 39.13
3972 39.42
2596 39.14
3596 39.13
2321 38.93
3998 39.56
2714 38.76
3550 38.79
2361 38.66
3937 39.66
2714 38.98
3724 38.62
2478 38.76
8513 42.89
654 41.84
2432 40.30
2485 39.64
3405 40.46
3309 39.41
3747 39.72
2390 39.37
3608 40.30
3102 39.34
3315 39.71
2634 39.49
