5814 44.58
539 43.26
4296 39.18
3508 38.21
4410 39.91
3810 38.61
4147 38.57
3087 38.01
4488 38.95
3240 37.83
3878 37.71
3122 37.01
4198 37.63
3128 36.74
3904 35.96
3107 35.83
4621 36.82
2922 36.56
4068 36.30
2817 35.95
4469 36.03
2474 35.84
4280 35.21
3119 35.63
4910 36.32
2588 35.89
4000 35.26
3327 34.59
4248 35.84
3003 35.10
4381 34.80
2637 34.78
10377 39.92
1447 38.09
2040 37.60
2832 36.80
4445 37.39
3470 36.27
4218 36.47
2885 35.61
4547 36.42
3458 35.54
3951 35.30
3418 34.98
4314 35.70
3026 35.22
3978 35.03
3353 34.68
4556 35.59
2863 34.59
4009 34.27
3742 33.94
4295 34.87
3252 34.23
4191 33.96
2794 34.14
4477 34.50
3795 34.42
4290 34.14
2765 34.10
4661 34.52
3302 34.07
4144 34.06
3578 33.40
11681 37.97
528 38.96
2341 36.34
2260 35.66
4039 35.65
3815 34.35
4050 34.42
3504 33.99
4476 34.83
3257 34.32
4062 34.65
3299 34.27
4694 35.04
3067 34.55
4072 34.38
3636 33.87
4652 34.81
3321 34.29
4078 34.08
3185 33.77
4471 34.16
3296 33.92
4348 33.44
2856 33.35
4481 34.19
3579 33.46
4049 33.57
3558 33.09
4435 33.76
3670 33.51
4723 33.96
3157 33.57
11118 38.73
972 37.57
2000 38.00
2787 36.62
3777 36.72
3955 34.86
4484 34.72
3390 34.23
4738 35.97
3213 34.94
4043 34.70
3230 34.11
4307 35.09
3285 34.43
4368 34.14
3081 33.90
4596 34.53
3401 34.38
4062 34.00
3406 33.74
4562 34.62
3207 33.99
4056 33.75
3697 33.20
4328 33.85
3116 33.54
4099 33.17
3915 32.45
4461 33.58
3113 32.68
3919 33.12
3556 32.55
10773 38.61
1376 36.90
2118 36.41
2769 34.88
4165 35.78
3719 34.34
4614 34.39
3176 33.68
4202 34.96
4136 33.78
3774 34.37
3332 33.78
4796 34.46
3498 34.02
3561 34.42
3745 33.56
4426 34.36
3473 34.08
4120 33.93
2593 33.54
4926 34.00
2634 33.81
4407 33.62
3468 33.97
4836 34.59
3007 33.93
4214 33.85
3689 33.48
4871 34.43
3612 33.85
4224 33.74
2724 33.98
11277 39.26
1130 37.98
2280 37.29
2172 36.31
4200 36.24
3252 34.64
4165 34.82
3359 34.46
4201 35.55
3420 34.55
3769 34.54
3827 33.92
4420 34.83
3474 34.22
4230 34.13
2671 33.98
4455 34.00
3337 33.68
4302 33.33
2806 33.50
4649 34.01
3016 33.52
3990 33.37
3779 32.86
4643 33.42
3084 33.25
4391 33.10
2715 32.99
4707 33.45
3162 32.94
4248 32.97
3068 32.84
11213 38.25
920 37.33
2123 36.25
2577 35.52
4671 35.60
3478 34.40
4236 34.17
3864 33.84
4494 34.85
3441 34.09
3965 33.86
3059 33.64
4376 34.25
3386 33.85
4192 33.56
3991 33.15
4262 33.81
3220 32.87
3988 33.23
3698 33.22
5025 34.07
2947 33.86
3842 33.82
3329 32.89
4584 33.51
3438 33.39
4397 33.43
2845 33.54
5061 33.45
3003 33.37
3844 33.06
4132 32.39
10911 38.75
1438 37.13
2092 36.91
3104 36.05
3483 36.39
3895 35.18
3977 35.34
3723 34.42
4163 35.43
3711 34.47
4098 34.46
3037 34.01
4353 34.83
3403 34.21
3909 33.96
3825 33.40
4435 34.29
3100 33.80
3936 33.65
3032 33.63
4282 33.72
3614 32.69
4229 33.00
3205 32.57
4561 33.46
3480 32.57
4056 32.51
3914 32.91
5988 34.05
2982 33.28
3513 33.55
3914 32.26
11126 37.30
913 37.21
2303 37.06
2500 36.62
4202 36.86
4424 35.17
3842 35.63
3635 34.69
4453 35.63
3479 34.65
4132 34.76
3226 34.40
4552 35.15
3345 34.42
4148 34.40
3053 33.71
4670 34.52
3242 34.26
4372 33.95
2558 33.85
4607 34.04
3071 33.69
4244 33.32
2942 33.28
4573 33.27
3069 33.08
4461 33.10
3134 33.51
5546 33.52
3026 33.64
3816 32.99
3736 32.33
10899 37.63
1055 36.33
2157 35.91
2654 34.93
3973 35.55
4160 34.96
4557 35.05
3509 34.72
5340 35.80
3493 34.79
3698 34.68
3256 34.53
