6581 43.76
595 42.56
4757 38.58
3681 37.49
4627 39.29
4034 37.82
4196 37.96
4265 36.95
4552 38.44
4200 37.09
4629 37.07
2393 36.97
4862 36.77
3092 36.35
4411 35.42
3459 35.22
4857 36.33
3466 35.91
4468 35.70
3152 35.16
4856 35.37
2804 34.97
4780 34.42
3196 35.01
4996 35.92
3240 34.86
4365 34.46
3611 33.90
4585 35.11
3878 34.18
4769 34.09
3212 34.19
11591 39.18
1336 37.76
2335 37.02
3291 35.96
4427 37.00
4112 35.71
4856 35.74
3203 34.92
4898 35.91
3610 35.02
4110 34.84
4033 34.39
4728 35.13
3295 34.56
4498 34.14
3812 34.18
4958 34.86
3150 34.20
4483 33.84
3863 33.39
4853 34.29
3443 33.46
4682 33.20
3196 33.37
5011 33.89
3966 33.81
4479 33.45
4079 32.96
5283 33.84
3285 33.63
4949 33.23
2813 33.09
12840 37.32
947 37.34
2485 35.62
2343 35.10
2804 36.10
4949 33.91
4404 34.30
4681 33.18
4546 34.81
3910 34.02
4842 34.36
3884 33.76
5216 34.89
3412 34.04
4620 33.94
3567 33.70
4921 34.57
3845 33.70
4309 33.64
3975 33.15
4721 33.90
3916 33.48
4449 33.08
3571 32.79
4945 33.74
3668 33.28
4570 33.09
3546 32.65
5014 33.25
3996 33.04
4986 33.50
3064 33.25
12277 38.04
973 37.29
2158 37.13
4448 35.12
3071 36.96
4869 34.18
4553 34.70
4297 33.77
5239 35.94
3572 34.61
4290 34.60
3325 33.90
4876 34.81
3791 34.07
4493 33.75
3547 33.64
4823 34.16
3627 34.16
4451 33.69
3664 33.41
5056 34.06
3480 33.77
4144 33.53
4353 32.45
4680 33.56
3640 33.03
4308 32.56
4394 31.84
4990 33.09
3243 32.42
4306 32.36
4057 32.04
12584 37.54
780 37.43
3038 34.85
3587 33.54
3221 36.48
4432 33.99
4521 34.25
4316 33.12
4661 34.96
3998 33.65
4518 33.71
3501 33.43
5066 34.41
4004 33.75
4186 33.95
3590 33.63
4894 33.94
4534 33.23
4641 33.45
2582 33.19
5482 33.46
3292 33.18
4988 33.04
3322 33.60
5541 33.85
3105 33.20
4675 33.19
4153 32.65
5308 33.89
3817 33.34
4018 33.40
3617 32.78
12388 38.66
1065 37.31
2621 36.15
2451 35.79
4703 35.44
3441 33.93
4569 34.23
3714 33.73
4621 34.83
3989 33.98
4589 33.80
3568 33.69
4871 34.27
3595 33.70
4633 33.50
3127 33.46
4971 33.40
3508 33.17
4592 32.75
3790 32.45
5063 33.26
3744 32.82
4344 32.80
3809 32.20
4975 33.03
3493 32.64
4733 32.70
3273 32.44
5137 32.94
3363 32.40
4546 32.26
3400 32.26
12160 37.64
1120 36.50
2960 35.36
2854 34.63
4050 35.75
4220 33.96
4470 34.03
4948 33.36
4567 34.77
4263 33.60
4677 33.56
3663 33.16
4811 34.04
3600 33.69
4730 33.28
3563 33.11
4877 33.39
3207 32.77
4755 32.77
3797 32.89
5909 33.66
3524 33.33
4161 33.35
3309 32.71
4936 33.15
3383 33.13
5022 32.83
3438 32.80
5211 33.14
3610 32.92
4140 32.70
4282 32.09
11919 38.13
1458 36.62
2306 36.62
3081 35.45
4396 35.68
4645 34.23
4321 34.55
3952 33.70
4685 34.65
3895 33.82
4392 33.91
3463 33.27
4882 33.94
3503 33.20
4625 32.99
4073 32.71
4848 33.71
3170 33.06
4610 32.85
3191 32.83
4830 32.89
3688 32.29
4618 32.25
3927 31.63
5076 32.64
3637 32.01
4508 31.84
4227 32.20
5784 33.73
3984 32.45
4113 33.00
3862 32.09
12204 36.64
950 36.67
2535 36.30
2984 35.88
4577 36.19
4047 34.88
4502 34.74
3931 33.94
4684 35.07
3805 34.24
4492 34.21
3804 33.56
4930 34.51
3853 33.77
4729 33.57
2993 33.34
5140 34.04
3437 33.66
4558 33.40
3861 32.87
4918 33.66
3258 33.22
4586 32.94
3475 32.61
4829 32.81
3372 32.65
4891 32.55
3693 32.70
5301 33.36
3794 33.02
4391 32.69
3710 32.01
11966 36.97
1077 36.08
2416 34.83
3018 34.04
4761 34.52
4436 34.24
4855 34.42
4013 34.21
5822 34.97
3958 33.95
4314 33.75
3631 33.79
