7430 42.93
462 42.41
5137 37.95
4258 36.57
5238 38.27
5114 36.83
4708 37.24
3917 36.44
5100 37.74
4158 36.50
4358 36.54
3924 35.56
4961 36.29
3694 35.17
4668 34.61
3931 34.51
5357 35.47
3717 34.94
4994 34.79
3456 34.49
5313 34.50
3101 34.41
5139 33.86
3935 34.08
5513 35.26
3382 34.21
4810 33.87
3709 33.37
5191 34.43
3879 33.71
5052 33.54
3990 33.22
12667 38.55
1513 36.72
2218 36.79
4178 35.03
4687 36.20
4541 34.96
4720 35.39
3962 34.24
5386 35.39
3943 34.33
4748 34.13
3946 33.75
5309 34.29
3933 33.73
4937 33.58
4342 33.32
5535 34.08
3318 33.61
4517 33.11
4532 32.61
4999 33.52
4184 32.71
4844 32.65
4020 32.61
5454 33.36
4387 33.02
5114 32.76
3291 32.94
6055 32.94
3560 32.80
5229 32.52
3626 32.31
13965 36.72
837 37.27
2537 34.97
2723 34.52
3137 35.39
5495 33.23
4381 33.98
4994 32.62
5321 33.82
4510 33.17
5778 33.49
3769 33.26
5680 34.20
4216 33.24
4745 33.31
3931 32.90
6175 33.56
3657 33.15
4663 32.87
4275 32.34
5368 32.90
3582 32.82
4970 32.40
4062 31.85
5389 32.81
4052 32.52
4528 32.44
4473 31.59
5650 32.38
3990 32.25
5251 32.73
3674 32.44
13484 37.40
1047 36.92
2264 36.38
3437 35.19
4518 35.45
4720 33.60
5126 33.64
4032 33.15
5844 34.84
3837 33.85
4681 33.56
3726 32.85
5266 33.85
4045 33.21
5107 32.91
3744 32.72
5236 33.17
4064 33.20
5231 32.58
3455 32.73
5507 33.46
4066 32.60
4546 32.63
4350 31.85
5095 32.88
4146 32.05
4881 31.84
4551 31.04
5159 32.41
4048 31.47
4513 32.09
4463 31.46
13636 36.91
1020 36.43
3463 34.21
4010 32.70
3266 36.04
4750 33.46
4848 33.67
4293 32.74
4949 34.39
4410 32.99
5073 33.20
4053 32.61
5530 33.58
3991 33.21
4748 33.14
3853 33.03
5370 33.41
4829 32.75
4579 32.93
3338 32.31
5968 32.99
3435 32.57
5296 32.52
3985 32.87
5775 33.46
3865 32.81
4669 32.97
4666 32.15
5838 33.43
4185 32.78
4973 32.70
3071 32.79
13513 38.01
1556 36.30
2256 36.20
2820 35.18
5187 34.82
4003 33.42
4918 33.52
3933 33.28
5112 34.19
4232 33.43
4704 33.26
4208 32.87
5439 33.54
4053 33.08
4975 32.92
3247 32.84
5147 32.96
4304 32.35
5052 32.27
3969 31.89
5613 32.56
3966 32.32
4695 32.11
4261 31.66
5761 32.27
3546 32.16
5314 31.88
3605 31.83
5815 32.12
3668 31.83
4978 31.82
3460 31.76
13334 37.02
1417 35.98
2745 34.99
3633 33.96
3951 35.14
4923 33.24
4974 33.43
5572 32.73
4929 34.14
4267 33.26
4955 32.92
3917 32.61
5035 33.59
4469 32.86
5148 32.80
3756 32.60
5206 32.88
3773 31.98
5118 32.17
4061 32.38
6504 33.08
3979 32.72
4847 32.58
2771 32.52
5515 32.58
4041 32.39
5345 32.35
3483 32.31
5868 32.51
3690 32.28
4645 32.02
4833 31.43
13109 37.48
1565 36.15
2508 36.05
3175 35.01
4719 35.03
4563 33.87
4661 34.07
4580 33.08
5214 34.07
4235 33.18
4704 33.21
3876 32.68
5448 33.31
3895 32.81
4872 32.51
4537 32.11
5368 32.97
3570 32.63
4671 32.32
4140 32.14
5229 32.17
3647 31.75
5323 31.60
3374 31.28
5649 32.08
3735 31.44
4799 31.14
4872 31.60
6427 33.10
4324 31.83
4835 32.13
3959 31.31
13826 35.66
801 36.82
2768 35.52
2829 35.41
4995 35.68
4609 34.16
5068 34.03
4341 33.17
5312 34.45
4293 33.51
4702 33.56
4372 33.03
5444 33.80
3987 33.20
4833 33.19
3649 32.55
5570 33.41
4009 33.05
5093 32.78
3449 32.52
5480 32.85
3558 32.77
5081 32.17
3707 32.07
5346 32.23
3677 31.99
5412 31.86
4021 32.09
6715 32.28
3589 32.32
4385 32.13
4243 31.27
13834 35.91
879 36.00
2327 34.61
3575 32.99
4831 33.93
4427 33.80
5318 33.61
5229 32.99
5601 34.70
4183 33.66
4954 33.25
4021 33.13
