9080 41.52
607 40.84
5983 36.64
4626 35.40
5726 37.31
5377 35.91
5707 36.01
4667 35.15
6049 36.60
4864 35.16
5199 35.35
4512 34.38
5852 34.96
4268 34.04
5408 33.47
4598 33.26
6388 34.35
4279 34.03
6184 33.67
2951 33.77
6127 33.57
3947 33.08
6121 32.65
4518 33.11
6508 34.21
4132 33.13
5331 32.97
4582 32.23
6113 33.25
4321 32.59
5819 32.49
4606 32.32
14990 37.39
1529 35.98
3603 34.74
3968 34.03
5910 34.92
4699 33.97
5849 34.15
4338 33.26
6348 34.07
4559 33.29
5411 33.13
4789 32.59
6032 33.32
4427 32.67
5977 32.35
4367 32.31
6416 33.06
4244 32.28
5769 31.85
5006 31.37
6017 32.57
4677 31.68
6010 31.51
4215 31.68
6401 32.19
4751 32.38
5847 31.68
4691 31.43
6601 32.07
4588 31.70
6025 31.51
4225 31.33
16118 35.61
1016 36.01
2895 34.18
3485 33.30
5622 33.72
5197 32.18
5690 32.35
4881 31.58
6345 32.87
4727 32.27
6276 32.47
4937 32.06
6613 33.22
4340 32.35
5312 32.39
5263 31.58
6237 32.73
4723 32.02
5699 32.01
4669 31.69
6188 32.09
4607 31.67
6028 31.25
3913 31.40
6035 32.09
5415 31.48
5332 31.45
4741 31.00
6349 31.67
5453 31.24
6350 31.93
4570 31.52
15701 36.25
1141 35.78
3035 35.04
3648 34.28
5112 34.71
5465 32.53
6281 32.32
4717 31.87
6745 33.73
5049 32.56
5443 32.50
4164 31.85
6294 32.91
5537 31.89
4957 32.34
4806 31.68
6029 32.23
4859 32.09
5766 31.59
4379 31.58
6383 32.26
4888 31.59
5610 31.48
4916 30.91
6080 31.65
4377 31.23
5535 30.94
5698 30.26
6580 31.26
4351 30.58
5449 30.80
4891 30.48
15959 35.77
1065 35.50
2722 34.03
3868 32.39
5355 33.99
5414 32.13
5405 32.30
5323 31.26
5943 32.63
4759 31.70
5450 31.82
4953 31.34
6363 32.15
4758 31.78
5856 31.92
4281 31.69
6485 32.15
5602 31.68
5650 31.57
3690 31.20
6834 31.57
3968 31.56
6151 31.40
5073 31.70
7666 32.08
4205 31.70
4859 31.98
5515 31.17
6892 32.08
4615 31.69
5248 31.80
4489 31.32
15810 36.89
1605 35.68
3441 34.64
3019 34.07
5727 33.68
5004 32.26
5470 32.68
4922 32.05
5737 33.25
5180 32.31
5633 32.20
4598 31.97
6071 32.64
5132 31.95
5941 31.81
3849 31.87
6228 31.78
4996 31.37
5824 31.17
4628 30.89
6447 31.69
4829 31.25
5945 30.93
4510 30.85
6562 31.46
4305 31.07
5923 31.01
4617 30.77
6575 31.23
4498 30.82
5757 30.84
4507 30.75
15831 35.77
1198 35.30
3682 33.62
3763 32.89
4896 33.75
5531 32.03
5670 32.44
5709 31.78
6059 32.99
5154 32.12
5397 32.00
4918 31.59
5900 32.41
5032 31.84
5866 31.67
5118 31.14
6224 31.71
3992 30.96
6020 30.92
4967 31.17
7375 32.11
4690 31.88
4726 31.93
4836 30.75
6337 31.57
4874 31.51
6066 31.46
4521 31.21
7064 31.41
4392 31.41
5584 30.90
5084 30.55
15377 36.34
1765 34.85
2895 34.84
3525 33.91
5545 33.96
5463 32.87
5511 33.07
5190 32.03
5928 33.09
5043 32.12
5447 32.18
4643 31.72
6338 32.24
4519 31.74
5731 31.36
5269 31.08
6354 31.76
4158 31.50
5835 31.21
4034 31.39
6241 31.12
4598 30.64
6111 30.68
4299 30.31
6504 31.00
4541 30.30
5734 30.11
5924 30.40
7627 32.14
4941 31.04
4822 31.44
5104 30.51
15956 34.54
958 35.53
3218 34.52
3448 34.32
5967 34.61
5331 33.16
5914 32.93
5141 32.20
6045 33.26
5123 32.47
5791 32.41
4877 31.85
6371 32.82
4692 32.19
5623 32.13
4099 31.53
6365 32.23
4520 31.85
5817 31.83
4848 31.12
6233 31.87
4340 31.49
5914 31.17
4064 30.99
6141 31.29
4270 31.00
6082 30.92
5093 30.87
7513 31.30
4365 31.20
5549 30.91
4835 30.36
16057 34.73
993 34.68
2926 33.25
3629 32.18
5967 32.46
5530 32.43
6192 32.55
5232 32.18
8828 32.63
4416 32.23
4189 32.35
5326 31.80
