9827 40.94
693 40.12
6497 36.07
5540 34.63
6790 36.26
5181 35.35
6185 35.18
4642 34.58
6431 35.72
5216 34.46
5632 34.61
4730 33.69
6210 34.17
4944 33.22
5971 32.63
4734 32.64
6881 33.46
4521 33.12
6058 33.09
4435 32.74
6588 32.77
3877 32.46
6295 31.92
5496 32.40
7572 33.28
4161 32.45
5495 32.10
5152 31.50
6480 32.55
4602 31.97
6342 31.65
4963 31.68
16080 36.82
1769 35.61
2920 35.29
4589 33.53
5456 34.84
6047 33.36
5876 33.90
4947 32.76
6660 33.90
5155 32.90
5664 32.66
5227 32.26
6676 32.87
4615 32.33
5991 32.29
5208 31.91
6788 32.92
4759 32.03
5763 31.86
5393 31.12
6656 32.02
4912 31.43
6152 31.24
4590 31.38
6936 31.77
5529 31.62
5959 31.48
5359 30.99
7685 31.43
4316 31.53
6398 31.03
4645 30.73
17367 35.03
1012 35.34
2770 33.71
4252 32.59
6225 32.75
5163 31.71
6214 31.36
5344 30.87
6766 31.81
5962 31.19
6746 31.85
4667 31.52
7476 32.16
5144 31.45
5961 31.50
5077 31.16
6994 31.88
4719 31.37
6450 31.10
4202 31.23
6935 31.30
4809 31.09
5974 30.83
5405 30.40
7195 31.08
5022 30.87
5774 30.77
5489 30.18
7252 30.85
5336 30.84
6956 31.29
4522 30.84
16835 35.77
1242 35.27
2941 34.63
4303 33.66
5304 34.27
6062 32.01
6343 32.04
5208 31.53
7474 33.12
4687 32.20
5722 32.02
5142 31.22
6821 32.21
5622 31.58
5603 31.83
4695 31.32
6311 31.98
5326 31.69
6316 31.17
4416 31.28
6826 31.84
5043 31.26
6026 31.12
5406 30.41
6785 31.25
5150 30.70
5982 30.40
5474 29.83
6851 30.92
4662 30.32
6284 30.25
4967 30.11
17143 35.24
1125 35.26
4186 32.63
4063 31.74
5055 34.00
5874 31.67
6079 31.71
5888 30.88
6283 32.35
5351 31.34
5783 31.51
5260 31.02
6894 31.81
5137 31.64
6090 31.58
5003 31.30
6878 31.61
6051 31.34
5929 31.25
3848 30.92
7083 31.25
4373 31.10
6461 31.10
5842 31.30
8388 31.55
3971 31.56
6250 31.08
6469 30.39
7179 31.76
4938 31.30
5300 31.35
5305 30.90
17096 36.26
1415 35.46
2906 34.75
4457 33.01
5935 33.51
5534 31.76
6216 32.13
5227 31.63
6399 32.89
6112 31.72
5666 31.83
5221 31.43
6733 32.06
4527 31.79
6228 31.44
4199 31.39
6565 31.28
4807 31.19
6193 30.73
5379 30.26
7076 31.10
4896 30.84
5973 30.63
5281 30.14
6764 30.94
4755 30.67
6313 30.49
5384 30.24
6823 30.89
4646 30.76
6283 30.41
4869 30.23
16837 35.31
1466 34.77
4087 33.07
5027 32.04
4099 34.64
5938 31.95
5990 32.23
6184 31.59
6487 32.81
5407 31.78
6003 31.79
5193 31.30
6586 32.01
5219 31.56
6397 31.31
4858 31.06
6747 31.31
4197 30.52
6198 30.69
5820 30.60
7885 31.78
4187 31.55
5929 31.22
4751 30.47
6552 31.29
5032 31.13
6596 30.98
4646 30.73
7023 31.20
5353 30.91
5836 30.57
5505 30.22
16491 35.78
1780 34.71
3270 34.35
3720 33.72
5991 33.67
5644 32.34
5799 32.52
5431 31.51
6148 32.67
5508 31.60
6274 31.65
4816 31.14
6748 31.90
4758 31.26
6220 30.91
5493 30.76
6816 31.41
4617 30.97
6312 30.82
4312 30.79
6548 30.86
4960 30.24
6708 30.03
4167 29.85
7093 30.60
4905 29.74
5778 29.85
6587 30.03
8530 31.70
5349 30.53
4618 31.27
5642 30.05
17114 34.02
993 35.11
3353 34.19
3884 33.73
6340 34.11
5758 32.63
5988 32.75
5561 31.66
6343 32.83
5399 32.00
5919 32.11
5488 31.44
6870 32.40
4997 31.59
5877 31.58
4970 30.98
6565 31.91
5215 31.25
6446 31.23
4137 31.14
6753 31.37
5084 31.00
6252 30.71
4590 30.61
6926 30.69
4490 30.37
6901 30.27
5234 30.64
8067 30.89
4536 31.00
5802 30.44
5572 29.81
17097 34.18
893 35.01
2954 32.79
4351 31.84
5989 32.39
6535 31.98
6457 32.39
5933 31.84
8056 32.95
5518 31.86
5459 31.91
5104 31.71
