10271 40.64
697 39.84
6627 35.81
5111 34.62
6812 36.06
5909 34.98
6461 35.00
4933 34.38
6612 35.61
5351 34.26
6126 34.18
4662 33.67
6373 34.04
5015 32.95
5961 32.65
4866 32.53
6901 33.49
4720 33.09
6393 32.87
4364 32.63
7091 32.44
4039 32.09
6186 31.90
5872 32.01
7673 33.05
4326 32.38
5871 31.97
5069 31.38
6651 32.33
4851 31.85
6578 31.60
4899 31.36
16563 36.58
1974 35.07
3166 34.91
4366 33.46
6208 34.46
5918 33.11
6188 33.65
5244 32.48
6674 33.69
5307 32.59
6037 32.34
5573 31.88
6965 32.66
4970 31.88
6064 31.95
5613 31.61
6936 32.38
4771 31.70
6102 31.39
5437 30.87
6671 31.69
5184 31.13
6836 30.83
4383 31.18
7109 31.52
6266 31.31
6373 31.13
4398 31.14
7510 31.42
5129 31.02
6629 30.89
4832 30.70
18038 34.79
1041 35.34
2824 33.62
4197 32.57
6090 33.03
5738 31.60
6267 31.40
5475 30.90
6992 32.11
5587 31.48
6644 31.95
5438 31.35
7424 32.50
5492 31.37
5773 31.66
5517 31.02
7272 32.07
4976 31.41
6036 31.31
5542 30.86
6897 31.35
5058 30.94
6717 30.62
4402 30.72
6896 31.22
5518 30.91
5984 30.87
5655 30.15
6890 31.01
5941 30.56
7049 31.14
5000 30.93
17423 35.47
1203 34.93
3022 34.68
4294 33.42
6327 33.53
5803 31.81
6618 31.72
5290 31.26
7528 33.00
4951 31.83
5755 31.92
5309 31.02
6998 32.00
5203 31.48
6419 31.38
4990 30.86
6774 31.44
5217 31.39
6187 31.01
5367 30.68
7446 31.42
4820 30.98
5942 30.93
5893 30.24
6711 31.03
4874 30.63
6100 30.36
5989 29.45
6969 30.73
5534 29.77
5937 30.11
5698 29.76
17583 35.01
1249 35.12
4436 32.27
4931 31.08
4492 34.09
5966 31.75
6626 31.70
5817 30.69
7267 32.19
6287 30.87
7111 30.88
4367 30.84
7130 31.91
5399 31.40
6355 31.37
4846 31.17
7082 31.61
6108 31.28
6162 31.11
3810 30.95
7586 31.19
4408 30.94
7017 30.74
5457 31.17
7936 31.50
4512 31.22
6043 31.12
6267 30.43
8080 31.52
5176 31.10
5424 31.41
5485 30.69
17521 36.10
1331 35.41
3844 33.88
3286 33.45
6662 33.05
4686 32.01
6389 31.76
5164 31.37
6453 32.67
5358 31.66
6307 31.46
5619 31.15
6899 31.80
5264 31.39
6474 31.15
4409 31.05
6881 30.93
5361 30.76
6564 30.37
5199 30.20
7107 30.94
5358 30.53
6714 30.27
4409 30.30
7498 30.61
4568 30.57
6549 30.35
5233 30.15
7335 30.54
5014 30.12
6488 30.08
4847 30.12
17421 35.03
1497 34.68
3396 33.34
3821 32.52
6027 33.27
6045 31.23
6256 31.51
6361 31.04
6758 32.12
5488 31.24
6121 31.14
5446 30.66
7473 31.31
5490 30.92
6993 30.49
4362 30.85
6980 30.66
4332 30.11
6479 30.21
6286 30.14
9067 30.98
4871 30.94
5364 31.07
5224 30.13
7033 30.80
5120 30.54
6862 30.49
4751 30.44
7305 30.75
5090 30.44
5944 30.24
5871 29.86
17112 35.55
1863 34.69
3094 34.59
4834 33.13
5712 33.51
6384 32.03
6377 32.36
5195 31.45
6389 32.43
5847 31.41
6692 31.37
4685 31.17
6948 31.73
5379 31.19
6121 30.80
6254 30.40
7028 31.28
4761 30.82
6341 30.57
4663 30.77
6860 30.68
4939 30.14
6403 30.10
5479 29.28
7343 30.39
4950 29.65
5936 29.64
6353 29.88
9830 31.14
4450 30.49
5662 30.51
5230 29.80
17750 33.75
1020 35.25
3391 34.05
3992 33.80
6714 34.11
5843 32.66
6390 32.51
5568 31.57
6368 32.96
5616 31.79
6372 31.89
5412 31.21
7102 32.30
5329 31.49
6618 31.47
4270 31.05
7116 31.74
5638 31.14
6600 31.06
4569 30.92
6841 31.22
5117 30.96
6294 30.61
4953 30.27
6730 30.54
4754 30.27
7052 30.13
5381 30.38
8460 30.66
4772 30.67
5962 30.37
5575 29.66
17653 33.94
1045 34.41
3184 32.60
4176 31.46
7770 31.60
6443 31.38
7785 31.41
5560 31.22
7918 32.62
5487 31.61
4960 31.79
5679 31.41
