10718 40.33
818 39.22
6545 35.65
5982 34.21
6705 36.35
5805 34.88
6047 35.13
5750 34.10
6628 35.53
5692 34.18
6394 34.03
4479 33.57
7002 33.68
4287 33.18
6508 32.12
5216 32.17
7027 33.18
5088 32.78
6867 32.56
3734 32.58
7339 32.21
4203 32.09
6607 31.48
6062 31.81
7764 32.98
4525 32.07
6062 31.77
5372 31.06
6725 32.29
5442 31.44
6944 31.21
4703 31.47
17147 36.36
2074 34.84
3720 34.16
4793 32.97
5993 34.22
6409 32.95
6359 33.40
5637 32.09
6858 33.55
5528 32.38
6602 32.05
5406 31.73
6999 32.39
5225 31.79
6480 31.65
5493 31.39
7368 32.17
4805 31.52
6283 31.17
5688 30.69
6634 31.55
5635 30.81
6626 30.61
4812 30.91
7192 31.48
5842 31.39
6414 31.06
5625 30.58
7776 31.30
5101 31.04
6676 30.82
5356 30.23
18382 34.58
984 35.54
3049 33.40
4519 32.26
5058 33.37
6418 31.48
6833 31.34
5816 30.78
7022 32.08
5485 31.41
6909 31.76
5621 31.19
7702 32.24
5105 31.47
6308 31.46
5513 30.77
7607 31.74
5224 31.20
6427 31.01
5396 30.78
6716 31.35
5628 30.79
6628 30.71
5459 30.35
7243 31.09
6056 30.58
5822 30.90
5458 30.20
7305 30.87
6056 30.49
7383 31.11
5079 30.80
17995 35.20
1247 34.91
3544 34.47
4215 33.29
6828 32.99
5509 31.76
6735 31.39
5130 31.04
7424 32.83
5563 31.63
6727 31.45
4596 31.11
6924 32.16
6153 31.19
6401 31.40
5247 30.90
7044 31.51
5652 31.22
6397 30.94
5143 30.66
7252 31.56
5486 30.77
6434 30.84
5715 30.19
7193 30.94
5595 30.28
6014 30.33
6149 29.43
7162 30.77
5608 29.81
5592 30.35
5834 29.87
18254 34.75
1224 34.66
4359 32.37
4395 31.25
5432 33.53
5723 31.51
6696 31.35
5850 30.36
6931 32.02
5679 31.01
6560 30.95
5636 30.53
7376 31.51
5376 31.14
6519 31.11
5151 30.89
7342 31.40
6627 30.97
6573 30.81
3906 30.59
7914 30.88
4522 30.70
6977 30.54
5943 30.90
8277 31.34
4839 30.90
5864 31.03
6587 30.25
7693 31.47
4991 31.09
6382 30.84
4742 30.71
18096 35.86
1979 34.84
2986 34.36
3927 33.27
6822 32.81
5712 31.43
6349 31.55
5365 31.23
6812 32.28
5796 31.48
5918 31.40
6103 30.87
6697 31.71
5504 31.20
6915 30.96
4369 30.93
7019 31.05
5554 30.62
6955 30.12
4457 30.24
7410 30.62
5554 30.37
6270 30.29
5868 29.84
7345 30.46
5174 30.23
6843 30.20
5167 29.99
7281 30.54
5676 30.12
6885 29.86
4872 29.98
18118 34.73
1302 34.82
3391 33.30
4159 32.31
7346 32.57
5907 30.95
6872 30.94
6019 30.78
7207 31.68
5554 30.86
6204 30.90
5131 30.56
6949 31.24
5926 30.55
6464 30.65
5722 30.15
6929 30.69
4896 29.75
6891 29.93
5744 30.12
8487 31.11
5563 30.64
5665 30.88
5048 29.89
7344 30.46
5580 30.42
6950 30.32
5364 30.18
7803 30.52
5192 30.51
6567 29.92
6193 29.51
17443 35.40
2313 34.19
3339 34.27
3854 33.27
6505 33.11
5949 32.09
6360 32.04
6407 30.91
6620 32.21
5984 31.05
6457 31.16
4915 30.80
6931 31.42
5684 30.73
7052 30.41
4656 30.64
7337 31.07
5328 30.36
6433 30.45
4840 30.38
7171 30.33
5273 29.83
7118 29.73
4534 29.48
7704 30.03
5083 29.38
6287 29.24
6577 29.63
10377 30.80
4948 30.22
5043 30.60
5660 29.68
18156 33.53
1172 34.32
3613 33.74
3926 33.74
7026 33.83
5964 32.51
6534 32.27
5781 31.40
7232 32.58
5572 31.62
6434 31.60
5545 31.08
7872 31.80
5426 31.08
6306 31.12
5146 30.46
6998 31.49
5381 30.95
6658 30.92
5443 30.41
6982 31.04
5530 30.55
6561 30.45
4997 30.04
7399 30.22
4531 30.15
7032 30.02
5911 30.09
8388 30.58
4955 30.40
6417 29.96
5569 29.48
18206 33.70
1072 34.05
3256 32.20
4392 31.19
7700 31.30
6922 31.04
8061 31.16
5775 31.07
8283 32.31
5877 31.27
4930 31.64
5562 31.23
