12830 39.01
1031 37.92
7093 34.56
6302 33.30
7922 34.59
6758 33.57
7104 33.84
6892 32.76
7814 34.22
6428 32.86
7434 32.85
5352 32.25
7804 32.53
5952 31.72
7407 31.03
5935 30.99
8751 31.85
5773 31.56
7501 31.51
5563 31.17
8252 31.26
4944 30.82
7468 30.54
7354 30.67
8631 32.08
5454 31.05
6787 30.78
6529 30.11
7727 31.29
6164 30.44
7673 30.40
6402 30.24
19860 35.22
2298 33.76
3319 33.86
5623 32.30
6784 33.26
7307 31.96
7637 32.33
6495 31.15
8320 32.37
6230 31.53
7154 31.17
6730 30.74
8391 31.28
5849 30.86
7480 30.63
6374 30.32
8649 31.10
5489 30.63
7258 30.12
6714 29.58
8254 30.35
5647 29.97
7543 29.72
5890 29.76
8571 30.25
6603 30.26
7723 29.93
6074 29.63
8907 30.10
6059 30.00
7983 29.66
5717 29.47
21284 33.46
1279 34.06
3350 32.56
6253 30.96
6520 31.85
6942 30.44
7721 30.24
5988 29.83
8232 30.73
6925 30.14
8299 30.66
6265 30.05
8711 31.08
6991 30.17
7451 30.37
5781 29.99
8657 30.84
6417 30.28
7323 29.95
6609 29.57
8406 30.17
5972 29.80
7858 29.34
5967 29.43
8531 30.00
6561 29.62
7256 29.55
6609 29.03
9335 29.46
6442 29.59
8190 30.17
6086 29.71
20756 34.06
1521 33.96
3824 33.19
4981 32.37
6783 32.72
7161 30.56
7823 30.62
6740 29.92
8788 31.85
6125 30.78
7104 30.67
6186 29.77
8168 31.03
6507 30.26
7666 30.27
6114 29.82
7906 30.45
7163 30.04
7627 29.81
5537 29.85
8522 30.43
6412 29.77
7266 29.67
6969 29.12
8511 29.73
6135 29.24
7457 29.04
7029 28.40
8631 29.62
6264 28.88
6469 29.20
6681 28.73
21058 33.60
1401 34.12
4443 31.27
6593 29.80
5504 32.81
6996 30.37
7733 30.44
7170 29.45
7799 31.02
7030 29.86
7302 30.13
6455 29.48
8296 30.73
6555 30.14
7558 30.26
6248 29.86
8451 30.44
7482 30.06
7432 29.84
4570 29.84
8656 29.94
5515 29.70
8654 29.57
6861 29.88
10004 30.21
5507 30.02
7583 29.82
7235 29.29
9453 30.32
6082 29.88
6507 30.10
6551 29.58
21138 34.69
1706 34.23
3514 33.24
4628 32.12
7626 31.88
6473 30.40
7392 30.67
6365 30.23
8256 31.24
6381 30.41
7629 30.20
6664 29.83
8156 30.52
6344 30.17
7720 29.98
5271 29.91
8537 29.74
6073 29.59
7234 29.31
6953 28.78
9011 29.55
5916 29.34
7588 29.04
7289 28.61
8913 29.37
5523 29.29
7974 29.12
5916 29.01
9169 29.19
5699 29.23
7681 28.99
5980 28.92
20787 33.66
1759 33.27
4157 32.11
5519 30.86
6588 32.21
7175 30.29
7926 30.26
7917 29.76
7930 31.02
7062 30.02
7506 29.97
6276 29.75
7771 30.51
7071 29.81
7354 29.90
6818 29.28
8104 29.99
5091 29.14
8119 29.10
6613 29.32
10285 30.13
6094 29.93
7020 29.85
5338 29.29
8076 29.81
6450 29.63
8173 29.57
6389 29.34
8928 29.72
6522 29.54
6800 29.38
7171 28.89
20475 34.14
2213 33.70
4211 32.96
4332 32.22
7485 32.19
6965 30.87
7343 31.01
6819 29.93
7880 31.02
6637 30.24
7950 30.03
5493 29.96
8309 30.39
6319 29.75
7388 29.76
7088 29.31
8506 29.94
5742 29.48
7232 29.57
6128 29.25
8172 29.33
6207 28.93
7690 28.93
6593 28.27
8495 29.32
6314 28.58
7424 28.45
7884 28.83
10393 30.54
5911 29.49
6658 29.76
6776 28.81
21001 32.39
1372 33.54
4513 32.53
4624 32.65
7974 32.70
8023 31.06
6431 31.63
6764 30.68
7815 31.56
6564 30.77
7458 30.69
6640 30.16
8476 31.18
6682 30.24
7388 30.29
5530 29.88
8254 30.65
6315 30.18
7514 30.02
6462 29.55
8144 30.18
6230 29.84
7781 29.51
5514 29.31
8160 29.66
5635 29.18
8417 29.10
6691 29.28
9530 29.77
5919 29.66
7422 29.33
6399 28.81
20962 32.57
1160 33.31
3665 31.23
5312 30.22
7670 30.89
8205 30.38
7680 30.99
7140 30.50
9650 31.53
7200 30.36
5938 30.91
6808 30.43
