13077 38.84
1151 37.82
7649 34.18
6466 32.97
8404 34.37
6798 33.46
7413 33.54
6754 32.73
8302 33.91
6121 32.82
7396 32.64
6171 31.89
7751 32.52
6263 31.44
7525 30.95
5988 30.97
8513 31.94
5919 31.55
8237 31.24
4778 31.36
8425 31.13
5085 30.70
7925 30.32
7203 30.62
9277 31.76
5471 30.87
7113 30.50
6547 29.85
8084 31.08
5725 30.48
8414 30.14
5786 30.17
20428 34.97
2377 33.64
4641 32.82
5977 31.67
6589 33.29
7114 31.90
7411 32.37
7214 30.87
8269 32.36
7420 30.90
7276 31.07
6051 30.68
8584 31.21
6325 30.59
7717 30.50
6654 30.28
8770 30.90
5733 30.35
7518 29.99
6900 29.45
7995 30.47
6724 29.58
7835 29.53
5992 29.68
8707 30.20
7276 30.01
8082 29.70
5337 29.78
9054 30.07
6386 29.85
7958 29.67
6400 29.17
21907 33.20
1225 34.05
3689 32.46
5165 31.14
7392 31.35
7432 29.94
7753 29.88
6842 29.50
8155 30.54
7080 29.87
8563 30.40
6464 29.96
8942 30.98
6914 29.91
7424 30.14
6357 29.69
8481 30.74
6737 29.81
7577 29.77
6584 29.55
8641 29.95
6343 29.63
7846 29.33
6871 28.93
8948 29.61
6358 29.60
7489 29.38
6692 28.81
8855 29.47
6797 29.38
9019 29.72
6240 29.47
21430 33.86
1454 33.96
3793 33.17
5213 32.15
6919 32.66
7323 30.42
8128 30.44
6726 29.79
9399 31.54
5925 30.50
7612 30.26
5843 29.67
8572 30.65
6539 30.09
7765 30.12
6040 29.71
8231 30.12
7360 29.75
7790 29.55
5921 29.54
9200 30.11
5948 29.61
7648 29.37
7194 28.76
8255 29.65
5895 29.33
7663 29.06
7124 28.22
8721 29.47
7003 28.58
6930 29.10
6851 28.67
21895 33.35
1335 33.90
4114 31.56
4724 30.41
7433 31.60
7303 29.85
7628 30.04
6652 29.23
8429 30.42
6729 29.60
7766 29.54
6187 29.28
9112 29.91
7321 29.45
7180 30.05
6284 29.65
8782 30.11
7757 29.73
7677 29.56
4756 29.28
9208 29.48
5773 29.42
8946 29.25
7124 29.61
9703 30.09
6166 29.60
6920 30.02
7416 29.27
9235 30.41
6502 29.82
7088 29.99
6197 29.62
21697 34.49
1782 33.93
3638 33.06
5876 31.48
6821 32.04
6823 30.43
7508 30.61
6619 30.28
7935 31.37
7346 30.31
7663 30.24
6678 29.89
8426 30.50
6768 30.04
7997 29.91
5240 29.96
8299 29.98
6080 29.70
7927 29.18
6968 28.75
8804 29.63
6569 29.29
7634 29.05
6583 28.67
8765 29.45
6314 29.09
7861 29.20
6356 28.92
8802 29.32
6578 29.01
8364 28.79
5905 28.87
21322 33.47
1808 33.12
3700 32.37
5566 30.94
7438 31.77
6979 30.11
8028 30.03
7815 29.64
8459 30.87
7704 29.61
6746 29.92
6498 29.47
8284 30.28
7119 29.63
8152 29.61
6078 29.35
8479 29.69
5010 28.98
7962 28.96
7396 28.99
9758 30.18
5843 29.90
6988 29.76
6513 28.82
8398 29.59
6544 29.42
8569 29.37
6566 29.08
9127 29.72
6702 29.30
7030 29.23
7337 28.71
20658 34.08
2931 33.00
3754 33.30
4598 32.11
7919 31.86
6821 30.88
7864 30.81
7063 29.69
8062 30.98
6818 30.14
7811 30.01
6194 29.66
8381 30.19
6442 29.68
7735 29.40
7345 29.10
8358 29.92
6117 29.37
7475 29.47
6081 29.28
8644 29.12
6283 28.71
8484 28.50
5475 28.41
8716 29.10
6517 28.30
7528 28.34
8153 28.64
12414 29.81
5821 29.21
6175 29.74
6815 28.55
21565 32.18
1400 33.31
4617 32.29
4842 32.47
8029 32.84
6952 31.40
7644 31.14
7113 30.28
8231 31.44
6955 30.54
7756 30.51
6880 30.05
8677 30.90
6494 30.21
7645 30.32
5570 29.81
8689 30.49
6226 30.11
7789 30.04
6678 29.38
8243 29.97
6365 29.60
7821 29.40
6081 29.12
8507 29.36
5808 29.04
8523 28.87
6546 29.25
10506 29.37
6201 29.45
7105 29.31
6899 28.54
21437 32.37
1202 33.36
3668 30.81
5588 30.03
8260 30.44
8381 30.08
8383 30.51
6896 30.26
11861 30.73
6310 30.18
6168 30.21
6468 30.01
