13695 38.54
1128 37.81
7502 34.10
7264 32.57
8293 34.37
7481 33.22
8099 33.18
6461 32.54
8327 33.93
6722 32.62
7703 32.47
5700 31.97
8290 32.16
5856 31.46
7664 30.72
6465 30.58
9087 31.46
6060 31.33
8420 31.11
4756 31.10
8520 30.96
5638 30.55
8218 30.11
7328 30.39
9740 31.50
5688 30.64
7161 30.39
6850 29.65
8238 30.96
6175 30.16
8280 29.99
6475 29.86
20833 34.82
2523 33.41
3730 33.33
6774 31.52
7004 32.86
7965 31.57
7558 32.12
6902 30.80
8341 32.15
6677 31.13
8189 30.61
6094 30.52
8898 30.94
6271 30.38
7888 30.23
6992 30.11
8839 30.75
5859 30.22
7903 29.76
6848 29.37
8281 30.19
6799 29.45
8164 29.30
6084 29.58
8676 30.17
7993 29.81
8309 29.58
5551 29.63
9687 29.84
6287 29.59
8223 29.39
6422 28.98
22326 33.03
1240 33.90
4236 31.92
5053 30.86
7461 31.34
7470 29.90
7897 29.85
7171 29.30
8480 30.32
6814 29.92
8841 30.20
6448 29.76
10106 30.56
6735 29.89
7036 30.08
6777 29.42
8919 30.30
6502 29.68
7864 29.52
6937 29.23
8531 29.80
6519 29.40
8473 29.03
5783 29.11
9180 29.48
6848 29.19
7534 29.20
6954 28.61
9088 29.32
7530 29.10
8739 29.76
6692 29.31
21969 33.62
1411 33.65
3713 33.05
5691 31.94
7077 32.17
7663 30.08
8256 30.21
6346 29.79
9061 31.57
6744 30.29
7668 30.28
6251 29.53
8378 30.71
7062 29.93
8080 29.95
6619 29.45
9076 29.86
7370 29.67
7051 29.70
6651 29.24
9196 29.98
6390 29.53
7622 29.33
7511 28.66
8446 29.55
6035 29.17
7831 28.90
7325 28.08
8857 29.44
7061 28.44
7159 28.99
7364 28.43
22308 33.16
1419 33.74
5598 30.59
6078 29.46
5641 32.44
7234 30.24
7706 30.35
7824 29.13
8161 30.82
6894 29.62
7962 29.66
6718 29.21
8856 30.20
6772 29.82
8050 29.95
6704 29.56
8888 30.13
8021 29.74
8544 29.44
4565 29.30
9229 29.60
5898 29.45
9106 29.18
7155 29.72
9651 30.25
5380 30.08
8056 29.57
7567 29.07
8977 30.46
6743 29.85
6975 30.09
6578 29.53
22207 34.29
1709 33.93
3552 32.97
5122 31.76
8617 31.36
6035 30.23
7839 30.28
6690 29.82
8484 30.80
7561 29.87
7312 29.97
7130 29.62
8266 30.30
7099 29.61
8027 29.70
5815 29.57
8429 29.51
6680 29.27
8213 28.79
6843 28.54
9140 29.37
6880 29.03
8189 28.84
6765 28.57
9311 29.02
6424 28.95
8143 28.82
6506 28.77
8848 29.18
6805 28.81
8394 28.62
6251 28.75
21777 33.28
1960 32.94
5354 31.39
5110 30.75
6685 31.59
7572 29.97
7683 30.13
8720 29.42
8227 30.74
7091 29.79
7588 29.84
7002 29.35
8075 30.32
7659 29.42
8285 29.47
6795 29.11
8485 29.65
5944 28.74
8434 28.77
6970 29.03
10492 29.93
6725 29.68
8120 29.32
5000 29.25
8662 29.48
6342 29.48
8576 29.32
6720 29.19
9348 29.45
6666 29.24
7619 28.85
7112 28.61
21541 33.76
2563 33.03
3692 33.11
4893 32.09
8446 31.76
6732 30.78
7909 30.61
7454 29.49
8071 30.75
7282 29.83
8050 29.75
6227 29.53
8672 30.07
6457 29.57
7898 29.27
7609 28.89
8384 29.85
6526 29.22
8155 29.07
5998 29.23
8818 29.04
6609 28.45
8758 28.35
5776 28.30
8987 28.88
6697 28.17
7662 28.13
8387 28.46
12943 29.70
5912 29.06
6184 29.51
6166 28.79
22096 31.99
1472 33.22
4769 32.07
4812 32.32
8364 32.46
6943 31.23
7826 30.96
7173 30.03
8568 31.16
6973 30.38
8248 30.27
6797 29.79
9109 30.61
6585 30.01
7814 29.95
6067 29.41
8676 30.36
7096 29.61
7802 29.79
6590 29.33
8826 29.69
6374 29.37
7820 29.32
6572 28.76
8470 29.20
6099 28.89
8182 28.88
7906 28.77
9524 29.60
6660 29.21
7620 29.01
7104 28.41
22105 32.14
1165 33.15
3932 30.64
5619 29.81
7704 30.68
8340 30.28
8623 30.57
7562 30.13
10391 31.22
6465 30.34
7536 30.16
7134 29.89
