14005 38.28
1234 37.64
7754 33.85
8302 32.04
8127 34.32
7311 33.15
7810 33.27
7173 32.35
8516 33.87
6900 32.42
7901 32.34
5842 31.74
8345 32.04
6466 31.12
8104 30.61
6236 30.67
9163 31.58
6515 31.05
8462 31.03
5291 30.98
9020 30.86
5226 30.65
8120 30.09
7918 30.28
9400 31.47
6054 30.63
7449 30.21
6835 29.66
8513 30.77
6187 30.16
8619 29.89
6417 29.92
21368 34.59
2710 33.38
3554 33.27
6350 31.64
7976 32.35
7033 31.50
7831 31.84
6746 30.64
8777 31.78
7636 30.54
7810 30.58
6479 30.30
9176 30.69
6562 30.17
8153 30.05
6818 29.91
8845 30.55
6321 29.94
8010 29.61
6945 29.18
8515 30.21
7160 29.24
8775 28.99
5951 29.38
10146 29.61
6736 29.80
7757 29.46
7093 29.04
9735 29.62
6295 29.39
8298 29.20
7046 28.71
23100 32.79
1187 33.67
3651 32.16
5657 30.76
7744 31.14
7567 29.68
8058 29.64
7262 29.01
9318 29.82
7669 29.27
8495 30.05
6962 29.54
9698 30.43
7115 29.53
7544 29.77
6988 29.22
9190 30.16
6707 29.47
8131 29.34
6967 29.10
8938 29.48
6836 29.28
8406 29.01
6627 28.87
8845 29.57
7334 29.12
7748 29.15
7329 28.47
9724 29.13
7735 28.99
8784 29.75
6875 29.17
22497 33.41
1580 33.40
3972 32.73
5626 31.79
8185 31.60
7594 30.02
8834 29.68
6437 29.61
9359 31.20
6920 30.02
8253 29.91
6117 29.34
8640 30.58
7865 29.55
8750 29.66
6152 29.39
8981 29.78
7694 29.49
7981 29.29
6386 29.26
9099 29.92
6556 29.31
7943 29.19
7718 28.59
9105 29.34
6644 28.83
8198 28.65
7369 27.94
9363 29.08
7144 28.23
6969 28.70
7159 28.41
22848 32.95
1576 33.22
5737 30.43
6263 29.31
5824 32.34
8073 29.79
7603 30.27
7257 29.17
8310 30.83
7348 29.47
8316 29.55
6856 29.02
9158 30.04
7252 29.61
8507 29.64
6612 29.41
9130 29.95
7826 29.66
7750 29.49
5157 29.11
9222 29.41
6188 29.20
9002 29.20
7858 29.40
10217 30.01
6445 29.41
7104 29.78
7774 29.06
9340 30.25
6633 29.65
7331 29.81
6749 29.35
22813 34.08
1773 33.69
3897 32.56
5189 31.54
8397 31.35
6527 30.00
7947 30.17
7017 29.73
8481 30.74
8154 29.71
7624 29.87
6993 29.55
9038 30.01
6471 29.83
8519 29.38
5837 29.45
8760 29.37
6667 29.15
8221 28.64
7230 28.44
9166 29.16
6944 28.91
8323 28.53
7338 28.19
9460 29.08
6625 28.80
8230 28.75
6868 28.51
8920 29.09
6977 28.66
8053 28.69
6944 28.42
22399 33.05
2037 32.76
4340 31.77
6104 30.35
6886 31.39
7868 29.74
7618 30.06
8230 29.50
8951 30.56
8261 29.20
7912 29.46
6661 29.21
9051 29.86
7340 29.32
7923 29.33
7420 28.76
9009 29.19
5461 28.65
8538 28.49
7196 28.78
11225 29.57
6958 29.39
8010 29.12
5147 29.01
8976 29.19
6855 29.15
9209 28.90
6599 28.84
9896 29.03
6796 29.01
7840 28.68
7284 28.36
22036 33.55
2738 32.78
3875 32.84
4920 31.72
8264 31.65
7268 30.46
8412 30.31
6898 29.39
8719 30.48
6956 29.72
8853 29.40
6203 29.31
9228 29.75
6524 29.31
7597 29.08
8392 28.65
8982 29.37
6150 29.19
8241 28.84
6167 28.97
8888 28.83
6817 28.40
8788 28.22
6014 28.02
9355 28.65
6918 27.93
7613 28.07
9162 28.20
13070 29.56
6308 28.91
6501 29.28
7285 28.25
22069 32.02
1479 33.34
4475 32.47
4999 32.38
8800 32.29
7226 31.07
8106 30.86
7556 29.86
8529 30.99
7343 30.15
8604 30.05
6962 29.66
9154 30.62
7310 29.73
7699 29.85
6312 29.26
8607 30.23
7314 29.54
8661 29.48
5771 29.39
9036 29.66
6727 29.30
8116 29.20
6777 28.67
8836 29.04
6181 28.77
8689 28.67
7256 28.85
9505 29.48
6293 29.37
7849 29.02
7289 28.34
22719 31.90
1255 32.84
4566 30.25
4866 29.80
8712 29.96
7997 29.99
9019 30.02
7479 29.79
11007 30.80
7417 29.83
6404 30.17
7426 29.68
