14525 38.09
1306 37.04
7809 33.65
8683 31.89
7923 34.21
7595 32.99
8108 33.06
7414 32.14
9137 33.55
6535 32.24
8363 31.98
5732 31.61
8701 31.75
6361 30.99
8248 30.35
6511 30.41
9481 31.12
6615 30.86
8681 30.75
5274 30.86
8766 30.80
5910 30.19
8831 29.73
7266 30.25
9338 31.46
6697 30.33
7562 30.15
7125 29.49
8731 30.57
6553 29.85
8591 29.72
6825 29.58
21816 34.44
2865 33.16
6270 32.01
5441 31.28
6533 33.00
8210 31.38
8097 31.99
7616 30.52
8596 31.98
7413 30.75
8332 30.50
6612 30.37
9389 30.75
6569 30.05
8387 30.14
7051 29.74
9023 30.71
6790 29.89
8052 29.69
7497 29.17
9052 29.88
6621 29.38
8867 29.00
5928 29.42
9323 29.76
8110 29.57
8580 29.36
5878 29.35
10172 29.57
6656 29.28
8531 29.20
6905 28.68
23559 32.63
1244 33.99
3903 31.94
5570 30.70
8184 30.79
7537 29.59
8244 29.52
7454 28.80
9406 29.77
7215 29.44
9240 29.80
6612 29.36
10517 30.13
6972 29.48
8369 29.31
6615 29.21
9679 29.81
6558 29.38
8404 29.04
7147 28.83
9134 29.29
7034 29.00
8659 28.78
6819 28.68
9991 29.06
7140 28.94
8488 28.60
7140 28.29
9387 29.05
7723 28.75
9049 29.39
7325 28.94
23037 33.23
1696 33.24
3909 32.80
5820 31.65
8582 31.44
7269 29.94
8722 29.69
7005 29.29
9747 30.97
6857 29.94
7503 30.02
7283 29.00
9102 30.23
7442 29.54
8200 29.74
7008 29.04
8714 29.79
7329 29.55
8108 29.23
6873 29.05
9300 29.69
7134 29.08
8217 28.99
7968 28.37
9431 29.12
6955 28.65
8296 28.55
7875 27.81
9515 28.94
7238 28.21
7603 28.52
7658 28.02
23280 32.78
1517 33.00
5048 30.61
6971 29.16
6305 31.82
7810 29.54
8264 29.82
7874 28.77
8398 30.34
7809 29.22
8361 29.44
6941 28.88
9397 29.80
8108 29.18
8426 29.53
6821 29.24
9416 29.80
8328 29.38
8254 29.23
5110 29.01
9410 29.29
6444 29.07
9384 28.95
7762 29.36
10883 29.63
6282 29.46
7706 29.44
7782 28.88
9521 30.03
6971 29.45
7412 29.68
7025 29.13
23481 33.87
1675 33.81
5091 31.97
6781 30.65
6180 32.06
7594 29.92
8239 30.27
6902 29.72
8921 30.77
7024 30.13
8608 29.64
7076 29.50
8774 30.19
7708 29.45
8320 29.53
6197 29.38
8632 29.45
7867 28.82
8391 28.73
7212 28.38
9448 29.15
6934 28.91
8024 28.73
7615 28.24
9605 28.95
6725 28.71
8604 28.56
7835 28.14
9277 28.95
7020 28.63
8778 28.43
6335 28.44
22977 32.84
1862 32.76
5597 30.91
5314 30.36
7119 31.11
7874 29.66
8175 29.80
9019 29.16
8699 30.35
8647 29.06
7990 29.31
6944 29.08
8766 29.85
7833 29.16
8368 29.21
7627 28.71
8784 29.37
6504 28.24
8710 28.50
7430 28.83
10956 29.60
6986 29.33
7337 29.38
6411 28.58
9415 29.03
7211 28.98
8800 28.91
7181 28.76
9589 29.24
7368 28.80
7792 28.76
7657 28.25
22732 33.34
2318 32.75
4060 32.56
5104 31.59
8475 31.36
7698 30.20
7834 30.38
7458 29.32
8692 30.35
7374 29.50
8454 29.47
6716 29.08
8955 29.75
7270 29.04
8756 28.81
7394 28.68
9125 29.44
6954 28.76
8911 28.61
6153 28.79
9097 28.79
6878 28.31
9397 28.01
5824 27.99
9363 28.66
7017 27.88
8186 27.87
9232 28.02
11933 29.86
6492 29.01
6752 29.40
7353 28.26
23172 31.55
1581 32.70
5225 31.85
5174 31.98
8736 32.14
7272 30.85
8075 30.73
7725 29.65
8288 30.94
7373 30.10
8431 30.09
7528 29.49
9233 30.55
7148 29.77
8613 29.63
6120 29.29
9203 30.02
7707 29.35
8681 29.42
6057 29.30
9219 29.51
7001 29.21
8976 28.82
5537 28.98
9015 28.88
6411 28.66
8944 28.60
7467 28.73
10720 29.10
6703 29.04
8149 28.69
7001 28.28
23132 31.72
1326 32.66
4618 29.90
5019 29.65
8795 30.05
8499 29.70
9207 29.93
7626 29.66
11423 30.59
7013 29.72
7001 29.80
7494 29.64
