15387 37.67
1498 36.90
7676 33.38
7775 32.05
9194 33.54
8144 32.32
8590 32.54
7524 31.71
9525 33.00
7039 31.73
8792 31.55
6013 31.09
9170 31.23
6725 30.50
8642 29.96
6999 29.98
9831 30.99
7119 30.40
9034 30.38
5886 30.16
9552 30.25
5977 29.83
9240 29.29
7646 29.93
9787 31.20
7041 29.95
8346 29.66
6865 29.33
9071 30.41
7211 29.58
9633 29.28
6804 29.31
22911 34.07
3007 32.78
5242 32.04
6815 30.90
7958 32.13
7861 31.12
8608 31.42
7161 30.33
9581 31.38
6976 30.50
8402 30.03
7471 29.70
9525 30.47
7226 29.67
8648 29.68
7364 29.48
9451 30.23
7131 29.41
8622 29.29
7580 28.80
9457 29.48
7036 28.95
9595 28.51
6384 28.91
10192 29.39
7728 29.43
8741 29.03
7377 28.65
10063 29.31
7388 28.99
9162 28.73
6887 28.55
24734 32.24
1281 33.35
4069 31.39
6854 30.06
8246 30.57
7756 29.22
8841 29.01
7804 28.54
9629 29.44
7453 29.16
9457 29.55
7566 29.02
10384 30.02
7858 29.04
8183 29.40
7441 28.84
9927 29.63
7617 29.09
9085 28.77
6729 28.93
9198 29.25
7258 28.91
9555 28.53
6949 28.65
9801 29.17
8193 28.62
8789 28.61
7542 28.14
10648 28.66
8151 28.57
9418 29.23
7280 28.81
24798 32.64
1270 33.47
4402 31.95
6071 31.18
8450 31.17
8005 29.50
9047 29.41
7410 28.94
9918 30.83
7503 29.58
8873 29.49
6511 28.98
9366 29.99
8100 29.09
9812 29.10
6764 28.89
9904 29.17
7929 29.04
8612 28.75
7107 28.77
10267 29.21
6894 28.86
7999 28.80
8102 28.17
9616 28.86
7668 28.28
8635 28.38
8428 27.50
10512 28.51
7529 27.95
8473 28.12
7641 27.87
24550 32.37
1611 32.86
4702 30.71
7546 28.87
6577 31.37
8140 29.28
8911 29.24
7744 28.49
9172 30.07
7391 28.98
8548 29.05
7469 28.44
9859 29.54
7919 29.06
8835 29.28
7530 28.89
9845 29.58
8850 29.13
8385 29.07
5745 28.76
9723 29.22
6878 28.78
9871 28.75
8433 29.00
10855 29.51
6925 29.24
7877 29.38
8330 28.63
10368 29.82
7215 29.26
8079 29.36
6816 29.09
24668 33.48
1702 33.44
4054 32.29
5683 31.08
9118 30.89
7519 29.28
8825 29.47
6959 29.29
9513 30.04
8176 29.28
8195 29.31
7993 28.87
8922 29.70
6997 29.30
9214 29.02
6634 28.89
9535 28.85
7444 28.69
8615 28.43
7871 27.96
9774 28.82
7888 28.30
8589 28.36
7721 27.93
10224 28.56
7050 28.40
8855 28.28
7643 28.07
10317 28.42
7222 28.30
9131 28.15
7182 28.12
24168 32.45
2022 32.43
4676 31.22
6335 30.05
7915 30.68
8588 29.09
8780 29.28
9406 28.76
10045 29.72
8050 28.85
9198 28.60
6535 28.83
9270 29.42
8016 28.80
8457 28.82
8162 28.26
9087 28.98
6909 27.98
8855 28.28
8309 28.30
10706 29.49
6869 29.38
8136 29.09
7161 28.22
9520 28.89
7602 28.84
9455 28.66
7661 28.53
10108 29.05
7918 28.47
7610 28.70
7984 28.19
23716 33.02
2590 32.57
4215 32.46
5411 31.36
8891 31.07
8035 29.87
8751 29.94
7886 28.93
8964 30.13
8600 29.04
8578 29.20
6912 29.05
9551 29.44
7633 28.82
8771 28.59
8341 28.28
9612 29.06
6976 28.70
8716 28.56
6790 28.62
9667 28.40
7347 27.99
9575 27.86
6496 27.76
10274 28.16
7126 27.60
8633 27.58
9446 27.90
13943 29.20
6836 28.53
6972 29.05
6959 28.20
24106 31.24
1851 32.35
5294 31.53
5529 31.71
9593 31.69
7303 30.52
8514 30.25
7863 29.50
9479 30.31
7665 29.72
8871 29.64
7527 29.23
9960 29.99
7876 29.14
8243 29.45
7113 28.80
9771 29.46
7411 29.09
8435 29.22
7533 28.67
9117 29.20
7529 28.82
8688 28.74
6997 28.31
9582 28.61
6881 28.36
9230 28.25
8171 28.41
10788 28.87
7368 28.75
8537 28.40
7698 27.87
24197 31.34
1443 32.05
4155 30.33
6190 29.24
9026 29.72
8761 29.57
9700 29.68
8645 29.29
11820 30.32
7732 29.40
7462 29.48
7098 29.65
