16226 37.24
1449 36.54
8017 33.08
8174 31.59
9497 33.20
8311 32.09
8901 32.20
8253 31.27
9841 32.71
7546 31.39
9043 31.35
6512 30.87
9882 30.81
6421 30.38
9041 29.56
7463 29.55
10360 30.45
7297 30.03
9775 29.95
5577 30.13
9716 30.03
6596 29.46
9339 29.05
9209 29.30
10374 30.83
7351 29.72
8144 29.50
7700 28.92
9610 29.91
7838 29.07
9599 29.03
7323 29.02
23892 33.70
3336 32.44
4468 32.29
6771 30.91
8891 31.91
8178 30.69
8878 31.28
8063 29.76
9488 31.20
8860 29.85
9640 29.60
6869 29.63
10348 30.06
7542 29.49
8893 29.41
8117 29.11
10243 29.85
6941 29.26
8896 28.93
8234 28.38
9734 29.19
7473 28.70
9546 28.33
6853 28.69
10254 29.08
8956 28.87
9420 28.72
6982 28.66
10559 29.08
7776 28.76
9142 28.63
8133 27.95
25943 31.86
1325 33.29
4183 31.54
5951 30.32
8938 30.03
8693 28.81
9168 28.60
8128 28.21
10122 29.14
7697 28.75
9936 29.23
7943 28.67
12193 29.23
7174 28.82
8003 28.99
8057 28.38
10392 29.15
7842 28.74
8658 28.67
8594 28.24
9459 28.92
7696 28.50
9803 28.20
7379 28.22
10223 28.77
8434 28.32
8472 28.57
7915 27.95
10330 28.65
9017 28.20
10284 28.97
7997 28.53
25830 32.27
1421 33.16
4411 31.72
5874 31.05
9328 30.85
8166 29.24
9128 29.21
7556 28.69
10570 30.36
7853 29.19
9115 29.06
7198 28.55
9818 29.75
8496 28.84
10259 28.80
7344 28.56
9815 29.11
8875 28.73
8849 28.65
7347 28.50
10296 29.12
7499 28.61
8594 28.54
8875 27.87
10344 28.59
7812 28.14
8970 28.04
7925 27.43
10710 28.26
8202 27.57
7932 28.14
8705 27.52
25708 32.03
1696 32.71
6221 29.89
7170 28.60
6667 31.52
7938 29.29
8925 29.22
8250 28.29
9610 29.74
7799 28.73
8742 28.73
8176 28.11
10280 29.25
8261 28.80
9463 28.99
7691 28.65
10251 29.25
9195 28.85
9899 28.45
5483 28.47
10094 28.65
7289 28.39
10510 28.37
8658 28.71
11631 29.29
7338 28.86
8997 28.84
8475 28.31
10761 29.40
7809 28.90
8369 29.04
7491 28.64
25762 33.12
1643 33.32
4388 31.80
6675 30.40
8639 30.73
8282 29.07
9181 29.44
7774 28.91
9865 29.91
8630 28.98
9491 28.82
7438 28.81
9951 29.28
7912 28.80
9095 28.80
6990 28.66
9588 28.66
8179 28.33
9304 28.01
7902 27.71
10411 28.50
7979 28.12
9034 28.05
8021 27.78
10673 28.35
7493 28.05
9239 28.06
7868 27.75
10975 28.11
7636 27.91
9530 27.77
7492 27.83
25152 32.13
2333 32.10
6141 30.45
4798 30.24
8913 30.22
8081 29.09
8910 29.00
8926 28.71
10956 29.20
8817 28.38
8011 28.78
8081 28.33
10098 28.94
8074 28.43
8797 28.48
8368 27.97
10200 28.35
6388 27.80
9300 27.83
8342 28.06
11913 28.88
7386 28.78
8328 28.70
7294 27.97
9984 28.52
7985 28.51
10147 28.36
8025 28.07
11491 28.34
7783 28.40
8403 28.07
8555 27.72
24806 32.65
2982 32.05
4525 31.86
5419 31.18
9712 30.54
8077 29.68
9130 29.53
8529 28.48
9333 29.84
8995 28.67
9115 28.99
7172 28.65
10086 29.16
7765 28.62
9429 28.23
8575 27.97
10111 28.71
7792 28.43
9503 28.20
7009 28.33
10125 28.23
7698 27.83
10146 27.61
6644 27.50
10403 28.10
7675 27.33
8654 27.32
10014 27.73
14590 28.93
7079 28.29
7068 28.79
7649 27.91
25307 30.85
1875 32.03
5569 31.27
5616 31.51
10974 31.06
7253 30.29
8767 29.95
8140 29.10
9294 30.12
7939 29.39
9534 29.23
8107 28.86
10229 29.69
8586 28.84
8416 29.14
7556 28.51
10387 29.23
7474 28.92
9010 28.90
7977 28.30
9669 28.92
7942 28.56
8934 28.44
7641 28.04
9768 28.43
7373 27.91
9730 27.97
8518 28.12
11574 28.61
7512 28.39
8991 28.27
7820 27.80
25371 30.95
1446 32.01
4692 29.96
6255 28.85
9446 29.40
9489 29.16
9989 29.47
8427 29.07
12478 30.08
8415 29.02
7691 29.25
8538 28.95
