17443 36.70
1805 35.96
7936 32.83
9078 31.08
9772 32.85
9627 31.42
9536 31.69
8695 30.88
10789 32.16
7624 31.02
9884 30.73
6718 30.34
9827 30.62
8156 29.65
9976 29.20
7645 29.23
11051 30.07
7981 29.75
9908 29.71
7043 29.43
10699 29.36
6636 29.20
9919 28.63
9783 28.82
11460 30.26
7475 29.27
8852 29.15
8563 28.39
10004 29.68
7985 28.74
10738 28.56
7627 28.58
25539 33.17
3465 31.86
5045 31.73
8149 30.11
8007 31.99
8994 30.32
9643 30.80
8917 29.50
10642 30.73
8174 29.73
9527 29.26
8583 29.02
10961 29.63
7866 28.88
9356 29.02
8819 28.64
10587 29.55
7616 28.72
9334 28.53
8759 28.04
9940 29.00
8619 28.15
9857 28.16
7684 28.25
10875 28.81
9904 28.49
10125 28.38
7346 28.36
11052 28.78
8381 28.33
9921 28.32
8479 27.73
27556 31.35
1427 32.76
4581 30.80
6510 29.51
10517 29.23
8322 28.57
9826 28.19
8752 27.67
11451 28.18
9021 28.02
12147 28.23
7465 28.27
11262 29.12
8980 28.27
10055 28.29
7596 28.26
11363 28.79
8412 28.30
9211 28.29
9106 27.86
10907 28.28
8219 28.06
9789 27.90
8059 27.75
11251 28.23
8799 27.99
9980 27.87
8433 27.50
11709 27.96
8981 27.95
10783 28.57
8666 28.16
27619 31.73
1457 33.04
4648 31.23
6241 30.80
9466 30.47
9614 28.62
9899 28.67
8059 28.35
11415 29.91
8361 28.75
9968 28.62
7217 28.26
10799 29.27
9017 28.43
10665 28.42
7875 28.15
11082 28.40
9195 28.37
8787 28.34
8826 27.89
11657 28.55
7763 28.23
9407 28.03
9560 27.42
10822 28.29
8292 27.75
9834 27.51
9122 26.87
11361 27.94
8798 27.25
9390 27.43
8396 27.31
27435 31.46
1838 32.25
5183 30.08
8459 28.11
7304 30.70
9055 28.48
9235 28.72
9016 27.85
9803 29.06
9151 28.09
10248 28.07
8120 27.77
11069 28.69
9917 28.01
9784 28.68
8477 28.19
10983 28.82
9946 28.45
9526 28.29
6464 28.02
10931 28.23
7921 28.02
11195 27.95
9314 28.36
12388 28.80
7522 28.53
8449 28.76
9786 27.91
11568 29.03
7693 28.66
9312 28.55
8422 28.19
27512 32.55
1620 33.07
4415 31.67
6724 30.36
10020 30.08
8137 28.70
9737 28.84
8116 28.61
10484 29.35
9399 28.50
10338 28.38
7753 28.44
10559 28.77
8647 28.38
10411 28.22
7432 28.19
10721 28.11
8192 28.03
10433 27.45
7080 27.66
11343 27.97
8624 27.79
9330 27.73
9165 27.18
11832 27.73
8071 27.67
10381 27.56
8009 27.50
11115 27.90
8624 27.53
10490 27.35
8063 27.54
27000 31.58
2249 31.68
5102 30.60
7110 29.21
8824 29.84
9259 28.42
9771 28.51
9472 28.28
10560 29.17
10005 28.01
9344 28.22
8581 28.01
10118 28.91
9248 28.11
10322 28.04
8046 27.85
10319 28.26
8022 27.28
9980 27.64
9254 27.73
12207 28.81
7735 28.61
9488 28.22
7609 27.69
10703 28.26
7856 28.33
11210 27.96
8342 27.94
11333 28.31
8601 28.08
8960 27.93
9481 27.45
26381 32.16
3038 31.70
4682 31.80
5978 30.66
10435 30.16
8650 29.19
9312 29.29
8506 28.36
9990 29.28
9481 28.28
9751 28.42
8175 28.16
10558 28.80
8538 28.20
9840 27.96
9743 27.61
11054 28.37
7826 28.14
9635 27.94
7730 27.93
10359 27.94
8514 27.43
10484 27.40
7374 27.17
11321 27.75
8262 27.02
9121 27.11
10650 27.35
15537 28.59
7673 27.89
7929 28.29
8765 27.29
26315 30.50
2083 31.67
6235 30.87
7177 30.61
10325 31.20
7613 30.16
9282 29.65
9769 28.52
10170 29.76
8691 29.04
10080 28.99
8465 28.50
10981 29.34
8884 28.54
9444 28.72
7659 28.08
10345 29.05
8831 28.40
9825 28.56
8275 28.08
10926 28.58
8121 28.23
9691 28.04
8417 27.67
10310 28.09
7728 27.73
10366 27.72
9018 27.82
12310 28.17
8118 28.15
9566 27.82
8408 27.38
27127 30.37
1436 31.60
5341 28.97
6695 28.32
10260 28.81
9738 28.81
10790 28.92
9012 28.71
13065 29.60
9830 28.42
7935 29.14
9412 28.56
