17975 36.45
1846 35.65
7803 32.77
9187 30.99
10221 32.51
9320 31.36
9587 31.52
9237 30.68
10458 32.12
8450 30.75
9666 30.77
7167 30.15
10751 30.27
7196 29.75
9518 29.14
8458 28.89
10970 30.11
8252 29.51
10289 29.52
6918 29.39
10716 29.43
7119 28.95
10094 28.52
9852 28.77
11754 30.17
7672 29.16
8931 28.94
8358 28.33
10390 29.43
7806 28.71
10825 28.35
8205 28.44
25864 33.05
3930 31.63
6022 31.24
7832 30.05
7639 32.10
9911 30.18
10422 30.58
8612 29.39
11188 30.63
9496 29.28
10083 29.11
7371 29.17
11142 29.57
7929 28.90
9956 28.83
8847 28.58
11109 29.31
7704 28.63
9464 28.50
9119 27.87
10382 28.84
8673 28.03
10138 28.01
7707 28.06
11297 28.58
9866 28.40
9809 28.34
7904 28.12
12084 28.40
8061 28.28
10527 27.97
7733 27.77
28088 31.17
1555 32.52
4586 30.65
6718 29.49
10370 29.25
8609 28.33
9941 28.04
9293 27.55
11229 28.32
9612 27.91
10962 28.59
8245 28.18
11693 29.11
8989 28.19
9120 28.48
9078 27.92
10946 28.86
8654 28.21
9667 28.24
8833 27.92
10637 28.33
8944 27.91
10236 27.84
8521 27.63
11301 28.24
8955 27.95
9014 28.05
8572 27.58
11388 28.10
9648 27.80
11171 28.48
8733 28.03
28194 31.60
1554 32.71
4697 31.13
6520 30.51
9288 30.39
9430 28.67
10254 28.53
8608 28.16
11240 29.98
8042 28.88
9767 28.71
8195 28.02
10693 29.18
10547 28.11
10561 28.45
8175 28.05
10861 28.64
9490 28.30
9999 28.09
7504 28.23
11653 28.58
8255 28.07
9678 27.97
9540 27.47
11163 28.14
8352 27.57
10290 27.45
8893 26.88
11277 27.93
9047 27.19
8769 27.64
9480 27.15
27855 31.35
1932 32.08
5156 29.96
8349 28.06
7926 30.49
9089 28.38
9536 28.62
9273 27.67
10208 29.05
9079 27.97
9660 28.15
8288 27.73
11296 28.59
8768 28.26
10481 28.31
8474 28.07
11364 28.63
10203 28.33
9714 28.20
6681 27.90
11476 28.04
7706 28.03
10583 28.09
10027 28.16
14196 28.29
7407 28.37
9606 28.21
9536 27.70
13616 28.28
8119 28.25
9339 28.34
7648 28.23
28138 32.40
2252 32.33
4749 31.35
6076 30.36
9653 30.20
9063 28.39
9929 28.72
8456 28.48
10144 29.57
8901 28.65
9997 28.39
9341 28.13
10651 28.88
8985 28.32
9806 28.34
8028 28.13
10449 28.26
8955 27.83
10082 27.63
8643 27.39
11364 27.98
8841 27.60
9721 27.61
8752 27.21
11385 27.86
8373 27.54
10106 27.62
8755 27.40
11694 27.69
8597 27.47
10236 27.43
8462 27.40
27472 31.41
2392 31.45
5120 30.48
7143 29.18
9085 29.72
9464 28.39
9471 28.55
10988 27.91
10154 29.22
10205 27.93
9609 28.21
8760 27.99
10304 28.77
9623 28.03
10273 27.99
8645 27.71
10399 28.29
8052 27.23
10413 27.42
9256 27.71
12353 28.76
7999 28.57
9539 28.22
7802 27.61
10913 28.04
8359 28.04
10990 27.89
8819 27.77
11298 28.28
9261 27.74
8512 28.03
9270 27.39
26942 31.99
3129 31.60
4832 31.52
6130 30.53
10547 30.01
9359 28.90
9192 29.20
9216 28.09
9864 29.34
9334 28.37
10336 28.30
8192 28.04
11206 28.50
8462 27.99
10060 27.82
9934 27.48
11264 28.16
8152 27.97
10363 27.63
7703 27.85
10610 27.78
8674 27.20
10534 27.28
7666 26.85
11196 27.53
8469 26.90
9595 26.93
10916 27.10
15858 28.47
8170 27.79
7984 28.31
7972 27.60
27557 30.15
2023 31.50
6533 30.57
6399 30.74
10848 30.91
8140 29.81
9574 29.52
8939 28.56
9961 29.85
8767 28.93
10428 28.84
8983 28.35
11155 29.35
9373 28.39
9659 28.60
7448 28.25
11039 28.80
9145 28.23
9937 28.44
8356 28.01
11141 28.44
8435 28.16
9799 28.11
8590 27.58
10682 27.85
7782 27.66
10424 27.54
9619 27.62
13302 27.88
7991 28.03
9569 27.69
8327 27.37
27613 30.22
1558 31.33
5617 28.85
8100 27.74
8948 29.25
9776 28.96
10824 28.99
9168 28.79
11985 30.10
9423 28.77
9452 28.81
9648 28.47
