19095 35.97
2067 35.11
8580 32.13
9469 30.56
10724 32.15
9555 31.05
10576 31.05
9544 30.17
11448 31.60
8846 30.31
10334 30.31
7894 29.72
11025 29.93
8221 29.18
10202 28.80
8541 28.65
12010 29.41
8616 29.07
10624 29.12
8069 28.86
11639 28.79
7331 28.65
10651 28.15
10917 28.29
13080 29.49
8018 28.77
9725 28.39
8811 27.90
11552 28.78
8248 28.19
10530 28.25
9275 27.87
27536 32.52
4047 31.32
5062 31.24
7723 29.99
10378 30.73
9611 29.64
11555 29.69
8252 28.83
11851 29.88
9712 28.79
9493 28.79
9630 28.44
11808 28.97
8696 28.47
10186 28.41
9626 28.10
11127 29.03
8682 28.20
10060 28.09
9646 27.55
10857 28.43
9500 27.56
10687 27.61
8663 27.67
11853 28.14
10521 27.98
11021 27.79
8134 27.81
12983 27.99
8698 27.89
11153 27.68
8316 27.45
29613 30.69
1658 32.02
4878 30.21
7591 29.12
9491 29.37
9805 27.94
10664 27.81
9641 27.25
11446 28.17
9630 27.81
12431 28.15
9098 27.85
13579 28.53
9048 28.01
9302 28.25
9242 27.54
11959 28.46
9129 27.85
10134 27.89
9495 27.53
11092 28.02
9259 27.61
10990 27.43
8788 27.43
11371 28.06
10221 27.48
10767 27.45
9099 27.11
11836 27.82
10626 27.46
11640 28.22
9445 27.73
29854 31.04
1628 32.36
5288 30.73
6898 30.33
10495 29.95
10585 28.00
11380 27.94
8730 27.81
12113 29.57
10247 28.09
10322 28.34
8096 27.71
11246 28.84
10345 27.88
11687 27.99
8395 27.73
11860 28.06
9829 27.90
10352 27.69
8762 27.54
11997 28.22
8959 27.74
10104 27.67
9426 27.28
11751 27.82
9600 27.20
10659 27.20
9009 26.72
12165 27.53
9587 26.84
9248 27.20
9832 26.80
29610 30.80
1993 31.85
6648 28.90
8577 27.63
7850 30.12
9438 28.11
10226 28.19
9637 27.36
10709 28.71
9771 27.60
10161 27.80
9255 27.25
11897 28.34
9606 27.87
11049 28.00
9041 27.66
11919 28.35
10803 27.92
10189 27.88
7357 27.46
12236 27.83
8152 27.78
11350 27.71
10736 27.86
13681 28.33
8335 28.01
10710 28.00
9601 27.62
11905 28.89
9156 28.16
9518 28.41
9168 27.86
29871 31.88
1674 32.91
5032 30.89
8214 29.37
9566 29.89
9138 28.33
10374 28.52
9327 28.06
11077 29.05
10292 28.11
10025 28.32
9666 27.90
10974 28.55
9826 27.99
11315 27.86
8096 27.89
11187 27.94
8991 27.59
11035 27.19
8967 27.01
12041 27.70
9183 27.44
10573 27.24
9056 27.01
12495 27.39
8815 27.25
10636 27.33
9354 27.02
12309 27.46
9146 27.22
10579 27.20
9307 27.06
29274 30.86
2362 31.24
4895 30.43
7292 28.87
10751 29.15
9719 27.88
11486 27.68
10273 27.61
11624 28.57
10131 27.53
10156 27.67
9101 27.50
11872 28.08
9668 27.55
10679 27.47
9456 27.12
11895 27.50
7550 26.98
10390 27.15
10247 27.13
13258 28.25
8616 28.12
10002 27.83
8837 27.18
11193 27.79
9101 27.73
11769 27.54
9396 27.44
12168 27.87
10027 27.43
10176 27.35
10317 26.96
28879 31.39
2892 31.49
5252 31.03
6827 30.03
10451 29.86
9482 28.68
10376 28.74
10239 27.65
11032 28.84
10262 27.80
10423 27.97
8582 27.80
11794 28.14
8755 27.71
10430 27.54
10493 27.14
12043 27.80
8788 27.60
10802 27.33
8396 27.47
11626 27.32
9105 26.93
11632 26.80
7808 26.61
12892 26.97
8489 26.59
10532 26.34
11310 26.83
18316 27.66
7881 27.42
8791 27.65
8008 27.25
29043 29.65
2315 31.05
7158 30.13
7601 30.08
11308 30.64
8314 29.53
10201 29.13
9868 28.13
10764 29.44
9501 28.42
10904 28.50
9556 28.03
11774 28.96
8993 28.33
10411 28.24
8275 27.79
11570 28.52
9662 27.93
11271 28.01
8246 27.86
11770 27.98
9005 27.82
10452 27.68
9077 27.23
11197 27.57
8361 27.32
11071 27.28
10022 27.36
12915 27.78
9003 27.67
9707 27.62
9323 26.98
29189 29.72
1587 30.84
6923 27.87
6633 27.80
10569 28.50
10077 28.56
11475 28.64
10975 27.99
13829 29.31
8949 28.55
8208 28.75
10663 28.13
