20820 35.28
2293 34.50
9725 31.43
10289 29.74
11445 31.46
11040 30.27
11207 30.47
10204 29.72
12265 31.07
9397 29.79
11293 29.67
8285 29.24
12098 29.27
8920 28.70
11704 28.11
9426 28.04
12483 29.11
9552 28.66
12520 28.48
7341 28.65
12611 28.43
8150 28.07
11551 27.64
11481 27.93
12863 29.36
9521 28.20
10299 28.16
9466 27.62
11834 28.62
9063 27.97
12581 27.58
9396 27.67
29505 31.91
4735 30.71
6608 30.43
7363 29.55
10603 30.41
9800 29.36
11500 29.59
9985 28.32
12223 29.63
11116 28.31
11540 28.14
9210 28.11
12920 28.59
9533 27.93
11571 27.84
10220 27.70
12861 28.24
8896 27.86
10603 27.68
10578 27.14
11500 28.04
10131 27.20
11712 27.17
9030 27.31
12589 27.88
11694 27.55
11790 27.44
9246 27.34
12818 27.86
9988 27.46
12659 27.14
8719 27.06
31960 30.05
1743 32.06
5188 29.79
7836 28.60
11087 28.77
10623 27.48
11258 27.38
10385 26.80
12393 27.86
10273 27.44
13197 27.81
9599 27.36
13352 28.44
10535 27.48
9923 27.98
10478 27.24
12350 28.23
10236 27.42
12105 27.30
9416 27.33
12236 27.55
10441 27.17
11310 27.25
9798 26.94
13062 27.42
10309 27.20
11336 27.05
10372 26.62
12985 27.32
11023 27.18
12707 27.83
10046 27.42
32162 30.40
1751 31.78
5753 30.08
7254 29.78
10643 29.47
11129 27.64
11685 27.67
9383 27.39
12906 28.72
9893 27.77
11398 27.71
9292 27.18
12232 28.19
10959 27.43
12783 27.50
9058 27.17
12894 27.49
10818 27.41
10084 27.53
10747 27.00
13428 27.61
9336 27.35
10847 27.20
10386 26.85
12953 27.30
9903 26.81
10953 26.88
10179 26.21
12906 27.18
10877 26.30
10291 26.84
9824 26.53
32008 30.15
2091 31.25
6030 28.92
9876 27.05
8545 29.45
10778 27.43
10772 27.67
10413 26.84
11872 27.80
11657 26.75
11267 27.14
9671 26.79
12956 27.54
11295 27.03
11583 27.50
10089 27.22
13440 27.59
11612 27.41
11184 27.24
7665 27.01
12312 27.23
9001 27.16
12619 27.18
11607 27.28
14371 27.84
9305 27.48
11694 27.46
9812 27.26
13056 28.22
9685 27.75
11265 27.75
9982 27.37
30874 31.59
3234 31.22
5778 30.54
8277 29.17
10390 29.58
10202 27.77
11478 28.07
9495 27.82
11778 28.75
11332 27.71
12127 27.61
9414 27.65
12644 28.03
9841 27.81
11447 27.56
9235 27.47
12433 27.37
9878 27.14
11781 26.72
9261 26.71
12944 27.28
10210 26.91
11424 26.88
10256 26.57
12829 27.17
9956 26.87
11677 26.98
10234 26.69
12814 27.10
10369 26.84
11370 26.92
10244 26.75
31477 30.23
2363 31.13
8317 28.68
6424 28.51
9825 29.22
11114 27.56
10967 27.79
12066 27.21
12117 28.31
11514 27.10
12384 27.11
9461 27.19
11601 28.07
10968 27.28
12003 27.16
9726 27.00
11847 27.57
9030 26.65
12072 26.72
10779 26.86
14281 28.00
9400 27.67
10609 27.58
9352 26.95
12256 27.41
9748 27.46
12693 27.26
10324 27.08
13778 27.38
10065 27.25
10646 27.07
10276 26.82
31073 30.77
3225 30.96
6554 30.21
5980 29.89
11959 29.22
9926 28.24
11870 28.01
9926 27.39
12064 28.19
11016 27.32
11163 27.53
9405 27.32
12842 27.63
9932 27.25
11195 27.08
11353 26.72
12908 27.36
9679 27.12
11330 26.93
9381 26.93
12458 26.92
9974 26.55
12506 26.37
8765 26.21
13386 26.62
9362 26.14
11154 25.99
12293 26.47
17607 27.74
9475 27.08
9241 27.55
10476 26.45
30778 29.17
2336 30.89
7499 29.77
8376 29.59
13583 29.64
9048 28.97
9340 28.94
10438 27.84
11481 28.77
10660 27.88
11545 28.03
10495 27.53
12785 28.46
10680 27.60
11046 27.78
8838 27.40
12254 28.02
10703 27.39
11712 27.59
9171 27.30
13401 27.39
9623 27.41
11291 27.13
9573 26.80
12639 27.01
8825 26.86
11543 26.91
10951 26.95
15093 27.12
9433 27.23
11026 27.07
9961 26.59
32020 28.89
1486 31.04
5303 28.48
7934 27.39
11452 27.95
11663 27.85
12539 27.96
11384 27.56
14906 28.78
9163 28.15
9541 28.19
10625 27.76
