21108 35.15
2644 34.19
9344 31.47
11027 29.65
11349 31.50
11605 30.05
12145 30.29
9338 29.70
12633 30.92
9577 29.70
11365 29.58
8825 29.05
12126 29.20
9317 28.53
11830 28.02
9184 28.03
13094 28.87
9468 28.57
12230 28.50
8225 28.48
12393 28.54
8851 27.92
11299 27.76
11249 28.06
13471 29.22
9405 28.23
10677 28.05
10097 27.48
12252 28.38
9725 27.67
12174 27.59
9442 27.60
30141 31.74
4466 30.74
6965 30.26
8548 29.07
9295 30.65
11404 29.08
12000 29.48
10088 28.33
12893 29.54
9702 28.56
11219 28.25
10123 27.89
12445 28.72
10104 27.88
11988 27.81
9654 27.83
12604 28.49
9798 27.68
11543 27.50
10349 27.05
12621 27.72
9464 27.30
12361 26.98
9022 27.26
13052 27.56
11615 27.49
12002 27.41
9234 27.31
13341 27.65
9946 27.39
12207 27.22
9240 26.92
32627 29.90
1761 31.67
5335 29.60
7794 28.49
11490 28.76
10584 27.45
11300 27.33
10756 26.69
12900 27.64
9915 27.37
12980 27.79
10300 27.27
14819 28.06
8550 27.72
12072 27.24
9647 27.10
12996 27.90
10442 27.34
11970 27.18
9963 27.09
12166 27.59
10722 27.00
11488 27.09
9964 26.87
13058 27.35
10673 27.01
11631 26.99
10730 26.58
13263 27.23
11371 27.00
12798 27.67
10470 27.24
32444 30.32
1803 31.97
6068 29.89
8152 29.49
10614 29.54
10862 27.73
12097 27.58
9959 27.29
12657 29.13
9887 27.99
11931 27.73
9328 27.26
12534 28.45
11066 27.55
12202 27.77
9964 27.17
12541 27.70
11271 27.42
10991 27.47
9858 27.29
13165 27.74
9780 27.27
11192 27.19
11388 26.66
12659 27.52
10222 26.81
11309 26.92
10113 26.18
13163 27.16
10815 26.33
10334 26.81
10341 26.43
32658 29.95
2082 31.38
7083 28.42
9328 27.09
8710 29.60
10549 27.43
11403 27.58
10196 26.79
11828 28.04
10401 27.10
11312 27.18
9910 26.78
13184 27.65
10509 27.35
12095 27.45
10372 27.07
13157 27.74
12135 27.41
11537 27.31
7851 26.98
13395 27.16
9498 27.09
13261 27.03
11219 27.38
14517 27.90
9455 27.43
11865 27.43
10021 27.23
13941 27.96
9798 27.65
11654 27.52
9811 27.40
32752 31.11
1705 32.39
5356 30.31
7783 29.28
12093 28.97
10572 27.46
11909 27.69
10072 27.36
12383 28.36
11096 27.51
12107 27.44
9561 27.46
12233 27.90
10625 27.36
12970 27.06
8886 27.37
12710 27.25
9881 27.09
12304 26.59
8991 26.72
13127 27.13
10658 26.84
11604 26.72
10535 26.37
14105 26.82
9984 26.73
12371 26.72
9844 26.62
13743 26.76
9969 26.80
12200 26.57
10309 26.61
31958 30.11
2500 31.05
7020 29.06
8827 27.82
8936 29.48
11713 27.46
10638 27.87
11857 27.40
12154 28.43
10984 27.34
11729 27.24
10549 26.98
12615 27.72
10785 27.21
12001 27.07
10002 26.91
12283 27.33
9189 26.30
12039 26.55
11071 26.72
15751 27.47
10012 27.40
10489 27.48
8524 27.06
12761 27.17
10943 27.09
12977 27.01
10056 26.99
14090 27.15
10327 27.09
10416 26.98
11007 26.55
30479 30.97
5032 30.13
5966 30.46
6440 29.79
11946 29.32
9815 28.33
11903 27.99
10666 27.22
12053 28.21
11141 27.33
11501 27.52
9509 27.30
12701 27.71
10346 27.18
11632 27.08
11200 26.71
12471 27.53
10098 27.11
12076 26.87
9575 26.97
12263 27.11
9927 26.59
12064 26.61
9461 26.06
13161 26.76
9756 26.14
11519 26.01
12417 26.47
17927 27.72
9539 27.00
9203 27.51
9468 26.79
31905 28.86
2410 30.19
7571 29.73
7610 29.79
13854 29.67
9188 28.89
9857 28.67
11160 27.61
11702 28.65
10183 27.88
12271 27.81
10427 27.45
12980 28.25
11067 27.42
11150 27.74
9270 27.30
12354 27.98
10890 27.37
12061 27.52
9461 27.28
13562 27.33
9979 27.27
12243 26.88
8360 27.00
12419 26.98
8959 26.90
12443 26.69
11223 26.78
15486 27.00
9863 27.09
11339 26.92
9634 26.69
32487 28.75
1608 30.58
6138 28.01
8464 26.98
11438 27.84
11129 27.89
12847 27.88
11621 27.44
15160 28.74
10408 27.79
10286 27.84
9944 27.88
