21823 34.89
2764 33.92
8887 31.55
11058 29.70
12189 31.17
11777 29.78
12627 29.91
10016 29.31
13314 30.60
9684 29.42
11912 29.26
8991 28.73
12644 28.89
9407 28.36
12339 27.81
9860 27.73
13145 28.67
9899 28.26
12179 28.41
9180 28.06
13119 28.17
8915 27.77
11967 27.43
11581 27.71
13866 28.96
9766 27.95
11155 27.79
9992 27.23
12475 28.36
9583 27.61
12979 27.34
10269 27.38
31251 31.44
4554 30.53
7170 29.86
10752 28.42
8122 31.09
11194 29.21
11657 29.71
11567 28.06
11857 29.96
11337 28.38
11857 28.25
10507 27.89
13412 28.50
10041 27.83
12499 27.71
9810 27.73
13440 28.23
9820 27.62
11505 27.46
11007 26.84
12683 27.66
9769 27.13
12700 26.77
9241 27.14
13438 27.59
11229 27.51
11907 27.31
10759 26.88
14629 27.27
10009 27.22
13234 26.84
9176 26.83
33561 29.61
1794 31.39
6606 28.92
9337 27.77
10221 29.01
11233 27.35
12090 27.20
10426 26.69
12629 27.79
10894 27.25
13330 27.67
10673 27.11
13810 28.25
11133 27.20
11530 27.50
10012 27.12
12667 28.07
11372 27.12
12227 27.11
10515 27.00
12866 27.43
10798 26.95
12195 26.92
10436 26.72
13562 27.32
10902 26.96
12030 26.90
10974 26.44
13451 27.12
11498 26.91
13148 27.54
10838 27.18
34231 29.88
1696 31.80
5873 29.87
9761 28.76
9789 29.57
11533 27.54
11912 27.58
10528 27.11
13154 28.97
10090 27.81
12359 27.49
9645 27.05
12704 28.24
11894 27.27
13523 27.33
9976 27.06
13146 27.54
11529 27.27
11216 27.25
10446 27.00
13598 27.57
10054 27.08
11755 26.95
11548 26.51
13155 27.18
10443 26.62
11933 26.57
10961 25.89
13804 26.92
10953 26.17
10928 26.50
10774 26.22
33807 29.62
2111 31.16
7385 28.15
9577 26.98
9005 29.45
11070 27.16
11672 27.31
10797 26.51
12387 27.72
10708 26.88
11697 26.91
10573 26.44
13578 27.35
10956 27.11
12671 27.13
10374 26.93
13537 27.52
12363 27.19
11868 27.08
8497 26.75
13167 27.04
10055 26.88
13298 26.96
12212 27.08
14866 27.72
9817 27.33
12316 27.22
10627 27.06
14070 27.93
10528 27.40
11863 27.41
10315 27.18
33946 30.79
1793 32.19
5602 30.11
8573 28.76
11989 28.74
10301 27.42
11992 27.61
10007 27.29
12728 28.12
11654 27.26
11618 27.41
10683 27.16
13083 27.56
11160 27.15
12863 27.02
9924 27.01
12994 26.98
10450 26.81
12597 26.43
9572 26.48
13699 26.87
10849 26.61
12091 26.48
10900 26.25
13565 26.88
10688 26.51
12352 26.67
10109 26.47
14211 26.59
10745 26.52
12581 26.41
10718 26.40
33380 29.73
2450 30.73
5990 29.35
8691 27.96
11374 28.41
11534 27.06
11614 27.28
12767 26.77
12813 27.81
11707 26.82
11378 27.00
10949 26.77
12496 27.60
11469 26.91
11870 27.02
11225 26.54
12962 27.06
8925 26.35
11858 26.47
11864 26.45
14964 27.60
9962 27.34
11397 27.17
9888 26.61
12754 27.19
10622 27.07
13143 26.98
11370 26.71
14035 27.10
11234 26.82
11879 26.70
10144 26.67
31251 30.74
5813 29.78
6293 30.38
7745 29.22
10519 29.52
10990 28.07
11512 28.20
11375 27.13
12400 28.19
11896 27.16
12971 27.14
9620 27.15
12925 27.65
10441 27.09
12349 26.90
11442 26.66
13083 27.37
10207 26.96
12484 26.72
9681 26.93
12931 26.77
10534 26.34
13290 26.18
8922 26.09
13174 26.75
10231 25.92
11912 25.93
12853 26.32
18345 27.59
9310 27.01
10732 27.04
9423 26.59
33025 28.56
2356 30.36
9307 28.89
8646 29.11
14001 29.37
9530 28.68
9491 28.69
10995 27.57
12037 28.44
11113 27.55
13095 27.52
10802 27.24
13439 28.10
11311 27.33
11532 27.58
9568 27.19
12728 27.84
11169 27.22
12246 27.37
10012 27.12
12976 27.45
10590 27.10
12392 26.91
9338 26.83
13070 26.89
10095 26.50
13086 26.52
11262 26.69
14099 27.21
10922 26.94
10854 27.11
10858 26.44
33761 28.42
1590 30.43
7309 27.15
7375 27.04
12244 27.40
11414 27.68
13265 27.60
11773 27.28
15940 28.30
10699 27.49
10627 27.49
11569 27.25
