24257 33.98
3452 33.11
10983 30.45
11885 28.73
12591 30.70
12448 29.31
13106 29.44
12586 28.47
14553 29.99
11144 28.76
12521 28.80
10379 28.15
13607 28.41
11072 27.57
13379 27.33
10629 27.33
14720 28.10
11181 27.66
14364 27.57
9403 27.68
15024 27.36
9553 27.22
13376 26.76
13622 27.03
18352 27.67
9679 27.52
11668 27.17
11470 26.61
15060 27.27
10287 26.99
13817 26.70
11330 26.83
34125 30.63
5485 29.79
7873 29.48
8495 28.61
12031 29.39
12651 28.15
13351 28.54
12005 27.41
14252 28.61
12593 27.40
13657 27.19
10943 27.24
15041 27.62
11145 27.04
13278 26.93
12606 26.66
14566 27.47
10778 26.93
12391 26.80
12447 26.16
13488 26.95
11748 26.38
13655 26.32
11046 26.42
15276 26.82
13014 26.77
12906 26.71
11076 26.52
15192 26.82
11663 26.54
14035 26.38
10746 26.27
36895 28.76
2260 30.63
7295 28.24
10430 27.18
11097 27.96
12349 26.63
12824 26.61
12491 25.94
14020 26.98
12132 26.48
15462 26.81
11575 26.53
16674 27.17
11892 26.61
11899 26.97
11970 26.36
14962 27.04
11536 26.59
12470 26.72
12614 26.29
14188 26.72
12054 26.31
13188 26.39
11437 26.22
14602 26.66
12496 26.28
13414 26.26
11791 25.92
15036 26.49
12930 26.37
14690 27.02
12146 26.57
36776 29.19
2177 30.86
6700 29.28
8385 29.03
13262 28.42
12250 26.92
14857 26.50
10799 26.50
14872 27.99
12809 26.69
14049 26.63
10406 26.49
14380 27.34
13730 26.43
14204 26.85
10867 26.46
15326 26.53
12342 26.69
12520 26.51
11767 26.30
15936 26.67
11051 26.45
12349 26.47
12304 26.07
15170 26.54
11613 26.07
12764 26.13
11704 25.45
15120 26.26
12220 25.65
11997 25.99
12042 25.64
36878 28.84
2820 29.98
8328 27.68
10693 26.25
10009 28.66
11211 26.88
12614 26.84
12389 25.90
13280 27.53
12675 26.18
12701 26.58
12239 25.91
14788 26.95
13633 26.25
13440 26.86
11672 26.45
14871 27.06
13941 26.67
13095 26.60
9333 26.25
14817 26.55
10938 26.41
14561 26.48
13033 26.71
16711 27.13
11046 26.77
13116 26.78
12656 26.34
15424 27.35
10951 27.06
12776 26.99
11589 26.67
37460 29.93
1843 31.71
7634 28.96
8669 28.28
12439 28.47
11598 26.91
13514 27.03
11192 26.79
14060 27.55
13068 26.73
13863 26.64
11675 26.68
14425 27.06
12141 26.70
13158 26.68
11333 26.49
14290 26.43
11820 26.20
13876 25.94
10706 26.01
14997 26.40
12288 26.02
12457 26.19
13396 25.60
15008 26.30
11906 26.03
13838 26.09
11892 25.94
16185 26.09
11602 26.08
13887 25.93
11838 26.01
36660 28.91
2632 30.03
6429 28.83
9325 27.42
12990 27.53
12416 26.52
13084 26.61
13740 26.30
14454 27.13
12848 26.23
14247 26.10
11641 26.20
14381 26.92
12176 26.40
13481 26.24
12107 25.93
13794 26.59
11057 25.68
13132 26.01
13222 25.95
15923 27.15
11368 26.90
12593 26.72
10876 26.12
14012 26.61
11847 26.57
14398 26.51
12193 26.27
14617 26.82
12854 26.31
13162 26.28
12002 26.08
35907 29.52
4081 29.98
7450 29.39
8211 28.57
12438 28.42
12115 27.28
13644 27.22
11871 26.49
13787 27.39
12996 26.51
14331 26.46
10896 26.56
14344 26.99
11936 26.46
13234 26.41
12914 26.05
14382 26.77
11987 26.33
13320 26.29
11382 26.30
13887 26.38
11931 25.74
13444 25.97
11400 25.31
14915 26.04
10896 25.50
12563 25.44
14605 25.74
19842 27.08
10288 26.57
10549 26.95
11506 25.94
36302 27.69
2830 29.51
10227 28.36
9513 28.46
17261 28.30
10596 27.85
10653 27.85
10159 27.34
13423 27.59
11945 27.01
13937 26.97
12437 26.62
14822 27.48
12765 26.67
13268 26.88
11191 26.48
14537 27.10
12304 26.62
13599 26.79
11232 26.46
14993 26.67
11401 26.64
13228 26.37
11238 26.16
14634 26.27
10827 26.12
14170 25.95
12813 26.20
16808 26.42
11741 26.41
12479 26.44
12556 25.79
36280 27.77
2003 29.45
7087 27.17
9369 26.44
13944 26.93
12688 27.03
14630 26.97
13028 26.77
16820 27.93
12004 27.00
11680 27.14
13262 26.68
