24509 33.87
3635 32.98
9090 30.99
12930 28.72
13667 30.21
12863 28.93
12974 29.27
12684 28.36
14265 29.89
11580 28.56
12945 28.59
10568 28.04
14016 28.27
11029 27.54
13998 27.18
9835 27.37
15465 27.83
11347 27.51
14509 27.44
9752 27.46
15275 27.25
9649 27.14
13613 26.60
13682 27.03
16575 27.96
10621 27.31
12225 27.09
11685 26.63
14173 27.46
11265 26.89
14173 26.74
11683 26.76
34650 30.48
5681 29.64
9808 28.82
9072 28.28
9765 30.01
13164 28.21
13741 28.55
12210 27.37
14663 28.66
13043 27.32
13772 27.20
11393 27.19
15299 27.64
11398 27.04
13371 27.00
12549 26.73
15170 27.36
10785 26.99
12556 26.78
12853 26.16
13619 27.07
11763 26.38
13643 26.27
11149 26.36
14896 26.91
13710 26.70
14139 26.53
10905 26.61
15209 26.90
11668 26.60
14449 26.31
10830 26.24
37538 28.61
2247 30.34
7455 28.29
10288 27.13
11238 27.98
12732 26.60
13148 26.48
12781 25.84
14377 26.84
13312 26.20
15466 26.80
11712 26.44
16725 27.20
11984 26.57
12276 26.88
12046 26.32
15252 27.03
11839 26.48
13865 26.29
11767 26.37
14775 26.52
11925 26.27
13301 26.32
11855 26.07
16018 26.34
12066 26.31
13242 26.23
12432 25.79
15131 26.44
12878 26.32
14824 26.94
12226 26.53
38009 28.89
2097 31.09
8218 28.71
8527 28.64
12398 28.44
11933 26.91
13448 26.79
11945 26.34
14484 28.18
12371 26.90
13359 26.84
10942 26.37
14348 27.50
12812 26.68
14085 26.92
11634 26.32
14471 26.87
13366 26.51
13314 26.47
11397 26.42
14995 26.90
11954 26.43
13396 26.37
13177 25.80
15496 26.51
11555 25.98
13486 25.97
11444 25.48
15201 26.33
12508 25.59
11978 25.97
12158 25.70
37513 28.70
2602 30.21
8375 27.52
10876 26.27
10200 28.37
11942 26.57
12774 26.69
12696 25.76
13065 27.11
13820 25.77
13725 26.15
11804 25.82
14788 26.78
13886 26.12
13614 26.65
12162 26.25
15548 26.80
14005 26.58
12559 26.62
9632 26.11
15120 26.24
11622 26.13
15353 26.14
13126 26.57
16625 27.03
11434 26.60
13560 26.64
12012 26.41
16550 27.06
12122 26.68
12306 26.93
11828 26.55
36599 30.10
3304 30.41
6669 29.43
9453 28.27
12746 28.58
12389 26.86
13193 27.16
11624 26.79
14276 27.66
13206 26.75
14113 26.60
11662 26.65
13888 27.21
12806 26.63
14774 26.47
10746 26.59
14828 26.32
11763 26.23
14279 25.81
10451 26.01
15591 26.25
12205 26.05
12798 26.05
13450 25.54
15521 26.19
11612 26.02
14582 25.97
11771 25.86
15224 26.21
12171 25.99
13396 26.03
12196 25.85
37399 28.73
2620 30.11
7802 28.17
8597 27.39
13050 27.36
12344 26.47
13639 26.46
13687 26.22
14987 26.95
13001 26.12
14129 26.02
11902 26.09
14516 26.79
12560 26.23
13753 26.16
12528 25.84
14712 26.30
10119 25.75
13789 25.71
13328 25.86
17505 26.77
11667 26.64
12857 26.60
10684 26.15
14898 26.38
12300 26.38
14683 26.37
12447 26.19
16193 26.45
12170 26.32
12557 26.14
12054 26.06
35023 29.75
6281 29.26
7038 29.72
6882 29.11
13899 28.28
12227 27.19
13764 27.15
12519 26.35
13883 27.35
12800 26.54
13435 26.70
11817 26.39
15024 26.81
11724 26.43
13265 26.27
13812 25.86
15424 26.46
11291 26.28
14126 25.99
11107 26.23
14932 26.00
11520 25.72
13784 25.77
11064 25.27
15468 25.87
11196 25.32
13109 25.23
14590 25.65
22308 26.52
10516 26.36
11786 26.44
10033 26.17
36290 27.68
3041 29.31
10524 28.21
9800 28.39
17555 28.18
10738 27.74
10809 27.85
10082 27.32
13808 27.45
12336 26.81
13918 26.92
12576 26.54
14987 27.36
12989 26.59
13189 26.86
11358 26.41
14941 27.03
12354 26.58
13667 26.64
11745 26.41
15123 26.64
11971 26.45
12980 26.39
11110 26.16
14882 26.17
11031 26.01
14383 25.95
12884 26.08
17190 26.28
11862 26.37
12753 26.27
12482 25.79
36853 27.64
1990 29.37
7281 27.15
9379 26.34
14099 26.68
13118 26.97
14536 27.01
13786 26.60
17565 27.67
11007 27.32
12048 26.99
13336 26.61
