24878 33.76
3929 32.78
8769 31.13
12997 28.79
13487 30.32
13369 28.87
13473 29.16
12793 28.32
14853 29.76
11464 28.51
13097 28.53
10781 27.93
14794 28.00
9962 27.69
13539 27.21
11684 26.92
15517 27.85
11380 27.42
14501 27.47
10092 27.37
14679 27.52
10613 26.95
13638 26.68
13587 27.01
15252 28.32
11572 27.22
11921 27.30
12016 26.61
13921 27.72
11550 26.86
14549 26.80
12014 26.67
35281 30.36
5368 29.70
7844 29.37
8700 28.40
12982 29.03
12579 27.92
14139 28.21
11918 27.32
14827 28.25
12532 27.19
12839 27.26
11994 26.95
15475 27.42
11748 26.86
13806 26.81
12332 26.64
15361 27.19
11464 26.71
12936 26.53
12711 26.11
14551 26.62
11446 26.38
14053 26.07
11189 26.22
15295 26.66
13935 26.51
14175 26.43
11263 26.36
15586 26.70
12323 26.39
14339 26.30
11440 26.06
38068 28.47
2245 30.47
7617 28.05
9165 27.41
12931 27.43
12381 26.48
13450 26.28
12444 25.76
15477 26.40
13173 26.04
15402 26.68
11923 26.29
16446 27.11
12447 26.41
12772 26.66
11876 26.27
16067 26.85
11823 26.38
13984 26.24
12788 26.11
14055 26.62
11727 26.39
13886 26.14
13019 25.80
15904 26.38
12456 26.20
13512 26.17
12507 25.69
16444 26.11
12690 26.24
16927 26.34
11560 26.47
36923 29.17
2268 30.81
7125 29.03
8303 28.91
13793 28.30
12196 26.85
14658 26.53
11510 26.35
15481 27.98
13647 26.51
13275 26.84
11185 26.32
14445 27.41
13393 26.49
15315 26.56
11274 26.32
15727 26.49
12722 26.56
12780 26.45
12409 26.13
16174 26.59
11394 26.39
12938 26.33
12359 25.99
16137 26.25
11544 25.96
13880 25.80
12812 25.09
15186 26.17
12683 25.51
12887 25.73
12505 25.50
37990 28.57
2793 29.98
8311 27.49
9562 26.53
11781 27.81
12366 26.33
13789 26.26
11749 25.84
14053 26.85
13789 25.71
12772 26.24
12019 25.73
15444 26.64
14081 26.01
13574 26.62
12424 26.18
15314 26.86
14519 26.44
12664 26.68
9966 26.04
14920 26.22
12108 26.03
15584 26.03
13902 26.43
17538 26.91
11436 26.52
12287 27.01
12232 26.46
16141 27.15
12159 26.66
14220 26.63
11761 26.47
37221 29.99
3215 30.49
6545 29.43
11434 27.75
11425 28.76
13196 26.69
13367 27.16
11521 26.73
14111 27.67
13456 26.71
14302 26.56
12107 26.62
14726 27.05
12287 26.65
14703 26.36
10945 26.54
14697 26.35
11965 26.18
14100 25.87
11911 25.69
15686 26.17
12457 25.99
13773 25.90
12821 25.59
15704 26.10
11719 26.01
14743 25.88
11762 25.89
15860 26.08
12218 25.95
14803 25.69
12100 25.88
37711 28.62
2867 29.82
8019 28.13
10484 26.88
10397 28.11
13259 26.49
13228 26.67
14536 26.12
14309 27.26
13793 26.10
12418 26.59
13249 26.04
14562 26.89
12793 26.24
13983 26.22
12245 25.93
14449 26.45
10780 25.63
13928 25.76
13656 25.83
17455 26.76
11806 26.62
13559 26.48
10547 26.13
15042 26.33
12551 26.39
14611 26.35
12456 26.11
15919 26.47
12805 26.23
12674 26.18
12241 26.01
35768 29.57
6011 29.19
6927 29.45
7471 28.86
14019 28.16
12269 27.15
13941 27.06
12862 26.21
14121 27.24
13124 26.45
13536 26.61
11991 26.27
15393 26.67
12037 26.36
13261 26.22
14062 25.74
15694 26.33
11782 26.24
14213 25.90
11404 26.16
15104 25.98
11682 25.71
14139 25.70
11381 25.10
15707 25.71
11158 25.29
12545 25.31
15118 25.56
22716 26.42
10812 26.15
12069 26.36
10263 26.05
36320 27.67
3026 29.28
10877 28.12
9962 28.31
17698 28.12
11042 27.65
10980 27.77
11569 27.02
13013 27.62
12373 26.92
13449 27.11
13196 26.42
14979 27.37
13244 26.54
13441 26.75
11606 26.34
14945 26.96
12354 26.60
14101 26.63
11980 26.34
15417 26.54
11978 26.43
13854 26.21
11019 26.08
15367 26.04
11120 25.91
14676 25.90
12920 26.08
17664 26.21
11869 26.27
13434 26.14
11545 25.97
39158 27.07
1446 30.55
8368 26.59
8442 26.27
13497 26.46
13598 26.67
14773 26.85
13394 26.59
19880 27.05
11643 26.83
12010 26.86
11484 26.92
