25442 33.60
3915 32.73
8811 31.04
13369 28.61
13772 30.14
13427 28.73
13790 29.05
12706 28.22
14935 29.62
11781 28.37
13269 28.40
11105 27.79
14914 27.94
10741 27.55
14022 26.98
11019 26.96
16081 27.61
11612 27.31
15010 27.23
10104 27.30
15645 27.09
10248 26.85
13815 26.50
14090 26.83
17104 27.81
11198 27.07
12494 26.98
12000 26.45
14517 27.30
11737 26.69
14529 26.60
11951 26.58
35704 30.23
5867 29.36
9989 28.69
9437 28.01
10221 29.71
13824 27.91
14253 28.39
12663 27.16
15542 28.28
12807 27.19
14003 26.99
11476 26.99
14768 27.62
12332 26.77
13892 26.85
12481 26.62
15354 27.28
11688 26.70
13428 26.53
12600 26.08
14809 26.68
11897 26.25
14387 26.05
11197 26.28
16216 26.48
13652 26.50
14023 26.40
11274 26.32
15995 26.59
12248 26.36
14677 26.15
11534 25.96
38580 28.35
2456 30.04
7495 28.10
9133 27.26
13374 27.48
12795 26.33
14410 25.97
11697 25.89
15146 26.53
13912 25.92
15698 26.61
11916 26.27
17042 26.96
12550 26.36
12535 26.70
12543 26.15
15994 26.78
12422 26.32
13790 26.38
13029 26.03
14446 26.55
12710 26.12
13575 26.24
12291 25.87
15423 26.49
13057 26.11
13950 26.09
12324 25.77
15678 26.32
13571 26.11
15371 26.76
12552 26.42
38708 28.73
2216 30.66
8414 28.53
9032 28.52
12346 28.47
12588 26.79
13748 26.81
12589 26.20
15121 28.07
12664 26.74
13949 26.67
11414 26.20
14647 27.32
13624 26.47
15558 26.50
11851 26.20
15639 26.49
13089 26.49
13165 26.36
12022 26.21
16565 26.54
11652 26.36
14521 26.00
12307 25.89
15856 26.26
12006 25.85
14169 25.80
12574 25.12
15953 26.06
12654 25.42
13086 25.63
12363 25.48
38707 28.40
2719 30.01
8258 27.42
9530 26.52
12185 27.63
12450 26.25
13766 26.17
12180 25.60
14374 26.75
13938 25.58
14046 25.95
11659 25.75
15566 26.53
12692 26.22
14882 26.30
12182 26.06
16447 26.56
14532 26.38
12896 26.49
10115 26.02
15639 26.12
12176 25.96
15857 25.96
13578 26.34
16906 26.90
11928 26.43
13496 26.63
12455 26.28
17095 26.91
12408 26.59
12923 26.83
12655 26.41
37757 29.88
3340 30.32
8079 28.79
9139 28.12
12754 28.27
12273 26.74
13963 26.92
11663 26.61
14196 27.56
13842 26.55
13636 26.71
11930 26.59
14786 27.03
12978 26.45
15132 26.28
11423 26.41
14750 26.40
12360 26.10
14268 25.81
11868 25.67
15547 26.24
12762 25.91
13942 25.84
12913 25.54
15652 26.11
12447 25.87
14053 26.02
12902 25.69
16442 25.94
12598 25.87
14277 25.77
12459 25.79
38231 28.51
3049 29.76
8047 28.02
10578 26.79
12149 27.44
12268 26.54
12877 26.61
13645 26.28
14581 27.07
13709 25.94
14942 25.86
12339 26.00
14800 26.71
13257 26.08
13706 26.13
13127 25.70
15164 26.24
10558 25.54
14120 25.65
13696 25.75
17978 26.62
12006 26.56
13514 26.36
10872 26.00
15252 26.21
13059 26.20
14775 26.28
13036 26.07
16606 26.30
12575 26.20
13106 26.05
13881 25.59
37538 29.13
4256 29.62
7548 29.10
7750 28.68
14129 27.90
12417 26.99
14077 26.91
12461 26.27
14369 27.02
13324 26.28
13934 26.39
12101 26.15
14882 26.70
12986 26.09
13270 26.22
12778 25.99
15629 26.33
12419 26.04
13891 26.01
12209 25.99
15028 25.96
12225 25.51
14449 25.59
11309 25.16
15565 25.76
11943 25.16
13691 25.04
15060 25.51
21061 26.79
10755 26.36
11040 26.71
11729 25.83
37918 27.29
3003 29.10
12378 27.51
10968 27.77
17758 28.04
11178 27.55
11061 27.68
9853 27.27
13980 27.30
12125 26.89
15017 26.65
13111 26.35
15838 27.12
11758 26.71
13166 26.74
12067 26.22
15775 26.67
12754 26.40
15110 26.35
11432 26.27
15321 26.50
12452 26.33
13402 26.23
11694 26.01
15087 26.07
11415 25.79
15092 25.74
13262 25.91
17568 26.19
12634 26.22
13252 26.25
12052 25.87
37993 27.35
2129 28.96
9068 26.44
10272 25.86
12388 26.88
13064 26.95
15292 26.89
14063 26.52
18280 27.58
11529 27.05
11268 27.14
13224 26.71
