25975 33.41
3975 32.54
9838 30.51
13074 28.38
14339 29.89
13383 28.64
13747 28.96
13080 28.06
14939 29.50
12116 28.16
13582 28.26
11034 27.73
14600 27.93
11699 27.23
14712 26.86
10135 27.14
16141 27.65
12233 27.18
15015 27.21
10452 27.21
15468 27.20
10579 26.77
14342 26.41
13739 26.81
15751 28.08
12211 26.96
12391 27.09
12281 26.43
14812 27.32
12341 26.63
14255 26.67
12483 26.48
35988 30.16
6160 29.39
9995 28.58
8059 28.41
12004 29.09
13259 27.82
14795 28.03
12642 27.06
15328 28.23
13522 27.05
14044 26.87
12016 26.87
15975 27.26
11957 26.74
14403 26.65
12571 26.53
15916 27.03
11702 26.56
13572 26.41
12909 25.93
15134 26.48
12138 26.11
14358 25.95
11363 26.10
15811 26.47
14138 26.37
14647 26.20
11799 26.18
17167 26.33
11850 26.33
14967 26.03
11466 25.98
39197 28.23
2285 30.38
7869 28.03
11008 26.80
11903 27.63
12882 26.38
13313 26.37
13542 25.52
14370 26.92
13546 26.10
16491 26.55
12325 26.29
16770 27.11
11255 26.69
12974 26.63
13232 25.98
16074 26.76
12602 26.21
14050 26.24
13009 26.03
15177 26.43
13078 26.04
14627 25.98
12088 25.97
16288 26.25
12732 26.06
13691 26.06
13371 25.50
15705 26.23
13675 26.03
15571 26.70
12952 26.27
39224 28.61
2389 30.49
8615 28.45
9154 28.43
12389 28.40
13106 26.63
13846 26.66
12801 26.10
15365 27.87
12723 26.69
13947 26.62
11495 26.14
14961 27.21
12577 26.63
15762 26.42
11876 26.11
15407 26.51
13701 26.27
13667 26.26
11943 26.18
15783 26.67
12348 26.21
14123 26.08
13934 25.58
15904 26.29
12081 25.80
14562 25.70
11981 25.18
15748 26.09
13186 25.30
12507 25.75
12729 25.46
39261 28.30
2762 29.93
7477 27.74
12002 25.95
11101 28.01
12519 26.40
13323 26.48
12988 25.57
13851 26.85
13377 25.81
13849 26.03
12601 25.55
15326 26.56
14459 25.89
16448 26.00
11843 26.01
15229 26.80
14539 26.42
13724 26.36
10370 25.94
14647 26.37
11850 26.09
15332 26.23
14665 26.25
17202 26.88
12028 26.45
13301 26.66
12355 26.33
16733 26.90
12313 26.59
14611 26.47
12015 26.36
38258 29.77
3455 30.27
6658 29.32
11968 27.55
11485 28.56
13236 26.63
13435 27.08
12273 26.57
14515 27.50
12829 26.77
13860 26.63
12908 26.40
14660 27.00
13169 26.41
13846 26.56
12264 26.27
15208 26.24
12540 26.07
14445 25.74
12303 25.57
15584 26.15
13002 25.86
13858 25.83
13016 25.51
17083 25.82
12114 25.82
14972 25.73
12393 25.68
15761 25.97
12873 25.74
14050 25.81
13177 25.70
38570 28.43
3301 29.31
9953 27.47
8119 27.21
12607 27.31
12734 26.38
13489 26.51
15242 25.92
14172 27.19
14164 25.89
15189 25.83
12537 25.96
15134 26.67
13545 26.08
13898 26.13
12990 25.69
15740 26.04
10603 25.54
14323 25.55
13891 25.67
18340 26.52
12214 26.45
13527 26.32
11297 25.96
15379 26.09
13086 26.05
15433 26.16
12819 25.98
16129 26.37
13200 26.06
13548 26.03
13509 25.63
38180 28.97
4222 29.65
7928 29.01
7644 28.68
14372 27.77
12605 26.90
14414 26.86
13082 26.06
14428 27.01
13612 26.20
13831 26.46
12236 26.20
15961 26.46
12556 26.09
13241 26.15
12923 25.85
15915 26.15
12672 26.03
14876 25.72
11856 25.92
15884 25.76
12391 25.43
14478 25.51
11326 25.10
16375 25.48
11714 25.05
13584 24.97
15325 25.40
23319 26.25
11449 26.02
12560 26.16
10647 25.85
37289 27.46
3118 29.18
10951 27.96
10301 28.13
18388 27.94
11372 27.53
11301 27.62
10446 27.12
14577 27.19
12308 26.75
14883 26.66
13301 26.27
15266 27.19
13823 26.29
15505 26.20
11293 26.22
15573 26.71
12324 26.49
14650 26.44
11980 26.19
15887 26.41
12523 26.28
13886 26.14
11532 26.01
15504 25.95
11494 25.73
15134 25.69
13599 25.88
17833 26.13
12687 26.09
13541 26.13
12279 25.81
38590 27.21
2117 29.03
7418 26.86
10275 25.94
14479 26.40
14024 26.52
15336 26.67
13692 26.50
18078 27.44
14633 26.30
11329 27.11
12829 26.77
