26507 33.19
3982 32.28
10672 30.12
13358 28.16
14123 29.85
14559 28.39
14324 28.76
13899 27.87
16010 29.24
12020 28.09
13642 28.15
11631 27.54
14759 27.84
12339 27.14
14729 26.84
11330 26.82
16342 27.59
12409 27.06
15615 27.02
10636 27.07
16425 26.85
10621 26.69
14358 26.31
14920 26.56
19672 27.17
10929 26.95
12769 26.75
13039 26.16
15902 26.95
11886 26.46
14565 26.38
13355 26.15
37108 29.87
6405 29.15
8645 28.90
11024 27.67
11254 29.34
13462 27.91
13653 28.45
13086 27.05
15454 28.20
14335 26.86
14987 26.72
12286 26.72
16377 27.25
12396 26.61
14749 26.55
12765 26.44
16353 26.95
11934 26.50
14181 26.25
12849 25.85
14795 26.52
13393 25.84
14321 25.93
12297 25.98
16170 26.44
13756 26.47
15256 26.10
11955 26.09
16649 26.42
12738 26.16
15389 25.97
11938 25.81
40274 27.96
2490 30.15
9578 27.38
10444 26.74
11794 27.57
13003 26.30
13634 26.27
13747 25.48
14403 26.81
13302 26.11
16112 26.58
13283 26.02
17507 26.87
11967 26.54
14124 26.32
12305 26.04
15814 26.80
13571 26.06
14621 26.13
13435 25.91
15692 26.32
13410 25.84
15171 25.82
12445 25.73
15971 26.27
13606 25.87
14493 25.92
13047 25.53
16241 26.10
14373 25.92
15726 26.61
13214 26.22
40535 28.32
2353 30.34
8946 28.28
9063 28.37
13173 28.03
13091 26.56
14715 26.39
12736 25.97
15889 27.84
11935 26.82
14666 26.42
12290 25.91
14718 27.26
14623 26.19
15400 26.48
12781 25.95
16048 26.27
13878 26.18
14149 26.07
12421 26.01
17138 26.31
12349 26.08
14868 25.79
14540 25.38
16304 26.11
12762 25.68
14730 25.56
12950 24.97
17348 25.72
12986 25.27
13684 25.39
12864 25.25
40209 28.06
2977 29.65
7556 27.52
11045 26.14
13008 27.25
12445 26.12
14486 25.88
12841 25.38
14555 26.58
13315 25.66
14940 25.66
13117 25.32
16150 26.30
14686 25.67
14824 26.22
13354 25.82
16287 26.52
14596 26.33
14096 26.23
10445 25.75
16446 25.87
12488 25.86
16580 25.80
14844 26.09
17500 26.71
12517 26.22
13544 26.53
12773 26.20
17054 26.87
12866 26.43
14562 26.41
12863 26.23
39692 29.40
3101 30.24
6963 29.10
10069 27.88
14018 28.03
13309 26.34
14891 26.47
12579 26.25
15698 26.99
13842 26.32
14828 26.19
13117 26.18
15646 26.57
13159 26.21
14414 26.27
12811 26.05
15196 26.07
12683 25.91
14559 25.62
13231 25.33
16417 25.85
13354 25.66
14888 25.58
12438 25.52
17564 25.59
12654 25.66
14997 25.66
12718 25.55
16410 25.77
13167 25.61
14950 25.60
13204 25.55
39759 28.14
3540 29.27
8273 27.77
11299 26.58
10985 27.88
14659 26.01
13635 26.49
16254 25.78
13824 27.37
15411 25.81
16006 25.77
12540 25.91
15612 26.60
13762 26.01
14513 26.03
13442 25.57
15169 26.14
11426 25.37
14966 25.39
14128 25.55
17410 26.73
12321 26.48
13923 26.28
11720 25.86
15143 26.32
13284 26.12
15298 26.16
13910 25.82
16798 26.26
13531 25.98
13914 25.91
13880 25.52
39378 28.66
4144 29.58
8220 28.77
8437 28.09
14186 27.76
12717 26.79
14958 26.58
13444 25.91
14820 26.85
13910 26.02
14610 26.22
12877 25.91
15538 26.42
13422 25.86
14142 25.96
14845 25.48
16282 26.12
13158 25.89
15249 25.67
12414 25.81
15456 25.83
12806 25.35
14885 25.43
11819 24.89
15827 25.66
12558 24.91
14336 24.87
15628 25.33
21631 26.60
11264 26.08
11731 26.47
11691 25.77
39651 26.87
3095 29.05
12967 27.25
11691 27.50
20287 27.34
12155 27.07
11754 27.21
10665 26.92
12059 27.44
12401 26.77
14147 26.86
13285 26.28
15999 27.03
14484 26.12
13303 26.70
13103 25.97
16212 26.55
12052 26.46
15205 26.27
12834 26.01
15763 26.32
13347 26.09
13983 26.10
12189 25.82
15719 25.83
12318 25.58
15324 25.62
14301 25.70
17786 26.05
12833 26.04
14713 25.79
12345 25.66
39773 26.94
2199 29.05
9308 26.24
10714 25.61
13052 26.65
13310 26.76
16046 26.58
14701 26.27
18726 27.29
12213 26.78
11882 26.96
13951 26.47
