26954 33.07
4342 31.99
9576 30.49
13749 28.18
14197 29.76
14748 28.27
14824 28.65
13835 27.79
16265 29.14
12168 27.93
13874 28.01
11830 27.39
15776 27.48
11595 27.18
14879 26.66
11536 26.64
16826 27.28
12564 26.93
15565 26.92
10951 26.96
16522 26.68
10821 26.58
14668 26.13
15287 26.34
19298 27.19
11506 26.80
13271 26.56
12707 26.10
16283 26.73
12394 26.32
14590 26.33
12790 26.27
37690 29.75
6406 29.02
8887 28.78
9402 28.04
12814 28.76
13630 27.60
15135 27.80
13516 26.77
16425 27.82
13508 26.80
13365 26.91
13300 26.55
16331 27.11
12726 26.45
14698 26.46
13614 26.19
16447 26.80
12285 26.32
14131 26.20
13664 25.69
15074 26.49
13429 25.75
14664 25.91
12503 25.85
16535 26.35
13870 26.36
14857 26.15
12671 25.94
17457 26.18
13048 26.03
14686 26.00
13365 25.53
40791 27.86
2568 29.70
8401 27.78
11440 26.64
12544 27.33
12781 26.28
14015 26.04
13773 25.42
14676 26.65
13222 26.06
16387 26.49
13566 25.92
17552 26.85
13698 26.08
13833 26.36
12422 26.05
16001 26.78
13579 26.03
14991 26.01
13274 25.90
15002 26.45
13362 25.95
16370 25.62
12589 25.74
16384 26.15
13841 25.91
14700 25.83
13202 25.47
16604 26.03
14555 25.86
16225 26.57
13335 26.15
40738 28.28
2439 30.22
8833 28.24
9595 28.23
13635 27.92
12617 26.52
14806 26.32
13128 25.86
16636 27.47
12774 26.46
14493 26.35
12181 25.87
14972 27.01
14818 26.03
16564 26.19
12456 25.86
16539 26.15
13916 26.13
14349 25.95
12765 25.92
17135 26.20
12740 25.99
15238 25.69
13833 25.42
16685 26.04
13043 25.55
14687 25.53
12416 25.15
16709 25.85
13783 25.08
12834 25.59
13447 25.19
40666 27.94
3003 29.65
9438 26.96
10481 26.09
12198 27.46
12732 26.08
13970 26.04
13790 25.20
14680 26.60
14872 25.28
14108 25.80
13045 25.32
16512 26.19
14947 25.64
15028 26.16
13269 25.75
16934 26.33
14362 26.30
13878 26.08
10868 25.67
16463 25.81
12784 25.69
16725 25.72
15114 25.99
18658 26.58
12548 26.20
13072 26.56
13202 26.15
17341 26.71
14257 26.11
14470 26.45
12932 26.17
40708 29.18
2718 30.32
6907 29.00
9884 27.98
14740 27.76
13194 26.30
15257 26.34
12463 26.18
15712 26.95
14275 26.21
15272 26.10
13144 26.12
15814 26.49
13427 26.14
15715 25.90
12408 25.96
15527 25.95
13342 25.68
15170 25.45
12463 25.36
16452 25.89
13840 25.61
14967 25.50
12917 25.42
16868 25.72
12500 25.66
15570 25.59
13400 25.45
17377 25.65
13365 25.52
15175 25.49
13304 25.53
40372 28.01
3421 29.26
8693 27.63
11085 26.52
11714 27.62
13988 26.10
13950 26.39
15956 25.73
14139 27.20
15476 25.69
16338 25.63
13019 25.80
15713 26.54
14019 25.93
14586 25.92
13835 25.47
16236 25.86
11146 25.32
14923 25.35
14319 25.49
19722 26.23
13041 26.21
13141 26.35
11796 25.75
16306 25.87
14191 25.79
15977 25.89
13344 25.75
17317 26.00
13434 25.87
13660 25.79
13252 25.66
39999 28.52
4118 29.54
8382 28.73
8025 28.29
14972 27.62
12543 26.78
15594 26.43
12067 26.09
15182 26.73
14641 25.81
16280 25.78
12641 25.93
16561 26.20
13228 25.84
14029 25.89
13754 25.67
16517 25.99
13586 25.74
15443 25.54
13006 25.70
15951 25.70
13027 25.26
15297 25.27
12052 24.85
16328 25.48
12388 24.90
14613 24.74
16009 25.19
22074 26.49
11483 26.05
11863 26.43
12509 25.51
40278 26.73
3003 29.16
12956 27.20
11839 27.40
20658 27.21
12307 26.96
11943 27.11
10412 26.96
12803 27.27
12297 26.67
14875 26.65
14645 25.94
15818 27.03
13254 26.42
15567 26.20
12389 25.95
15902 26.67
13241 26.27
14978 26.27
12536 26.05
15975 26.32
13401 26.13
15462 25.68
11865 25.78
15987 25.93
12411 25.54
15631 25.56
14556 25.65
18057 26.04
12970 25.99
14800 25.72
12721 25.57
40332 26.83
2227 29.18
9437 26.14
10719 25.57
13449 26.45
14617 26.37
16142 26.49
14413 26.29
19030 27.20
12337 26.74
12118 26.81
13759 26.44
