27540 32.88
4706 31.96
9592 30.42
14036 28.16
14619 29.59
14423 28.28
15342 28.35
14251 27.56
16504 29.02
13032 27.71
13916 27.89
12477 27.20
16130 27.36
11316 27.12
15712 26.40
11685 26.56
17410 27.14
13178 26.79
15489 26.93
11452 26.78
16657 26.71
11379 26.44
14827 26.10
15933 26.24
19669 27.13
11974 26.72
13699 26.45
12732 26.03
16974 26.53
12699 26.20
14875 26.23
13442 26.16
38786 29.50
6420 28.93
8956 28.58
11514 27.42
11704 28.89
14399 27.52
15407 27.78
13920 26.61
16013 27.91
14682 26.59
15292 26.47
13315 26.38
17145 26.96
12845 26.30
15321 26.31
13556 26.18
16504 26.85
12700 26.25
14629 26.08
13780 25.65
15863 26.22
13329 25.72
15565 25.59
12747 25.71
18128 25.92
13721 26.31
15379 25.91
12776 25.87
17070 26.14
13327 25.91
15886 25.72
12599 25.57
41706 27.61
2869 29.44
8573 27.59
9900 26.90
14382 26.86
13582 25.87
15747 25.46
13679 25.11
15967 26.16
15070 25.48
16334 26.29
14146 25.81
17496 26.71
13977 25.87
14239 26.17
13175 25.79
17764 26.28
13545 25.91
13656 26.08
14439 25.62
16082 26.05
13857 25.69
14859 25.79
13052 25.64
16431 26.07
14765 25.56
15138 25.65
13268 25.39
17218 25.85
14955 25.67
16890 26.36
13883 25.97
41560 28.09
2461 30.30
9381 27.99
9946 27.95
13952 27.78
14726 26.02
14494 26.39
13317 25.80
16796 27.38
12674 26.50
14960 26.19
12629 25.73
15519 26.88
15161 25.96
16936 26.02
12901 25.74
16859 25.97
14429 25.92
14651 25.85
13299 25.74
17548 26.15
12959 25.82
14170 25.87
13931 25.51
17522 25.79
13414 25.36
14708 25.47
13173 24.88
17649 25.53
14145 24.98
13828 25.23
13888 24.95
41801 27.69
3186 29.54
9631 26.86
10671 25.98
12752 27.30
13368 25.79
15252 25.69
13223 25.19
15012 26.40
14257 25.37
14710 25.67
13585 25.25
16752 26.13
14204 25.76
15816 25.87
14208 25.55
16986 26.27
15812 25.90
14460 25.94
11334 25.49
16660 25.74
13301 25.54
16144 25.78
15725 25.88
19020 26.41
13167 26.03
13975 26.39
13826 25.94
17847 26.54
12540 26.34
14603 26.33
13245 26.02
41057 29.11
3809 29.81
7256 28.73
11930 27.39
12974 27.87
14030 26.19
15035 26.46
13164 26.04
15994 26.97
14916 26.09
14779 26.19
13658 26.07
16379 26.42
13765 26.04
15029 26.05
13309 25.86
15917 25.87
13802 25.62
15496 25.35
13634 25.20
17626 25.59
13819 25.52
14926 25.41
14196 25.15
18035 25.50
13097 25.52
16389 25.31
13257 25.38
16844 25.65
14223 25.42
16280 25.31
13721 25.44
41719 27.70
3197 29.16
8693 27.49
9566 26.75
14276 26.84
14514 25.78
15025 25.84
15590 25.56
16523 26.35
14827 25.54
16098 25.45
13333 25.58
16346 26.23
14055 25.71
15244 25.64
14116 25.32
16550 25.65
11476 25.14
15365 25.20
15199 25.27
20358 26.01
13500 26.02
13610 26.11
12538 25.58
16453 25.74
14736 25.62
16782 25.69
14035 25.66
18741 25.68
13683 25.79
14013 25.65
13794 25.45
39577 28.63
6315 28.69
8742 28.63
8968 27.95
14140 27.71
13158 26.66
15924 26.43
12635 25.99
16214 26.55
14882 25.78
16572 25.70
12520 25.86
15742 26.40
14132 25.66
14994 25.78
14844 25.42
17013 25.87
13486 25.73
15064 25.62
13428 25.57
16861 25.44
13100 25.17
15734 25.06
12757 24.59
16588 25.35
12660 24.81
13753 24.85
16669 25.05
24541 25.90
12401 25.69
13315 25.95
11545 25.58
40130 26.77
3343 28.78
13778 27.01
11995 27.31
19109 27.53
12228 27.14
11909 27.25
10834 26.91
14013 27.10
13923 26.36
16022 26.36
14652 25.92
16432 26.93
14764 25.98
15236 26.21
12687 25.87
16765 26.47
14117 26.03
16537 25.92
12728 25.93
16310 26.24
13667 25.96
14996 25.84
12839 25.59
16549 25.67
12483 25.48
16191 25.39
14595 25.61
19135 25.77
13482 25.82
14975 25.69
12587 25.55
42090 26.40
2057 29.14
9623 25.96
11081 25.39
13944 26.17
14816 26.27
16351 26.31
14628 26.13
21875 26.51
13102 26.26
12136 26.59
13992 26.26
