28473 32.62
5046 31.61
11198 29.82
13622 27.83
15395 29.26
15165 27.90
16042 28.03
14273 27.38
16619 28.82
13613 27.56
14852 27.68
12584 27.11
16521 27.18
12017 26.89
15727 26.32
12411 26.34
17771 26.89
11992 26.89
15938 26.74
12499 26.56
17306 26.48
11982 26.21
15150 25.97
16027 26.11
18509 27.33
13182 26.48
13434 26.59
13781 25.82
16107 26.78
13753 26.03
15758 26.15
14095 25.97
39746 29.29
6354 28.66
9129 28.43
11546 27.26
12578 28.72
14951 27.23
15614 27.64
14246 26.48
17253 27.53
14395 26.47
15911 26.28
13813 26.23
17189 26.88
13299 26.17
15571 26.20
14355 25.95
17387 26.56
12807 26.10
15050 25.91
14585 25.45
16998 25.95
13227 25.62
16050 25.42
12758 25.54
17391 25.98
15435 25.91
16244 25.75
12930 25.67
17478 26.01
13915 25.77
16397 25.66
12968 25.50
42867 27.37
2957 29.27
8892 27.47
9978 26.75
14818 26.67
14131 25.67
15257 25.56
14592 25.03
17077 25.75
15094 25.32
17583 25.96
14052 25.65
17987 26.51
14594 25.71
14310 26.05
13528 25.69
17025 26.40
14283 25.71
15481 25.78
14767 25.44
16418 25.94
14557 25.52
16524 25.42
13609 25.42
18444 25.61
14282 25.56
15255 25.55
13045 25.43
18135 25.55
14807 25.63
16905 26.19
14492 25.78
42923 27.79
2574 30.04
9845 27.80
9977 27.86
14276 27.59
13690 26.16
15389 26.14
13546 25.69
17233 27.20
12803 26.40
15461 26.01
12999 25.64
16045 26.77
15207 25.87
16546 26.11
13630 25.56
15620 26.34
15541 25.78
15327 25.80
13670 25.66
17388 26.24
14072 25.69
15184 25.69
14412 25.34
17444 25.90
14198 25.22
14997 25.42
13484 24.81
18025 25.50
14380 24.89
13938 25.18
14540 24.86
43132 27.40
3084 29.38
9649 26.69
12453 25.43
12583 27.19
12936 25.82
14499 25.85
15164 24.85
15179 26.23
16118 24.94
15402 25.36
14190 25.00
17344 25.90
15404 25.40
15150 26.02
14690 25.51
17437 26.12
16120 25.88
14706 25.90
11506 25.40
16858 25.60
13561 25.43
16697 25.64
16024 25.76
19641 26.28
13136 25.91
14428 26.14
13514 25.89
18284 26.45
13748 26.06
15807 26.05
13583 25.90
42385 28.83
3769 29.64
7542 28.63
11153 27.43
14390 27.59
13849 26.04
15427 26.24
13594 25.97
16370 26.75
15277 25.94
16640 25.79
14109 25.87
17219 26.08
13862 25.85
16527 25.67
13002 25.74
17491 25.44
13730 25.45
16398 25.06
12781 25.23
17695 25.46
14295 25.32
15492 25.21
14911 24.86
17643 25.48
14040 25.29
16177 25.32
14373 25.18
18078 25.39
14018 25.31
16976 25.10
14060 25.28
42660 27.51
3443 29.07
8798 27.46
11694 26.16
12645 27.13
15205 25.66
15018 25.97
16570 25.47
15949 26.55
15889 25.41
15020 25.67
14458 25.45
16690 26.18
14764 25.56
15423 25.59
14807 25.19
16856 25.59
11884 25.04
15815 25.10
15563 25.16
20650 25.89
13663 25.91
15800 25.60
12508 25.43
17346 25.56
15179 25.54
16280 25.79
14700 25.47
19418 25.52
13995 25.59
14377 25.50
14078 25.32
40462 28.42
6845 28.47
9143 28.55
9288 27.79
14078 27.61
13862 26.51
15155 26.55
15052 25.59
16646 26.35
14970 25.68
16678 25.68
12912 25.70
17492 25.91
13774 25.65
15114 25.56
15834 25.16
18291 25.57
13617 25.60
15437 25.38
13585 25.49
16917 25.34
13698 25.00
16060 25.02
12482 24.66
17514 25.17
12903 24.69
15197 24.48
16860 24.92
25097 25.77
12590 25.55
13944 25.76
11724 25.51
41346 26.48
3541 28.53
13790 26.90
12931 27.09
21404 26.99
13074 26.70
12652 26.91
11182 26.66
12894 27.21
12737 26.60
15332 26.45
14352 26.00
16986 26.73
14056 26.09
14828 26.27
14093 25.58
17078 26.28
13251 26.00
16165 25.95
13882 25.66
16605 26.06
14434 25.73
14889 25.78
13345 25.47
16683 25.60
13275 25.23
16212 25.34
15613 25.33
18796 25.79
13850 25.77
15819 25.54
13379 25.35
43245 26.16
2113 28.74
9956 25.84
11519 25.20
13680 26.18
15358 26.06
17041 26.13
15518 25.93
20240 26.88
13974 26.19
12877 26.50
14511 26.16
