29415 32.34
5341 31.49
11024 29.65
14312 27.60
15416 29.21
16150 27.68
16866 27.78
14390 27.31
17699 28.57
13562 27.44
14787 27.56
13435 26.89
15781 27.36
13536 26.60
16064 26.33
12419 26.32
18002 26.95
13771 26.49
16988 26.53
11969 26.52
17914 26.30
12231 26.10
15687 25.81
16253 26.04
19292 27.10
13387 26.36
14938 26.17
13251 25.85
16713 26.63
13869 25.93
16206 25.98
14661 25.79
40493 29.10
7133 28.52
8963 28.39
11998 27.11
12895 28.43
15014 27.10
16203 27.44
14351 26.38
17055 27.55
15176 26.30
16184 26.13
13811 26.15
18062 26.59
13731 26.01
15684 26.01
15269 25.74
17446 26.43
13739 25.87
15154 25.81
14975 25.33
16417 26.04
14448 25.40
16089 25.36
13514 25.46
18722 25.70
15578 25.79
16306 25.63
13386 25.53
19083 25.67
13522 25.64
17431 25.27
13115 25.32
43888 27.15
3215 29.04
9118 27.29
9116 26.98
16114 26.22
14543 25.43
16588 25.10
13315 25.07
17568 25.52
15538 25.13
17984 25.75
14557 25.42
18587 26.31
13094 25.90
16192 25.60
14544 25.34
18004 26.08
14639 25.59
15360 25.67
14451 25.52
17168 25.72
14996 25.29
16767 25.30
13947 25.23
18428 25.49
14873 25.36
16065 25.37
13014 25.30
18871 25.36
15257 25.50
17695 25.99
14982 25.66
43256 27.71
2763 29.74
10291 27.70
10315 27.69
13763 27.74
14477 25.99
15265 26.22
14759 25.41
17277 27.17
13274 26.30
15922 25.93
13258 25.56
16394 26.63
15539 25.71
17907 25.74
13768 25.43
17936 25.74
15580 25.66
15655 25.54
13597 25.58
18619 25.85
14026 25.57
15616 25.47
15027 25.11
18325 25.61
14164 25.16
15359 25.18
14024 24.58
17959 25.39
15067 24.75
14132 25.18
14439 24.80
44285 27.17
3222 29.07
9997 26.53
11609 25.66
13407 26.86
13342 25.72
14986 25.64
15124 24.72
15413 25.97
14712 25.08
16364 25.08
14386 24.76
17657 25.61
14692 25.45
16952 25.52
15186 25.18
17840 25.86
16781 25.60
15525 25.57
12215 25.21
17221 25.46
13080 25.50
17808 25.34
16579 25.60
20002 26.08
14065 25.66
14357 26.09
13470 25.85
17946 26.39
13971 25.99
15782 25.95
14629 25.69
43151 28.64
4250 29.28
7922 28.43
10351 27.54
15642 27.28
14568 25.81
16908 25.86
14348 25.67
18195 26.26
13122 26.21
15378 25.82
14990 25.65
17731 25.89
14485 25.68
16069 25.58
13907 25.56
17253 25.40
14471 25.26
16601 25.00
13090 25.06
18498 25.27
14850 25.13
15854 25.13
13983 25.06
18789 25.17
14460 25.07
16690 25.15
15009 25.01
19001 25.15
14304 25.19
16862 25.05
14499 25.13
43469 27.32
3738 28.81
9388 27.23
10055 26.51
15282 26.35
15234 25.45
15746 25.53
16423 25.28
17439 26.05
15462 25.22
17075 25.07
14769 25.24
17927 25.73
14490 25.45
15762 25.37
15068 24.95
18417 25.13
11897 24.83
15812 24.92
16489 24.93
21395 25.66
14284 25.67
14185 25.86
13499 25.23
17812 25.41
15680 25.33
16852 25.56
15159 25.37
19440 25.47
14539 25.51
14841 25.36
14133 25.24
43324 27.78
4682 29.07
9119 28.31
8328 27.93
16258 27.03
14245 26.25
16420 26.08
14765 25.38
17300 26.04
15174 25.46
15654 25.72
13872 25.57
17795 25.70
14424 25.36
15431 25.40
16633 24.96
17647 25.60
14935 25.29
15110 25.36
14569 25.23
17321 25.29
14286 24.84
16371 24.90
12928 24.52
17841 25.07
13387 24.51
15599 24.35
17393 24.78
25554 25.63
13304 25.32
14146 25.66
12114 25.43
42440 26.24
3510 28.50
14326 26.73
12971 26.97
22532 26.73
13290 26.62
13058 26.75
11677 26.56
13369 27.07
12361 26.61
15367 26.46
15143 25.74
17490 26.52
14293 25.95
15256 26.09
14637 25.43
17498 26.13
15613 25.59
15590 26.01
13979 25.65
17306 25.98
14725 25.64
15220 25.70
13698 25.37
17158 25.51
13537 25.11
16622 25.23
15939 25.27
19541 25.66
14996 25.59
15931 25.41
13769 25.25
44359 25.89
2106 28.82
10287 25.68
11551 25.11
15123 25.86
15214 26.03
17202 26.04
15532 25.87
22594 26.29
14072 25.98
13508 26.23
13924 26.12
