2816 50.16
167 49.00
2088 44.55
1503 43.94
2124 45.15
1754 43.93
2163 43.84
1481 43.34
2226 43.94
1527 43.06
1912 43.03
1660 42.21
2172 42.71
1408 42.09
2088 41.53
1420 41.71
2324 42.44
1360 42.15
1914 41.53
1629 40.83
2171 41.24
1257 41.25
2175 40.27
1248 41.04
2288 41.50
1501 40.88
2029 40.40
1590 40.07
2208 40.95
1564 40.33
2016 39.92
1788 39.71
3941 46.10
929 43.00
1520 42.40
2067 41.39
1486 44.27
2098 42.19
2373 42.20
1697 41.55
2425 42.52
1709 41.60
2065 41.34
1392 41.24
2340 41.42
1404 41.02
2057 40.52
1664 40.41
2266 41.26
1362 40.76
2087 40.14
1638 39.72
2148 40.22
1644 39.70
2114 39.57
1195 39.57
2282 40.17
1467 39.83
2109 39.48
1638 39.19
2262 39.71
1430 39.55
2183 39.02
1574 38.77
5492 43.05
477 42.50
977 41.91
1319 40.42
2113 40.75
1748 39.69
2175 39.41
1436 39.15
2313 39.97
1638 39.37
2023 39.49
1554 39.18
2582 39.45
1346 39.41
2084 39.10
1815 38.61
2325 39.52
1349 39.19
2129 38.76
1408 38.59
2585 38.64
1501 38.46
2140 38.10
1496 38.08
2292 38.45
1786 38.17
2065 38.28
1605 37.97
2255 38.72
1742 38.04
2190 38.41
1450 38.28
5556 43.28
565 42.14
1225 42.13
1246 41.23
1755 41.22
2070 39.37
2171 39.60
1819 38.92
2572 40.75
1712 39.94
1988 39.85
1462 39.09
2392 39.78
1506 39.07
2115 38.96
1499 38.77
2313 39.09
1558 39.05
2020 38.62
1595 38.54
2510 39.14
1484 38.76
2129 38.39
1608 38.03
2273 38.08
1606 38.20
2082 37.79
1951 37.18
2371 38.14
1405 37.41
2037 37.64
1974 37.21
5245 43.46
766 40.66
1246 40.79
1293 39.89
1492 42.35
2231 40.13
2418 40.11
1755 39.11
2173 40.75
1777 39.49
2221 39.80
1718 38.95
2277 40.39
1658 39.45
2013 39.60
1520 39.63
2268 39.53
1477 39.06
2294 38.76
1191 38.73
2485 39.46
1453 39.13
2098 39.06
1655 39.05
2397 39.59
1387 39.24
2048 39.03
2037 38.48
2479 39.57
1516 38.96
1822 39.07
1747 38.55
5418 43.87
465 42.60
1201 41.55
1330 41.00
1881 41.15
1973 39.42
2088 39.70
1688 39.38
2413 40.13
1658 39.33
1996 38.99
1598 38.83
2218 39.56
1643 39.10
2121 39.12
1305 38.81
2209 38.99
1600 38.65
2238 38.32
1468 38.25
2326 39.06
1706 38.38
2033 38.31
1957 37.69
2508 38.47
1393 38.18
2183 38.02
1362 38.10
2396 38.05
1519 38.06
2052 37.57
1438 37.77
5544 42.76
482 42.20
1184 40.66
1292 39.83
2506 39.86
1981 38.61
1732 39.23
1911 38.73
2632 38.93
1432 38.67
2040 38.25
1398 38.40
2121 38.49
1624 38.42
2287 38.02
1535 38.07
2358 38.27
1495 37.84
2230 37.63
1636 37.82
2644 38.30
1658 38.27
1947 38.35
1672 37.62
2456 37.97
1562 38.09
2204 37.83
1346 37.56
2434 38.02
1566 37.83
1974 37.49
1815 37.23
5353 43.37
664 41.76
1272 40.97
1279 40.41
2544 40.08
1625 39.56
1865 39.69
1944 38.69
2221 39.57
1780 39.12
1987 39.11
1576 38.51
2231 39.02
1657 38.59
1956 38.52
1880 37.87
2181 38.71
1521 38.27
2171 37.93
1423 38.14
2220 38.25
1594 37.35
2182 37.54
1716 37.25
2319 38.28
1619 37.62
2090 37.25
2021 37.47
2816 38.61
1512 37.84
2145 37.98
1483 37.22
5496 42.24
532 41.24
1151 41.59
1287 40.78
2218 41.43
2045 39.74
2042 40.04
1714 39.42
2305 40.21
1826 39.17
1877 39.35
1649 39.04
2296 39.35
1630 39.09
2187 38.85
1436 38.63
2303 39.19
1626 38.72
2092 38.47
1669 38.35
2243 38.73
1638 38.64
2149 38.80
1434 38.35
2220 38.62
1586 38.04
2236 38.26
1596 38.30
2416 38.69
1770 38.57
1923 38.30
1811 37.38
5439 42.44
564 41.74
1083 40.69
1351 39.54
2031 41.22
2293 39.52
2217 39.73
1792 39.24
2578 40.02
1690 39.48
1845 39.45
1747 39.18
