4633 46.06
598 45.09
3658 40.76
3035 39.52
3818 41.28
3117 39.97
3356 39.86
2505 39.44
3780 40.24
2809 39.06
3402 39.12
2410 38.41
3518 38.93
2886 38.02
3381 37.49
2555 37.42
3891 38.46
2368 37.90
3524 37.65
2507 37.03
3818 37.43
2317 37.02
3790 36.48
2304 37.09
3906 37.85
2420 37.03
3400 36.62
2649 35.95
3672 37.17
2582 36.51
3664 36.23
2325 36.29
8807 41.11
1074 39.10
1862 39.10
2448 37.78
3320 38.75
3338 37.30
3449 37.71
2583 36.70
3874 37.75
2674 37.07
3271 36.79
2952 36.37
3752 36.92
2810 36.26
3429 36.35
2832 36.07
3922 36.84
2381 36.09
3344 35.76
3174 35.03
3633 35.91
2720 35.34
3574 35.26
2446 35.19
3910 35.95
2807 35.56
3559 35.14
2595 34.90
4272 35.35
2364 35.22
3621 34.78
2825 34.52
9839 39.14
541 39.21
1722 37.66
2375 36.28
3058 37.42
3463 35.67
3551 35.71
2784 35.31
4072 36.21
2938 35.60
3853 35.84
2610 35.52
4076 36.26
2791 35.58
3339 35.60
3060 34.97
3694 36.00
2935 35.37
3542 35.29
2740 35.13
3801 35.55
2708 34.94
3410 34.66
3004 34.37
3839 35.22
2955 34.73
3378 34.67
2962 34.09
3886 34.96
2816 34.66
3593 34.96
2711 34.84
9367 39.94
855 38.87
2057 38.70
2072 37.74
3368 37.85
3618 35.90
3361 36.01
3020 35.54
4114 36.87
3292 35.78
3281 35.97
2552 35.35
3742 36.40
2968 35.45
3352 35.28
2694 35.04
3713 35.59
3049 35.47
3442 35.09
2873 34.86
3887 35.63
2652 35.05
3459 34.87
2929 34.35
3675 34.97
2760 34.71
3534 34.14
3250 33.59
3848 34.67
2503 33.85
3346 33.99
3292 33.77
9675 39.37
638 38.89
1753 38.00
2282 36.04
3355 37.23
3230 35.60
3476 35.70
3076 34.89
3665 35.96
2962 35.24
3311 35.41
3037 34.78
4141 35.52
2629 35.19
3509 35.20
2447 34.88
3981 35.22
3240 34.85
3586 34.63
2009 34.65
4232 34.97
2323 34.91
3836 34.64
2770 35.08
4085 35.54
2735 34.79
3413 34.94
3386 34.42
4002 35.63
2872 34.90
3160 35.07
2656 34.50
9740 40.20
817 38.99
1934 37.98
2267 36.96
3484 37.27
3177 35.60
3458 35.99
2918 35.42
3798 36.50
3008 35.79
3287 35.54
2934 35.05
3692 35.93
2796 35.62
3623 35.23
2390 35.18
3777 35.25
2804 34.87
3438 34.62
2901 34.35
3822 35.07
2935 34.64
3336 34.42
3058 34.07
3962 34.79
2674 34.54
3574 34.30
2936 33.92
3789 34.71
2766 34.16
3635 34.05
2521 34.08
9396 39.39
906 38.35
2725 36.56
1939 36.47
2867 37.60
3314 35.70
3858 35.64
3299 35.28
3613 36.49
3225 35.30
3473 35.29
2876 35.04
3621 35.93
2985 35.22
3600 35.16
2853 34.70
3789 35.23
2568 34.39
3736 34.56
2633 34.60
4114 35.55
2652 35.25
3430 35.06
2687 34.24
3888 34.89
2935 34.80
3573 34.78
2613 34.60
3985 35.02
2612 34.70
3512 34.30
3061 33.83
9198 39.84
1158 38.38
2336 37.38
1984 37.15
3294 37.25
3279 36.37
3505 36.31
3037 35.25
3647 36.50
3032 35.62
3539 35.46
2554 35.40
3907 35.78
2678 35.15
3484 34.78
3020 34.53
3837 35.26
2493 35.02
3507 34.59
2260 34.70
3740 34.74
2689 34.09
3776 33.97
2604 33.60
3994 34.54
2671 33.68
3476 33.73
3286 33.87
5201 34.99
2438 34.18
3126 34.40
2902 33.42
9572 38.39
679 38.13
2894 37.04
2362 37.04
2542 38.76
3423 36.73
3244 36.94
3524 35.85
3694 37.19
3295 35.90
3580 35.99
2809 35.77
3712 36.47
3116 35.51
3463 35.65
2465 35.22
3910 35.87
2788 35.50
3589 35.26
2646 34.94
3773 35.39
2670 35.08
3514 34.82
2578 34.42
3854 34.72
2463 34.49
3908 34.40
2683 34.57
4163 35.10
2822 34.65
3250 34.47
3004 33.63
9294 38.78
758 37.76
2123 36.96
2226 35.65
3595 36.34
3316 35.86
3746 36.02
3244 35.55
4036 36.65
3266 35.67
3139 35.96
2727 35.54
