5412 45.07
570 44.01
4027 39.75
3331 38.63
4136 40.24
3319 39.07
3827 39.02
3045 38.42
4232 39.38
3142 38.19
3708 38.10
2905 37.35
4002 38.09
3018 37.16
3763 36.53
2948 36.57
4312 37.45
2885 37.01
3916 36.78
2542 36.42
4096 36.58
2662 36.31
4066 35.71
2905 36.17
4295 37.07
2879 36.07
3773 35.69
2954 35.20
4080 36.23
2944 35.56
4117 35.27
2652 35.40
9995 40.23
1136 38.66
2484 37.65
2313 37.04
3944 37.67
3250 36.60
3870 36.86
3150 35.67
4071 36.85
3455 35.88
3723 35.90
3047 35.52
4409 35.77
3023 35.29
3808 35.30
3326 34.86
4373 35.80
2540 35.10
3768 34.66
3352 34.18
4153 34.95
2919 34.55
3937 34.34
2888 34.27
4313 34.89
3605 34.67
4091 34.37
2567 34.59
4385 34.80
3099 34.48
3787 34.39
3557 33.66
10929 38.41
522 39.30
1880 36.90
2675 35.66
3641 36.06
3759 34.69
3987 34.87
3119 34.48
4391 35.23
3243 34.86
4251 34.96
2985 34.68
4453 35.47
3009 34.91
3858 34.76
3286 34.17
4273 35.29
3254 34.46
3855 34.34
3179 34.22
4105 34.70
3425 34.23
3846 34.05
3093 33.70
4314 34.45
3380 34.09
3705 34.19
3514 33.31
4471 34.14
3131 33.92
4478 34.10
2625 34.13
10551 39.10
989 38.10
2211 37.82
2257 36.97
4462 36.69
3137 35.17
4118 34.91
2949 34.73
4823 35.68
2871 35.17
3894 34.80
3020 34.13
4363 35.18
2907 34.55
3804 34.32
3025 33.95
4313 34.56
3285 34.36
3694 34.00
3226 33.99
4571 34.57
2871 34.07
3758 33.85
3691 33.26
4026 34.13
3289 33.35
3942 33.22
3686 32.56
4174 33.78
3095 32.89
3730 33.14
3375 32.84
10820 38.57
793 38.04
2422 36.27
2887 34.61
3088 37.32
3727 34.88
3773 35.11
4139 33.88
4019 35.59
3249 34.69
3861 34.68
3306 34.11
4364 35.12
3047 34.74
3695 34.76
3360 34.22
4356 34.89
3757 34.28
3706 34.25
2559 33.89
4661 34.62
2736 34.27
4043 34.11
3094 34.38
4576 34.91
2835 34.31
3901 34.19
3913 33.65
4759 34.85
3158 34.33
3273 34.40
3504 33.64
10630 39.65
793 38.63
2271 37.06
2510 36.34
3865 36.59
3513 35.05
3989 35.21
3169 34.68
4086 35.95
3775 34.82
3966 34.87
2932 34.68
4025 35.34
3314 34.67
3902 34.60
2567 34.53
4334 34.41
3009 34.04
4062 33.64
2717 33.65
4367 34.37
3254 33.62
3792 33.61
4054 32.91
4297 34.01
2926 33.74
3905 33.73
3267 33.25
4428 33.86
2847 33.58
4133 33.34
2647 33.29
10629 38.57
926 37.67
2255 36.54
2393 35.86
3722 36.36
3752 34.61
3867 34.83
3712 34.42
4141 35.46
3952 34.16
3842 34.42
2971 34.03
4147 34.79
3324 34.42
3947 34.10
3388 33.90
4508 33.98
2417 33.43
4185 33.43
2877 33.75
5163 34.39
2965 34.17
3258 34.27
3272 33.12
4336 33.89
3144 33.71
4177 33.65
2848 33.70
4645 33.86
2952 33.73
3825 33.28
3581 32.86
10300 39.11
1423 37.48
2186 37.24
2118 36.64
4533 36.15
2970 35.75
3761 35.48
3682 34.27
4176 35.38
3294 34.70
4089 34.50
2614 34.31
4259 34.89
3019 34.09
3862 33.82
3511 33.49
4370 34.24
2639 33.93
4078 33.71
2605 33.73
4187 33.64
3413 32.92
4061 33.12
2929 32.85
4589 33.57
2902 33.13
3864 32.63
3684 32.97
5975 34.10
2642 33.39
3423 33.56
3263 32.67
11153 37.30
577 38.02
2208 36.91
2584 36.38
3752 37.09
3528 35.72
3840 35.65
3655 34.70
3898 36.18
3786 34.82
4087 34.96
3300 34.70
4303 35.49
3392 34.72
3939 34.70
2761 34.21
4422 35.03
2903 34.63
3902 34.53
3288 33.82
4448 34.24
2805 34.25
4145 33.77
2535 33.75
4259 33.77
2710 33.37
4380 33.43
3024 33.70
4971 33.91
3064 33.88
3612 33.54
3341 32.85
10997 37.57
691 37.01
1980 36.35
2333 35.14
4172 35.23
3857 35.02
4286 35.17
3239 34.95
4851 35.91
3088 34.83
3482 34.82
3323 34.51
