10834 22.27
6578 24.61
2022 24.87
3967 22.01
5827 22.03
5208 20.64
8764 22.94
7340 22.92
4644 22.87
3790 22.55
4824 22.55
4306 21.22
5741 22.87
4850 21.32
5972 23.09
5483 22.84
6435 23.22
4122 22.37
6197 22.22
7407 23.60
6294 23.72
4360 24.00
4918 22.96
4274 22.53
6212 23.42
4774 22.28
5656 22.44
4844 22.07
6674 23.52
5395 22.54
5961 23.19
4661 23.06
14114 21.49
2338 24.79
5080 23.55
4252 22.98
7201 23.28
5100 22.89
5805 22.94
4598 22.82
6974 23.32
4991 22.76
5838 23.37
4603 22.87
6987 23.84
4872 22.86
5514 24.24
5275 23.19
7579 23.87
4790 23.78
6052 24.30
4723 23.92
7971 24.32
4439 23.84
5339 24.46
4632 23.73
7087 24.38
4121 24.08
5084 24.43
4649 24.00
10630 25.72
7632 26.13
5059 29.71
4027 27.55
8250 26.53
1772 27.36
4170 26.01
4436 24.90
5983 26.65
4973 24.73
5185 26.14
4349 25.05
6012 27.02
4623 24.89
6315 24.94
4181 25.08
6266 26.46
4610 25.03
6002 25.07
4160 24.99
6717 26.01
4313 25.31
5968 25.20
4539 24.95
6749 25.92
4465 24.91
6009 24.57
7485 25.96
6234 26.22
6764 27.04
4326 27.04
4459 26.31
6783 26.58
4526 26.82
5529 25.92
4109 25.62
15062 22.72
2326 27.50
5718 25.73
6591 26.39
6782 27.09
3849 26.28
5254 27.69
4235 26.91
8463 27.91
6374 27.67
6193 28.92
3465 27.68
7680 28.04
6269 28.30
5070 30.23
3578 27.56
6975 28.73
4042 27.30
4805 28.62
4463 27.44
6295 28.92
4166 27.22
5264 27.38
3993 26.91
5682 28.37
5355 27.40
5400 27.22
3941 27.01
6224 27.85
4467 26.86
6192 26.65
4025 26.72
15073 24.38
1896 29.42
4906 27.10
4009 26.81
7919 26.38
3553 26.59
5429 26.05
3985 25.99
6512 26.68
9278 28.37
4714 28.74
4183 27.99
6411 26.93
4414 26.75
5598 26.87
4092 26.65
9424 28.29
6774 28.16
6065 30.17
4312 28.00
6897 29.46
3133 27.16
7927 30.98
5530 29.93
3521 30.51
3692 27.53
4841 27.80
4139 26.96
5482 29.16
8291 29.83
5905 29.39
4014 28.63
12370 24.00
2050 28.46
4477 27.03
3114 27.45
6665 26.35
3188 26.32
5642 25.89
4102 26.08
7101 27.11
5361 27.10
6592 27.07
4098 26.40
6960 27.20
6343 27.39
6757 27.68
5980 27.63
6776 26.81
4392 27.32
4095 26.99
7940 28.55
4756 27.70
3161 26.77
4968 25.94
4068 25.05
6824 25.39
3415 25.25
6240 25.91
5217 26.08
5660 26.72
4793 24.84
5583 25.45
4724 25.35
11754 23.49
3160 26.42
5555 26.35
4749 26.23
7921 25.63
8059 27.58
5651 27.55
4384 26.96
6345 26.03
3529 26.01
5026 25.58
5139 25.65
6972 25.92
4629 26.04
5667 26.30
4310 25.59
6768 26.31
4758 25.51
5761 25.56
3926 25.29
6278 26.15
4089 25.07
5755 24.32
4105 24.36
6659 24.85
4066 24.80
6190 24.77
5069 25.34
10843 27.85
7121 27.44
6143 28.21
3162 26.56
11195 22.99
1543 28.80
6249 26.41
4702 26.09
6749 26.04
3852 25.73
5361 26.06
4380 25.35
7239 27.09
4341 26.55
5433 27.13
4801 26.07
6882 26.92
4480 25.95
5823 25.98
4962 26.35
6176 27.43
4050 26.36
5733 25.90
3760 25.80
6693 26.30
3934 25.89
5630 25.66
4223 25.53
6841 25.88
4438 25.63
6533 25.72
4971 25.80
7046 26.43
4219 26.23
6398 26.64
5146 26.43
13831 23.02
3273 27.70
5181 26.72
3933 26.11
7688 25.52
4035 25.85
5985 25.49
4599 25.42
8031 25.71
4325 25.53
5446 26.10
4264 25.12
6794 25.67
4082 25.08
5783 25.92
4626 25.33
7138 25.90
4312 25.20
5895 25.92
7925 26.86
7288 27.20
3734 27.02
5407 26.73
7790 27.79
6356 27.76
3919 27.23
4744 27.87
4771 26.35
6044 27.89
4138 26.02
5628 25.69
4356 25.68
11157 22.70
3063 26.51
5110 25.67
4626 24.99
6534 25.04
4059 24.96
5260 24.90
3758 23.97
6425 24.78
4057 24.25
5759 23.89
4234 23.61
