1484 45.27
338 47.83
124 46.69
314 43.75
613 40.35
494 38.61
944 41.87
640 41.99
410 41.44
297 39.26
628 38.73
429 39.33
657 39.15
317 40.05
588 38.82
521 38.28
618 39.78
480 38.76
561 39.56
1043 40.33
610 41.41
440 39.74
444 40.01
554 39.23
740 40.69
419 39.46
604 39.60
390 38.92
697 40.21
502 39.52
558 40.31
469 40.03
1081 44.68
284 41.91
548 41.81
482 39.42
635 43.97
577 39.61
612 40.41
361 40.23
692 41.50
427 39.69
644 39.66
462 39.56
672 41.39
431 39.03
601 39.77
450 39.32
708 40.04
499 40.11
682 40.31
543 39.56
857 40.30
415 39.61
704 39.69
450 40.00
754 41.09
446 40.00
578 39.95
505 39.42
1225 44.51
815 44.38
729 46.21
554 43.18
764 47.07
284 44.65
396 44.14
407 42.54
526 46.89
575 42.29
645 43.15
445 42.58
679 45.48
594 42.53
610 43.56
391 43.30
682 43.93
384 42.79
647 42.73
298 42.23
685 43.77
484 42.15
628 41.84
441 41.74
698 43.60
393 41.83
671 41.44
882 42.39
660 44.19
813 44.44
526 43.92
435 43.62
796 44.26
421 43.78
561 43.30
369 42.72
1543 42.30
241 43.42
519 42.71
709 43.28
668 44.71
295 43.36
565 44.93
562 43.75
1129 45.21
701 44.26
766 45.46
350 44.40
900 46.15
673 45.53
625 47.86
569 44.15
826 47.18
288 45.54
524 46.66
450 45.02
701 47.89
315 45.24
543 45.19
375 44.16
690 47.12
605 45.09
706 44.92
358 45.35
833 47.12
337 45.62
573 44.61
364 44.45
1671 43.47
143 47.03
414 44.84
384 44.88
715 44.25
266 43.75
606 42.75
500 42.25
800 44.15
1320 45.42
465 46.76
399 46.17
657 44.70
349 44.75
526 44.42
383 43.82
1275 45.52
816 45.17
691 48.86
438 44.87
794 49.41
293 44.56
862 50.02
585 48.77
434 50.12
384 46.32
556 47.01
421 46.16
790 47.44
1023 48.76
641 48.29
430 47.14
1313 43.85
159 50.56
415 46.80
278 45.97
680 45.12
279 45.46
673 44.73
384 44.44
905 45.74
406 45.37
708 45.40
342 44.70
787 45.32
662 45.54
706 45.87
605 45.71
780 45.68
479 46.12
623 45.16
1107 46.65
581 46.30
381 46.33
546 45.63
465 44.47
675 45.86
456 44.76
669 45.69
532 43.96
573 46.74
522 42.99
609 44.96
545 44.76
1539 41.82
304 46.10
542 45.80
380 45.04
846 43.96
699 48.73
604 46.15
409 45.52
838 44.47
378 44.80
615 44.69
504 44.48
806 44.67
462 44.85
622 44.73
461 44.09
933 44.77
418 44.61
672 44.81
467 43.98
812 44.77
401 43.85
655 43.25
441 43.68
743 44.55
535 43.66
694 43.44
540 43.87
1311 47.35
752 47.28
716 48.05
327 45.98
1153 42.90
153 48.20
602 45.65
411 45.42
731 44.69
414 44.56
607 44.78
444 44.57
918 45.47
480 44.91
640 45.42
481 45.02
859 45.51
397 45.11
621 45.90
483 45.31
724 45.76
361 45.87
621 44.61
503 43.85
817 45.50
381 44.86
615 44.57
403 44.46
739 45.60
382 44.44
623 44.44
442 43.98
776 45.95
473 44.45
716 44.88
427 45.17
1670 41.87
238 47.00
422 44.71
422 44.04
778 43.59
363 44.14
651 43.93
469 43.33
1043 43.49
406 43.79
611 44.08
441 43.49
844 43.43
353 43.49
614 43.67
491 43.20
761 44.06
459 43.87
757 43.56
883 44.93
890 44.92
386 45.54
604 45.46
978 46.39
764 46.43
423 45.86
606 46.37
451 45.68
884 46.02
364 45.34
493 46.66
485 45.59
1467 41.20
349 46.84
599 44.40
468 44.10
623 45.83
375 44.33
425 45.61
405 43.85
660 44.45
387 43.58
600 42.26
452 41.40
