14533 19.59
8905 22.20
3170 21.13
5455 20.01
8408 19.66
6353 19.03
11947 20.44
9659 20.75
7108 20.21
5615 20.04
6312 20.59
5649 19.51
8025 20.55
6540 19.24
8151 20.79
6897 21.05
8845 20.88
5832 20.13
7606 20.66
9697 21.58
8224 21.65
6197 21.93
6317 21.28
5961 20.40
7759 21.54
6676 20.12
7345 20.65
6718 20.15
8611 21.59
7279 20.42
7721 21.14
6440 20.91
16852 19.79
3687 22.12
7189 21.28
5958 21.05
9347 21.31
6869 20.99
7333 21.31
6431 20.85
9083 21.36
6358 21.20
7742 21.40
6490 20.79
9033 21.90
6585 20.94
7218 22.22
7036 21.14
9773 21.92
6424 21.84
7941 22.33
6046 22.10
10331 22.28
6050 21.78
7219 22.31
6353 21.66
9202 22.35
5774 21.78
6903 22.43
6280 21.67
13198 23.72
9806 24.02
7565 26.47
5586 24.99
11096 23.83
2684 25.42
5714 23.96
5977 22.80
8404 24.14
6562 22.59
6961 24.10
5827 22.91
8312 24.48
6090 22.78
7742 23.06
5852 22.70
8406 24.03
6294 22.85
8455 22.63
5820 22.78
8878 23.78
5922 23.06
8423 22.72
5950 22.72
9459 23.39
6092 22.76
8061 22.52
9615 23.85
8261 24.10
8979 24.94
5929 24.92
6168 24.33
8958 24.45
6235 24.52
7469 23.77
5727 23.46
19366 20.28
3299 25.62
7884 23.67
8741 24.32
9030 24.98
4788 24.55
7071 25.38
6219 24.45
11018 25.81
8407 25.56
7744 27.24
4762 25.71
10154 25.91
8109 26.30
6985 27.82
4488 25.68
9117 26.53
5078 25.55
6475 26.49
6186 25.10
8081 27.12
5789 25.11
7274 25.30
5255 24.76
7810 26.14
6401 25.70
7235 25.21
5403 24.91
8312 25.78
5949 24.75
8072 24.61
5628 24.57
19769 21.68
2938 26.74
6811 25.07
5665 24.66
10405 24.29
5121 24.27
6964 24.36
5700 23.89
8699 24.58
11550 26.36
6386 26.56
5625 25.88
8489 24.84
6071 24.66
7703 24.78
5738 24.30
11873 26.26
8786 26.00
8310 27.44
5594 25.84
8906 27.24
4435 24.86
10384 28.61
7381 27.57
4910 28.09
4883 25.34
6850 25.10
5505 24.73
7531 26.57
10848 27.32
7757 27.10
5425 26.41
15429 21.91
3281 25.62
6287 24.84
4845 24.54
9373 23.83
4529 23.95
7521 23.82
5501 24.02
9888 24.46
6920 24.90
9139 24.37
5379 24.15
9799 24.39
8203 25.18
8851 25.47
7978 25.34
9013 24.54
5896 24.86
5745 24.69
10171 26.33
6481 25.45
4437 24.67
6728 23.75
4977 23.38
8945 23.11
4551 22.95
8272 23.57
7232 23.81
7421 24.32
6342 22.81
7524 23.32
6325 23.09
15035 21.35
4530 24.37
7669 24.20
6464 24.06
10244 23.55
10450 25.38
7581 25.30
6005 24.64
8290 23.77
4883 23.56
7041 23.39
6454 23.88
9273 23.83
6430 23.76
7726 23.99
5882 23.46
8692 24.21
6292 23.42
8093 23.06
5199 23.03
8309 23.97
5569 22.56
7667 22.33
5605 22.11
8914 22.71
5674 22.53
8166 22.52
6753 23.05
13494 25.77
9052 25.26
8493 25.49
4376 24.23
14691 20.58
2711 25.32
8341 24.13
6529 23.82
9356 23.60
5268 23.54
7301 23.63
5809 23.26
10507 23.97
6180 23.94
8168 24.06
5993 23.81
10309 23.78
5844 23.73
7281 24.17
6750 24.23
9141 24.24
5085 24.18
6590 24.44
5440 23.46
8639 24.32
5976 23.34
7721 23.50
5687 23.33
8668 24.25
6108 23.36
8935 23.50
6794 23.67
8917 24.46
5863 23.85
8642 24.28
6717 24.29
17261 20.95
4869 25.15
7057 24.52
5448 23.95
10178 23.38
5586 23.62
8179 23.34
6149 23.33
10534 23.59
6062 23.44
7537 23.86
5843 22.89
8877 23.56
5547 22.91
7488 23.95
6444 23.24
9190 23.90
5847 23.04
7436 24.16
10252 24.73
9357 25.09
5089 24.72
7194 24.56
10049 25.62
8324 25.62
5302 25.10
6404 25.76
6411 24.17
7936 25.71
5588 23.82
7529 23.36
5897 23.36
14211 20.56
4483 24.12
6881 23.25
6373 22.83
8755 22.91
5566 22.55
7488 22.18
5073 21.90
8567 22.52
5456 22.09
7449 21.89
5999 21.38
