15142 19.19
9666 21.53
3573 20.78
5853 19.58
8892 19.29
6853 18.62
12484 20.07
10181 20.38
7511 19.93
5904 19.78
6643 20.23
5940 19.13
8497 20.26
6933 18.84
8424 20.53
7254 20.74
9283 20.46
6112 19.76
7552 20.63
9686 21.57
8622 21.27
6539 21.44
7162 20.52
6256 20.01
8385 20.99
7173 19.71
7759 20.30
7169 19.72
8921 21.23
7576 20.07
7686 21.08
7254 20.35
18149 19.08
4019 21.74
7575 20.73
6085 20.85
9773 20.93
6938 20.80
7764 20.78
6752 20.49
9554 21.03
7182 20.51
8068 21.11
6829 20.43
9367 21.57
7086 20.58
7633 21.76
7585 20.72
10260 21.57
6923 21.36
8426 22.00
6583 21.61
10822 21.99
6365 21.45
7659 21.80
6543 21.17
9525 21.93
6157 21.28
7739 21.57
6546 21.29
13978 23.30
10405 23.64
7930 26.03
5951 24.61
11590 23.46
2647 24.97
6158 23.71
6323 22.44
8888 23.68
7006 22.18
7695 23.31
6154 22.49
8667 24.13
6552 22.38
8227 22.68
6213 22.53
8344 24.12
6636 22.34
8932 22.25
6169 22.42
9087 23.60
6411 22.65
8865 22.44
6325 22.58
9761 23.08
6476 22.33
8426 22.08
9960 23.59
8694 23.91
9429 24.51
6192 24.66
6673 23.91
9437 24.01
7189 23.68
7764 23.49
5969 23.12
20485 19.68
3499 25.34
8469 23.22
9067 23.96
9417 24.63
4735 24.51
7552 24.99
6041 24.42
11514 25.37
8914 25.07
8968 26.06
4991 25.05
10707 25.49
8653 25.71
7341 27.44
5230 24.94
10056 25.63
5481 25.07
7009 25.91
6511 24.69
9286 25.95
5700 24.73
6973 25.22
5757 24.33
8372 25.38
6824 25.15
7587 24.68
5770 24.53
8433 25.51
6397 24.30
8704 24.17
5974 24.11
20721 21.23
3324 26.20
7219 24.58
5963 24.20
10970 23.91
5288 23.96
7345 23.96
5967 23.48
9103 24.18
12253 25.89
6774 26.14
6089 25.42
9115 24.44
6302 24.28
8132 24.41
6123 23.87
12493 25.81
9341 25.55
8467 27.31
6218 25.36
9579 26.53
4512 24.54
11129 28.02
7784 27.16
5420 27.45
5133 24.72
6794 25.12
6055 24.27
7857 26.23
11243 26.92
8167 26.62
5634 26.03
16233 21.46
3548 25.22
6736 24.36
4629 24.56
10161 23.31
4726 23.45
7523 23.81
6103 23.56
10536 24.00
7433 24.49
9630 24.01
5776 23.75
10242 24.09
8548 24.84
9434 25.01
8300 24.99
9179 24.18
6352 24.41
6058 24.21
10810 25.86
6930 24.98
4622 24.08
7092 23.33
5338 22.83
9763 22.42
4802 22.43
8804 23.11
7490 23.51
7966 23.82
6596 22.46
7874 22.88
6804 22.66
15760 20.94
4778 23.99
8056 23.84
6929 23.62
10717 23.11
10950 24.97
8000 24.77
6404 24.23
8870 23.32
5311 23.17
7245 22.98
7485 23.00
9818 23.35
6701 23.38
8045 23.70
6299 23.04
9213 23.75
6686 23.14
8169 22.92
5654 22.68
8609 23.65
5944 22.24
8347 21.87
5759 21.78
9520 22.28
5930 22.13
8809 22.12
7210 22.69
14030 25.38
9529 24.82
8875 25.11
4621 23.85
15318 20.17
2994 24.60
8738 23.81
7055 23.44
9695 23.23
5645 23.12
7751 23.25
6227 22.87
10909 23.58
6467 23.62
8580 23.61
6481 23.25
10603 23.46
6170 23.34
7640 23.82
7416 23.75
9784 23.78
5419 23.72
7443 23.59
5736 23.08
9087 23.89
6200 23.01
8034 23.04
6050 22.91
9353 23.75
6385 22.97
9180 23.17
7092 23.27
9623 24.01
6187 23.45
9131 23.89
7198 23.92
17795 20.65
5188 24.72
7501 24.06
5714 23.54
10987 22.90
5788 23.19
8533 22.96
6581 23.01
11165 23.12
6398 22.99
7833 23.43
6088 22.63
9206 23.18
6024 22.52
7847 23.65
6274 23.31
9636 23.44
6207 22.76
8413 23.31
10575 24.36
9927 24.65
5457 24.30
7711 24.08
10406 25.27
8749 25.19
5543 24.66
6925 25.21
6762 23.81
8319 25.19
5874 23.42
8062 23.01
6282 22.91
14774 20.20
4729 23.46
7442 22.76
6704 22.32
9565 22.44
5804 22.32
7566 22.24
5468 21.53
8993 22.12
5929 21.64
7891 21.57
6362 21.21
