15654 18.84
9813 21.43
3754 20.44
6016 19.42
9540 18.72
6383 18.87
13303 19.36
10424 20.10
7538 19.72
5762 19.77
7098 19.90
6841 18.49
8418 20.11
6585 18.97
8910 20.16
7449 20.48
9624 20.21
6326 19.43
7694 20.45
9914 21.33
8917 21.08
6881 21.20
6878 20.62
6638 19.81
8611 20.86
6565 19.97
8174 20.04
7380 19.52
9294 20.96
7796 19.87
8114 20.85
7247 20.14
18501 18.93
4323 21.37
7941 20.65
6179 20.70
10190 20.69
7179 20.65
7418 21.09
7090 20.25
9879 20.84
7391 20.34
8237 20.93
7001 20.19
9763 21.33
7238 20.44
7913 21.57
7683 20.60
10474 21.47
7008 21.23
8686 21.77
6878 21.42
11186 21.78
6445 21.30
7846 21.71
6758 21.08
9787 21.72
6321 21.20
7485 21.76
6991 21.05
14270 23.12
10535 23.49
8256 25.70
6078 24.27
12012 23.17
2737 24.92
6265 23.52
6541 22.14
9064 23.49
6611 22.52
7479 23.46
6424 22.26
9104 23.92
6652 22.14
8748 22.19
6404 22.24
9016 23.62
6796 22.22
9074 22.12
6403 22.24
9438 23.36
6672 22.43
8870 22.46
6652 22.09
10073 22.98
6720 22.23
8789 21.74
9985 23.40
8859 23.62
9657 24.31
6394 24.40
6882 23.72
9600 23.82
7498 23.47
7973 23.35
6199 22.96
20883 19.49
3654 25.15
8413 23.15
9421 23.71
9358 24.72
6001 23.53
7105 25.29
7027 23.78
11126 25.61
8628 25.36
9251 25.82
5212 24.88
10206 25.78
8777 25.63
8136 26.63
5200 24.67
9791 25.88
5615 24.99
7138 25.76
6648 24.51
8773 26.28
6372 24.40
7782 24.67
5774 24.22
8743 25.23
6801 25.03
7755 24.57
5872 24.29
8880 25.04
6564 24.10
8956 23.93
6279 23.91
21164 21.01
3488 25.87
7446 24.43
6018 24.11
11150 23.70
5559 23.78
8096 23.38
6070 23.28
9296 24.02
12305 25.66
6843 25.96
6244 25.30
9246 24.29
6603 23.98
8457 24.13
6217 23.68
12621 25.65
9612 25.38
8936 26.76
6204 25.17
9765 26.30
4611 24.25
11474 27.68
8112 26.87
5525 27.21
5281 24.63
7015 24.96
6176 24.12
7669 26.38
11709 26.64
7987 26.83
5720 26.11
16516 21.29
3762 24.95
6972 24.15
5319 23.78
10353 23.22
4762 23.30
7645 23.70
6184 23.39
10722 23.83
7551 24.27
9922 23.75
6012 23.53
10451 23.87
8825 24.66
9394 24.88
8570 24.78
9747 23.92
6509 24.22
6176 23.98
10912 25.69
7055 24.70
4735 23.84
7248 23.09
5665 22.57
9969 22.28
4885 22.20
8883 22.89
7830 23.18
8247 23.66
6680 22.43
8083 22.74
6988 22.45
16135 20.68
5001 23.67
8323 23.61
7122 23.43
11099 22.94
11128 24.85
8082 24.71
6619 23.99
9050 23.14
5517 22.93
7529 22.72
7609 22.83
9866 23.15
6919 23.11
8357 23.42
6395 22.86
9607 23.55
6953 22.86
8503 22.56
5833 22.44
8839 23.45
6008 21.99
8371 21.67
6005 21.48
9674 22.05
6108 21.83
8878 22.04
7555 22.47
14285 25.22
9743 24.64
9558 24.47
4683 23.63
15603 19.99
3085 24.39
9006 23.55
7137 23.25
10081 23.02
5791 22.87
7863 23.04
6385 22.64
11303 23.34
6570 23.43
8924 23.40
6514 22.93
11177 23.17
6373 23.08
7991 23.54
7577 23.53
10082 23.60
5699 23.59
7120 23.85
6047 22.87
9283 23.78
6532 22.82
7938 23.24
6186 22.72
9263 23.64
6560 22.80
9224 23.21
7314 23.06
9449 24.23
6517 23.29
9282 23.70
7305 23.71
18334 20.34
5445 24.40
7645 23.91
5865 23.36
11171 22.73
5917 23.04
8705 22.76
6765 22.80
11761 22.62
6426 22.76
8699 22.81
5987 22.48
10227 22.56
5903 22.32
8641 22.92
6797 22.65
10438 22.81
6282 22.52
8582 23.16
10877 24.17
10037 24.43
5674 24.03
7405 24.28
10223 25.37
8912 24.99
5965 24.37
7065 25.08
6889 23.58
8449 25.11
6033 23.18
8239 22.70
6617 22.63
15057 20.04
4827 23.27
7593 22.59
6853 22.08
9749 22.23
6090 22.11
7698 22.07
5653 21.27
9157 21.92
6153 21.37
8302 21.16
6287 21.11
