15966 18.65
10311 21.17
3951 20.09
6050 19.33
9831 18.53
6576 18.71
13747 19.18
10625 19.95
7571 19.73
6052 19.62
7276 19.77
5896 19.03
8867 19.82
7402 18.40
9076 20.00
7681 20.35
9911 20.09
6565 19.41
7971 20.29
10082 21.17
8976 20.94
6951 21.11
7458 20.17
6777 19.56
8795 20.76
6913 19.73
8748 19.56
7349 19.36
9402 20.84
8045 19.65
8111 20.72
7777 19.87
18554 18.85
4367 21.28
8087 20.49
6469 20.51
10073 20.78
7536 20.45
8045 20.60
7205 20.14
9598 21.05
7640 20.22
8108 21.08
7402 20.05
10162 21.12
7445 20.32
8029 21.39
7757 20.52
10598 21.31
7429 20.85
8822 21.59
7370 20.94
11287 21.63
6770 21.11
8097 21.49
6981 20.90
10019 21.62
6511 21.01
7769 21.54
7158 20.89
14297 22.98
10757 23.31
8672 25.30
6079 24.33
12518 22.82
2947 24.58
6735 23.07
6607 21.93
9325 23.35
7439 21.82
7278 23.65
6623 22.15
9097 23.78
6870 22.00
9014 21.99
6404 22.06
9049 23.45
7053 22.04
9297 21.91
6546 22.05
9347 23.30
6747 22.18
9412 21.95
6849 21.97
10543 22.46
6882 21.97
8949 21.55
10438 23.20
9272 23.28
9761 24.12
6522 24.20
6947 23.56
10015 23.62
7031 23.76
8178 23.06
6205 22.81
21393 19.26
4003 24.52
8746 22.88
9594 23.55
10028 24.14
5689 23.47
7813 24.62
6466 24.06
11869 25.06
9291 24.71
9361 25.72
5538 24.61
11198 25.09
8827 25.57
7795 26.90
5053 24.90
10187 25.56
5736 24.80
7211 25.62
6848 24.30
9276 25.95
6518 24.22
7860 24.44
5993 23.91
8543 25.35
7061 24.76
8124 24.36
6091 24.11
9020 24.96
6824 23.87
9018 23.84
6478 23.78
21532 20.85
3646 25.51
7645 24.27
6284 23.89
11489 23.48
5674 23.58
7770 23.62
6261 23.16
9612 23.82
12634 25.52
7111 25.77
6579 25.04
9421 24.10
6780 23.89
8619 23.98
6357 23.42
12830 25.47
9684 25.19
9316 26.27
6439 24.96
10380 25.72
4806 24.02
12179 27.16
8760 26.23
6089 26.49
5325 24.48
6987 24.79
6343 23.83
7803 26.19
11939 26.42
8162 26.61
5900 25.88
16952 21.02
3871 24.79
7227 23.87
5408 23.59
10564 22.97
5043 23.02
7869 23.35
6371 23.12
10987 23.59
7776 24.12
10278 23.52
6077 23.38
10846 23.62
9057 24.39
9811 24.62
8659 24.55
9760 23.75
6592 23.98
6342 23.86
11086 25.51
7062 24.57
4950 23.57
7410 22.90
5872 22.42
10286 22.12
5138 22.19
9158 22.70
7919 23.01
8411 23.45
7043 21.99
8288 22.47
7066 22.28
16409 20.53
5208 23.55
8573 23.37
7302 23.24
11367 22.70
11486 24.56
8393 24.48
6737 23.86
9226 22.93
5557 22.80
7591 22.71
7729 22.63
10081 23.03
7097 22.91
8611 23.19
6561 22.70
9813 23.37
7211 22.68
8271 22.76
6013 22.12
9064 23.14
6303 21.81
8621 21.42
6333 21.34
9958 21.94
6395 21.64
9056 21.76
7627 22.33
14577 24.98
10060 24.45
9887 24.28
4845 23.46
16049 19.76
3155 24.38
9276 23.33
7221 23.09
10314 22.80
5834 22.74
8194 22.76
6522 22.44
11654 23.18
7103 22.97
9235 23.21
6681 22.70
11460 22.95
6576 22.91
8121 23.41
7535 23.45
10323 23.46
5747 23.36
7355 23.59
6219 22.65
9476 23.64
6639 22.64
8354 22.75
6368 22.59
9496 23.46
6710 22.64
9781 22.78
7502 22.89
9409 24.06
6677 23.16
9611 23.46
7516 23.53
18653 20.18
5523 24.32
7921 23.62
6116 23.10
11299 22.57
6345 22.77
9016 22.54
6969 22.56
11540 22.78
6746 22.65
8269 23.20
6427 22.24
9829 22.70
6231 22.11
8281 23.20
7102 22.43
10134 23.10
6575 22.32
8474 23.22
11225 23.98
10402 24.25
5883 23.95
8105 23.71
11074 24.79
8883 24.88
6094 24.21
7243 24.87
7019 23.38
8761 24.75
6221 22.98
8378 22.59
6772 22.60
15513 19.78
5004 23.17
7771 22.38
7017 22.01
10454 22.03
6062 21.97
7829 21.93
5909 21.13
9337 21.88
6403 21.20
8328 21.16
6513 20.89
