17529 17.76
11265 20.27
4618 19.55
6877 18.59
10824 17.88
8038 17.58
14500 18.54
11768 19.23
7825 19.51
6454 19.22
7383 19.60
6733 18.39
9375 19.59
8569 17.77
9402 19.81
8076 20.00
10083 19.84
7405 18.64
8982 19.61
11524 20.19
10053 20.26
7656 20.44
8412 19.45
7310 18.99
9681 20.03
7501 19.14
9535 18.96
8171 18.72
10422 20.18
8872 19.05
10000 19.47
8116 19.36
20536 17.85
5249 20.31
8830 19.78
7139 19.88
11278 19.82
8074 19.87
9030 19.83
8100 19.40
10885 20.08
8395 19.49
9195 20.18
8058 19.43
10839 20.57
8282 19.63
8733 20.81
8411 20.00
11741 20.57
8383 20.18
9540 20.99
7671 20.62
12236 20.98
7503 20.37
8880 20.95
7741 20.14
10974 20.92
7231 20.27
8538 20.88
7850 20.21
15584 22.32
11951 22.62
9331 24.70
7096 23.27
13543 22.01
3299 23.96
7487 22.35
7281 21.26
10777 22.20
8073 21.10
8865 22.24
6579 21.79
10432 22.69
7446 21.25
9460 21.55
7383 21.25
10115 22.58
7704 21.30
10201 21.19
7352 21.37
10130 22.65
7760 21.44
10445 21.26
7663 21.19
10510 22.60
7942 21.15
9959 21.08
11353 22.53
9928 22.76
10608 23.47
7248 23.56
7688 22.86
10775 22.95
7761 23.05
9038 22.42
7111 22.02
22762 18.63
5096 23.34
9604 22.21
10413 22.89
10990 23.49
6471 22.64
8529 23.88
6993 23.44
13063 24.30
10251 24.02
10221 25.02
6039 23.98
12115 24.46
10088 24.54
8541 26.11
6072 23.87
11197 24.79
6291 24.08
8219 24.78
7512 23.62
10069 25.26
6901 23.60
8162 24.15
6795 23.19
9318 24.64
7891 24.08
8829 23.64
6741 23.44
10490 23.93
7318 23.19
9760 23.09
7019 23.04
22879 20.14
4695 24.16
8518 23.47
6957 23.13
12568 22.79
6428 22.87
9087 22.50
6937 22.41
10509 23.13
13790 24.79
7732 25.10
6650 24.71
10438 23.36
7544 23.09
9594 23.25
7060 22.73
13998 24.72
10725 24.39
10463 25.27
6942 24.22
11309 25.07
5404 23.31
13058 26.46
9607 25.47
6888 25.74
5823 23.65
7839 23.89
6900 23.11
8648 25.42
12434 26.02
8941 25.82
6540 25.14
18304 20.34
4460 23.97
8019 23.14
5997 22.86
11670 22.19
5710 22.19
8725 22.66
7106 22.34
11961 22.89
8637 23.35
11063 22.81
6770 22.62
11823 22.92
9930 23.72
10638 23.93
9445 23.91
10839 22.96
7455 23.19
7061 23.04
12054 24.74
8032 23.76
5540 22.85
8322 22.14
6149 21.98
11131 21.40
5942 21.11
10126 21.84
8700 22.36
9291 22.63
7652 21.38
9114 21.77
7819 21.68
17883 19.74
5811 22.77
9254 22.73
8039 22.51
12573 22.04
12436 23.88
9284 23.68
7346 23.11
10243 22.30
6308 21.93
8471 21.81
8564 21.89
11014 22.28
7919 22.19
9413 22.54
7318 21.90
10703 22.61
7771 22.00
9727 21.60
6694 21.43
9805 22.43
7060 21.11
9721 20.79
6827 20.74
10494 21.39
7250 20.98
10077 21.12
8345 21.50
15654 24.32
10900 23.69
11392 23.10
5402 22.73
17123 19.08
3825 23.34
10086 22.65
8040 22.35
11231 22.11
6665 21.95
8911 22.11
7247 21.61
12616 22.40
7482 22.43
9927 22.52
7626 21.98
12542 22.24
7307 22.12
8844 22.64
8558 22.64
11239 22.72
6286 22.60
8531 22.46
6713 21.90
10443 22.81
7358 21.95
8892 22.26
7204 21.81
10493 22.67
7552 21.73
10671 22.03
8186 22.17
10419 23.37
7426 22.38
10544 22.76
8291 22.80
19892 19.47
6167 23.52
8721 22.79
6710 22.33
12466 21.78
6917 22.08
9929 21.84
7668 21.81
13247 21.68
7456 21.89
9562 22.05
7080 21.51
11423 21.65
6899 21.33
9679 22.01
7657 21.74
11722 21.87
7247 21.60
9495 22.29
12118 23.27
11368 23.54
6433 23.13
8486 23.34
11540 24.42
9956 24.05
6167 24.00
8014 24.13
7791 22.63
9494 24.19
6904 22.22
9378 21.76
7330 21.76
16629 19.08
5615 22.22
8762 21.70
7851 21.29
10656 21.29
6819 21.09
8571 21.08
6588 20.38
10411 20.94
7088 20.52
8918 20.66
7308 20.25
