21657 15.65
15005 17.99
7210 17.89
8741 17.20
14841 15.67
10630 15.91
17661 16.86
14443 17.52
8906 18.54
7657 18.17
8455 18.70
8334 17.40
11671 17.87
9738 16.73
12498 17.71
10959 17.86
12630 18.08
10026 16.95
12147 17.50
14156 18.47
12593 18.48
9979 18.66
10855 17.78
9681 17.24
12034 18.32
9829 17.49
12969 16.87
10536 17.04
13078 18.45
9786 18.06
12767 17.70
10650 17.57
25981 15.34
7430 18.51
11626 17.99
9963 17.80
14244 18.11
10498 18.15
10826 18.48
10662 17.64
13630 18.38
10046 18.27
11671 18.50
9757 18.10
13387 18.91
10860 17.92
11351 19.07
10239 18.49
14342 18.93
9969 18.89
12278 19.23
10461 18.54
15123 19.22
9907 18.58
11528 19.08
10070 18.47
13609 19.25
9511 18.63
11670 18.80
9994 18.52
18451 20.66
14432 20.88
12769 22.09
9226 21.10
18587 19.07
4397 22.45
11024 19.69
8644 19.83
14781 19.59
9327 19.69
11860 19.94
9158 19.61
14487 20.05
9419 19.43
11153 20.04
9848 19.33
13825 20.11
9780 19.52
11506 19.96
9967 19.38
14138 20.09
9603 19.61
12066 19.87
10172 19.38
13658 20.38
10288 19.33
12626 19.16
14181 20.63
12682 20.74
13330 21.59
9405 21.50
10062 21.00
13774 21.04
9979 21.18
11603 20.52
9390 20.16
27102 16.79
5130 23.11
12671 20.27
13176 20.99
13393 21.95
6608 22.12
10381 22.33
9553 21.48
15302 22.89
12171 22.54
13780 22.57
8006 21.91
14570 22.91
12569 22.72
12553 22.99
7407 21.99
13749 23.00
8554 22.04
10567 22.84
8314 22.44
12771 23.38
9352 21.66
11986 21.48
8581 21.41
12655 22.30
9895 22.18
11042 21.80
9053 21.56
13371 21.85
9517 21.34
12432 21.28
9288 21.18
27281 18.23
6312 22.21
11086 21.58
9241 21.29
15813 20.97
8646 21.03
11706 20.72
8979 20.61
13308 21.35
16379 23.05
9861 23.19
9159 22.45
13267 21.49
9709 21.28
12068 21.47
9205 20.86
17028 22.83
13208 22.53
13438 23.09
8996 22.26
15077 22.42
7123 21.29
16875 23.88
12990 23.00
10387 22.67
7257 21.58
9115 22.33
9339 21.09
11482 23.10
15844 23.69
11751 23.52
8390 23.11
22138 18.41
6431 21.95
10604 21.15
8218 20.73
15086 20.24
7802 20.20
12219 20.28
9223 20.52
15019 21.03
10984 21.47
13824 21.01
8831 20.76
14613 21.09
12550 21.80
13220 22.02
11996 21.95
13565 21.05
9567 21.30
9184 21.14
15066 22.81
10160 21.85
7273 20.97
9902 20.69
8577 19.72
12478 20.44
8170 19.28
12668 20.07
11091 20.51
11830 20.81
9598 19.77
11540 20.04
10004 19.86
21359 17.99
7995 20.90
11990 20.86
10444 20.67
15656 20.18
15304 22.01
11544 21.80
9685 21.21
12875 20.32
8571 20.06
11215 19.99
11085 20.01
13799 20.53
10168 20.36
11878 20.69
9544 20.05
13196 20.81
10067 20.18
12242 19.82
8691 19.60
12561 20.54
9048 19.31
12194 18.98
9019 18.96
14084 19.15
9329 19.14
12645 19.21
10631 19.69
18733 22.51
13655 21.80
13998 21.25
7317 20.79
20858 17.20
6193 20.57
12675 20.81
10521 20.43
14107 20.18
8562 20.13
11555 20.19
9418 19.81
15416 20.58
9735 20.59
12689 20.63
9937 20.11
15327 20.47
9556 20.36
11397 20.79
10892 20.78
14174 20.85
8573 20.72
10582 20.90
8844 20.11
13741 20.62
9511 20.06
11876 20.15
9446 19.92
13483 20.65
9748 20.03
12792 20.54
10577 20.43
13706 21.07
9396 20.52
13174 20.88
10657 20.98
23580 17.67
8254 21.59
11417 20.83
8846 20.45
15285 19.89
9149 20.14
12682 19.98
10114 19.98
16511 19.82
9944 19.98
12149 20.24
9337 19.68
14460 19.77
9035 19.59
12001 20.24
9956 19.97
14532 20.17
9370 19.84
12071 20.42
14857 21.45
13916 21.69
8410 21.30
10658 21.60
14297 22.52
12627 22.16
8636 21.61
10097 22.27
10043 20.75
12137 22.19
9155 20.31
11760 19.97
9603 19.94
20138 17.22
7756 20.27
11180 19.88
10230 19.46
13564 19.47
9122 19.32
11325 19.23
8799 18.63
12812 19.32
9491 18.72
12303 18.47
9550 18.50
