23334 14.86
16461 17.13
8438 17.18
9331 16.68
16285 14.97
11835 15.26
18969 16.27
15389 17.05
9788 17.87
9011 17.33
9318 18.06
9588 16.51
11916 17.67
10789 16.15
13920 17.01
11852 17.35
13126 17.87
10154 16.84
13787 16.58
15316 17.81
13457 17.94
10850 18.08
11615 17.21
10804 16.58
13204 17.71
10084 17.25
13867 16.27
11458 16.45
14911 17.51
11956 16.71
14259 16.77
11640 16.97
27131 14.93
8344 18.02
12849 17.37
10379 17.56
15339 17.56
11622 17.58
11862 17.87
11538 17.11
14683 17.82
11111 17.58
12713 17.89
10677 17.51
14785 18.24
11680 17.31
12241 18.48
12080 17.50
15272 18.37
11035 18.24
13124 18.60
11475 17.95
16379 18.59
10804 18.01
12293 18.51
10787 17.90
14717 18.62
10418 17.98
11861 18.46
11190 17.85
19679 19.97
15754 20.17
14877 20.79
10053 20.34
20235 18.27
4901 21.83
11951 19.13
9814 19.14
16121 18.91
10323 18.98
12859 19.34
10127 18.97
15581 19.35
10309 18.80
12161 19.36
10885 18.68
14929 19.51
10992 18.79
12353 19.36
11039 18.75
14965 19.52
10616 18.95
13339 19.11
11014 18.75
14783 19.74
11285 18.71
13226 18.89
15410 19.99
13822 20.16
14364 21.00
10252 20.86
10858 20.36
14666 20.45
11990 20.13
11932 20.31
10388 19.54
28776 16.11
6072 22.23
13624 19.66
14404 20.30
15004 20.98
8014 21.09
12017 21.37
10359 20.80
17292 21.82
13725 21.51
14041 22.44
8379 21.60
16250 21.83
14236 21.82
11881 23.45
7847 21.78
15802 21.86
9268 21.37
11298 22.27
10680 21.02
14384 22.31
9997 21.01
11739 21.53
9717 20.68
12827 22.14
10819 21.52
12434 21.09
9812 20.86
13632 21.78
10675 20.70
13704 20.64
10311 20.48
28571 17.71
7059 21.56
12060 20.97
10329 20.61
17044 20.35
9684 20.30
12953 20.07
10010 19.96
15210 20.30
17630 22.36
10677 22.58
10032 21.80
14259 20.86
10637 20.63
13128 20.77
10156 20.21
18099 22.28
14154 21.91
15264 21.92
9504 21.78
15818 22.04
8025 20.63
17847 23.49
13290 22.77
10435 22.60
8307 20.94
10790 21.26
10142 20.43
12544 22.39
17016 23.07
12799 22.88
9355 22.42
23434 17.79
7131 21.39
11665 20.52
9024 20.08
16169 19.62
8754 19.58
13159 19.66
10104 19.88
16133 20.43
11924 20.80
15110 20.34
9733 20.12
16121 20.35
13526 21.15
14354 21.35
12919 21.31
14856 20.40
10331 20.72
9955 20.51
16062 22.17
10953 21.19
8148 20.27
11566 19.58
9216 19.08
14691 19.21
9000 18.59
13769 19.32
12167 19.77
12769 20.22
10899 18.83
13147 19.13
11048 19.18
22768 17.32
8654 20.26
13110 20.16
11407 19.99
16811 19.54
16582 21.33
12698 21.13
10467 20.55
13724 19.71
9364 19.43
12455 19.26
12074 19.36
15085 19.86
11071 19.69
12839 20.04
10494 19.42
14361 20.18
10939 19.47
13468 19.06
9661 18.99
14269 19.64
9327 18.95
13141 18.34
10266 18.19
15152 18.61
10392 18.48
13603 18.64
11524 19.16
20024 21.82
14363 21.21
14510 20.96
8148 20.13
22284 16.55
7018 19.89
13955 20.09
11618 19.73
15387 19.54
9072 19.69
12441 19.52
10422 19.15
16679 19.95
10743 19.96
13675 19.98
10697 19.48
16825 19.73
10513 19.70
12449 20.12
11880 20.16
15201 20.25
9245 20.05
12151 19.92
9640 19.46
14497 20.19
10423 19.42
13395 19.20
10097 19.32
14157 20.23
10799 19.32
14641 19.54
11554 19.71
14578 20.47
10340 19.91
14100 20.28
11633 20.28
25368 16.92
9158 20.92
12555 20.22
9818 19.75
16744 19.33
10099 19.52
13997 19.31
11146 19.30
17554 19.28
10839 19.38
13274 19.58
10354 19.05
15490 19.18
10086 18.89
12967 19.69
10925 19.35
15804 19.49
10205 19.24
13137 19.77
15834 20.79
14997 21.06
9393 20.68
12373 20.55
15868 21.56
13519 21.55
8921 21.33
10952 21.60
10859 20.07
13401 21.38
10050 19.68
12926 19.32
10457 19.29
21771 16.51
8410 19.68
12152 19.29
11091 18.83
14495 18.80
9994 18.69
12036 18.64
9906 17.92
14051 18.62
10388 18.09
12380 18.27
10777 17.78
