24643 14.40
17778 16.50
9084 16.64
9655 16.50
17256 14.48
12921 14.64
19986 15.73
16507 16.44
10935 17.27
9453 17.03
10749 17.16
9403 16.58
12796 17.26
11700 15.70
14354 16.76
12648 16.83
13674 17.55
10346 16.67
14601 16.15
15996 17.44
14621 17.38
11698 17.56
12531 16.68
11344 16.17
14141 17.22
10686 16.77
14862 15.76
12316 15.92
15849 16.99
11964 16.70
15252 16.24
12364 16.48
29445 14.02
9213 17.50
13616 16.93
11834 16.67
16820 16.78
12389 16.99
13403 17.05
11245 17.06
16577 16.91
11730 17.14
14234 16.99
11351 17.00
16363 17.36
11568 17.23
13743 17.67
11824 17.42
17160 17.47
11813 17.61
14778 17.75
11259 17.86
18260 17.62
11168 17.65
13604 17.75
11721 17.37
16380 17.66
10740 17.65
13093 17.78
10955 17.83
20949 19.43
16561 19.63
14373 21.06
9897 20.51
21043 17.85
5493 21.39
12988 18.52
10476 18.63
17101 18.43
11073 18.50
13753 18.79
10912 18.45
16480 18.87
10387 18.65
12786 18.96
10752 18.65
15958 18.92
11744 18.28
13283 18.89
11954 18.22
15992 18.97
11805 18.36
14183 18.57
12153 18.12
15735 19.24
12157 18.16
14097 18.40
16202 19.54
14707 19.69
15259 20.45
11098 20.36
11555 19.87
15643 19.94
12791 19.60
13399 19.45
11109 18.99
29950 15.62
6290 21.96
14596 19.19
15228 19.84
15364 20.81
7975 21.03
12252 21.23
10988 20.38
17385 21.70
13956 21.37
15652 21.40
9502 20.77
16736 21.76
14310 21.58
14404 21.79
8977 20.77
15834 21.83
9869 21.00
12186 21.73
11384 20.50
14487 22.25
10975 20.49
13296 20.63
10329 20.21
14579 21.23
11551 21.05
12988 20.63
10460 20.44
15113 20.97
11296 20.21
14341 20.21
10982 20.08
30052 17.10
7818 21.08
12998 20.49
10919 20.17
18005 19.86
10218 19.89
13740 19.57
10608 19.46
15242 20.23
18603 21.89
11565 22.03
10747 21.29
15333 20.34
11549 20.09
13905 20.36
10983 19.70
19126 21.76
15114 21.38
16140 21.40
10407 21.12
17635 20.92
8591 20.03
19049 22.69
14716 21.79
12923 21.04
8526 20.35
10842 21.08
10882 19.86
13779 21.48
18454 22.14
13940 22.14
9916 21.84
24784 17.25
7839 20.75
12441 19.93
9865 19.52
17206 19.07
9459 18.96
13992 19.10
11102 19.28
17076 19.84
12898 20.28
16153 19.76
9798 19.96
16903 19.87
14362 20.63
15243 20.83
14052 20.68
15784 19.83
11020 20.15
10830 19.95
16874 21.62
11803 20.62
8824 19.74
11634 19.50
9999 18.55
13795 19.50
9925 18.04
14754 18.76
13271 19.23
13728 19.60
10565 18.93
13470 18.87
12077 18.60
23996 16.81
9556 19.72
13881 19.65
12181 19.46
17843 19.03
17426 20.85
13385 20.66
11411 20.01
15072 19.17
10120 18.91
12862 18.97
12024 19.31
16050 19.28
11963 19.20
13859 19.49
11286 18.87
15402 19.63
11811 19.00
14206 18.63
10531 18.41
15207 19.05
10656 18.13
14085 17.83
10717 17.83
15677 18.32
11172 18.06
14684 18.14
12453 18.53
20887 21.38
15520 20.67
15164 20.55
8780 19.63
23184 16.13
7749 19.34
14580 19.63
12144 19.33
15968 19.09
9770 19.17
13159 19.06
11250 18.64
17955 19.40
11390 19.48
14639 19.48
11532 18.92
17970 19.22
11159 19.15
13245 19.62
12739 19.63
16155 19.73
10096 19.52
13614 19.11
10417 18.93
16461 19.48
11026 18.95
14139 18.79
10712 18.87
15482 19.57
11284 18.91
15162 19.15
12323 19.29
15237 20.03
11125 19.35
14989 19.80
12355 19.81
26264 16.52
10007 20.36
13131 19.71
10491 19.26
17800 18.79
10774 18.99
14718 18.84
11888 18.83
18766 18.71
11510 18.92
14051 19.11
11077 18.54
16378 18.62
10747 18.40
14032 19.10
11704 18.78
16677 18.97
11105 18.72
14078 19.30
16750 20.30
15929 20.54
10093 20.10
13301 19.98
16684 21.08
14423 21.00
9463 20.89
11760 21.09
11751 19.59
13970 20.93
10658 19.16
13927 18.70
11260 18.72
22767 16.07
8959 19.21
13211 18.67
11996 18.30
15723 18.28
10853 18.15
12940 18.19
10648 17.47
15023 18.13
10531 17.89
13396 17.81
11575 17.33
