25886 13.89
18559 16.17
10055 16.27
9897 16.30
18052 14.17
13569 14.41
20690 15.45
16949 16.20
11377 16.94
10075 16.60
11343 16.84
9875 16.19
12912 17.06
11563 15.70
15078 16.30
13247 16.50
14478 17.08
11585 15.95
15352 15.77
16878 17.04
15135 17.08
12189 17.25
13175 16.33
11808 15.89
14725 16.91
11464 16.42
15453 15.51
12921 15.58
15752 17.08
11843 16.73
15958 15.99
12988 16.16
31226 13.34
9610 17.21
14263 16.53
11323 16.79
18422 16.04
13636 16.35
14814 16.29
11915 16.70
17945 16.19
13097 16.37
15754 16.24
12678 16.20
17872 16.60
12431 16.66
15088 16.93
12340 17.04
18826 16.70
12347 17.34
16332 16.97
11685 17.58
17169 18.19
10160 18.21
12785 18.23
10888 17.83
14696 18.59
10131 18.09
13600 17.61
11842 17.41
20730 19.48
17323 19.28
16407 19.99
11229 19.57
23165 16.90
6015 20.90
13682 18.20
11136 18.28
18658 17.65
12301 17.77
15172 18.03
11714 17.93
18088 18.08
11294 17.98
14051 18.29
11928 17.89
17437 18.19
11431 18.21
14315 18.22
12307 17.92
17716 18.21
11905 18.11
14729 18.31
12699 17.83
17069 18.55
12680 17.81
13562 18.55
17041 19.15
15628 19.27
15864 20.08
11721 19.98
10698 20.26
16222 19.58
11575 20.06
12695 19.75
11984 18.60
30098 15.59
6691 21.61
15319 18.74
15896 19.44
15876 20.50
8346 20.79
12810 20.85
11661 19.96
18061 21.34
14794 20.91
16385 21.04
9893 20.41
17271 21.39
15185 21.16
15031 21.47
9552 20.43
16562 21.48
10428 20.65
11857 21.77
12198 20.13
15264 21.78
11589 20.15
13920 20.32
10884 19.79
15264 20.88
11959 20.72
13344 20.31
11144 20.03
15597 20.66
11873 19.83
14867 19.82
11408 19.72
30942 16.76
8262 20.76
13627 20.12
11534 19.79
18816 19.47
10778 19.51
14431 19.15
11265 19.12
17003 19.39
19224 21.53
11875 21.69
11354 20.91
15897 19.96
12042 19.76
14669 19.96
11493 19.39
19699 21.45
15734 21.04
16798 21.02
10927 20.76
18519 20.54
8970 19.65
19970 22.29
15421 21.44
13543 20.67
9077 20.01
11203 20.76
11478 19.47
14604 21.04
19333 21.73
14675 21.70
10571 21.48
25642 16.86
7971 20.67
13158 19.58
9525 19.60
18066 18.68
10132 18.59
14543 18.79
11622 18.95
17708 19.48
13492 19.88
16696 19.40
10369 19.57
17713 19.45
15036 20.22
15937 20.45
14582 20.34
16407 19.48
11613 19.79
11363 19.58
17557 21.23
12555 20.26
9333 19.31
12172 19.10
10580 18.24
13701 19.55
10710 17.67
15491 18.42
13711 18.87
14366 19.28
11617 18.23
14718 18.22
12251 18.39
24576 16.52
9899 19.37
14708 19.25
12786 19.10
18495 18.67
18311 20.44
14159 20.26
11825 19.70
15573 18.83
10674 18.58
13506 18.59
12669 18.95
16871 18.95
12425 18.86
14456 19.17
11795 18.54
15959 19.32
12494 18.59
15084 18.21
10797 18.10
15760 18.80
10566 18.15
14721 17.46
11410 17.39
17452 17.48
11821 17.66
15387 17.77
12978 18.31
21540 21.07
16070 20.33
15799 20.20
9294 19.27
24105 15.73
8159 19.05
15332 19.22
12770 18.93
16871 18.66
10083 18.86
13824 18.67
11762 18.31
18520 19.08
12053 19.04
15395 19.09
12207 18.60
18365 18.86
11775 18.82
13704 19.27
13238 19.30
16554 19.36
10599 19.15
14270 18.71
10922 18.59
16565 19.06
11580 18.53
14987 18.31
11666 18.39
16319 19.04
11770 18.58
15978 18.75
12912 18.88
16087 19.61
11718 19.00
15656 19.39
13045 19.41
27330 16.06
10410 20.01
13848 19.30
11129 18.89
18156 18.41
11566 18.58
15471 18.45
12515 18.42
19316 18.35
12495 18.41
14874 18.68
11696 18.19
17056 18.32
11272 18.10
14482 18.83
12316 18.50
17306 18.62
11702 18.35
14496 18.95
17434 19.92
16731 20.14
10499 19.71
13814 19.60
17413 20.65
15229 20.59
10038 20.48
12289 20.71
12275 19.15
14630 20.59
11370 18.77
14544 18.40
11747 18.37
23806 15.63
9536 18.83
13775 18.39
12860 17.91
16164 17.93
11338 17.87
13434 17.83
11305 17.08
15466 17.85
12124 17.20
14091 17.44
12217 17.01
