26234 13.77
18721 16.06
10352 16.10
10181 16.15
18172 14.10
13898 14.29
20701 15.39
17372 16.04
11645 16.79
10186 16.54
11521 16.70
9900 16.11
13228 16.89
11846 15.59
15286 16.20
13428 16.38
14605 17.00
11792 15.86
15500 15.70
17155 16.88
15343 17.00
12237 17.15
13208 16.28
12118 15.76
14790 16.84
12284 15.93
15533 15.33
13184 15.52
17194 16.31
12387 16.41
16025 15.82
13198 16.05
30506 13.61
9954 17.09
14556 16.43
11849 16.63
17982 16.21
13797 16.28
14190 16.63
12165 16.61
17426 16.47
12602 16.61
15112 16.56
11911 16.58
17156 16.90
12152 16.88
14468 17.28
12650 16.96
18247 16.96
12588 17.23
15492 17.38
12127 17.34
18988 17.26
11802 17.25
14535 17.24
12419 16.96
17316 17.22
11546 17.20
14215 17.22
11819 17.36
21921 18.99
17425 19.17
15334 20.48
10688 19.93
23033 16.93
5656 21.14
13782 18.11
11510 18.15
18927 17.54
12375 17.70
15464 17.88
12023 17.80
18290 17.96
11463 17.86
14200 18.16
12135 17.74
17657 18.05
11536 18.19
14607 18.14
12364 17.74
17841 18.12
12248 17.95
14680 18.19
12844 17.73
17429 18.36
12068 18.05
13765 18.33
17360 18.98
15643 19.11
16016 19.98
11961 19.83
10993 20.14
16681 19.43
11785 19.97
12958 19.54
12331 18.47
30607 15.41
6999 21.42
15667 18.65
16220 19.30
15975 20.51
8332 20.78
13062 20.69
12020 19.78
17258 21.72
14534 21.07
15709 21.42
10031 20.44
16531 21.72
14840 21.34
14470 21.78
10377 20.07
15802 21.83
11230 20.32
13825 20.83
10949 20.55
15581 21.69
11679 20.05
14899 19.86
10759 19.74
16409 20.33
12629 20.25
13598 20.18
11215 19.92
16431 20.20
11894 19.73
15162 19.70
11637 19.58
31267 16.63
8497 20.53
13835 20.00
11915 19.64
18943 19.37
11096 19.34
14624 19.07
11512 18.98
17106 19.33
19554 21.41
12330 21.60
11448 20.83
16115 19.89
12346 19.65
14771 19.83
11668 19.32
19788 21.35
15900 20.94
16938 20.92
11113 20.63
18659 20.42
9228 19.55
20148 22.14
15651 21.32
13831 20.55
9181 19.88
11764 20.36
11572 19.37
14871 20.90
19451 21.66
14764 21.61
10692 21.36
25904 16.73
8035 20.59
13367 19.44
9776 19.50
18040 18.58
10381 18.41
14921 18.62
11633 18.85
17928 19.41
13674 19.77
17063 19.29
10606 19.40
18010 19.33
15193 20.11
16273 20.32
14760 20.23
16577 19.36
11875 19.65
11464 19.46
17616 21.12
12684 20.13
9399 19.23
12391 18.96
11005 18.02
13927 19.50
11060 17.55
15661 18.30
13918 18.78
14623 19.19
11511 18.26
14326 18.36
12799 18.17
24894 16.37
10198 19.26
14865 19.18
12952 19.02
18605 18.55
18387 20.34
14262 20.13
11977 19.58
15868 18.71
10959 18.44
14484 18.07
13549 18.39
16886 18.87
12684 18.69
14653 19.04
11987 18.43
16110 19.21
12635 18.49
15369 18.12
11003 17.99
15753 18.71
11596 17.63
14850 17.42
11705 17.26
16300 18.17
12194 17.53
15376 17.78
13138 18.23
21853 20.93
16178 20.26
15949 20.05
9482 19.18
24349 15.64
8399 18.91
15534 19.12
13113 18.77
16972 18.60
10372 18.76
14017 18.55
11944 18.20
18780 18.97
12294 18.97
15423 19.03
12331 18.47
18558 18.78
12041 18.68
14113 19.14
13347 19.18
16824 19.26
10828 19.07
14432 18.65
10941 18.51
16729 18.97
11883 18.40
15135 18.22
11553 18.32
16561 18.91
12158 18.37
16244 18.60
13229 18.71
16369 19.49
11877 18.89
15832 19.31
13166 19.32
27596 15.96
10551 19.91
14196 19.16
11178 18.76
18524 18.30
11663 18.54
15656 18.30
12767 18.29
19473 18.27
12724 18.32
14922 18.60
11837 18.04
17234 18.22
11554 17.94
14727 18.66
12490 18.36
17624 18.49
11765 18.21
14830 18.77
17825 19.78
16885 20.06
10707 19.64
14079 19.47
17604 20.56
15334 20.53
11001 19.96
12533 20.60
12459 19.07
14761 20.59
11498 18.69
14756 18.33
11980 18.27
24076 15.51
9812 18.73
13812 18.30
12868 17.83
16444 17.83
11633 17.70
13583 17.75
11444 17.04
15722 17.72
11312 17.55
14285 17.35
12439 16.90
