26391 13.69
19152 15.86
10518 15.95
10287 16.03
18573 13.90
14002 14.19
21199 15.21
17459 15.96
11853 16.65
10341 16.41
11674 16.61
10044 16.02
13382 16.76
12041 15.48
15591 16.06
13720 16.23
14788 16.93
11231 16.10
15630 15.56
17306 16.76
15580 16.84
12625 17.02
13415 16.17
12647 15.51
15091 16.70
11742 16.20
15827 15.27
13318 15.35
17645 16.14
12395 16.35
16286 15.73
13433 15.92
31322 13.31
10071 16.93
14733 16.33
12004 16.51
18719 15.87
14093 16.15
15345 16.06
12430 16.44
18446 15.94
13326 16.18
16317 15.96
13093 15.98
18453 16.37
12747 16.48
15526 16.69
12732 16.84
19359 16.44
11803 17.52
16575 16.77
12198 17.26
17718 17.86
10472 18.04
13282 17.92
11153 17.57
15144 18.29
10531 17.88
13969 17.43
12212 17.20
21367 19.24
17752 19.04
16675 19.81
11706 19.26
24506 16.31
5821 21.07
14007 17.93
11504 18.09
19019 17.53
12719 17.55
15568 17.77
11970 17.74
17867 18.13
11223 18.03
13764 18.38
11705 18.08
16986 18.35
11670 18.17
14371 18.30
12707 17.65
17350 18.40
12477 17.80
14518 18.37
13149 17.60
16692 18.70
13083 17.59
15202 17.70
17329 18.92
15937 19.21
16344 19.89
12136 19.76
12654 19.24
16758 19.35
13022 19.43
13753 19.20
12278 18.44
31696 15.04
7487 21.06
15778 18.58
16329 19.26
16570 20.21
9106 20.32
13231 20.57
11969 19.74
18516 21.15
15113 20.75
16671 20.89
10291 20.23
17781 21.21
15606 20.90
15282 21.32
9758 20.22
17010 21.25
10541 20.54
13037 21.22
12324 19.95
15720 21.58
11770 19.99
14368 20.09
11160 19.64
15526 20.72
12249 20.48
13937 20.05
11425 19.81
16583 20.13
12064 19.68
15044 19.77
11946 19.45
31425 16.58
8673 20.46
14003 19.90
12006 19.56
19124 19.28
11253 19.25
14891 18.97
11690 18.86
17337 19.18
19708 21.32
12564 21.37
11670 20.69
16338 19.73
12400 19.56
15080 19.72
11809 19.15
20353 21.21
16128 20.79
17180 20.81
11182 20.66
18962 20.31
9311 19.43
20347 22.04
15821 21.19
14091 20.36
9234 19.84
12143 20.18
11726 19.23
15084 20.80
19679 21.52
14871 21.52
10785 21.29
26268 16.61
8581 20.21
13573 19.34
9992 19.35
18651 18.41
10535 18.37
15032 18.52
11950 18.71
18434 19.29
13727 19.70
17216 19.21
10644 19.35
18208 19.25
15474 20.02
16499 20.17
14911 20.13
16888 19.24
12004 19.59
11664 19.35
17913 21.00
12826 20.02
9688 19.10
12580 18.89
11118 17.94
14138 19.34
11076 17.44
15731 18.23
14002 18.72
14732 19.14
11975 18.03
15086 17.99
12761 18.09
25276 16.24
10371 19.14
14976 19.10
13296 18.90
18859 18.49
18628 20.26
14636 19.99
12270 19.43
16124 18.58
10979 18.36
13866 18.37
13079 18.73
16966 18.79
12873 18.59
14882 18.93
12219 18.27
16332 19.10
12689 18.40
15559 18.04
11199 17.86
16156 18.57
11650 17.51
15051 17.29
11909 17.15
17757 17.34
12349 17.40
15726 17.59
13197 18.12
22221 20.78
16537 20.12
16356 19.89
9594 19.04
24614 15.52
8517 18.78
15650 19.03
13300 18.66
17323 18.42
10427 18.62
14281 18.42
12146 18.06
18831 18.82
12333 18.86
15812 18.89
12460 18.41
18752 18.62
12239 18.56
14207 19.02
13592 19.07
17352 19.11
11068 18.91
14508 18.54
11274 18.38
17085 18.82
12073 18.30
15515 18.07
12031 18.24
16745 18.83
12465 18.24
16435 18.48
13401 18.62
16615 19.44
11925 18.87
16108 19.19
13412 19.22
27821 15.87
10704 19.77
14466 19.04
11331 18.68
18947 18.21
11661 18.48
15846 18.21
12818 18.23
19732 18.14
12796 18.22
15209 18.49
12011 17.95
17434 18.08
11669 17.89
14944 18.54
12733 18.22
17768 18.41
11934 18.16
14957 18.65
18072 19.69
17003 19.95
10935 19.54
14200 19.40
18037 20.45
15610 20.37
11184 19.81
12710 20.49
12715 18.96
15133 20.31
11685 18.50
14971 18.18
12125 18.16
24347 15.39
10061 18.57
14108 18.19
12317 18.16
16532 17.71
11802 17.59
13977 17.57
11668 16.91
15897 17.60
12227 17.02
14309 17.22
12633 16.80
