26684 13.56
19546 15.70
10537 15.91
10519 15.90
18829 13.81
14499 14.01
21466 15.09
17461 15.95
12040 16.58
10610 16.32
11770 16.51
10694 15.68
13620 16.67
12197 15.37
15513 16.00
13991 16.13
14811 16.84
11341 16.00
15908 15.45
17615 16.67
15860 16.68
12748 16.96
13835 15.99
12595 15.45
15249 16.61
11878 16.09
16024 15.17
13531 15.27
18007 16.01
12704 16.24
16462 15.65
13602 15.84
31418 13.26
10220 16.88
14987 16.21
12164 16.37
19042 15.73
14228 16.08
15685 15.96
12560 16.34
18728 15.77
13886 15.99
16677 15.82
13239 15.93
18890 16.15
12521 16.59
15719 16.59
12908 16.77
19531 16.35
11978 17.46
16801 16.66
12257 17.22
17938 17.69
10617 17.88
13364 17.84
11380 17.46
15473 18.11
10607 17.75
14235 17.23
13362 16.61
21609 19.13
17914 18.95
16826 19.70
11793 19.24
23598 16.72
6291 20.78
14258 17.82
11719 17.96
19351 17.33
12928 17.42
15799 17.69
12154 17.62
18810 17.70
11875 17.72
14528 17.94
12736 17.52
18234 17.89
11953 17.96
15008 17.93
12726 17.58
18256 17.91
12128 17.92
15328 17.94
13199 17.51
17853 18.12
11929 17.99
14350 18.09
17779 18.77
16206 18.87
16407 19.77
12415 19.57
12041 19.52
16877 19.21
12291 19.77
14060 19.03
12516 18.29
31949 14.93
6750 21.58
16212 18.39
16669 19.10
16796 20.09
9106 20.26
13390 20.53
11338 20.06
18729 21.02
15316 20.66
17129 20.72
10508 20.06
17751 21.06
16067 20.76
15691 21.12
9893 20.16
17197 21.12
10775 20.31
13289 21.03
12410 19.83
15992 21.43
11986 19.82
14473 19.97
11377 19.48
15678 20.61
12504 20.32
14257 19.90
11617 19.67
16220 20.30
12479 19.47
15694 19.42
11996 19.36
31761 16.45
8852 20.40
14393 19.73
12108 19.43
19350 19.19
11525 19.15
15087 18.90
11892 18.72
17796 19.06
19813 21.23
12806 21.26
11868 20.59
16517 19.66
12615 19.39
15245 19.62
11921 19.06
20396 21.09
16327 20.67
17415 20.68
11484 20.37
19228 20.19
9559 19.31
20609 21.95
15964 21.09
14305 20.29
9499 19.64
12380 19.99
11901 19.13
14959 20.71
19992 21.38
15058 21.40
10970 21.13
26542 16.49
8901 19.98
13808 19.19
10238 19.24
18793 18.31
10660 18.29
15510 18.36
11986 18.63
18616 19.12
13929 19.59
17284 19.10
10717 19.24
18214 19.17
15604 19.90
16881 20.04
15118 20.00
17073 19.10
12223 19.35
11872 19.17
18166 20.86
13193 19.86
9635 18.94
12721 18.76
11412 17.77
14421 19.24
11331 17.32
16006 18.14
14236 18.61
15107 18.95
11890 18.03
15201 17.89
13141 17.88
25637 16.09
10550 19.05
15267 18.98
13458 18.79
19004 18.33
18740 20.13
14636 19.87
12464 19.31
16329 18.43
11257 18.19
14207 18.21
13248 18.56
17238 18.64
13252 18.44
15105 18.80
12510 18.11
16642 18.92
12902 18.30
15561 17.95
11495 17.74
16357 18.43
11891 17.40
15189 17.19
12176 17.04
17909 17.33
12449 17.27
16036 17.48
13528 17.97
22235 20.71
16680 19.93
16581 19.80
9930 18.86
24969 15.36
8694 18.69
16056 18.90
13313 18.56
17523 18.31
10553 18.51
14430 18.33
12417 17.95
19235 18.73
12569 18.78
16031 18.76
12712 18.27
19325 18.56
12254 18.48
14244 18.97
13982 18.94
17494 18.97
11181 18.81
14884 18.40
11517 18.27
17146 18.84
12106 18.28
15550 18.03
12210 18.03
16534 18.90
12639 18.14
16652 18.39
13583 18.53
16691 19.36
12142 18.77
16381 19.05
13580 19.11
27933 15.78
10976 19.65
14611 18.89
11405 18.60
19345 18.03
11953 18.31
16153 18.11
13070 18.10
20208 17.99
12924 18.15
15318 18.38
12364 17.81
17871 17.96
11925 17.74
15140 18.45
12836 18.13
18125 18.33
12118 18.07
15073 18.58
18012 19.62
17244 19.83
11025 19.42
14374 19.28
18117 20.34
15676 20.24
11243 19.70
13699 19.93
12772 18.84
15262 20.22
11977 18.36
14989 18.10
12457 18.02
24462 15.33
10290 18.41
14276 18.05
12430 18.08
16785 17.60
12130 17.43
14295 17.44
11709 16.81
16290 17.41
11710 17.28
14474 17.20
13070 16.63
