29140 12.61
22237 14.62
12628 14.90
11959 15.15
20636 13.04
15997 13.23
23232 14.34
19405 15.10
13755 15.66
11823 15.53
13440 15.65
11596 15.22
15104 15.88
13204 14.86
17373 15.20
15472 15.39
16512 16.00
12834 15.26
17608 14.70
19286 15.85
17191 15.98
14294 16.10
15265 15.24
14280 14.73
17531 15.47
15447 14.41
16889 14.72
15361 14.52
19311 15.33
14220 15.43
18381 14.84
15177 15.08
33820 12.38
11752 16.04
16766 15.38
13615 15.63
20906 14.95
16004 15.26
17246 15.14
14033 15.54
20323 15.08
15399 15.21
18162 15.12
15162 15.05
20260 15.49
14517 15.59
17470 15.77
14344 15.91
21136 15.55
14320 16.25
18530 15.83
13933 16.34
19982 16.73
11672 17.17
14202 17.32
12224 16.98
17082 17.29
12026 16.95
15788 16.50
13728 16.29
23583 18.16
19716 18.04
19814 18.18
14244 17.78
27260 15.13
7117 19.88
16092 16.94
13212 17.14
21449 16.43
14623 16.55
17560 16.81
13752 16.78
20814 16.84
13392 16.81
16164 17.11
14210 16.63
19826 16.96
13425 17.12
16569 17.05
14362 16.71
20054 17.06
13608 17.09
17050 17.07
13995 16.99
19753 17.22
13526 17.17
15789 17.33
19644 17.88
17917 18.11
18293 18.85
13852 18.70
13543 18.66
18858 18.34
13666 18.89
15604 18.22
14155 17.38
34367 14.05
8386 20.39
18134 17.55
18327 18.24
18516 19.26
10047 19.58
15063 19.61
13876 18.74
20600 20.15
17007 19.74
18662 19.88
11719 19.28
19845 20.21
17540 19.89
17288 20.30
11009 19.35
18866 20.25
12042 19.52
14675 20.22
14048 18.94
17684 20.56
13340 18.98
16234 19.08
12812 18.61
17442 19.72
13948 19.47
15614 19.05
13116 18.80
18392 19.21
13694 18.67
17138 18.65
13697 18.44
33944 15.59
10182 19.47
15920 18.90
13798 18.55
21583 18.27
13030 18.25
16782 18.01
13318 17.89
19399 18.21
21730 20.35
14431 20.37
13182 19.73
18277 18.74
14175 18.57
16925 18.71
13692 18.15
22240 20.22
18120 19.77
19080 19.80
12908 19.48
21066 19.28
10985 18.40
22393 21.03
17937 20.16
15984 19.36
10886 18.74
14757 18.72
13285 18.23
16940 19.77
21722 20.52
16773 20.48
12264 20.27
28816 15.61
10223 19.14
15510 18.34
11663 18.33
21097 17.43
12166 17.39
16935 17.55
13739 17.74
20196 18.35
15601 18.69
19159 18.22
12149 18.38
20303 18.25
17390 19.02
18597 19.17
16862 19.13
18797 18.24
13565 18.56
13412 18.34
20029 20.01
14447 19.00
11003 18.08
14257 17.87
12781 16.95
16080 18.37
12780 16.46
17826 17.25
15934 17.73
16703 18.13
13281 17.31
16919 17.08
14735 17.09
27746 15.27
12172 18.19
17058 18.12
14862 17.98
21027 17.49
20510 19.30
16256 19.02
13818 18.46
17783 17.60
12899 17.33
15870 17.38
14826 17.75
18977 17.81
14872 17.60
16933 17.95
14099 17.29
18204 18.14
14539 17.42
17471 17.06
12874 16.97
18311 17.51
12625 16.94
16922 16.33
13740 16.19
19503 16.47
14032 16.46
17741 16.63
15133 17.17
24142 19.85
18340 19.12
18188 18.90
11187 18.04
27004 14.55
10201 17.76
17650 18.04
15159 17.67
19225 17.44
12079 17.66
16147 17.44
13977 17.09
20867 17.88
14157 17.90
17630 17.90
14160 17.41
21429 17.65
13801 17.62
16129 18.04
15219 18.18
19288 18.10
12480 17.91
16402 17.58
12756 17.40
19049 17.86
13802 17.31
17378 17.10
13632 17.24
18882 17.82
13989 17.27
18274 17.51
15250 17.62
19118 18.04
13573 17.83
17992 18.18
15089 18.22
30430 14.88
12480 18.75
16392 17.98
13042 17.68
20932 17.24
13577 17.43
18019 17.20
14819 17.23
22042 17.16
14655 17.23
17216 17.48
13838 16.97
19722 17.11
12986 17.11
16779 17.60
14566 17.24
19872 17.44
13683 17.19
16904 17.70
19941 18.70
18706 19.00
12553 18.54
16860 18.03
19815 19.48
17598 19.37
12734 18.81
15139 19.08
14395 17.96
16919 19.29
13545 17.50
16839 17.19
13805 17.19
26729 14.40
11703 17.58
15940 17.17
13894 17.19
18799 16.72
13572 16.63
15962 16.59
13433 15.93
17916 16.65
13025 16.57
16326 16.31
14555 15.88
