29327 12.54
22485 14.48
12927 14.78
12104 15.03
21126 12.86
16436 13.09
23433 14.21
19288 15.10
13891 15.56
11770 15.57
13632 15.57
11847 15.09
15329 15.78
13323 14.74
17513 15.12
15633 15.26
16576 15.91
13085 15.15
17864 14.58
19528 15.76
17755 15.81
14441 16.02
15474 15.17
14816 14.51
17728 15.40
14725 14.73
17923 14.29
15296 14.45
19568 15.24
14402 15.39
18387 14.77
15477 14.94
34252 12.29
11960 15.96
16837 15.33
13805 15.49
21166 14.86
16176 15.15
17565 15.06
14170 15.44
20672 14.91
15487 15.16
18575 14.95
15259 14.97
20561 15.37
14701 15.50
17464 15.69
14667 15.84
21542 15.41
14358 16.17
18649 15.75
14384 16.13
20169 16.66
11978 17.04
15305 16.82
13035 16.60
17212 17.24
12242 16.81
15570 16.57
13093 16.61
23527 18.16
19935 17.96
20167 18.06
14345 17.69
27622 14.97
7256 19.81
16400 16.79
13323 17.04
21540 16.36
14947 16.42
17826 16.71
13813 16.69
21049 16.74
13581 16.74
16564 16.96
14472 16.56
19982 16.91
13585 17.08
16839 16.95
14526 16.62
20288 16.95
13728 16.99
17160 16.98
14075 16.93
19893 17.14
13645 17.13
15914 17.28
19795 17.80
18045 17.91
18467 18.77
14140 18.57
13406 18.60
19061 18.21
13933 18.78
15944 18.04
14219 17.31
34622 13.95
8904 19.98
18350 17.42
18520 18.15
19024 18.99
10378 19.41
14980 19.56
13105 19.12
20611 20.05
17146 19.63
18927 19.72
11925 19.11
19937 20.05
17942 19.74
17701 20.12
11060 19.31
19063 20.12
12609 19.19
15083 20.03
12297 19.63
17795 20.52
13712 18.79
17241 18.59
12911 18.48
17982 19.47
14227 19.33
16049 18.91
13312 18.67
18700 19.04
13900 18.52
17501 18.49
13739 18.37
34590 15.40
10415 19.36
16209 18.74
13963 18.44
21530 18.19
13108 18.14
17050 17.86
13663 17.73
19828 18.08
22001 20.22
14507 20.26
13414 19.59
18546 18.66
14491 18.39
17234 18.63
13805 18.07
22545 20.10
18372 19.68
19398 19.70
13161 19.35
21217 19.20
11255 18.33
22795 20.95
18131 20.07
16149 19.29
11206 18.66
14767 18.64
13427 18.16
16847 19.74
21965 20.42
16961 20.40
12447 20.15
29104 15.49
10492 18.97
15799 18.22
11841 18.25
21256 17.33
12344 17.31
17330 17.46
13966 17.66
20546 18.22
15728 18.62
19373 18.13
12361 18.32
20394 18.21
17498 18.96
18629 19.08
16851 19.02
19006 18.14
13948 18.39
13512 18.17
20146 19.89
14958 18.86
11259 17.94
14515 17.79
12934 16.84
16010 18.28
13018 16.37
17981 17.15
16164 17.62
16848 18.01
13098 17.36
17238 16.93
14686 17.06
28036 15.14
12410 18.05
17228 18.03
15243 17.83
21256 17.38
20716 19.19
16431 18.90
14193 18.31
18138 17.45
13019 17.20
16071 17.27
14942 17.65
19237 17.68
15032 17.48
17002 17.86
14341 17.18
18385 18.05
14896 17.30
17652 16.99
13238 16.82
18306 17.49
13481 16.49
17371 16.22
14044 16.10
19728 16.41
14051 16.38
17679 16.55
15422 17.07
24467 19.77
18640 18.99
18489 18.80
11345 17.92
27274 14.45
10312 17.67
17896 17.94
15341 17.57
19598 17.36
12257 17.58
16273 17.37
14089 16.99
21065 17.78
14295 17.81
17962 17.81
14367 17.33
21472 17.59
14116 17.50
16123 17.99
15753 17.93
19634 17.99
12607 17.86
16601 17.46
13178 17.30
19207 17.75
13878 17.28
17531 17.03
13878 17.08
18904 17.76
14286 17.16
18430 17.43
15430 17.55
19342 17.94
13765 17.76
18150 18.07
15258 18.12
30600 14.81
12643 18.66
16629 17.87
13281 17.57
21270 17.07
13905 17.30
18151 17.12
14899 17.14
22343 17.02
14831 17.15
17312 17.41
14087 16.85
19916 17.02
13075 17.03
17065 17.47
14674 17.15
20226 17.34
13954 17.11
17228 17.58
19953 18.65
19432 18.86
12467 18.47
16363 18.27
19976 19.36
17556 19.26
12839 18.70
15317 18.95
14391 17.86
17703 18.86
13637 17.35
17085 17.11
14108 17.02
26840 14.34
12051 17.44
16258 17.05
14969 16.64
18931 16.62
13914 16.46
16259 16.49
13618 15.83
18130 16.55
13081 16.44
15590 16.63
14121 16.07
