3855 32.64
1932 35.04
402 34.94
842 31.59
1896 29.95
1573 29.42
3227 31.55
2381 31.77
1396 30.92
1279 30.36
1540 31.03
1271 30.16
2065 31.06
1429 29.95
1977 30.89
1994 30.03
1865 30.89
1175 31.20
2065 30.10
2997 31.56
1902 31.47
1424 32.08
1563 31.92
1355 30.89
2125 31.43
1552 30.68
1856 30.72
1386 30.45
2045 31.14
1632 31.49
1814 31.16
1571 31.42
4539 31.94
566 33.32
1306 32.58
1373 31.91
2145 32.59
1637 30.36
1953 31.35
1330 31.11
2228 32.51
1542 30.33
2095 30.84
1364 31.15
2312 31.89
1450 31.51
2077 31.35
1604 30.90
2486 31.97
1631 31.32
2082 32.19
1620 31.59
2799 32.39
1302 32.28
1989 31.80
1468 31.69
2309 32.90
1375 32.05
1939 32.02
1367 32.11
3917 33.96
2758 34.20
1927 37.16
1472 34.57
2657 36.43
509 36.34
1382 34.15
1185 33.84
1604 35.74
1256 34.20
1978 33.97
1568 32.85
2039 35.14
1536 33.37
1969 33.45
1297 33.07
2004 34.89
1491 33.22
1910 33.26
1238 33.15
2101 34.31
1338 33.21
2221 32.82
1241 33.15
2272 33.63
1349 32.49
1823 32.79
2661 33.61
2184 34.07
2629 34.96
1407 34.99
1365 34.30
2200 34.34
1361 34.45
1739 33.80
1244 33.45
5002 32.41
591 35.93
1738 33.55
2353 34.54
2206 34.84
1166 34.47
1903 35.39
1303 34.62
3257 36.11
2168 35.58
1940 37.51
1012 36.09
2372 36.52
2203 36.43
1801 39.02
1165 35.95
2380 37.33
1043 35.49
1516 36.48
1363 35.40
1830 37.48
1380 35.21
1685 35.76
1253 34.93
1969 36.32
1842 35.36
1912 35.54
1113 35.34
2046 35.90
1443 34.98
1950 34.88
1241 34.85
4993 34.17
498 37.22
1480 35.41
1176 34.90
2429 34.76
986 34.75
1770 34.24
1293 33.67
2070 34.85
3692 36.21
1571 36.73
1153 35.66
2064 35.38
1215 34.82
1576 35.56
1455 34.45
3851 35.99
2406 36.13
2036 38.67
1434 35.95
2198 38.48
941 35.68
2671 40.12
1762 38.66
993 38.88
1215 35.84
1714 35.83
1277 34.95
1998 36.82
3046 38.45
2133 37.74
1245 36.93
4243 33.52
409 39.11
1236 35.14
934 35.19
2135 34.40
899 34.79
1870 33.81
1343 33.73
2429 35.17
1582 35.16
2135 35.33
1340 34.85
2403 35.22
2142 35.62
2296 35.99
2075 35.89
2424 34.96
1489 35.58
1416 35.62
3094 36.81
1590 36.24
871 35.62
1596 35.05
1331 34.15
2092 35.14
1075 34.17
2035 34.67
1703 34.58
1807 35.45
1697 33.09
1867 34.04
1569 33.61
4753 31.70
716 35.35
1708 34.76
1327 35.05
2608 34.00
2250 37.80
1901 35.63
1336 35.38
2180 34.53
1107 34.23
1669 33.69
1726 33.81
2466 34.33
1464 34.23
1804 34.69
1412 33.91
2318 34.58
1604 33.73
1828 34.44
1274 33.77
2308 34.11
1150 33.25
1959 32.63
1286 32.73
2218 33.90
1242 33.01
1880 33.37
1623 33.51
4098 36.57
2419 36.31
1802 38.46
1108 35.48
3323 33.54
421 37.34
2072 34.95
1485 34.36
2316 34.23
1181 34.13
1896 34.25
1345 34.28
2851 35.15
1365 34.87
1816 35.38
1456 34.84
2515 35.09
1268 34.81
1804 34.29
1568 34.64
2162 35.41
1241 35.06
1871 34.31
1175 34.14
2342 34.60
1155 34.28
1959 33.73
1255 33.97
2168 34.79
1424 34.25
2076 34.55
1502 34.29
2349 35.18
1369 34.76
2115 35.11
1602 34.30
5122 31.93
723 37.23
1564 35.04
1189 34.08
2600 33.81
1174 34.22
1951 33.72
1397 33.41
2810 34.08
1289 33.83
1900 34.33
1399 33.91
2426 34.01
1240 33.72
1918 34.01
1499 33.44
2349 34.49
1383 33.65
2191 33.73
2940 34.97
2592 35.33
1126 35.36
1616 35.53
2766 36.71
2118 36.13
1077 36.20
1567 36.32
1520 35.06
2049 36.36
1306 34.88
1802 35.11
1421 35.03
4481 31.07
954 35.44
1767 34.53
1408 34.11
2320 33.57
1275 33.74
1682 33.42
1188 32.85
2142 33.32
1205 33.39
1860 32.33
1403 31.95
