4259 31.56
2208 33.98
419 33.89
1024 30.91
2053 29.26
1648 28.60
3612 30.63
2652 30.88
1542 30.42
1503 29.72
1718 30.27
1513 29.19
2541 29.64
1366 28.85
2341 29.84
2015 29.21
2302 30.18
1278 29.26
2151 29.19
3305 30.66
2119 30.75
1556 31.12
1737 30.80
1585 30.29
2450 30.75
1588 30.24
2042 29.68
1575 29.40
2318 30.52
1902 29.55
1982 30.34
1730 29.93
5119 30.91
679 31.66
1499 32.05
1508 30.70
2382 31.69
1725 29.90
2077 30.70
1593 30.48
2480 31.12
1738 30.05
2301 30.09
1579 30.10
2617 31.18
1785 29.93
2091 30.68
1863 30.30
2800 31.33
1781 30.68
2465 31.24
1807 31.13
3055 31.77
1601 31.41
2041 31.43
1637 30.96
2607 31.93
1471 31.51
2185 30.94
1583 30.60
4219 33.44
3026 33.52
2232 36.26
1561 33.75
3029 35.16
548 35.92
1342 34.21
1559 32.63
1854 34.73
2001 32.11
1868 33.86
1900 32.41
2131 34.66
1807 32.75
2253 33.14
1428 32.52
2304 34.07
1667 32.76
2279 32.40
1298 32.48
2401 33.60
1576 32.36
2296 32.31
1423 32.24
2426 33.49
1557 31.81
2113 31.74
3064 33.09
2252 33.47
2894 34.31
1568 34.37
1508 33.59
2426 33.65
1622 33.50
1967 33.27
1373 33.29
5596 31.45
603 34.61
1890 33.03
2595 33.79
2468 33.91
1257 33.67
2000 34.82
1374 34.12
3728 35.08
2542 34.62
2271 36.45
1004 35.78
2822 35.36
2631 35.14
1828 38.27
1139 35.56
2656 36.38
1300 34.86
1720 35.80
1587 34.82
2165 36.19
1290 35.09
1747 34.95
1560 34.08
2395 35.12
1922 34.72
1923 34.74
1587 33.58
2248 35.25
1533 34.33
2137 34.05
1475 33.85
5473 33.56
584 36.52
1711 34.67
1284 34.17
2683 34.02
1261 33.74
1986 33.19
1390 33.23
2242 34.33
4025 35.31
1755 36.01
1336 34.98
2269 34.39
1434 33.80
1957 33.96
1600 33.83
4162 35.35
2692 35.28
2328 37.48
1574 35.33
2453 37.76
1083 34.90
2888 39.41
1912 37.90
1138 38.42
1397 35.02
1924 35.03
1316 34.55
2320 35.90
3605 37.03
2313 36.95
1281 36.08
4531 33.02
420 37.63
1416 34.32
1100 34.63
2434 33.40
1038 34.18
2046 33.14
1443 32.89
2702 34.43
1862 34.64
2478 34.39
1495 33.68
2706 34.35
2319 34.85
2481 35.23
2332 35.07
2684 34.19
1664 34.88
1578 34.38
3520 35.91
1803 35.28
910 35.05
1684 34.44
1492 33.15
2311 34.44
1254 33.31
2425 33.97
1932 33.72
1872 35.19
1814 32.34
2067 33.35
1769 32.94
5136 30.97
850 34.25
1874 34.02
1414 33.96
2785 33.23
3090 35.46
2154 34.84
1542 34.63
2429 33.49
1156 33.68
1801 33.26
1923 33.02
2714 33.45
1611 33.27
2119 33.95
1534 33.12
2597 33.86
1743 33.08
1959 33.73
1502 32.72
2423 33.57
1365 32.75
2117 32.04
1608 31.58
2466 33.21
1420 32.42
2251 32.37
1883 32.65
4602 35.38
2782 35.17
1839 38.41
1280 34.69
3657 32.67
497 36.32
2257 34.23
1620 33.65
2527 33.59
1292 33.68
1866 34.13
1698 33.25
3056 34.35
1512 34.01
2052 34.59
1597 34.01
2967 34.35
1410 33.90
2133 33.74
1670 33.95
2443 34.62
1276 34.32
2005 33.57
1546 32.79
2557 33.78
1382 33.20
2053 33.03
1461 33.03
2520 33.72
1483 33.44
2287 33.80
1735 33.34
2670 33.99
1484 33.96
2367 34.10
1808 33.63
5704 31.04
844 36.51
1796 34.28
1355 33.40
2739 32.73
1326 33.14
2243 33.06
1606 33.46
3088 33.30
1474 32.89
2249 32.98
1499 32.94
2660 33.28
1434 32.74
2118 33.39
1631 32.71
2709 33.42
1554 32.83
2287 33.01
3295 34.12
2858 34.66
1303 34.55
1850 35.07
3121 35.69
2413 35.55
1262 35.74
1759 35.54
1738 34.30
2397 35.57
1362 34.39
1802 34.79
1532 33.91
4890 30.26
1073 34.92
1902 33.77
1475 33.71
2508 32.92
1413 32.90
1896 32.84
1264 32.46
2393 32.44
1431 32.21
2086 31.88
1623 30.63
