5863 28.40
3176 30.82
752 31.33
1659 27.67
2851 26.87
2450 25.99
4977 27.96
3857 28.17
2320 27.87
1853 27.56
2341 27.66
2109 26.59
3396 27.11
2005 26.33
3442 27.18
2771 27.09
3362 27.69
1847 27.12
3085 26.67
4347 28.24
3188 28.29
2399 28.36
2553 27.89
2091 27.49
3381 28.07
2318 27.33
2997 27.12
2265 27.12
3369 28.03
2736 27.71
3006 28.19
2416 27.71
7320 27.61
1045 29.12
2469 28.62
2076 28.08
3765 28.08
2483 27.08
2748 28.47
2220 27.98
3626 28.58
2486 27.36
3064 27.84
2462 27.63
3752 28.36
2478 27.84
2994 28.42
2595 27.72
4169 28.57
2640 28.26
3292 29.18
2291 28.67
4421 29.07
2150 29.06
2784 29.04
2372 28.37
3784 29.32
2068 28.66
2714 29.49
2229 28.35
5673 30.98
4192 31.02
2866 33.97
2148 31.67
4041 32.90
825 32.54
1999 31.52
2240 30.26
2681 32.03
2777 29.65
2985 30.88
2049 30.04
2977 32.45
2580 30.04
3328 30.05
1986 30.04
3285 31.22
2347 30.04
3062 30.00
1987 29.73
3342 31.02
2135 29.88
3188 29.81
2169 29.74
3723 30.36
2041 29.57
2882 29.47
4133 30.55
3260 31.02
3882 31.76
2195 32.03
2314 31.13
3599 31.34
2221 31.42
2609 31.14
2090 30.72
7903 28.51
948 32.37
2820 30.44
3517 31.23
3538 31.97
1866 31.46
2787 32.63
1981 31.78
4835 32.66
3341 32.53
3187 34.00
1641 32.85
4042 32.83
3410 33.09
2521 35.76
1737 32.66
3704 33.69
1872 32.38
2381 33.40
2300 32.20
2950 34.23
1981 32.58
2603 32.63
2014 31.74
3320 32.67
2758 32.17
2821 32.17
1933 31.83
3297 32.53
2119 31.76
3022 31.50
2079 31.46
7793 30.58
886 34.47
2400 32.04
1934 31.70
3974 31.27
1620 31.55
2726 30.92
1993 30.83
3416 31.36
5317 33.23
2405 33.54
1942 32.83
3418 31.76
1968 31.46
2830 31.62
2147 31.41
5489 32.86
3722 32.82
3261 35.05
2344 32.64
3480 34.76
1522 32.41
4195 36.40
2826 35.22
1752 35.51
1819 32.67
2233 33.33
2262 31.95
3111 33.20
4885 34.59
3173 34.34
1919 33.46
6524 29.90
679 34.79
2014 32.09
1641 32.01
3453 31.25
1545 31.65
2871 30.66
2026 30.62
3924 31.62
2682 31.97
3549 31.85
2054 31.26
4053 31.44
3258 32.33
3497 32.59
3160 32.53
3600 31.77
2263 32.26
2090 31.99
4567 33.59
2530 32.73
1484 32.38
2358 31.83
2039 30.55
3069 31.94
1817 30.76
3333 31.26
2760 31.21
2637 32.30
2637 29.76
3030 30.52
2203 30.63
6757 28.53
1390 31.58
2735 31.40
2164 31.22
4124 30.70
4170 33.06
2864 32.63
2187 31.89
3150 31.09
1673 31.04
2555 30.81
2745 30.58
3724 30.89
2269 30.86
3147 30.63
2051 30.59
3563 31.20
2512 30.60
2798 31.19
2109 30.18
3424 31.13
1992 30.01
2909 29.58
2138 28.95
3203 30.86
2138 29.78
3224 29.90
2501 30.33
5882 33.29
3860 32.52
3015 34.18
1599 31.75
5496 29.18
770 33.73
3161 31.48
2339 31.15
3631 30.98
1933 30.94
2783 30.91
2226 30.64
4181 31.69
2273 31.30
2935 31.85
2298 31.24
3912 31.54
2054 31.03
2950 31.00
2475 31.50
3360 31.75
2016 31.46
2924 31.05
1896 30.72
3577 31.24
2040 30.66
2811 30.77
2084 30.59
3663 30.79
2192 30.52
3334 30.75
2496 30.68
3827 31.34
2177 31.26
3321 31.64
2528 31.37
7834 28.27
1166 33.80
2491 31.42
1909 31.00
4051 30.54
1876 31.09
3116 30.46
2248 30.54
4317 30.53
2214 30.80
3161 30.61
2079 30.31
3567 30.77
2102 30.14
3044 30.65
2123 30.39
3770 30.82
2159 30.15
3089 30.73
4596 31.58
3953 32.12
1843 32.00
2610 32.21
4125 33.30
3302 33.04
1859 32.53
2448 32.80
2532 31.69
3227 32.95
2098 31.43
2489 32.20
2398 31.07
6602 27.59
1526 31.98
2618 30.97
2108 30.92
3473 30.17
2093 30.22
2633 30.06
1936 29.49
3382 29.72
1973 29.59
2879 29.15
2178 28.40
