7492 25.88
4137 28.43
1083 29.26
2336 25.40
3656 25.29
3330 23.74
5953 26.29
4653 26.58
2962 26.17
2339 25.72
3158 25.61
2555 24.46
4266 25.55
2921 24.27
4498 25.32
3892 24.95
4101 26.33
2745 25.46
4138 24.84
5160 26.51
4193 26.53
3135 26.61
3164 26.19
2715 25.60
4338 26.20
2986 25.24
3770 25.16
3060 25.05
4318 26.45
3569 26.12
3812 26.73
3247 26.00
9398 25.30
1405 27.81
3228 26.79
2685 26.48
5001 26.23
3181 25.46
3825 26.19
2883 25.99
4965 26.04
3137 25.51
4006 25.82
3045 25.87
5225 26.32
3069 26.03
3823 26.93
3419 25.97
5531 26.40
3295 26.46
4458 26.87
3030 26.58
5337 27.46
2802 27.03
3427 27.56
3048 27.06
4519 27.81
2766 26.92
3288 27.85
3106 26.99
6952 29.36
5414 29.15
3227 33.38
2690 30.40
5236 30.61
1147 30.70
2641 29.15
2872 28.27
3537 30.29
3273 28.26
3542 29.26
3046 27.79
4064 30.18
3091 28.07
4049 27.97
2647 28.35
4202 29.26
2916 28.09
3843 28.24
2640 27.83
4530 28.72
2724 28.29
4140 27.89
2722 27.78
4740 28.57
2880 27.64
4035 27.48
5179 28.69
4192 29.31
4829 29.97
2812 30.06
2956 29.43
4589 29.49
2956 29.69
3587 28.99
2649 28.76
9728 26.73
1375 30.32
3761 28.76
4504 29.41
4283 30.40
2585 29.56
3459 30.99
3034 29.46
5687 31.40
4109 31.00
4223 31.81
2181 30.98
4787 31.57
4185 31.53
3736 32.71
2258 30.35
4755 31.92
2479 30.56
3061 31.54
3095 30.34
4035 32.06
2755 30.30
3272 30.91
2730 29.84
4097 30.86
3464 30.38
3577 30.42
2460 30.03
4220 30.57
2721 29.83
4031 29.66
2656 29.64
10066 28.24
1138 32.72
3096 30.24
2512 29.80
5297 29.35
2219 29.61
3458 29.19
2610 28.87
4564 29.32
6551 31.32
3009 31.68
2671 30.91
4342 29.93
2731 29.77
3858 29.71
2722 29.45
6742 31.25
4620 31.11
4140 33.26
2983 30.76
4306 33.29
2144 30.50
5199 34.69
3445 33.42
2225 33.70
2477 30.74
3438 30.54
2640 30.02
4058 31.49
6054 32.71
3964 32.51
2493 31.75
8472 27.56
916 33.29
2739 30.18
1990 30.66
4596 29.14
1948 29.67
3746 28.77
2820 28.74
4872 30.10
3470 30.27
4423 30.09
2614 29.50
4754 30.17
4273 30.45
4580 30.71
4041 30.87
4667 29.86
2949 30.34
2683 30.07
5670 31.66
3158 30.87
1959 30.24
3335 29.15
2513 28.59
4652 28.52
2109 28.42
4236 29.23
3555 29.12
3681 29.92
3102 28.05
3846 28.55
2914 28.62
8416 26.58
1945 29.62
3686 29.47
2998 29.35
5179 28.72
5685 30.68
3753 30.62
2966 30.12
4104 29.24
2157 29.29
3097 29.15
3457 28.69
4755 29.03
2972 29.05
3797 29.28
2731 28.78
4509 29.32
3194 28.64
3598 29.17
2609 28.31
4461 28.89
2476 28.00
3782 27.50
2698 27.08
4155 28.74
2809 27.88
4194 27.86
3366 28.43
7783 30.87
4853 30.62
3844 32.31
2127 29.80
6960 27.18
957 32.19
4079 29.62
3001 29.22
4600 29.26
2430 28.90
3692 29.04
2823 28.49
5130 30.24
2951 29.28
3530 30.41
3019 29.18
4719 29.98
2828 29.01
3931 29.03
3207 29.57
4045 30.44
2580 29.43
3714 28.93
2424 28.76
4496 29.70
2786 28.64
3893 28.60
2579 28.60
4495 29.39
2779 28.72
4313 28.93
3181 28.76
4988 29.27
2763 29.30
4471 29.45
3181 29.50
9911 26.07
1672 31.90
3362 29.96
2520 29.36
5225 28.72
2545 29.07
4125 28.58
2892 28.58
5502 28.76
2785 28.55
3763 29.11
2745 28.40
4668 28.76
2609 28.27
3780 29.07
2986 28.35
4717 28.93
2876 28.23
3865 29.04
5713 29.81
5068 30.25
2405 30.04
3424 30.18
5080 31.52
4229 31.01
2555 30.46
3200 31.00
3219 29.66
4080 31.06
2627 29.45
3612 29.34
2922 28.89
7966 25.77
2002 30.31
3496 28.71
2959 28.58
4501 28.24
2610 28.39
3474 28.14
2383 27.37
4376 27.80
2572 27.54
3670 27.28
2874 26.33
