941 51.00
53 51.00
325 51.00
461 51.00
628 51.00
688 51.00
831 51.00
772 51.00
660 51.00
656 51.00
619 51.00
495 51.00
378 51.00
380 51.00
656 51.00
726 51.00
850 51.00
156 51.00
508 51.00
740 51.00
564 51.00
598 51.00
597 51.00
515 51.00
592 51.00
506 51.00
391 51.00
413 51.00
621 51.00
564 51.00
810 51.00
457 51.00
1058 51.00
351 51.00
468 51.00
726 51.00
748 51.00
596 51.00
458 51.00
778 51.00
596 51.00
317 51.00
735 51.00
317 51.00
536 51.00
520 51.00
314 51.00
339 51.00
981 51.00
423 51.00
563 51.00
579 51.00
415 51.00
510 51.00
427 51.00
484 51.00
437 51.00
334 51.00
298 51.00
346 50.83
398 50.93
418 51.00
385 50.99
399 51.00
683 51.00
423 51.00
577 51.00
547 51.00
625 51.00
482 51.00
390 51.00
394 51.00
362 51.00
395 50.98
440 50.73
504 50.94
561 50.14
495 50.98
391 50.99
369 50.80
864 51.00
202 51.00
420 51.00
540 51.00
481 51.00
414 51.00
368 50.96
382 50.81
439 50.94
482 50.69
472 50.95
411 51.00
367 50.77
390 50.86
362 50.52
632 50.53
707 51.00
129 51.00
378 51.00
656 51.00
649 51.00
605 51.00
371 51.00
274 51.00
411 51.00
372 50.87
377 50.93
499 50.86
418 50.80
410 51.00
324 50.97
356 50.76
832 51.00
511 51.00
623 51.00
456 51.00
294 51.00
294 51.00
359 50.98
359 51.00
432 50.98
503 50.95
470 50.94
415 51.00
300 51.00
458 50.99
597 50.75
456 50.47
707 51.00
113 51.00
433 51.00
550 51.00
568 51.00
377 51.00
260 51.00
327 51.00
443 50.99
495 51.00
463 50.93
507 50.87
395 50.99
279 50.91
237 50.98
693 50.35
854 51.00
390 51.00
507 51.00
570 51.00
411 51.00
334 51.00
