7709 44.22
4715 39.58
5341 37.80
5512 37.90
5543 37.73
5486 37.24
5842 36.66
5611 36.77
6021 36.57
5539 36.17
6212 36.23
5521 35.96
5816 36.41
6001 36.18
6436 36.24
6748 36.12
10346 41.13
4700 38.01
6102 37.22
5854 37.24
5547 36.93
5944 37.04
6013 36.98
5764 36.86
5570 36.94
6009 36.74
6194 36.81
5611 36.84
6038 36.60
5828 36.88
5737 36.83
5841 36.81
11131 40.53
4245 38.85
5877 37.50
5572 36.80
5981 36.95
5749 36.65
5310 36.97
6128 36.76
5860 36.63
5724 36.71
5707 36.58
5905 36.64
5746 36.68
6080 36.74
6400 36.61
6524 36.36
10508 41.20
4858 38.41
5666 38.00
5972 37.60
5678 37.35
5560 37.27
6089 36.79
5657 36.82
5905 36.84
5617 37.05
6102 36.65
5725 36.73
5888 36.61
5882 36.66
5918 36.57
5977 36.70
10848 40.68
4702 38.00
6164 37.30
5924 36.89
5947 36.91
5517 36.91
5859 36.55
6202 36.54
5654 36.76
5804 36.76
5735 36.64
5892 36.66
6081 36.40
5447 36.58
6172 36.23
6006 36.42
11018 40.43
4544 37.95
6183 36.98
5893 36.80
5707 36.82
5635 36.89
5643 36.55
6228 36.39
5731 36.60
5873 36.45
5866 36.57
6081 36.71
5994 36.96
6067 36.93
6027 36.69
5686 36.90
10921 40.76
4658 37.86
6302 37.48
5994 37.01
5503 37.20
5953 36.89
6055 36.75
5701 36.84
5500 36.91
6370 36.46
5844 36.64
5642 36.72
5803 36.62
5902 36.48
6179 36.34
5587 36.44
10836 41.00
4546 38.15
5954 37.46
5954 37.08
5941 36.77
5763 36.83
5982 36.74
6050 36.83
5815 36.99
5834 36.87
6079 36.60
5999 36.73
5685 36.88
5782 36.70
6088 36.44
5852 36.64
10812 41.08
4811 37.96
6004 37.22
5989 36.66
5680 36.69
5589 36.59
6012 36.31
5743 36.18
5953 36.04
6206 36.07
5531 36.24
6010 35.94
6169 35.95
5659 35.92
6151 35.71
5888 35.84
10614 41.18
4954 37.83
5899 37.31
6253 36.82
5563 36.75
5758 36.74
