8590 43.34
5110 38.83
5933 37.03
6143 37.19
6061 37.12
6124 36.47
6131 36.34
6502 36.26
6276 36.17
6210 35.65
6732 35.76
6355 35.24
6961 35.70
6211 35.84
6740 35.66
7142 35.65
11276 40.36
5314 37.39
6577 36.61
6501 36.53
5975 36.44
6512 36.44
6241 36.56
6454 36.29
6707 36.21
6424 36.21
6932 36.05
6255 36.26
6411 36.09
6662 36.06
6355 36.27
6016 36.34
11578 40.21
5178 37.65
6796 36.86
6052 36.08
6498 36.49
5877 36.52
6254 36.36
6701 36.21
6290 36.17
6386 36.05
6294 36.01
6318 36.17
6401 36.11
6649 36.16
7199 36.03
7106 35.94
11734 40.37
5172 37.83
6843 37.04
6482 36.83
5995 36.80
6429 36.54
6540 36.24
6369 36.32
6395 36.35
6426 36.34
6448 36.19
6516 36.15
6365 36.10
6554 36.02
6304 36.14
6282 36.16
11988 39.90
5171 37.53
6936 36.49
6441 36.45
6285 36.37
6535 36.17
6253 36.21
6257 36.12
6584 36.17
6469 36.13
6451 35.89
6313 36.11
6537 35.84
6389 35.84
6548 35.72
6526 35.86
12152 39.67
4785 37.35
6925 36.46
6403 36.21
6299 36.21
6515 36.22
6427 35.94
6415 35.96
6352 35.99
6566 35.95
6557 35.95
6796 36.24
6459 36.35
6369 36.41
6606 36.22
6571 36.23
12557 39.70
4850 37.53
6740 36.94
6187 36.86
6287 36.66
6578 36.30
6551 36.34
6025 36.46
6351 36.40
6753 35.98
6571 36.10
6444 36.12
6187 36.24
6525 35.89
6305 36.02
6375 35.79
11950 40.28
5193 37.36
6959 36.62
6601 36.40
6093 36.42
6698 36.16
6619 36.25
6353 36.25
6418 36.24
6590 36.27
6407 36.12
6541 36.10
6691 35.96
6238 36.20
6590 35.94
6692 36.04
12421 39.90
4829 37.55
6820 36.47
6838 35.92
6123 36.10
6192 36.01
6725 35.67
6323 35.66
6405 35.55
6501 35.52
6622 35.50
6406 35.46
6648 35.31
6711 35.36
6174 35.35
6559 35.26
11745 40.39
5358 37.47
6779 36.44
6829 36.13
6196 36.16
6320 35.98
