8994 42.92
5429 38.61
6272 36.63
6128 37.14
6839 36.49
6243 36.16
6491 36.08
6725 35.89
6668 35.81
6466 35.38
7156 35.44
6545 35.09
7718 35.12
6227 35.72
7251 35.39
7601 35.25
11768 39.99
5533 37.10
6763 36.50
7062 36.11
6271 36.09
6882 36.18
6750 36.21
6402 36.06
6864 35.99
6824 35.87
6809 36.10
6916 35.87
7191 35.64
6415 36.16
6447 36.07
6730 35.88
12863 39.32
4754 38.14
6999 36.53
6718 35.85
6716 36.15
6410 36.05
6587 35.82
6947 35.81
6984 35.66
6573 35.92
6570 35.82
6778 35.84
6695 35.78
7032 35.89
7652 35.62
7727 35.40
12391 39.94
5473 37.60
7046 36.81
7003 36.56
6312 36.40
6730 36.36
6661 36.10
6669 36.05
6814 36.02
6584 36.15
6754 35.97
6827 35.94
6713 35.91
6750 35.80
6837 35.82
6811 35.87
12499 39.56
5358 37.26
7146 36.42
6803 36.20
6668 36.20
6476 35.98
6954 35.87
6542 36.03
6686 35.97
6607 35.84
6977 35.65
6695 35.93
6821 35.66
6630 35.65
6883 35.45
6818 35.72
12710 39.34
5071 36.89
7040 36.24
6797 35.95
6611 35.93
6817 35.88
6689 35.74
7089 35.66
6619 35.79
6807 35.60
6783 35.89
7223 35.75
6737 35.96
6694 36.03
6807 35.93
6771 35.98
12589 39.64
5254 37.31
7000 36.72
6885 36.36
6364 36.47
6753 36.10
6909 36.09
6532 36.18
6816 35.99
6678 35.82
6781 35.82
7167 35.52
6362 35.99
6852 35.62
7042 35.68
6635 35.57
12625 39.80
5310 37.26
7405 36.26
6802 36.21
6413 36.15
7059 35.93
6880 35.91
6444 36.06
6863 35.89
7294 35.98
6349 36.08
6879 35.97
6883 35.92
6310 35.96
7171 35.72
6740 35.76
12329 39.99
5470 37.11
7441 36.13
6600 35.88
6582 35.87
6410 35.71
6848 35.46
6861 35.17
7067 35.06
6673 35.58
6660 35.33
7044 35.03
6857 35.19
6495 35.24
7323 34.89
6876 35.09
12228 40.04
5492 37.10
7241 36.09
6930 35.89
6573 35.85
6651 35.84
