10257 41.81
6187 37.36
7117 35.82
7329 36.04
7775 35.58
7182 35.27
7557 35.04
7450 35.28
7718 34.97
7271 34.71
7885 34.75
7773 34.16
8670 34.41
6991 34.90
8221 34.73
8777 34.57
13478 38.92
6344 36.14
7876 35.40
7511 35.50
7453 35.18
8175 35.17
7151 35.68
7639 35.18
8000 35.15
7473 35.20
7925 35.29
7928 35.08
8078 34.92
8176 34.85
8760 34.67
8432 34.63
14516 38.32
5366 37.19
7630 35.81
7855 34.95
7472 35.51
7496 35.26
7283 35.36
8178 35.00
7342 35.21
7748 35.00
7750 34.95
7367 35.13
7561 35.03
7669 35.34
8522 34.91
8324 34.95
14033 38.93
6050 36.88
8038 35.86
7929 35.82
7226 35.71
7427 35.58
7857 35.36
7494 35.23
7673 35.35
7553 35.29
7813 35.14
7588 35.20
8030 35.06
7761 35.16
7620 35.19
7372 35.27
14119 38.57
6072 36.49
7964 35.57
8178 35.21
7439 35.37
7539 35.26
7712 35.18
7859 35.26
7773 35.24
7639 35.21
7502 35.14
7622 34.96
7982 34.92
7428 34.88
7624 34.76
7850 34.91
14438 38.33
5778 36.30
7889 35.48
7760 35.18
7407 35.17
7876 35.17
7658 34.99
7546 35.13
7674 35.04
7879 34.96
7847 35.16
7847 35.22
7850 35.18
7361 35.51
7873 35.29
7731 35.28
14347 38.57
5993 36.47
8320 35.67
7761 35.46
7336 35.57
7670 35.38
7701 35.34
7499 35.32
7813 35.17
7322 35.16
7945 34.91
7835 35.10
7354 35.26
7854 34.88
7831 34.88
7666 34.88
14293 38.79
6015 36.40
8197 35.59
7258 35.58
7708 35.29
7758 35.19
7934 35.22
7655 35.22
7539 35.32
7770 35.23
7809 35.10
7526 35.26
7882 35.21
7412 35.27
7805 35.07
8030 34.92
14695 38.51
5856 36.32
7922 35.34
8219 34.91
7202 35.25
7406 34.90
7576 34.77
8038 34.44
7730 34.56
7547 34.72
7497 34.59
7725 34.62
7763 34.39
8149 34.34
7674 34.51
7593 34.55
13824 39.03
6405 36.30
8261 35.20
7618 35.18
7827 35.07
8207 34.79
