12272 40.23
7434 36.24
9208 34.34
10322 34.17
8828 34.45
8101 34.34
9146 33.94
9328 33.89
8879 33.96
8812 33.56
9550 33.57
9210 33.25
10304 33.32
8452 33.84
9672 33.67
10356 33.53
16207 37.35
7280 35.20
9735 34.28
8997 34.42
8802 34.08
9101 34.29
9469 34.15
8818 34.24
9028 34.17
9244 34.00
9612 34.01
9032 34.06
9196 34.02
9544 33.98
9931 33.69
10489 33.36
17451 36.79
6642 35.87
9620 34.39
9465 33.67
9456 34.07
8744 34.11
8871 34.05
9346 34.13
9167 34.00
8875 34.09
8917 34.03
9157 34.04
9110 34.20
9394 34.14
10270 33.87
10542 33.49
17754 36.98
7162 35.86
9332 34.86
9511 34.52
8892 34.65
8628 34.56
9388 34.25
8970 34.25
9110 34.28
9245 34.33
8889 34.26
9114 34.02
9212 34.04
9409 34.00
9273 33.98
9121 34.17
16780 37.11
7337 35.34
9346 34.61
9389 34.27
9034 34.45
8871 34.21
9151 34.10
9101 34.17
9386 34.09
9053 34.24
8892 34.04
9650 33.89
8683 34.11
9034 33.88
9226 33.84
9201 33.91
17279 36.74
6744 35.39
9646 34.13
9139 34.16
8887 34.16
9354 34.04
9069 34.02
9456 33.88
9212 33.98
9040 34.03
9128 33.99
9834 33.94
10141 33.74
10413 33.77
10776 33.44
10576 33.43
17124 37.07
7182 35.47
9494 34.67
8936 34.53
8963 34.46
9268 34.28
9155 34.29
8784 34.30
9402 34.09
8918 34.29
9124 34.07
9163 34.04
8931 34.14
9249 33.96
9367 33.85
9022 34.00
17193 37.27
7338 35.14
9750 34.40
9345 34.23
8778 34.38
9344 34.17
9520 34.03
9364 34.17
8756 34.36
9448 34.23
9351 34.09
8915 34.26
9102 34.32
8844 34.20
9437 33.90
9459 33.92
17469 37.02
7069 35.15
9513 34.23
9306 33.85
9230 33.85
8839 33.86
9046 33.75
9067 33.67
8991 33.58
9127 33.54
9474 33.39
8974 33.55
9331 33.39
9450 33.33
8881 33.43
9109 33.41
17482 37.05
7422 35.18
9714 34.17
9198 34.03
9043 33.94
9354 33.86
