13134 39.63
7988 35.88
9247 34.11
10450 33.99
8986 34.31
8947 33.88
9546 33.63
9606 33.69
9677 33.51
9329 33.08
10004 33.29
9522 32.97
11106 32.86
9522 33.25
9801 33.46
11035 33.04
17105 36.86
7989 34.68
10189 33.84
9616 34.02
9485 33.69
9971 33.84
9409 34.12
9542 33.88
9558 33.98
10027 33.66
10120 33.75
9587 33.74
9471 33.91
10107 33.60
10673 33.30
10954 33.05
18351 36.25
7187 35.50
9892 34.25
9629 33.62
9931 33.78
9458 33.67
9207 33.79
10157 33.54
9544 33.82
9555 33.56
10044 33.45
9727 33.76
9366 33.78
9872 33.75
10874 33.41
10915 33.25
18723 36.42
7366 35.47
10542 34.27
9743 34.35
9300 34.35
9495 34.20
9789 33.90
9525 33.87
9696 33.91
9489 34.04
9725 33.67
9717 33.59
9980 33.53
9965 33.62
9505 33.76
9723 33.72
18198 36.42
7535 35.05
9968 34.21
9944 33.87
9739 33.92
9480 33.85
9732 33.78
9669 33.76
10003 33.73
9511 33.91
9746 33.66
9736 33.48
9714 33.61
9543 33.55
9711 33.45
9853 33.39
18412 36.15
7414 34.76
10142 33.80
9928 33.69
9509 33.72
10073 33.53
9509 33.70
10017 33.49
9806 33.67
9589 33.68
9910 33.57
10046 33.66
9852 33.85
9927 33.95
11017 33.49
10975 33.26
18345 36.45
7983 34.92
9813 34.36
9563 34.15
9592 34.10
9592 34.02
10036 33.76
9513 33.81
9593 33.90
9706 33.71
9717 33.66
9778 33.75
9381 33.79
9815 33.56
10144 33.54
9485 33.54
18218 36.73
7587 35.07
10240 34.08
9324 34.17
9946 33.87
10301 33.64
9747 33.86
9466 34.02
9833 33.84
9708 33.93
10046 33.76
9591 33.87
10104 33.76
9246 33.86
10091 33.53
9780 33.53
18752 36.46
7458 34.92
10055 33.85
10105 33.41
9789 33.53
9293 33.63
9477 33.40
9797 33.24
9979 33.07
9974 33.07
9877 33.09
9405 33.21
9919 33.05
10156 32.87
9854 33.14
9653 33.18
18493 36.52
7740 34.91
10308 33.68
10176 33.54
9508 33.60
9492 33.60
