13892 39.11
8501 35.53
9950 33.63
11171 33.54
10326 33.46
11162 32.64
12098 32.28
12101 32.38
9856 33.13
9671 32.90
10625 32.96
10638 32.49
11795 32.30
10106 32.90
10374 33.08
10909 33.02
18322 36.28
8327 34.47
10698 33.53
10601 33.45
9988 33.32
10437 33.49
10321 33.54
10038 33.56
10165 33.53
10512 33.30
10403 33.43
10487 33.31
10745 33.12
11269 32.89
11228 32.90
12552 32.32
19505 35.75
7479 34.95
10773 33.59
10157 33.21
10526 33.38
10227 33.29
9691 33.47
10571 33.35
10775 33.16
10061 33.37
9908 33.42
10312 33.25
10260 33.34
10774 33.40
11429 33.10
11566 32.89
20036 35.87
8214 35.06
10650 33.94
10574 33.78
10189 33.76
9825 33.82
10585 33.40
10105 33.45
10226 33.55
10376 33.53
10259 33.33
10488 33.29
10678 33.23
10211 33.38
10295 33.27
10475 33.35
18997 36.03
8228 34.52
10866 33.64
10700 33.36
10304 33.49
10056 33.53
10393 33.36
10242 33.42
10451 33.47
10307 33.38
10279 33.23
10313 33.21
10417 33.18
10429 33.02
10172 33.10
10391 33.22
19486 35.64
7697 34.41
10676 33.56
10476 33.25
9989 33.38
10663 33.22
10299 33.17
10743 33.08
10177 33.49
10121 33.41
10390 33.25
10827 33.28
10310 33.49
10313 33.57
10741 33.48
10355 33.49
19452 35.93
7824 34.80
10905 33.77
10596 33.65
10106 33.79
10149 33.61
10635 33.43
10198 33.49
10105 33.70
10213 33.39
10235 33.35
10328 33.29
10104 33.43
10458 33.25
10536 33.22
10271 33.21
19392 36.18
8355 34.57
10533 33.67
10945 33.41
10148 33.53
10139 33.47
10608 33.44
10699 33.41
10347 33.47
10333 33.60
10513 33.29
10190 33.46
10675 33.45
10080 33.42
10298 33.27
10646 33.12
19761 35.95
8005 34.48
10808 33.47
10783 32.99
10052 33.22
9796 33.13
10491 32.86
10278 32.86
10299 32.80
10632 32.68
10359 32.80
10163 32.78
10532 32.64
10837 32.50
10553 32.64
10110 32.82
19644 35.97
8380 34.42
10901 33.24
10761 33.20
10167 33.22
10331 33.18
