15120 38.38
9221 34.76
11066 33.05
12485 32.75
11036 33.00
12402 31.96
13024 31.75
13537 31.59
10784 32.49
10489 32.41
11468 32.39
11314 32.08
13103 31.79
11630 32.15
11461 32.49
12526 32.16
19879 35.56
9244 33.83
11682 32.82
12205 32.68
10826 32.80
11103 32.95
11397 32.94
10820 32.96
11126 32.97
11143 32.84
11846 32.68
11272 32.82
11549 32.66
11051 32.90
10509 33.05
11317 32.75
21121 35.01
8142 34.49
11556 33.21
11488 32.53
11241 32.88
11046 32.70
10848 32.83
11522 32.72
10975 32.91
11025 32.77
11169 32.77
11512 32.73
10990 32.92
11163 32.99
12552 32.56
12423 32.35
21574 35.19
8545 34.66
11841 33.32
11712 33.18
10846 33.31
10708 33.35
11457 32.92
11065 32.98
11251 33.02
11204 33.02
11024 32.90
11426 32.79
11159 32.81
11092 32.85
11151 32.83
11436 32.77
20822 35.21
8666 34.23
11680 33.10
11318 32.90
11390 32.89
10867 32.99
11294 32.81
11646 32.75
11047 32.93
10834 33.06
11212 32.70
11287 32.66
11342 32.58
10897 32.64
11211 32.51
11314 32.67
21211 34.91
8443 34.07
11606 32.93
11493 32.84
10906 32.86
11536 32.81
11005 32.72
11673 32.56
11140 32.81
10990 32.80
11234 32.73
11738 32.70
11283 33.03
11017 33.02
11161 33.03
11377 32.98
21874 34.89
8994 34.04
11668 33.24
11513 32.94
10814 33.17
11412 32.99
11442 32.98
10502 33.15
11229 32.97
11237 32.79
10961 32.86
11197 32.81
11089 32.80
11274 32.71
11461 32.63
11178 32.71
21072 35.43
8937 34.17
11829 33.10
11474 33.03
10852 33.06
11490 32.87
11778 32.84
11352 32.92
10911 33.09
11496 33.02
11289 32.93
11122 33.03
11462 32.87
10628 33.02
11498 32.63
11471 32.60
21433 35.22
8923 33.79
11677 32.83
11422 32.60
11180 32.55
10811 32.72
10982 32.44
11274 32.26
11779 32.08
11317 32.25
10730 32.41
11472 32.13
11841 32.12
11365 32.17
11037 32.24
11580 32.12
21390 35.26
9077 33.87
11886 32.72
11603 32.66
11014 32.73
11428 32.54
