15568 38.15
9466 34.65
11415 32.88
12870 32.61
10814 33.04
10534 32.75
11217 32.56
11432 32.58
11322 32.41
11195 32.08
12448 32.04
11601 31.87
12859 31.83
11347 32.25
11731 32.36
13012 31.99
20403 35.35
9779 33.66
11452 32.95
11576 32.88
11037 32.78
11744 32.85
11559 32.88
11154 32.86
11159 32.84
11847 32.62
11909 32.60
11437 32.65
11339 32.65
11584 32.61
11573 32.83
10677 32.88
21585 34.80
8352 34.31
11949 33.04
11583 32.45
11659 32.65
11382 32.64
11143 32.74
11800 32.61
11291 32.80
11323 32.61
11413 32.52
11234 32.71
11437 32.59
11726 32.64
12829 32.35
12674 32.18
22274 34.90
8858 34.60
12156 33.13
11657 33.21
11238 33.14
11222 33.13
11547 32.83
11743 32.64
11291 32.94
11525 32.82
11328 32.73
11788 32.57
11463 32.70
11764 32.63
11332 32.71
11360 32.73
22165 34.70
8940 34.04
11837 33.01
11724 32.76
11535 32.82
11378 32.69
11477 32.68
11748 32.55
11530 32.75
10995 32.83
11745 32.48
11554 32.55
11599 32.41
11523 32.46
11353 32.40
11646 32.56
22598 34.35
8608 33.71
12305 32.58
11965 32.52
11307 32.66
11730 32.59
11315 32.68
11877 32.41
11459 32.65
11394 32.53
11656 32.60
11949 32.55
12792 32.35
13182 32.06
13874 31.84
13887 31.70
21576 34.99
9338 33.88
11332 33.41
11710 33.00
10982 33.12
11660 32.82
11623 32.78
11030 33.01
11664 32.74
11445 32.67
11432 32.63
12056 32.48
11366 32.68
11249 32.67
12139 32.36
11248 32.64
21712 35.21
8973 34.07
12072 32.94
11578 32.86
11415 32.85
11643 32.75
12253 32.64
11559 32.80
11221 32.90
11585 32.90
11973 32.66
11852 32.65
11427 32.82
10967 32.78
11755 32.49
11732 32.43
21900 35.00
9046 33.78
12060 32.60
11956 32.30
11420 32.50
10953 32.46
11597 32.22
11448 32.14
11627 32.04
11784 32.07
11839 32.00
11191 32.18
11614 32.06
12157 31.83
11730 32.01
11771 32.03
22073 34.99
9412 33.62
12223 32.47
11950 32.42
11181 32.57
11330 32.52
