1825 51.00
698 50.99
861 50.87
495 50.81
935 50.60
578 49.77
909 49.87
945 49.46
1122 48.60
986 47.45
954 47.93
1053 47.26
968 47.35
861 47.42
1012 47.22
1016 47.24
2334 51.00
643 49.40
1071 48.72
904 48.37
1098 48.40
925 47.90
959 47.81
1034 48.18
1014 47.92
1095 47.19
849 47.39
697 46.91
1046 47.73
1074 47.33
967 47.36
840 48.09
2261 51.00
568 49.65
850 48.13
1006 48.03
953 48.31
1032 47.62
950 47.60
875 47.25
1023 47.66
752 47.29
1055 47.14
727 47.33
1036 47.46
984 47.29
1367 46.44
1287 45.51
2166 51.00
753 50.25
860 49.29
914 48.45
693 47.80
822 48.04
800 47.79
886 47.54
898 47.56
790 47.31
706 47.69
730 47.19
1475 45.52
1209 45.84
1271 44.99
1302 44.35
2147 51.00
459 49.33
823 48.12
627 47.81
893 47.59
662 47.35
749 47.20
750 46.90
726 47.32
684 47.17
676 46.97
1495 45.87
1202 45.69
1305 45.25
1330 45.12
1237 44.57
2107 51.00
609 48.17
811 47.61
758 46.94
652 47.19
676 47.24
694 47.06
761 46.55
698 46.99
695 46.87
768 46.89
1327 46.53
1178 45.91
1411 45.16
1263 44.99
1344 45.08
2087 51.00
683 48.83
833 47.67
639 47.63
678 47.31
717 47.66
683 46.93
829 46.50
682 46.81
802 46.45
706 46.52
1262 45.91
1316 45.13
1292 45.05
1429 44.55
1338 44.30
2164 51.00
566 48.91
632 48.06
666 47.69
677 47.11
589 47.20
545 47.50
662 47.41
646 47.41
684 47.28
1341 46.04
1224 45.53
1416 45.09
1250 45.03
1343 44.56
1320 44.28
2226 51.00
425 48.59
750 47.29
618 47.26
682 46.74
682 46.89
512 47.12
667 46.41
723 46.75
807 46.42
634 45.94
1270 45.33
1319 45.16
1251 44.26
1374 44.12
1203 43.71
2232 51.00
690 48.46
806 47.23
918 47.54
709 47.14
775 46.95
