16019 37.90
9687 34.47
11641 32.69
12817 32.51
11811 32.59
12798 31.74
13856 31.32
13751 31.49
11497 32.27
11568 31.92
11777 32.19
12642 31.61
13916 31.41
12048 31.97
12031 32.25
12933 31.89
20847 35.15
9885 33.59
11698 32.84
11468 32.95
11589 32.47
12356 32.51
11201 32.93
11675 32.64
12082 32.49
11717 32.53
12434 32.42
11638 32.54
11739 32.49
12130 32.38
12749 32.16
11566 32.55
23205 34.10
9140 33.85
12057 32.77
11530 32.38
12266 32.41
11653 32.41
11403 32.55
12062 32.42
12119 32.32
11824 32.41
11560 32.48
11488 32.52
11769 32.54
12023 32.53
13160 32.18
13107 32.04
22915 34.66
9126 34.37
12218 33.08
12375 32.80
11423 33.09
11409 32.94
11985 32.63
11915 32.56
11710 32.68
11800 32.66
11695 32.57
11787 32.46
11868 32.47
12161 32.36
11965 32.40
11927 32.55
23158 34.27
9088 33.98
12175 32.82
11998 32.56
12040 32.65
11389 32.63
11951 32.50
12123 32.48
11581 32.72
11622 32.60
11816 32.41
11815 32.39
11839 32.34
12179 32.19
11781 32.26
12091 32.21
23228 34.09
9040 33.55
12405 32.52
12370 32.28
11805 32.50
11619 32.50
11903 32.31
12227 32.34
11617 32.61
11693 32.46
11730 32.45
12479 32.36
13081 32.12
13465 31.96
14018 31.80
13609 31.79
23214 34.32
9032 33.98
12163 32.97
11905 32.84
11516 32.87
11739 32.72
12061 32.57
11802 32.68
11672 32.60
11680 32.54
11814 32.48
12327 32.40
11701 32.45
11660 32.47
12221 32.33
11734 32.28
22301 34.96
9386 33.86
12132 32.79
12200 32.64
12069 32.49
11583 32.69
11794 32.54
12521 32.43
11770 32.62
11894 32.72
12115 32.58
11515 32.70
11668 32.70
11459 32.62
11944 32.38
12139 32.25
22550 34.75
9460 33.54
12214 32.50
12163 32.22
11960 32.14
11654 32.28
11515 32.25
11653 32.09
11913 31.91
12195 31.92
11906 31.94
11632 31.94
11999 31.92
12396 31.70
11942 31.80
11852 31.97
22672 34.76
9580 33.52
12644 32.28
11946 32.32
11686 32.30
11998 32.21
