16450 37.67
9993 34.25
11429 32.74
13287 32.29
12231 32.39
13241 31.58
14230 31.15
14310 31.22
14034 31.13
11714 31.77
12341 31.94
12510 31.47
14202 31.21
11558 32.04
12163 32.10
12596 32.02
21250 34.96
9073 33.85
12619 32.37
12222 32.55
11799 32.31
12492 32.43
11628 32.73
11927 32.47
12253 32.35
12076 32.32
12715 32.27
11975 32.37
12108 32.37
12237 32.34
11948 32.45
11627 32.46
22649 34.35
8953 33.96
12653 32.58
12364 32.08
12005 32.37
12144 32.24
11585 32.45
12447 32.22
12101 32.24
11899 32.29
12384 32.09
11941 32.34
11959 32.39
12826 32.25
13368 32.08
13395 31.96
23348 34.50
9248 34.26
12719 32.78
12748 32.70
11681 32.85
11783 32.84
12271 32.40
12356 32.37
11706 32.66
12316 32.45
11942 32.46
12042 32.33
12361 32.25
12215 32.26
12048 32.33
12201 32.28
23557 34.09
9356 33.75
12484 32.74
12235 32.43
12411 32.57
11613 32.48
12300 32.30
12344 32.24
12198 32.44
12021 32.52
11825 32.41
12356 32.16
12088 32.20
12266 32.10
11936 32.11
12783 32.02
22950 34.19
9227 33.46
12718 32.40
12497 32.21
11556 32.49
12474 32.21
12085 32.15
12458 32.12
12145 32.27
11943 32.30
12187 32.28
12662 32.27
13456 32.04
14334 31.72
14157 31.66
13885 31.73
23722 34.16
9746 33.53
11917 33.14
12432 32.70
11991 32.71
11946 32.61
12250 32.52
11664 32.59
12280 32.36
11912 32.48
12058 32.34
12035 32.39
11830 32.39
12333 32.19
12375 32.27
11995 32.22
22792 34.76
9788 33.56
12660 32.64
12411 32.55
11861 32.58
12238 32.45
12628 32.28
12237 32.42
11709 32.56
12349 32.48
12563 32.32
12462 32.39
12128 32.49
11342 32.62
12425 32.22
12525 32.12
23204 34.51
9690 33.31
12644 32.37
12221 32.10
11683 32.21
12054 32.13
11875 31.98
12377 31.80
12336 31.69
12219 31.92
12130 31.91
11907 31.79
12189 31.73
12816 31.54
12283 31.70
12117 31.74
23073 34.56
9918 33.39
12772 32.16
12434 32.19
11877 32.21
12450 32.04
