17876 36.86
11081 33.49
13351 31.81
15102 31.42
13080 31.77
14360 30.86
15525 30.44
15763 30.61
15506 30.49
12939 31.15
13592 31.30
13668 30.94
14671 30.92
12755 31.42
13583 31.34
14706 31.08
23482 34.06
11285 32.48
13357 31.92
12850 32.14
13047 31.71
13351 31.96
13032 32.07
13143 31.89
13570 31.77
13023 31.81
13967 31.61
13140 31.74
13245 31.75
13692 31.63
14557 31.31
15012 31.05
26201 33.04
10446 32.96
13749 31.98
13051 31.56
13333 31.85
13357 31.59
12645 31.85
13671 31.66
13362 31.74
12865 31.70
13075 31.71
13093 31.77
13233 31.72
13824 31.77
14822 31.48
14742 31.32
25667 33.61
10865 33.36
13259 32.34
13948 32.10
13046 32.09
12782 32.27
13500 31.85
13025 31.95
13280 31.84
13419 31.85
13062 31.82
13370 31.71
13346 31.67
13718 31.71
13394 31.75
13409 31.79
26022 33.22
10503 33.09
12652 32.58
14453 31.61
12968 32.02
13064 31.85
13277 31.75
13841 31.64
12981 31.95
12959 31.92
13429 31.59
13223 31.65
13350 31.59
13279 31.44
13184 31.44
13474 31.53
26023 33.01
10604 32.62
13817 31.74
13744 31.50
12984 31.79
13556 31.70
13235 31.68
13600 31.45
13307 31.80
13251 31.67
13366 31.68
13786 31.69
14666 31.39
15569 31.09
15379 31.06
15410 31.07
26258 33.20
10410 33.12
13880 32.16
13073 32.17
12841 32.15
13390 31.92
13625 31.79
13341 31.88
12866 32.10
13326 31.78
13263 31.76
13597 31.69
12942 31.80
13441 31.71
13636 31.63
12979 31.74
25165 33.86
10635 33.03
13610 32.10
14058 31.85
13016 32.01
13234 31.85
14180 31.66
13414 31.86
12947 32.08
13358 31.92
13631 31.80
12947 31.94
13106 31.90
13050 31.81
13562 31.59
13623 31.61
25411 33.65
10734 32.65
13886 31.64
13582 31.39
13052 31.58
13019 31.58
13134 31.34
13389 31.20
13920 31.03
13435 31.23
13348 31.27
13199 31.17
13469 31.07
13804 30.99
13527 31.15
13409 31.08
25354 33.70
10890 32.81
13925 31.65
13531 31.72
13301 31.60
13656 31.54
