2636 51.00
497 50.88
743 50.28
932 48.80
1299 47.88
1162 47.17
1396 46.50
1192 46.25
1225 46.16
1289 45.47
1398 45.16
1284 44.41
1505 44.32
1248 44.75
1375 44.88
1299 44.79
2622 51.00
598 48.21
1389 47.93
1045 47.84
1287 46.79
1306 46.29
1305 46.47
1265 45.85
1304 45.88
1367 45.53
1329 45.36
1188 45.24
1129 45.96
1490 45.12
1424 45.27
1242 45.87
2574 51.00
769 48.64
1229 46.57
1290 45.84
1234 45.67
1192 45.81
1216 45.46
1231 45.38
1332 45.81
1126 45.30
1369 45.10
1119 45.57
1352 45.08
1310 45.18
1012 45.60
1831 44.71
2530 51.00
1082 47.62
1204 47.32
1199 46.58
1074 45.94
1211 46.32
1081 46.01
1361 45.42
1160 45.63
1182 45.84
1045 45.54
1182 45.13
1049 45.13
1087 45.22
1796 44.81
1476 44.66
2505 51.00
1056 46.36
1155 46.05
967 45.77
1148 46.08
1054 45.67
1010 45.48
1224 45.08
1084 45.24
1143 45.15
1021 45.37
1070 45.52
987 44.84
1738 44.75
1539 44.40
1694 43.36
2536 51.00
1193 45.69
1167 45.05
1133 45.40
980 45.44
1034 45.33
1040 45.46
1159 45.07
979 45.16
922 45.29
1152 44.78
1127 44.84
1613 44.88
1575 44.58
1653 44.02
1655 43.70
2590 51.00
441 47.35
1111 47.03
1152 45.62
1010 45.89
1105 45.78
1086 45.48
994 45.18
1071 45.12
920 45.32
1044 44.82
1127 44.68
1128 44.41
1715 44.17
1502 43.97
1730 43.33
2511 51.00
622 47.28
928 46.59
1074 45.87
948 45.49
1042 45.57
1098 45.03
1139 44.93
925 45.77
1023 45.40
1105 45.01
1095 44.91
1751 44.74
1638 44.21
1610 43.46
1593 43.66
2538 51.00
1145 45.72
1128 45.50
1058 45.09
978 44.80
1063 44.98
925 44.48
1083 44.63
1057 44.54
1155 44.24
1111 44.36
1033 44.35
1603 43.62
1650 42.86
1641 42.74
1557 42.66
2539 51.00
540 47.33
1150 46.62
1242 46.43
1168 45.66
1180 44.80
