19965 35.91
12457 32.77
14426 31.32
16185 30.89
14797 31.06
16221 30.21
16986 29.91
17396 29.91
17639 29.59
14566 30.39
15002 30.61
14899 30.45
15905 30.39
14837 30.56
14816 30.71
16498 30.36
25859 33.16
12216 32.14
14494 31.37
14419 31.48
14542 31.04
15183 31.14
14237 31.45
14468 31.23
14456 31.27
14876 31.04
15416 30.99
14767 31.04
15058 30.97
16219 30.68
15901 30.67
16204 30.58
29021 32.08
12521 31.96
14576 31.42
14878 30.81
14880 31.01
14647 30.99
14311 31.10
15187 31.00
14737 31.03
14417 31.01
15001 30.84
14808 31.03
15031 30.99
14964 31.14
16250 30.76
17007 30.43
28566 32.65
12217 32.62
14803 31.67
15170 31.49
14622 31.45
14281 31.58
14946 31.15
14883 31.07
14532 31.29
14715 31.20
14736 31.06
14774 31.01
15026 30.98
15068 31.06
14423 31.05
14745 31.09
28831 32.26
11783 32.28
15259 31.26
14592 31.27
15195 31.14
15132 31.02
15030 30.95
14993 31.09
14707 31.17
14266 31.36
14909 30.92
14779 30.97
14649 30.91
14885 30.71
14669 30.81
15232 30.62
29247 31.93
11732 32.16
15069 31.04
15460 30.78
14871 30.96
14519 31.05
14838 30.85
15246 30.70
14618 31.26
14554 31.00
14793 30.94
15485 30.85
16448 30.61
17171 30.30
16998 30.33
17100 30.25
29179 32.23
12355 32.12
15263 31.41
14626 31.45
14502 31.39
14634 31.25
15063 31.13
14664 31.21
14630 31.25
14507 31.15
14818 31.10
15071 30.98
14378 31.13
15002 30.98
15016 30.92
14561 31.04
27882 32.89
11922 32.21
15325 31.30
15275 31.18
14602 31.24
14744 31.15
15633 30.94
14886 31.15
14339 31.29
15132 31.19
15022 31.10
14519 31.23
15322 31.10
14803 31.06
14437 31.01
14614 30.99
28246 32.66
11993 31.92
15356 30.97
15407 30.60
14778 30.76
14243 30.85
14680 30.62
14854 30.54
15303 30.32
14676 30.51
14526 30.61
14675 30.51
14947 30.40
15454 30.19
15276 30.31
14731 30.47
28249 32.71
12207 32.02
15694 30.80
15205 30.82
14627 30.82
15028 30.73
