20695 35.55
12856 32.56
15103 31.00
17099 30.50
17272 30.08
18196 29.33
18080 29.34
18015 29.53
15211 30.33
15187 30.13
15343 30.40
16025 30.00
17804 29.74
15753 30.14
15608 30.37
17063 30.08
26816 32.82
13225 31.67
15063 31.10
15529 30.95
14797 30.82
15301 30.97
15631 30.91
14840 30.99
14995 30.93
15630 30.72
15881 30.68
15399 30.78
15894 30.59
16767 30.36
17621 30.08
17221 30.05
30110 31.72
13123 31.66
14719 31.30
15664 30.54
15504 30.80
15249 30.73
14719 30.85
15771 30.72
15345 30.74
15005 30.74
15824 30.59
15340 30.79
15136 30.83
15959 30.72
16978 30.46
17079 30.30
30676 31.98
13647 31.93
13533 32.05
16243 31.04
15208 31.18
14975 31.29
15261 30.90
15794 30.65
15388 30.92
15202 31.04
15254 30.87
15150 30.77
15583 30.62
15835 30.64
15449 30.72
15381 30.85
30162 31.88
13198 31.76
13826 31.84
15965 30.79
14951 31.09
15043 30.99
16014 30.57
15233 30.88
15508 30.83
15170 30.96
15265 30.62
15433 30.63
15226 30.59
15536 30.38
15183 30.52
15880 30.40
30234 31.67
13207 31.53
15437 30.80
15765 30.65
15468 30.72
14991 30.93
15344 30.64
15649 30.57
15382 30.71
15318 30.70
15204 30.67
16072 30.66
16818 30.43
18194 29.84
18545 29.71
18300 29.72
30337 31.86
12921 31.82
15956 31.14
15049 31.19
15068 31.09
15251 31.01
15833 30.79
15285 30.92
15126 31.12
15097 30.89
15499 30.80
15638 30.70
15013 30.90
15423 30.79
15652 30.69
15160 30.78
29073 32.54
12651 32.00
15675 31.09
15929 30.93
15304 30.92
15327 30.90
16182 30.72
15460 30.94
15172 31.08
15521 30.95
15657 30.84
14938 30.99
15240 30.97
15036 30.98
15405 30.71
15612 30.55
29140 32.39
12636 31.69
15761 30.71
15733 30.32
15092 30.61
15604 30.39
14885 30.49
15272 30.27
15360 30.21
15885 30.17
15599 30.11
15111 30.26
15618 30.17
16163 30.00
15550 30.12
15431 30.14
29350 32.36
12707 31.80
16192 30.53
15849 30.52
15232 30.57
15627 30.47
