21265 35.26
13428 32.33
15686 30.70
17157 30.42
18337 29.74
18591 29.17
18795 29.06
19198 29.11
19019 29.03
15880 29.90
16117 30.12
16580 29.73
17416 29.75
15340 30.19
16157 30.21
16504 30.23
28015 32.42
12448 31.89
16528 30.52
15993 30.68
15776 30.46
16601 30.44
15354 30.91
15613 30.65
15695 30.74
16190 30.50
16077 30.59
16187 30.46
16539 30.28
17498 30.08
17959 29.81
17951 29.79
31342 31.35
13741 31.38
15522 30.89
16202 30.24
16078 30.55
15907 30.43
15389 30.59
16280 30.43
15936 30.47
15728 30.48
15764 30.47
15618 30.57
15918 30.51
16297 30.50
18016 30.04
17755 30.00
30937 31.89
13910 31.80
15695 31.18
16846 30.76
15842 30.85
15365 31.01
16025 30.61
15887 30.60
15822 30.70
15953 30.65
15850 30.54
16127 30.48
15908 30.47
15953 30.56
15999 30.48
16044 30.50
30733 31.69
14050 31.32
14883 31.27
16457 30.55
15916 30.68
15797 30.64
15927 30.56
16249 30.46
16239 30.45
16133 30.51
15831 30.39
16075 30.33
15873 30.33
16305 30.19
15575 30.26
15865 30.39
31547 31.22
13693 31.15
15940 30.51
16169 30.36
15737 30.52
15683 30.69
16381 30.26
15844 30.34
16221 30.36
15874 30.52
15930 30.40
16625 30.35
18284 29.78
18508 29.61
18823 29.46
19591 29.25
31660 31.49
13771 31.38
15999 30.99
16340 30.65
15404 30.88
16036 30.66
16289 30.60
15451 30.78
16154 30.56
15850 30.58
15930 30.57
15876 30.57
15783 30.59
15896 30.54
16402 30.37
15875 30.43
30183 32.18
13321 31.67
16415 30.77
16556 30.58
15537 30.74
16127 30.61
16706 30.49
16233 30.60
15631 30.79
16113 30.72
16185 30.56
15796 30.70
16257 30.58
15293 30.71
16105 30.41
16361 30.32
30405 31.99
12997 31.45
16730 30.37
16238 30.17
15677 30.37
15547 30.29
16006 30.14
15987 30.05
16417 29.84
15975 29.96
15597 30.11
15913 29.94
15879 29.91
16130 29.89
16964 29.72
17981 29.20
30414 32.00
13769 31.29
16248 30.40
16401 30.28
15984 30.24
16271 30.20
