24238 34.01
15312 31.30
18453 29.65
19885 29.39
20786 28.84
20688 28.44
21998 28.02
22016 28.17
21505 28.15
18346 28.92
18399 29.15
18971 28.90
19690 28.96
18374 29.05
18260 29.30
20239 28.89
31906 31.16
15784 30.42
18177 29.60
18626 29.68
17798 29.50
18861 29.58
17834 29.95
17856 29.71
17948 29.70
18716 29.51
18964 29.47
18327 29.54
19063 29.39
20104 29.07
20778 28.89
20501 28.84
35837 30.06
17141 29.99
18387 29.71
17770 29.52
18720 29.52
18168 29.48
17812 29.62
18682 29.55
18302 29.55
17836 29.52
17809 29.53
18178 29.53
18531 29.49
19197 29.49
20166 29.25
20385 29.09
35408 30.61
17059 30.52
17625 30.28
18095 30.15
19000 29.75
18211 29.91
18069 29.74
18409 29.65
18017 29.77
18399 29.66
18176 29.63
18467 29.50
18670 29.52
18538 29.54
17978 29.63
17918 29.70
35734 30.22
16263 30.46
17693 30.09
19149 29.51
18774 29.63
17881 29.73
18283 29.58
18707 29.46
18571 29.56
17847 29.68
18108 29.41
18223 29.46
18309 29.29
18107 29.32
18178 29.22
18392 29.32
36407 29.87
15901 30.11
18112 29.53
18715 29.40
18180 29.46
18425 29.43
18440 29.30
18941 29.26
18691 29.44
18008 29.45
18520 29.46
19086 29.40
20908 28.76
21487 28.58
22005 28.41
21591 28.44
36219 30.18
16316 30.35
17903 30.05
18913 29.65
17831 29.93
18221 29.74
19012 29.54
18472 29.62
18030 29.78
18320 29.61
18185 29.65
18089 29.58
18137 29.61
18519 29.54
18791 29.41
20551 28.80
36449 30.39
16189 30.39
17654 30.04
18559 29.74
18216 29.70
18360 29.65
19353 29.47
18651 29.69
17871 29.83
18440 29.70
18871 29.56
17866 29.81
18908 29.57
18132 29.54
18218 29.51
18940 29.30
35035 30.63
15169 30.48
18706 29.45
19070 29.15
18553 29.21
18427 29.26
17695 29.32
18685 29.00
18837 28.91
18338 29.01
17910 29.18
18464 28.99
18313 29.03
18551 29.02
19082 28.83
18525 29.03
36634 30.21
16259 30.22
18094 29.51
19347 29.21
18217 29.36
18772 29.25
