25329 33.57
16154 30.93
20725 28.94
21962 28.70
22501 28.16
22458 27.77
22248 27.90
22581 27.97
22166 27.97
19334 28.59
19376 28.84
19821 28.56
20950 28.58
18963 28.81
19114 29.00
21147 28.56
33183 30.76
15548 30.42
19902 29.20
18932 29.49
18857 29.25
20178 29.17
20454 29.05
18763 29.34
18758 29.49
19408 29.23
19761 29.16
19460 29.17
19865 29.05
21037 28.80
21737 28.54
21497 28.49
37564 29.59
18111 29.60
19215 29.39
19186 29.02
19529 29.23
19013 29.23
18492 29.29
19675 29.15
19195 29.21
18954 29.20
19575 29.04
19469 29.12
19646 29.13
19781 29.24
21462 28.83
21260 28.68
37105 30.16
17650 30.32
18728 29.91
19641 29.60
19350 29.49
18641 29.72
19244 29.35
19143 29.38
19008 29.44
19227 29.44
18926 29.29
19250 29.18
19702 29.09
19505 29.21
18864 29.24
19127 29.25
37474 29.75
17232 30.04
18458 29.83
19470 29.37
19127 29.37
19089 29.28
19260 29.20
19744 29.13
19581 29.13
19387 29.21
18936 29.15
19388 29.00
19037 29.06
19087 28.98
19151 28.97
19177 28.99
38127 29.42
16857 29.76
18712 29.24
19461 29.04
19094 29.05
19562 29.06
19165 29.02
19900 28.92
19395 29.13
18886 29.17
19175 29.09
20184 29.05
21999 28.48
21964 28.38
23093 28.13
22644 28.15
38037 29.69
18365 29.58
18831 29.66
18877 29.55
19087 29.51
19252 29.37
19610 29.25
18588 29.44
19614 29.29
18806 29.38
19259 29.25
19633 29.17
18909 29.32
19310 29.25
19595 29.14
19241 29.21
36461 30.39
16444 30.25
19226 29.54
20071 29.26
19426 29.23
19278 29.37
20058 29.22
19470 29.30
18776 29.48
19224 29.42
19874 29.22
19011 29.40
19566 29.29
18236 29.51
19502 29.09
19601 29.00
38346 29.74
16734 29.80
18682 29.32
20323 28.68
19673 28.85
19207 28.91
18666 29.00
19268 28.73
19815 28.56
19422 28.72
19298 28.69
19185 28.74
19381 28.67
20202 28.45
19870 28.54
21610 28.02
36735 30.20
16514 30.26
19578 29.09
19654 29.09
19171 29.05
19508 28.98
