25781 33.43
16410 30.77
19896 29.09
21145 28.97
22778 28.18
22028 27.97
23566 27.56
22917 27.91
22803 27.70
19707 28.43
19627 28.77
20070 28.52
21160 28.53
19457 28.68
19224 28.93
20130 28.81
33713 30.62
15674 30.36
20208 29.06
19480 29.26
19156 29.11
20342 29.04
20923 28.90
19353 29.22
19168 29.35
19548 29.18
20027 29.09
19695 29.09
20220 28.94
21422 28.65
22162 28.43
21833 28.39
37941 29.49
18561 29.50
19241 29.33
18841 29.15
19924 29.09
19138 29.13
19100 29.11
19877 29.09
20122 28.93
19779 28.97
19451 29.02
18962 29.19
19479 29.16
19758 29.25
22007 28.72
21670 28.61
37760 29.98
18275 29.99
18702 29.81
19272 29.64
19969 29.33
19752 29.35
19272 29.29
19944 29.13
19153 29.36
19653 29.28
19336 29.19
19462 29.07
19902 29.04
19925 29.08
19092 29.19
19361 29.15
37949 29.63
17433 29.93
18831 29.66
19657 29.25
19699 29.23
19164 29.19
19297 29.16
19805 29.10
19997 29.01
19634 29.14
19259 28.97
19409 29.01
19538 28.89
19189 28.91
19350 28.85
19755 28.85
38780 29.27
17062 29.59
18902 29.16
20101 28.88
20271 28.77
19192 29.15
19782 28.90
19891 28.84
19804 28.99
19129 29.10
19633 28.96
20598 28.91
22328 28.37
22988 28.11
23478 27.96
22922 28.06
38583 29.56
18190 29.61
19347 29.51
19168 29.47
19391 29.37
19318 29.30
19962 29.14
19121 29.34
19935 29.21
19062 29.32
19555 29.16
20018 29.06
19011 29.25
19533 29.15
20130 29.02
21649 28.40
38689 29.79
17282 29.87
18947 29.53
19813 29.34
20118 29.11
19233 29.30
19683 29.27
20308 29.15
19783 29.18
19236 29.44
20187 29.11
19117 29.31
19967 29.20
18627 29.36
19907 28.97
19779 28.97
39164 29.54
18033 29.45
18929 29.23
19406 28.85
19628 28.89
19755 28.77
19161 28.82
19395 28.69
19430 28.67
20152 28.49
19601 28.57
19459 28.64
19392 28.66
19581 28.59
19520 28.57
20208 28.44
37348 30.02
17072 29.84
19884 28.97
20363 28.84
19427 28.92
20005 28.78
