25998 33.34
16635 30.69
21565 28.66
21957 28.68
23448 27.90
23379 27.55
23143 27.58
23448 27.72
23125 27.67
20038 28.32
19883 28.69
20670 28.30
21788 28.23
19647 28.54
19913 28.77
22331 28.17
34258 30.47
16718 29.88
19732 29.07
19902 29.11
19420 28.98
20641 28.92
21332 28.78
19720 29.10
19247 29.25
19964 29.01
20673 28.96
19783 29.02
20473 28.88
21884 28.55
22480 28.32
22193 28.32
38583 29.32
18824 29.38
19048 29.39
19266 29.02
20128 29.01
19035 29.18
19432 29.00
20279 28.99
19628 29.03
19400 29.00
19736 28.96
19510 29.08
19488 29.08
20200 29.06
22554 28.50
22102 28.49
38407 29.83
18505 29.91
18937 29.71
20218 29.37
20124 29.29
19927 29.28
19510 29.19
19616 29.11
19711 29.20
19552 29.28
19764 29.07
19879 29.03
20163 28.96
20399 28.89
19457 29.05
19586 29.06
38694 29.46
17800 29.81
19495 29.36
20058 29.11
19833 29.15
19560 29.05
19656 29.03
19985 29.03
20343 28.93
20020 28.92
19577 28.91
20251 28.75
19686 28.81
20054 28.61
19462 28.83
20090 28.75
39389 29.12
18858 29.09
19110 29.02
20109 28.80
19605 28.91
20035 28.92
19876 28.83
20459 28.75
19967 28.88
19496 28.94
19967 28.84
20861 28.79
22520 28.27
22740 28.13
23694 27.94
24067 27.76
38942 29.47
18697 29.49
19266 29.48
19500 29.35
19659 29.31
19649 29.19
20384 29.06
19978 29.08
19565 29.20
19795 29.09
19747 29.12
20392 28.94
19204 29.17
20035 29.00
20381 28.94
21991 28.31
39307 29.62
17593 29.74
19186 29.46
20007 29.19
19509 29.23
20186 29.07
20708 28.98
20057 29.12
19318 29.27
19952 29.18
20511 29.04
20165 29.04
22618 28.30
23120 27.99
19466 28.95
19066 29.01
39601 29.43
18460 29.36
19426 29.02
20703 28.52
20107 28.64
19906 28.73
19460 28.74
19769 28.60
19573 28.59
20452 28.42
19907 28.45
19733 28.53
19915 28.51
19923 28.46
19689 28.50
20506 28.34
38027 29.87
17379 29.75
20021 28.91
20684 28.72
19686 28.85
20286 28.68
