27408 32.82
17831 30.23
22929 28.18
23501 28.17
24159 27.66
24939 27.18
26218 26.88
26184 26.97
26457 26.71
24508 26.95
24804 27.16
22885 27.56
23853 27.58
20492 28.20
21018 28.30
21486 28.33
36346 29.93
17806 29.44
20860 28.63
21276 28.63
20708 28.52
21341 28.64
22616 28.38
20765 28.65
20425 28.80
21420 28.56
21640 28.59
21112 28.59
21855 28.43
23139 28.14
23715 27.95
23424 27.91
40661 28.79
20186 28.95
20562 28.82
20293 28.63
21469 28.58
20385 28.74
20349 28.72
21381 28.58
21543 28.44
21406 28.42
20895 28.54
20378 28.70
20975 28.61
21390 28.66
23559 28.18
23496 28.02
41876 28.97
21192 29.15
21584 28.81
20331 29.18
20496 29.03
20677 29.00
21197 28.70
21019 28.73
20632 28.86
20663 28.87
20785 28.70
21219 28.52
21208 28.57
21480 28.62
20541 28.65
20398 28.76
41043 28.88
20351 28.94
20889 28.86
20932 28.74
21257 28.70
20864 28.65
21135 28.58
21486 28.52
21471 28.56
21138 28.59
20559 28.54
21348 28.40
20789 28.38
21435 28.20
20509 28.42
21170 28.34
41312 28.67
20372 28.58
21274 28.40
20664 28.58
21116 28.49
21072 28.54
21312 28.42
21165 28.38
21487 28.41
20661 28.54
21224 28.43
21774 28.47
23684 27.90
23722 27.86
24972 27.52
26359 27.07
41437 28.85
19771 29.06
20518 29.07
20765 28.94
20752 28.93
20765 28.76
21811 28.62
21203 28.66
20832 28.84
20833 28.73
21008 28.65
21458 28.54
20499 28.77
20978 28.66
21549 28.49
23414 27.92
41587 29.08
19828 29.07
20224 29.03
21293 28.77
20662 28.81
21262 28.66
21912 28.55
21313 28.70
20600 28.85
20887 28.80
21721 28.58
20469 28.84
21511 28.61
21078 28.66
20900 28.58
21529 28.37
41950 28.87
19380 28.92
20612 28.64
21843 28.15
21459 28.25
20860 28.36
20494 28.39
21111 28.16
21641 27.99
21098 28.09
20673 28.24
20856 28.15
21121 28.08
21958 27.85
21567 27.90
21053 28.05
40168 29.32
18631 29.26
21575 28.43
21503 28.40
21055 28.41
21420 28.33
