28941 32.35
18803 29.86
24462 27.70
24700 27.77
25873 27.19
24999 27.08
27197 26.59
26516 26.85
26200 26.77
22266 27.58
22471 27.85
22831 27.63
24386 27.47
21308 27.94
22241 27.95
24207 27.53
38165 29.45
19193 29.03
22230 28.26
22161 28.39
21763 28.21
23147 28.12
23979 27.97
21967 28.29
21556 28.48
22471 28.24
22707 28.22
22221 28.23
23053 28.05
24274 27.79
24982 27.53
26094 27.15
42667 28.30
21538 28.49
21636 28.47
21274 28.25
22730 28.20
22025 28.19
21625 28.28
22615 28.21
22239 28.23
21784 28.28
22350 28.10
21774 28.26
21936 28.28
22371 28.35
24965 27.80
24592 27.72
42898 28.73
22206 28.77
22049 28.68
22188 28.68
22456 28.46
22410 28.51
21979 28.40
22663 28.23
21649 28.44
21860 28.47
22145 28.30
22117 28.19
22655 28.12
22844 28.09
21770 28.27
22002 28.26
43309 28.33
21554 28.56
22106 28.45
21592 28.53
22175 28.36
22046 28.24
22623 28.13
22569 28.12
22825 28.16
22145 28.28
22033 28.13
22315 28.04
22025 28.04
22094 27.96
21885 28.01
22426 27.95
44056 28.02
21553 28.22
22523 28.01
21840 28.18
22101 28.08
22453 28.12
22474 28.00
22783 27.96
22151 28.16
21912 28.12
22295 28.06
23113 28.03
25135 27.54
24855 27.59
26117 27.30
26369 27.11
43490 28.37
21266 28.61
21559 28.70
21934 28.58
21933 28.55
22208 28.43
22501 28.31
21731 28.48
22215 28.37
21961 28.33
22181 28.30
22687 28.16
21774 28.35
22143 28.28
22779 28.10
24664 27.51
43936 28.52
21292 28.63
21350 28.67
22350 28.43
21742 28.44
22357 28.33
23089 28.19
22811 28.27
22501 28.27
21926 28.49
22683 28.26
21923 28.40
22610 28.27
21336 28.48
22059 28.15
22985 27.96
44411 28.29
21000 28.45
21310 28.35
22085 27.98
22087 27.96
22578 27.86
21842 27.94
22237 27.80
22684 27.60
22473 27.63
22319 27.68
22277 27.69
22086 27.71
22421 27.68
23402 27.44
24956 27.01
44524 28.31
21626 28.38
23144 27.82
22399 28.10
22380 27.99
22289 27.99
