30029 31.99
19657 29.48
25487 27.38
25765 27.43
27127 26.84
26060 26.74
26499 26.74
26760 26.85
26646 26.75
28405 26.10
28943 26.22
24597 27.03
25889 27.03
22362 27.59
22829 27.71
23851 27.60
39622 29.07
19998 28.79
23150 27.86
23120 28.04
22821 27.87
23712 27.89
24818 27.72
22988 28.00
22511 28.16
23318 27.97
23926 27.95
23064 27.98
23757 27.82
25441 27.48
26021 27.24
25975 27.21
44275 27.93
22528 28.18
22000 28.37
22472 27.94
23542 27.92
22736 27.93
22487 28.02
23335 27.95
22867 27.99
22687 27.94
23400 27.74
23361 27.81
23076 27.92
23686 28.02
25995 27.48
25739 27.37
46531 27.89
24894 27.94
24313 27.97
23107 28.35
22289 28.42
22683 28.37
22507 28.21
23351 27.99
23631 27.93
22886 28.13
22964 27.99
23030 27.91
23535 27.87
23430 27.93
22689 27.98
22909 27.97
45051 27.96
22638 28.16
22711 28.25
22557 28.20
23393 28.01
22964 27.95
23747 27.72
23398 27.86
23569 27.88
23266 27.88
22906 27.80
23283 27.74
22856 27.73
23447 27.50
22742 27.71
23196 27.70
45683 27.62
22635 27.86
23216 27.78
22689 27.89
23062 27.81
23334 27.84
23158 27.75
23653 27.68
23585 27.78
22669 27.94
23268 27.81
23871 27.77
26024 27.27
26800 27.02
27742 26.85
27192 26.84
45602 27.88
22075 28.30
22392 28.41
22777 28.30
22702 28.25
23106 28.09
23635 27.98
22573 28.21
23217 28.10
22852 28.06
23034 28.03
23747 27.88
22341 28.11
23237 27.95
23538 27.87
25404 27.33
45785 28.12
22138 28.34
22209 28.44
23246 28.17
22709 28.16
23355 28.01
23863 27.90
23504 27.99
22551 28.23
23182 28.16
23363 27.99
22918 28.08
23638 27.94
22900 27.97
22953 27.86
23661 27.74
46097 27.91
21959 28.14
22203 28.05
22987 27.69
22958 27.73
23501 27.58
22738 27.66
22801 27.54
22970 27.51
23681 27.35
23205 27.42
22860 27.51
23154 27.45
24004 27.20
23796 27.24
26152 26.68
44334 28.36
21354 28.49
22802 27.91
22961 27.91
23392 27.72
23308 27.68
