4137 49.76
2125 44.49
3041 42.16
2809 42.34
2976 41.84
2730 41.15
3093 40.88
3464 40.46
3119 40.43
2840 39.94
3395 40.01
3127 39.16
2958 40.01
3208 39.78
3526 39.74
3561 39.51
5092 46.50
3059 42.07
2822 41.56
3158 41.33
2781 40.95
2983 41.15
3193 40.75
2942 40.89
3130 40.57
2976 40.44
2857 40.71
3201 40.28
3171 40.46
2991 40.32
3060 40.36
2964 40.60
5837 45.46
2743 42.19
3042 41.42
3006 40.40
3341 40.60
2492 40.68
3175 40.40
3165 40.22
3460 40.14
2842 40.26
3235 40.07
3094 39.98
3204 39.98
3189 40.16
3164 40.08
3284 39.97
5642 45.86
2864 42.19
3033 41.50
3131 41.33
3103 40.97
2726 41.08
3201 40.51
2737 40.64
3514 40.06
2947 40.21
2940 40.29
3450 39.92
3354 39.54
3117 39.77
3213 39.84
3110 39.90
5798 45.51
2696 41.89
3323 41.02
2770 40.91
3277 40.57
3003 40.55
3210 40.08
3359 39.89
3014 40.19
3126 40.05
3279 39.82
3152 39.94
3194 39.77
3200 39.66
3225 39.63
3235 39.55
5741 45.40
2830 41.21
3246 40.86
3049 40.43
2969 40.39
3049 40.22
3307 39.79
3003 40.22
3284 39.89
3210 39.80
3070 39.89
3306 39.87
3078 40.14
3395 40.00
3064 40.11
3420 39.50
5803 45.66
2781 41.61
3047 41.27
3194 40.70
3128 40.45
3007 40.68
3018 40.47
3158 40.15
2974 40.24
3295 39.89
3130 39.73
3147 39.78
3226 39.69
3377 39.71
3082 39.76
3031 39.58
5819 45.63
2746 41.73
3226 40.93
3344 40.42
2901 40.50
2827 40.53
3199 40.52
3037 40.27
3077 40.19
3046 40.38
3252 40.02
3393 39.86
3063 40.04
3112 39.78
3424 39.53
3075 39.68
5726 45.78
2815 41.73
3136 41.02
2830 40.52
3391 40.22
2788 40.02
3177 39.82
3355 39.41
3231 39.31
2899 39.48
3193 39.30
3363 39.05
3278 39.11
3130 39.05
3212 38.87
3359 38.89
5928 45.69
2623 41.73
3279 40.91
2870 40.79
2993 40.41
2846 40.35
