5668 46.89
3237 41.92
3934 39.99
3912 40.29
4166 39.77
4065 38.96
4134 38.87
4364 38.63
4268 38.50
4157 38.10
4422 38.13
4254 37.39
4335 38.28
4441 37.82
4701 37.87
4756 38.04
7475 43.67
3814 39.71
4295 39.34
4331 39.01
4004 38.79
4326 38.81
4308 38.86
4276 38.69
4309 38.64
4367 38.42
4463 38.45
4098 38.62
3853 38.86
4280 38.62
4508 38.51
4115 38.65
7943 43.20
3615 40.00
4653 39.14
3774 38.75
4145 38.96
3874 38.95
4532 38.34
4301 38.69
4277 38.53
4395 38.23
4465 38.16
4056 38.42
4444 38.16
4426 38.39
4496 38.26
4248 38.37
7856 43.50
3675 40.34
4546 39.60
4199 39.47
4084 39.09
4390 38.95
4482 38.57
4140 38.54
4575 38.53
4123 38.52
4151 38.51
4465 38.24
4400 38.24
4632 38.13
4567 38.14
4298 38.32
7981 43.11
3566 39.82
4510 39.15
4239 38.77
4282 38.65
4298 38.48
4365 38.27
4447 38.39
4470 38.29
4232 38.33
4252 38.26
4561 38.09
4401 38.06
4265 38.03
4510 37.94
4338 38.06
8164 42.80
3696 39.62
4726 38.55
4077 38.64
4533 38.34
4255 38.49
4103 38.21
4235 38.29
4632 38.01
4562 37.80
4350 38.17
4232 38.30
4520 38.31
4387 38.42
4403 38.35
4532 38.13
7803 43.39
3769 39.72
4062 39.65
4308 39.11
4536 38.73
3909 38.83
4534 38.50
4328 38.57
4396 38.54
4329 38.27
4341 38.08
4324 38.13
4470 38.12
4298 38.04
4430 38.01
4444 37.73
8109 43.31
3731 39.68
4339 39.18
4332 38.83
4293 38.67
4198 38.62
4414 38.32
4486 38.30
4400 38.22
4364 38.42
4546 38.22
4535 38.05
4583 38.26
4224 38.25
4430 37.97
4610 38.02
8041 43.34
3571 39.75
4277 39.11
4226 38.63
3966 38.50
4422 38.17
4423 37.98
4152 38.08
4443 37.63
4455 37.61
4412 37.81
4255 37.64
4629 37.33
4563 37.48
4238 37.61
4303 37.45
7802 43.56
3872 39.61
4651 38.97
4450 38.64
3957 38.73
4291 38.37
