1046 51.00
98 51.00
291 51.00
453 51.00
317 51.00
459 51.00
461 51.00
154 51.00
560 50.50
95 51.00
229 50.48
239 48.06
407 47.39
202 50.31
330 49.07
336 46.89
351 49.13
301 48.67
328 49.01
296 48.14
431 47.78
240 48.99
325 48.05
279 48.33
334 47.38
354 47.41
332 48.11
358 48.85
421 48.01
306 48.20
359 48.01
302 48.37
1124 51.00
142 44.83
182 49.40
200 47.97
416 45.91
304 49.35
350 46.70
317 48.32
373 48.19
315 48.09
359 47.89
295 48.79
373 48.84
322 47.61
422 46.62
207 48.15
356 47.78
329 47.16
446 47.04
213 47.55
488 48.14
222 49.88
408 46.69
371 46.56
528 47.31
247 45.23
356 47.60
347 46.46
481 47.93
270 48.64
406 47.50
218 48.54
1222 51.00
145 47.42
225 48.88
142 50.40
344 47.73
414 46.22
398 48.41
209 50.67
384 49.02
343 47.84
429 46.85
204 49.69
430 48.86
272 49.02
335 48.30
328 47.13
457 48.21
261 49.37
389 49.21
266 49.26
535 47.66
302 48.35
313 49.42
245 48.02
473 46.14
207 49.64
377 47.99
299 46.03
516 48.22
217 45.94
355 47.79
393 46.41
1069 51.00
336 44.46
237 46.15
180 49.23
405 48.03
220 50.23
436 48.95
282 49.63
518 48.43
301 49.62
361 49.94
330 49.15
429 50.28
274 50.21
303 48.66
292 48.52
499 48.27
221 49.21
309 49.09
370 45.27
364 48.16
278 45.76
326 48.25
366 47.54
448 48.73
284 48.29
317 49.22
279 47.52
522 48.00
335 46.43
317 48.12
345 47.17
1049 51.00
191 44.51
258 48.16
191 46.34
441 45.21
311 49.65
387 47.69
345 48.84
539 49.12
240 47.55
328 47.31
320 47.80
447 47.46
254 49.34
341 48.82
349 48.02
453 48.87
231 49.45
373 49.80
339 48.99
494 48.28
163 49.63
264 48.84
345 48.20
426 48.57
332 48.17
463 48.19
306 48.95
541 48.08
204 48.52
353 47.66
344 46.86
1206 51.00
78 45.79
160 48.70
197 50.71
371 49.09
331 48.05
358 47.88
273 50.14
447 48.77
274 49.49
378 49.62
236 50.27
543 50.18
286 49.81
366 50.36
266 50.92
460 50.28
334 50.89
372 50.96
345 50.30
485 50.48
260 50.97
307 50.96
279 50.91
464 50.91
325 50.36
442 50.22
251 50.46
467 50.91
261 50.93
479 49.04
267 50.45
1226 51.00
156 51.00
241 51.00
215 50.83
464 51.00
180 51.00
289 50.69
209 50.30
447 50.96
221 51.00
316 50.88
284 50.79
415 50.93
221 50.05
323 50.33
231 50.82
498 50.42
222 49.97
366 50.69
286 50.49
519 50.29
210 51.00
358 50.73
194 50.15
445 50.50
204 50.74
346 49.36
218 49.80
475 49.85
234 49.75
428 50.71
287 48.69
1214 51.00
189 50.81
206 50.99
303 50.71
388 50.98
372 50.99
461 50.89
242 50.89
556 50.92
219 50.91
317 50.86
239 51.00
500 50.80
253 51.00
395 51.00
225 50.81
515 50.79
215 51.00
329 51.00
196 50.43
483 50.79
266 49.96
303 50.61
274 50.24
402 50.71
205 50.14
345 50.21
343 50.43
440 50.44
258 50.75
338 50.45
312 50.09
984 51.00
242 50.77
357 50.96
245 50.94
495 50.90
237 50.94
323 50.81
260 50.94
425 50.69
256 50.75
326 50.65
289 50.34
494 50.57
279 50.86
362 50.86
246 50.97
521 50.86
206 51.00
332 51.00
286 48.39
522 51.00
216 49.47
363 51.00
224 48.70
553 50.73
225 51.00
335 50.86
246 49.90
471 50.47
293 51.00
394 50.64
245 50.84
1067 51.00
178 51.00
288 51.00
190 51.00
609 50.79
204 51.00
317 50.50
239 51.00
483 50.55
209 51.00
368 50.77
234 50.75
