10580 32.74
1447 33.69
2866 32.14
3940 29.99
4379 31.28
4805 30.77
4171 31.29
3545 31.02
4671 30.76
3719 30.45
3989 30.06
3695 29.45
4816 30.09
3168 29.84
4169 29.84
3000 29.45
4790 29.43
4556 28.77
4219 28.82
3570 29.41
5062 29.27
3597 28.74
4654 28.50
3131 29.83
5118 29.96
3019 30.06
4308 29.17
2883 30.29
6016 28.76
2623 30.02
4527 29.35
3199 29.06
11633 32.16
646 33.27
3588 30.88
3693 29.57
4630 30.71
3758 30.52
4072 31.14
4244 30.34
4855 30.90
4334 30.00
4373 30.23
2692 30.88
4909 30.80
3730 30.57
4181 30.26
3393 30.50
5267 31.52
2605 31.35
4184 30.56
3246 30.54
5290 31.00
3697 31.34
4657 31.36
3030 30.77
5684 31.03
3397 30.76
4657 30.82
3234 31.09
5776 30.84
2669 32.23
4354 31.39
2951 31.69
11695 32.50
1165 35.56
2911 32.93
2911 31.45
2884 33.66
5101 29.92
4976 30.37
3257 31.27
5136 31.65
3636 30.74
5036 29.99
2315 31.24
4969 31.38
3296 31.30
4499 31.37
3102 31.04
4400 31.18
3262 31.10
4816 31.09
3458 31.52
5405 30.25
2877 30.12
4404 30.58
3705 31.40
3774 30.80
3529 31.08
5010 30.58
3664 31.10
5890 30.85
3020 30.97
3867 31.23
3451 30.79
11901 32.48
739 35.38
2509 31.96
3071 31.40
3795 32.95
4545 30.69
3105 32.80
5021 29.76
3173 33.76
5226 30.36
5042 31.09
3800 30.68
4429 32.59
4251 30.16
4752 30.32
3069 31.53
4822 32.32
2847 31.68
4078 30.51
2877 30.58
3972 32.30
3499 31.09
4878 31.14
2068 31.12
5079 30.88
2587 31.29
4142 31.19
2995 31.62
5407 31.41
3507 30.24
4553 30.10
2965 30.86
12035 33.13
400 34.69
1986 32.41
3271 31.61
3154 32.49
4669 30.47
5069 30.80
2704 30.44
4836 32.15
3898 30.56
4188 30.93
3533 30.58
4791 31.80
3885 32.22
4677 31.78
2477 31.77
5220 31.76
3280 32.18
4549 31.01
2119 32.46
5649 30.84
3701 31.35
4350 32.02
3109 31.53
5272 31.29
3314 30.99
4318 30.29
2900 30.57
4846 31.63
3670 31.61
4357 31.12
3046 30.52
12108 33.12
416 36.36
2479 32.69
1969 33.28
4452 33.34
3850 32.76
3920 33.05
3854 31.47
4200 34.06
4436 31.38
4098 32.83
3343 31.76
5446 32.98
2333 32.53
4028 32.53
3373 32.21
4763 33.39
3339 32.71
4667 32.38
2458 32.91
4684 33.43
3750 32.72
4929 32.84
2976 32.27
5257 33.61
3525 32.42
4856 32.72
2792 33.61
4789 33.68
3070 33.26
3728 33.29
3017 32.99
11994 34.11
569 38.59
2906 34.96
2827 33.99
4139 34.37
3578 32.97
3855 33.09
3704 32.25
3395 34.83
3987 32.98
5389 32.46
2946 32.87
4849 33.95
3787 32.21
4704 32.08
2673 32.37
3670 34.41
4021 32.84
5509 32.84
2924 32.48
5414 33.11
3930 32.49
4853 32.40
2754 33.15
4773 33.60
3735 32.92
4140 33.31
3516 32.79
5121 33.76
3103 32.81
4521 32.47
3277 32.35
11933 35.05
384 37.38
1754 34.27
2964 33.88
3574 34.68
3352 33.82
4336 33.11
3564 32.47
4449 34.24
4261 32.54
2812 34.09
4001 32.54
4180 33.95
3685 33.26
4740 33.15
2868 32.90
3733 34.98
3662 33.14
3967 33.34
3315 32.62
4226 34.25
4587 32.59
4113 33.62
2630 33.37
4216 34.51
4944 32.41
5371 32.86
2373 33.08
3951 34.77
4528 32.92
5536 32.81
2229 32.99
11750 35.42
816 36.99
1979 35.15
3203 33.61
3423 34.98
3738 33.60
4571 33.47
2564 32.87
3799 35.46
4767 32.66
3958 33.66
4089 32.71
4232 34.71
4142 33.15
5502 32.69
2129 33.48
4133 34.76
2946 34.21
3980 34.00
2560 34.41
4449 34.13
2792 34.36
4797 33.59
2661 34.06
4514 34.71
3384 34.02
4487 33.86
3219 33.73
5341 33.51
2593 33.84
4676 32.90
3382 33.35
11919 35.86
345 38.50
3145 34.87
3292 34.06
3635 35.95
3983 33.18
3586 33.79
4206 32.44
3846 34.39
4208 33.26
4634 33.60
3176 33.37
