1556 49.47
277 51.00
374 51.00
112 51.00
600 46.01
332 48.22
471 47.03
509 45.67
718 45.83
374 46.62
547 46.30
489 45.80
731 45.03
192 46.42
529 44.20
503 43.46
607 44.35
502 44.34
592 43.59
469 44.04
730 43.05
493 44.29
646 43.55
217 44.26
754 43.37
226 44.04
555 40.21
458 42.75
742 42.03
380 43.28
621 41.82
453 42.98
1404 50.14
315 45.38
328 46.40
493 44.82
621 45.82
386 44.49
556 43.97
488 44.69
686 44.18
467 44.68
610 43.65
358 45.16
675 43.83
489 44.19
572 42.64
428 44.41
517 45.11
551 42.44
571 43.49
593 43.44
951 44.07
242 42.75
541 44.35
549 43.61
773 44.15
341 43.23
523 44.04
542 42.84
548 44.59
348 44.58
590 43.55
427 42.53
1439 49.74
334 44.06
278 45.55
453 45.95
633 45.09
701 44.01
689 44.79
507 45.13
630 45.95
430 43.66
751 43.71
257 45.56
673 44.60
428 44.78
382 44.59
596 44.32
681 44.00
427 45.29
526 44.09
385 44.67
795 43.05
605 44.27
501 45.18
464 43.81
707 44.03
441 42.62
443 43.56
597 42.60
524 43.53
669 43.19
808 43.27
353 43.99
1468 49.37
269 46.87
401 47.03
347 46.55
687 45.52
405 45.53
534 46.10
723 43.98
837 45.16
446 43.33
409 46.21
548 44.92
660 45.41
350 45.44
684 44.04
313 43.32
672 44.25
334 44.90
613 43.69
464 42.32
636 43.89
492 44.35
674 44.30
503 43.52
653 44.40
485 44.06
560 44.27
414 44.32
635 44.08
568 44.43
902 42.73
501 44.05
1432 49.61
269 43.92
378 48.09
476 45.69
557 46.93
702 44.45
776 45.23
352 45.48
493 45.83
644 44.67
746 44.19
433 44.79
721 44.82
286 45.49
467 46.19
457 45.52
714 45.82
344 45.21
432 45.39
460 45.81
475 45.62
416 45.85
429 46.66
530 44.98
490 45.92
776 43.75
493 45.39
576 45.84
535 45.74
595 45.17
548 45.28
509 43.62
1345 49.29
204 43.84
360 47.70
561 45.70
530 48.89
750 44.63
517 46.25
601 45.90
716 47.86
522 44.89
625 46.30
409 46.15
612 47.89
571 44.77
626 46.76
389 46.91
635 49.02
592 46.34
567 46.26
371 47.11
737 46.44
448 47.66
436 48.19
600 46.36
670 47.82
423 47.35
611 46.69
448 46.24
611 47.09
522 47.60
481 48.27
509 47.47
1503 49.81
240 50.25
383 49.85
303 49.51
736 47.34
347 46.83
609 46.55
538 45.18
620 46.83
371 46.73
508 47.33
368 46.79
680 47.41
590 45.92
428 47.54
544 45.50
657 46.78
379 46.27
636 45.56
519 45.24
651 46.34
766 45.65
687 46.34
464 45.13
596 47.81
561 46.07
603 46.52
472 45.50
635 46.72
457 47.13
460 47.24
626 45.29
1592 50.12
224 49.49
353 47.35
354 48.85
592 49.36
436 47.57
492 48.89
561 46.77
545 49.60
517 47.11
667 46.89
333 47.16
519 49.41
523 47.90
551 49.60
498 47.38
612 49.26
653 47.35
646 46.92
689 46.06
850 48.43
348 48.42
445 48.25
553 46.65
589 47.93
410 47.03
528 48.17
509 46.10
576 48.95
543 46.99
573 47.32
432 46.70
1603 50.11
181 50.78
322 50.40
307 48.77
539 49.04
489 47.09
528 47.24
506 46.04
648 47.18
515 46.45
581 47.29
452 46.29
637 47.24
631 45.97
760 46.33
316 46.59
622 47.74
366 47.58
578 47.34
428 46.76
545 48.71
429 47.60
610 47.20
471 47.40
479 49.04
554 47.32
466 49.05
541 47.52
509 48.37
765 46.34
614 47.07
596 46.28
1624 50.13
123 51.00
356 49.52
367 47.73
562 49.58
557 46.67
665 47.31
685 46.09
637 48.19
491 46.89
578 47.24
402 46.74
