2687 45.36
79 47.96
559 44.71
900 41.22
1130 41.70
1149 41.60
1191 41.76
344 39.08
1411 41.05
1040 40.80
1328 40.89
560 40.33
1023 40.59
942 40.12
914 40.32
747 38.62
1371 39.20
763 39.19
1079 39.09
599 39.57
1475 39.37
625 40.06
1212 38.18
452 39.55
1195 38.76
728 40.06
925 39.13
586 39.42
1274 38.21
931 38.64
1272 38.57
808 37.63
2738 44.03
431 43.27
697 41.52
613 41.37
990 41.11
983 39.37
991 40.57
1136 41.01
951 41.50
1172 39.94
1000 40.67
962 39.70
1316 40.69
919 41.17
1121 39.90
545 40.19
875 40.67
907 40.05
1164 40.29
587 40.66
1254 40.51
648 39.97
827 40.36
1012 39.45
1192 40.36
851 40.10
1030 40.89
489 40.85
1221 40.06
483 40.67
979 39.39
737 38.97
3028 43.50
518 43.33
345 43.76
755 40.79
617 42.92
1082 39.92
866 40.86
1519 39.27
1308 39.99
887 40.72
1005 39.95
767 41.17
1280 40.61
764 41.14
888 41.09
795 40.47
1218 40.30
767 40.81
768 40.26
647 40.34
1480 38.55
918 39.24
856 40.04
484 39.81
1083 39.03
842 39.53
798 40.55
1077 38.61
931 40.20
1199 38.68
1016 39.11
961 39.29
2890 43.97
310 42.71
543 42.55
921 40.86
870 42.08
1338 41.25
694 42.74
951 40.92
1190 42.22
1279 40.18
937 42.16
963 40.98
973 42.44
997 40.62
927 41.71
828 40.51
819 42.18
919 41.14
1083 41.31
608 40.84
1312 41.47
713 40.62
640 41.02
862 39.24
825 40.93
851 39.69
1163 39.51
662 40.70
1184 40.20
998 39.79
1225 39.80
663 40.27
2895 44.38
143 44.51
562 44.62
501 42.91
1250 42.21
1133 40.18
903 42.36
1102 39.34
997 41.81
1150 39.61
1051 41.95
834 39.65
1006 41.48
850 41.62
761 42.02
876 38.65
895 41.44
908 41.76
738 41.60
1172 39.47
931 41.91
1038 40.25
1100 40.46
532 41.48
938 41.83
1045 39.06
1430 40.02
585 41.04
803 42.46
1119 39.99
844 41.53
1216 39.78
2847 44.51
111 45.97
367 45.00
616 44.32
725 45.94
1178 42.79
807 44.33
921 42.09
857 45.53
931 43.09
1385 42.01
665 42.08
1024 44.45
1136 42.24
1140 42.82
567 43.89
897 44.57
629 44.99
776 45.16
1189 43.21
860 45.72
1098 43.09
829 44.55
813 43.27
958 44.99
1037 43.21
1414 43.04
537 43.80
819 45.17
1037 43.47
1035 44.14
906 42.77
2708 46.12
216 47.09
529 45.09
591 44.37
945 44.23
845 43.32
1013 42.88
881 42.50
1495 42.49
719 42.28
817 42.56
692 41.90
1338 42.33
615 42.10
955 41.65
828 41.89
1120 42.64
766 42.50
905 41.74
845 41.76
1095 41.78
602 42.86
912 42.74
788 42.19
1237 42.06
1051 41.37
1004 42.01
676 42.04
1034 42.52
1126 41.54
732 43.09
736 42.48
2765 46.27
233 46.17
494 45.43
568 43.66
875 44.21
967 42.90
964 43.71
963 42.63
1168 44.19
1396 41.81
991 43.19
681 42.80
1000 44.14
846 43.39
980 42.90
749 42.35
837 44.34
966 42.86
833 43.53
1382 41.39
1143 43.53
947 42.78
844 43.43
711 42.98
1010 43.42
1317 42.14
1012 43.19
766 41.81
906 43.31
1000 42.64
968 42.83
694 43.32
3033 45.87
195 46.41
396 45.89
867 43.47
501 47.61
1196 43.49
1073 44.06
756 43.15
980 44.53
813 43.89
916 44.11
994 42.88
943 44.86
1235 42.63
947 44.47
718 43.38
881 45.05
705 43.97
878 43.89
622 43.29
893 44.95
924 43.44
1006 43.84
937 42.78
860 44.84
902 43.40
984 43.62
843 43.17
860 44.55
1171 42.78
1080 42.99
809 42.71
2968 46.30
161 45.53
525 43.96
553 44.75
955 44.12
1107 42.63
1164 42.71
967 41.76
1188 43.05
842 42.76
998 42.51
598 42.79
