3274 43.56
89 45.96
807 40.17
1335 39.24
1534 40.19
972 41.01
1415 40.19
658 40.11
1296 40.22
1118 38.81
1420 38.52
917 38.80
1698 38.50
607 38.83
1270 37.81
764 37.56
1662 37.41
1123 37.67
1391 36.45
634 38.54
1809 36.38
995 37.01
1606 37.15
472 38.17
1302 37.48
934 37.13
1100 37.16
964 37.39
1835 37.21
758 37.17
1298 36.81
1340 36.06
3214 42.85
359 42.43
868 39.83
1024 40.06
1100 39.85
1486 39.80
1140 39.74
1530 39.05
1045 40.44
1377 39.46
1174 39.70
1411 39.81
994 40.14
1420 38.93
1175 40.02
844 40.41
1386 40.41
825 39.75
1300 38.91
645 38.80
1243 39.88
647 40.38
1106 39.22
1112 38.87
1469 39.59
1138 38.69
1376 38.53
825 39.27
1653 38.24
463 39.95
1010 38.31
905 37.76
3592 42.19
716 42.06
655 40.69
986 39.90
1548 40.52
1086 40.23
1276 39.32
1041 39.91
1567 39.61
1013 38.63
1061 37.95
799 38.96
1350 38.42
681 38.85
941 38.82
1075 38.09
1367 37.56
941 38.85
810 39.46
1070 38.29
1478 37.96
1392 37.93
1230 38.81
576 38.53
1187 39.00
1057 37.70
903 39.26
1084 37.88
1362 38.44
1414 37.19
1315 38.20
1133 37.67
3416 42.67
595 39.20
1030 42.14
948 39.37
1105 41.17
1096 40.76
918 41.89
1086 40.38
1072 42.19
1522 39.98
1094 41.46
1112 39.14
979 41.74
1431 39.47
1611 39.67
668 39.55
918 40.99
1282 40.18
1495 40.38
729 39.34
1197 40.87
1170 39.77
1319 39.91
914 39.95
1658 39.76
783 40.25
1255 39.38
522 40.09
1499 40.00
994 38.55
1452 38.49
989 38.80
3643 42.73
130 43.83
727 42.95
766 41.72
1266 41.61
1054 39.29
1141 38.16
1003 39.10
1089 40.67
1498 37.79
1218 38.29
1049 39.04
1229 38.86
798 40.44
920 41.13
1333 38.74
1053 40.65
985 40.03
1027 40.54
1148 39.84
918 41.49
1672 39.21
1047 41.30
974 40.10
1464 40.40
1373 38.79
1557 39.76
874 39.29
1354 40.45
893 40.03
988 40.23
995 39.74
3591 42.80
213 43.59
436 42.94
699 43.56
904 44.24
1401 39.85
910 42.45
1409 39.77
1054 43.47
1079 41.55
1232 41.92
1168 40.26
989 44.44
1212 41.60
1440 41.72
859 41.98
1047 44.31
1296 41.98
1099 42.80
1248 40.62
1113 44.23
1122 42.14
1103 42.81
981 42.56
1121 44.21
1193 42.26
1595 41.77
616 43.14
1076 44.03
1170 42.73
1017 43.59
1219 41.21
3433 44.30
223 47.54
529 44.30
804 42.99
1094 43.36
1076 42.07
1597 41.25
772 41.66
1461 42.01
974 40.99
1335 41.64
709 41.82
1143 42.54
1048 41.47
1560 40.70
842 40.92
1353 42.46
904 41.13
1323 40.44
944 40.79
1229 41.95
1400 40.37
1687 40.52
715 41.37
984 42.22
1062 41.37
896 42.37
1019 41.51
988 42.53
1561 40.94
830 42.96
1752 40.65
2802 46.01
304 46.14
936 43.48
580 43.31
975 43.33
1046 42.91
1163 42.99
1369 41.78
1283 43.14
968 42.93
1457 42.21
875 41.50
1046 43.96
1287 41.98
964 42.60
1118 42.13
999 43.78
989 42.28
1077 42.57
1521 40.98
1191 42.72
1368 41.65
1419 42.00
763 42.22
1109 43.07
1398 41.72
1393 41.99
584 42.25
1809 41.51
936 41.35
996 41.51
775 41.85
3471 44.96
277 44.38
543 43.96
787 42.63
1153 44.01
1451 41.31
1050 42.70
1145 41.47
1135 43.22
1570 41.03
1051 42.84
1087 41.68
1115 43.22
1183 41.71
1533 41.60
579 42.48
1019 43.44
876 42.54
1222 42.78
931 42.43
1096 43.23
1082 42.25
1203 42.38
1013 42.37
933 43.60
942 42.45
1197 42.13
1065 41.76
1032 43.38
1355 41.78
1448 41.70
1010 41.48
3510 45.10
160 45.61
613 44.19
938 42.51
862 43.90
1185 41.97
1026 42.53
1522 40.82
1174 42.90
1343 41.48
1331 41.62
896 42.01
