4900 39.77
240 40.82
1191 38.44
1863 36.16
2102 36.65
1812 37.39
1876 37.64
1535 37.34
2119 36.21
1751 36.44
2212 35.79
937 34.61
2084 36.06
1819 35.13
2153 34.90
1042 34.86
2587 34.66
1142 34.87
1704 34.88
1845 34.76
2444 34.36
1070 34.72
2244 34.43
919 34.64
2139 34.62
1297 34.53
1634 34.53
1273 34.91
2412 34.44
2035 34.43
1724 35.29
1977 34.75
4740 39.92
420 39.48
1628 37.60
1444 36.74
1988 37.32
1616 36.26
1740 36.80
2106 36.54
1977 36.75
2097 36.37
2350 35.48
1112 36.33
1719 37.11
1574 36.80
1895 37.03
1113 37.32
1992 36.31
1477 36.10
2086 36.04
1093 35.86
2550 36.92
841 37.09
1759 36.97
1590 35.09
2270 36.55
1488 35.43
2031 35.86
1225 36.59
2579 35.52
1177 36.59
1579 36.50
1388 35.58
5343 39.17
716 39.72
1480 38.12
1861 36.86
1684 38.24
1988 36.20
2406 36.08
1215 36.58
2149 36.74
1627 37.00
1654 36.33
1273 36.56
1958 35.74
1393 35.96
1819 36.32
1261 36.73
2315 36.28
1117 36.85
1679 36.68
1225 36.03
2201 35.92
2337 35.22
2068 36.32
1132 36.53
2217 36.08
964 36.71
1926 35.41
1246 35.68
2260 35.67
1751 35.22
1788 35.19
1415 35.40
5339 39.41
852 37.88
842 40.58
1583 37.83
1522 39.93
2213 37.27
1214 39.11
2208 36.43
1637 38.16
2238 36.85
2331 37.76
1328 36.82
1480 38.69
2539 36.13
2235 36.92
782 37.91
1468 38.40
1593 37.62
2378 36.95
1187 35.70
2141 37.71
1540 37.34
1531 37.12
1556 35.91
1502 37.68
1573 36.77
2357 36.62
952 36.63
1846 37.98
1972 36.26
1726 36.54
1906 36.06
5345 40.01
228 36.80
616 38.90
1459 37.60
1902 38.02
2188 36.57
1570 37.79
1731 36.11
1653 38.32
2132 36.32
1719 37.25
1602 36.60
1958 36.93
1521 37.44
1345 38.01
1437 36.84
1350 36.76
1722 37.24
2001 37.15
1083 37.71
1560 38.51
2569 36.42
1978 37.70
1484 36.79
2668 37.10
759 37.39
1689 37.26
1300 37.31
2070 36.75
1583 36.58
1982 36.71
1521 35.77
5457 39.79
200 42.67
635 39.84
1207 38.73
1443 39.53
2062 38.52
1485 39.85
1602 38.19
1633 40.75
2364 37.36
2047 38.34
994 38.73
2164 37.98
1800 37.91
2126 37.42
1178 38.88
2022 39.28
1683 38.15
1702 38.43
1070 39.22
1790 40.21
2126 38.04
1309 40.39
1973 37.56
2302 39.16
1726 38.35
1829 38.76
1129 39.15
1942 39.64
1562 38.65
1539 39.40
1528 38.64
5409 40.77
260 43.83
1125 40.49
1020 39.84
2021 39.30
1888 38.11
1999 37.80
1519 38.08
1803 39.48
1907 37.68
2275 37.97
1110 38.06
1829 39.01
1585 38.36
1848 38.84
1426 38.31
2096 38.91
1480 38.35
1606 38.62
1312 38.34
2022 38.65
2100 37.61
2358 37.82
1212 37.80
1766 39.64
1699 38.45
1535 39.06
1501 38.33
1751 39.89
1576 38.96
1248 39.45
2040 37.75
5116 42.10
248 43.42
559 42.39
1205 39.96
1566 40.00
1284 39.71
1712 38.88
2273 37.85
1880 40.10
1120 39.18
1825 38.57
1617 37.99
1682 39.90
1676 38.79
1481 39.18
1521 38.52
1666 39.76
1686 38.13
2468 37.80
1206 37.69
1924 38.62
2274 37.59
1325 39.33
1267 38.98
1819 39.48
1451 38.35
2523 37.73
1232 37.89
1656 39.23
1984 38.38
2321 37.91
1488 38.02
5242 42.10
269 43.57
1275 40.26
827 40.33
1304 41.64
1588 39.77
2025 39.07
1732 38.27
1702 40.75
2761 38.11
1734 39.77
1314 39.30
1911 39.82
1896 38.69
1775 39.12
1282 38.92
1637 40.28
1322 39.51
1567 39.23
1332 39.16
1598 40.28
1400 39.30
1814 39.38
1574 38.86
2385 39.23
1231 39.33
1677 39.33
1450 38.55
1747 39.39
1481 38.67
2409 38.11
1182 38.42
5420 42.17
308 43.10
1279 40.24
1498 39.57
966 42.40
2178 38.81
1960 39.59
1577 38.55
2325 39.19
1602 38.59
2093 38.59
1127 38.52
