5383 38.94
366 36.97
1483 37.04
1806 36.12
2470 35.94
2234 35.68
2350 35.77
1465 36.16
2027 36.11
2147 34.95
2640 35.59
1684 34.55
2587 35.73
1024 35.36
1846 35.07
1283 34.61
2440 34.57
2363 33.63
2465 33.66
1251 34.11
2525 33.88
2259 34.25
2470 33.69
905 34.14
2218 34.46
1192 34.99
2445 33.55
1517 34.46
3344 33.46
1349 34.05
2083 34.06
1535 33.87
6038 37.97
883 35.84
1298 36.56
1938 35.76
1741 36.72
2043 35.90
1796 36.10
2471 35.48
1557 36.85
2287 35.64
2553 35.83
1428 35.98
2348 36.19
1735 35.67
2348 36.08
1241 36.06
2464 35.87
1227 36.29
2076 35.42
1505 34.60
2648 35.36
1151 37.32
1655 36.45
1642 35.30
2797 35.22
1380 35.61
2469 34.87
1226 35.57
3122 34.95
945 36.29
1706 35.40
1648 34.87
5960 38.30
817 38.79
1258 37.86
2035 36.32
1999 37.05
2641 35.16
2166 35.80
1809 35.56
2380 36.63
1817 35.46
2023 35.61
1292 36.09
2220 36.12
1714 35.51
2084 35.76
1233 35.42
2053 35.94
1803 35.27
1749 36.32
1675 35.53
2616 35.33
2223 34.37
2684 35.16
937 36.13
1761 35.62
2118 34.87
2113 34.84
1523 35.12
2817 35.41
1916 35.14
1740 35.11
2066 34.68
5786 38.80
653 38.90
1222 39.10
1837 37.14
1922 38.90
1945 36.37
1699 37.15
2117 35.14
2475 37.24
2033 34.85
2208 35.94
1428 35.77
2307 35.97
2455 35.49
1372 37.26
1702 36.43
2366 35.86
1311 36.10
1935 35.16
1676 34.97
1795 36.37
1675 36.00
1908 36.07
1701 35.22
1601 37.57
3015 34.70
1879 37.05
1375 36.35
2156 36.81
2627 34.75
1946 36.52
1577 35.57
5988 39.09
217 37.96
1023 37.03
1057 38.01
2765 36.02
1816 35.76
2322 36.22
1785 34.86
1543 37.58
2331 35.20
2160 36.33
1671 35.86
2467 36.77
1249 37.18
1740 37.11
1765 35.81
2091 36.80
1586 36.48
2112 35.55
1381 36.32
2294 36.18
2594 35.47
1704 36.65
1571 36.15
2040 37.11
1121 36.90
1938 36.76
1997 36.12
1664 36.56
2379 35.98
1543 37.18
1883 36.05
6074 38.89
241 41.99
782 37.79
1125 39.12
1573 39.70
2371 37.43
1650 38.51
2468 36.22
2222 37.90
2116 36.69
2089 37.99
1579 36.65
1851 39.45
1775 36.35
2237 36.52
1484 37.78
1923 38.62
1925 38.32
1937 38.33
1485 37.09
2181 38.26
1883 37.72
2271 38.11
1596 37.48
2083 39.40
2181 37.14
2482 37.77
1126 38.77
1890 39.84
1723 37.89
1685 39.16
2256 37.16
5531 40.62
349 42.41
1364 39.89
1453 38.67
1588 40.32
1703 38.88
1886 38.96
1925 37.77
1718 39.85
2184 37.57
2311 37.94
1606 38.19
2768 38.44
1499 37.96
1900 37.94
1356 37.57
2062 38.83
1525 38.03
2225 37.80
1579 36.83
2055 38.80
2362 37.28
2552 37.79
1182 38.33
1874 38.73
1760 38.19
1557 39.13
1560 37.95
1876 39.11
2687 36.82
1477 38.64
2705 36.76
5490 41.55
207 44.35
702 38.96
1064 39.88
1824 38.97
1722 38.62
2127 38.08
1791 37.66
2647 38.56
1881 37.35
1350 38.69
1602 37.52
2005 38.70
1906 37.94
1413 38.87
1675 37.83
2015 38.46
1672 37.62
2534 37.49
1580 36.61
2342 38.07
1898 37.52
1461 38.50
1946 37.47
2572 38.24
2105 37.15
1915 37.47
921 38.26
2117 38.12
1560 37.84
1528 38.35
1483 38.21
6056 40.96
366 41.24
890 40.18
1540 38.87
1300 40.52
2071 38.14
1825 38.87
1751 38.15
1912 39.58
1993 38.26
2191 38.37
1783 37.67
1793 39.72
2730 37.11
2646 38.34
1448 38.28
1931 39.54
1522 38.74
1882 39.28
1263 39.32
2498 38.41
1141 39.02
1812 38.67
1593 38.64
2158 38.76
1353 38.58
1785 38.49
1869 37.79
2097 38.93
1829 37.67
1809 37.98
1781 37.68
6039 41.46
239 41.95
1451 39.76
1610 38.66
1158 41.76
2366 38.11
1985 39.14
1841 37.68
2595 38.51
1866 37.51
2402 37.74
1309 37.51
