9658 33.66
1118 34.19
2566 33.31
3429 31.17
4151 31.53
4408 31.32
4209 31.79
2372 32.57
3939 31.83
3594 31.00
4329 30.17
2741 30.58
4481 30.75
2617 31.32
4166 30.10
2599 30.51
4501 30.63
3552 29.69
3645 30.14
2954 30.41
4284 30.34
3833 29.45
4190 30.27
3040 30.24
4594 30.75
2630 31.00
3752 29.95
2977 30.88
5223 30.03
2309 30.99
3918 30.08
2755 29.86
10780 33.05
1101 33.55
2840 32.37
2955 31.28
4075 31.92
3334 31.48
3882 31.47
3328 31.27
4500 31.90
2422 31.77
4399 30.22
2187 31.28
4112 30.40
3424 31.11
4177 31.11
3154 31.16
5200 31.79
2516 31.56
3404 31.24
3189 30.68
5166 31.45
3275 31.55
4192 32.01
2445 31.50
5603 30.93
3217 31.24
4142 31.69
3000 30.47
5158 31.33
2611 32.55
4114 31.90
2735 32.11
9992 33.99
849 34.75
2705 33.40
2619 32.06
4068 31.91
3319 31.20
3765 31.35
3310 31.95
4413 31.68
2956 31.75
3845 31.21
2546 31.06
4787 32.04
3016 31.81
4187 31.90
2442 31.82
4169 32.19
2709 31.63
3639 31.99
2672 32.06
4238 31.28
3695 30.94
4734 31.39
3299 32.79
4225 32.01
2733 31.72
4174 31.61
3250 31.56
4719 31.55
2976 31.59
3862 31.63
2953 31.67
10812 33.45
457 35.15
2716 32.31
2535 32.21
3287 33.06
4202 31.34
3698 32.78
3849 30.86
2964 34.53
4592 31.27
3695 33.08
3912 30.99
3241 34.27
4280 31.42
4856 31.19
2515 32.40
3019 34.25
3054 31.77
4119 31.18
2629 31.69
5698 30.96
2081 32.43
3670 32.32
2548 31.38
3705 31.94
3040 31.32
3798 32.01
2489 32.64
5089 31.77
2510 31.49
3712 31.39
3015 31.38
10824 34.20
338 36.54
2572 33.23
2556 32.46
2393 33.87
4862 31.07
4020 32.15
3121 31.17
3739 33.31
4234 31.18
3962 31.84
3179 31.82
4739 32.40
3051 33.10
3625 33.11
2844 32.40
4204 32.38
2618 33.19
3494 33.03
2991 31.27
3845 33.12
4037 31.62
3885 32.20
2642 32.37
4644 31.98
3276 31.96
3595 32.65
1749 33.13
5011 31.48
3130 32.34
3933 31.84
2730 31.72
10762 34.04
422 36.94
1907 34.21
1742 34.59
4242 34.38
2852 35.18
2817 34.62
3487 33.17
3397 35.80
4272 32.75
3892 33.54
2888 32.26
4741 34.15
2550 33.54
4058 33.32
2703 32.79
4144 34.52
3129 33.44
4002 32.77
2705 32.98
4259 34.57
3193 33.59
4066 33.20
2950 33.44
4365 34.41
3497 32.96
4214 33.63
2648 33.51
4198 34.46
2918 33.88
3223 34.20
2674 33.57
10783 35.06
477 38.98
2956 35.44
1524 36.12
4229 34.89
2854 33.75
4042 33.15
2928 32.88
4066 34.16
3344 33.25
3869 33.18
2899 33.31
5080 33.43
2722 32.92
3831 32.74
2585 32.86
4214 33.89
3234 33.70
4458 33.42
2654 32.99
4854 33.79
3260 32.72
4651 32.70
2606 33.49
4605 34.08
2996 33.12
3101 34.14
3275 33.42
4558 33.99
3779 32.85
3141 33.54
3226 32.88
10939 35.79
340 39.34
1300 35.10
2996 34.19
2730 35.49
3294 33.77
3447 33.97
3269 33.30
5441 33.59
2376 33.54
4407 32.73
2885 33.19
4777 33.84
2608 34.09
3859 33.70
2179 33.79
4010 34.09
3433 33.06
3235 33.65
3926 32.31
3843 34.03
4206 32.99
3072 34.52
2776 33.86
3935 34.71
3133 33.87
4060 33.75
2054 34.30
4465 34.12
2771 33.67
4878 33.12
1666 33.78
10608 36.31
696 36.15
1143 37.02
3058 34.17
2792 36.18
3397 34.40
4959 33.66
1928 33.84
4303 35.29
3272 33.68
4993 33.37
2397 33.65
3094 36.14
4262 33.65
4828 33.54
1940 34.32
3857 35.85
2851 34.62
4002 34.71
2406 34.70
3615 35.40
2555 34.96
3862 34.86
3146 34.17
4207 35.35
2894 34.81
3973 34.96
2305 34.64
3839 35.32
3278 33.86
3553 34.35
3197 33.92
10868 36.70
395 38.58
2702 35.42
3219 34.58
3020 36.55
3099 34.76
2911 35.04
3246 33.46
3663 35.01
3933 33.65
4240 34.11
3142 33.81
