10065 33.21
1476 33.38
2809 32.46
3823 30.39
4006 31.62
4356 31.68
4158 31.94
3460 31.77
4587 31.14
3065 31.13
3943 30.38
3102 30.38
4086 30.42
4342 30.17
3781 30.47
2831 30.32
4586 30.23
3263 29.26
4403 29.04
2969 30.02
4300 29.92
3967 29.06
4871 29.28
2617 30.25
5114 30.46
3059 30.31
3632 30.22
2941 31.00
5366 29.78
2772 29.94
4158 29.89
3057 29.62
11399 32.35
698 33.19
3131 31.24
3429 30.43
4245 31.42
3382 30.92
3810 31.25
3806 30.73
4301 31.48
4295 30.02
4220 30.56
3003 29.98
4477 31.11
3284 31.02
3918 30.55
3272 31.61
5259 31.21
2637 31.50
4159 30.79
2861 30.61
5028 31.50
3534 31.48
4547 31.81
2696 31.15
5696 30.44
3459 31.30
4511 30.76
2548 31.79
5029 31.01
2775 32.49
4290 31.91
2903 31.79
11248 32.95
758 35.76
3295 32.19
2708 31.92
2938 32.85
4881 30.85
4131 31.25
3369 31.06
5066 31.54
3578 31.38
4390 30.92
2422 31.59
4141 31.96
3652 31.51
4498 31.53
2522 31.94
5394 31.57
2480 31.86
4373 31.49
2829 31.83
3473 31.46
4011 30.04
4799 31.44
3185 31.46
4441 31.54
3127 31.49
4358 30.73
3441 31.22
5694 31.19
2310 31.43
3654 31.59
3250 30.64
11392 33.04
1216 33.98
1625 33.57
3642 31.42
3281 33.53
4403 30.65
4048 30.75
3713 30.71
3035 33.76
4824 30.86
4861 31.12
3228 31.36
4839 32.32
3166 30.97
4266 31.04
2635 31.85
3803 32.50
3221 31.94
3276 31.78
3698 29.80
3824 32.82
4129 30.90
4295 32.04
2000 31.59
4706 30.81
2622 31.74
3909 31.61
3291 31.64
5421 31.45
2609 30.99
4803 30.07
2691 31.03
11330 33.82
527 35.16
2937 32.29
2742 31.93
2878 33.83
4262 30.95
4023 31.98
3375 30.65
3303 33.07
5043 30.67
4661 30.96
3273 31.24
4450 32.85
3334 33.17
4113 32.62
2852 31.91
4166 32.45
2780 32.78
3687 32.83
3140 31.17
4816 32.06
3474 32.08
4470 32.17
2677 31.06
5479 31.30
2585 31.76
4197 31.61
2473 31.13
4491 32.41
3561 31.13
4511 30.96
2583 30.87
11273 33.63
482 36.34
2009 33.84
1859 34.92
4103 34.26
3610 32.96
4847 32.28
2893 32.30
5140 32.84
3228 31.83
4739 32.30
2501 32.40
4887 33.14
1978 33.87
4045 32.26
2970 31.74
4848 33.65
3246 32.51
4486 32.53
2696 32.67
4234 34.09
4030 32.63
3805 33.57
3360 33.01
4849 33.89
3350 32.86
4963 32.81
2556 33.92
4258 34.56
2968 33.48
3931 33.58
3336 32.83
11416 34.55
478 39.31
2802 35.26
2309 34.49
3985 34.90
2713 33.86
4408 32.88
3205 32.53
4181 33.76
3618 32.89
4519 32.60
2809 32.92
3906 34.65
3345 33.05
4717 32.59
2725 32.45
4224 34.01
3729 33.51
4758 33.25
2922 32.55
5270 33.45
3531 32.93
4619 32.57
2641 33.29
4878 33.73
2603 33.65
4251 33.14
2865 33.42
4742 33.82
3349 32.87
4102 32.53
3429 32.01
11431 35.35
361 38.35
1497 34.86
3194 33.55
3333 35.39
2818 33.89
4864 32.79
3331 32.71
3490 35.46
3333 33.51
3843 33.61
3757 32.77
3475 35.27
3918 33.53
3834 34.05
3461 33.38
4023 34.92
3049 33.91
3258 34.26
3219 32.90
3553 34.84
4921 32.93
2924 35.21
3062 33.84
3984 35.24
5052 32.77
4555 33.66
2386 33.59
4430 34.71
3498 33.62
4488 33.51
2779 33.17
11230 35.82
438 37.52
2393 34.81
2211 34.65
3003 35.66
4238 33.23
4689 33.41
2768 33.03
5474 33.70
1833 34.26
4076 33.07
3186 32.99
4268 34.14
3699 33.14
4247 33.11
2646 33.34
4329 34.42
2840 34.27
3882 34.09
2521 34.12
4973 33.68
1827 35.03
3311 34.85
3308 33.89
4568 34.38
2915 34.11
4641 33.71
2582 33.94
4297 34.32
2981 33.45
4263 33.27
3966 32.90
11027 36.48
346 39.32
3310 35.06
3294 34.26
3070 36.54
4296 33.66
3811 34.16
3475 33.09
4126 34.62
3826 33.53
4620 33.80
2939 33.80
