4997 43.34
1003 42.89
4389 39.13
4276 37.47
4457 40.06
3697 38.07
3782 38.34
3247 37.97
4439 38.46
3422 37.66
4045 37.52
3729 36.93
4387 37.84
2950 36.76
4397 35.99
2508 36.55
4391 36.96
3517 35.75
4460 35.99
2960 35.79
4703 37.55
3274 35.53
4603 35.18
2556 36.22
4410 37.01
3184 35.19
4397 34.67
2731 34.51
4445 35.47
3216 34.73
4166 34.69
2848 34.53
10719 34.69
1033 37.57
2253 35.25
2047 34.47
5133 34.95
2959 33.27
4147 33.81
3041 33.01
5030 34.52
2409 34.09
4009 33.00
4151 32.57
4555 33.64
2573 33.32
4212 33.39
3959 32.40
4455 33.25
3291 32.78
3655 32.37
4152 31.30
4419 32.16
2675 32.29
4334 32.24
3052 32.56
6110 33.29
3679 33.86
3959 33.93
3204 33.96
5183 33.88
3207 33.71
4001 34.03
2976 33.71
11350 36.17
1203 38.90
2701 37.24
2588 36.63
3941 37.41
3646 35.81
4236 36.44
3770 35.19
4346 36.91
3898 35.39
5239 35.68
3408 35.51
4142 36.84
3802 35.50
4255 35.67
3656 35.40
4871 36.24
3815 35.25
4068 35.88
3522 35.38
4926 35.98
3019 35.33
4226 35.43
3056 35.41
5056 35.53
3337 35.02
4080 34.90
3556 34.43
5114 35.31
3650 34.07
3770 35.31
3995 33.61
12067 34.04
1213 40.10
3443 35.23
2290 35.13
4850 36.76
3016 34.16
3947 34.83
3391 33.76
5341 36.64
3249 33.95
4653 33.71
3109 34.08
5011 36.77
3497 34.47
3894 37.44
3644 34.50
4614 37.12
3028 34.36
4166 36.09
2801 34.22
4434 36.64
2592 33.98
4014 34.67
2776 33.68
4576 36.62
3452 34.23
4249 35.80
3026 34.43
4642 36.29
2745 34.31
4332 35.41
2848 34.20
10062 30.16
1525 36.05
4035 35.10
2423 34.40
5579 34.99
2332 34.50
4386 35.83
2705 33.74
5208 35.80
3013 34.36
4153 35.92
2901 34.53
5085 36.46
2803 34.43
4157 35.97
2539 34.61
4779 36.77
2908 34.77
4386 37.00
3179 35.39
4804 37.72
2920 35.43
4064 36.89
3288 35.23
4970 37.90
3295 36.66
4328 37.97
3419 37.36
5255 38.32
3075 37.35
4382 38.20
3653 37.39
10719 35.58
1747 40.39
3246 37.91
2683 38.04
4325 38.86
2857 37.66
3437 38.08
3597 36.77
4558 38.19
3089 37.24
3945 37.11
3119 36.37
5005 37.57
3432 36.87
4119 37.12
3181 36.82
4999 38.30
3219 37.24
4112 37.92
3593 37.12
4921 38.71
3424 37.43
3776 37.58
3345 36.82
4578 39.12
3791 36.98
4006 37.51
3534 36.66
4655 38.81
3534 36.80
3788 37.93
3301 36.45
10626 35.33
1514 39.24
3143 38.02
1907 38.05
4098 36.41
2061 36.68
4072 35.13
4176 34.72
5865 35.34
2470 35.78
4173 35.64
2959 34.51
5523 35.89
2774 34.88
3754 35.37
3100 34.54
4977 36.27
3218 35.22
3665 35.55
3161 34.27
4591 35.28
2657 33.56
3720 33.69
3025 32.67
4680 33.42
2630 32.38
3930 31.99
3086 30.77
4574 32.59
2455 31.54
3900 30.68
3145 30.14
10345 30.02
1246 33.30
2894 34.50
3158 34.00
5990 35.23
3462 32.93
3335 34.71
3580 33.14
4545 35.43
3422 33.30
4042 33.73
4024 32.46
4566 35.07
3218 34.45
3914 34.61
3156 33.65
4790 35.38
3591 34.02
4179 34.78
3505 34.00
5025 35.76
3368 35.29
4228 36.05
3595 35.58
5661 36.31
3359 36.05
4065 37.36
3371 37.01
6221 36.95
3545 36.75
4836 37.03
3802 37.16
9866 35.04
1809 39.49
3260 37.57
2414 37.32
4624 37.38
3431 35.76
3093 37.74
3362 35.97
4277 37.89
3850 36.23
3938 37.06
2882 36.17
4526 37.62
3360 36.47
3695 36.78
3318 35.49
4292 36.85
3167 36.24
4135 35.91
2997 36.06
4473 36.36
3383 36.04
4057 35.96
3224 35.82
4498 36.62
3595 35.97
4266 36.39
3450 35.75
4808 36.41
3176 35.88
4125 35.64
3086 35.30
11350 33.59
1416 38.77
2968 36.81
2483 35.93
4309 35.31
2367 35.38
4380 33.48
3381 34.00
4625 34.28
2818 34.71
4289 33.92
3482 33.46
