6489 41.60
1311 41.59
5417 37.80
4845 36.34
5115 38.80
5343 36.43
4572 37.33
3867 36.85
5343 37.23
4072 36.39
5122 36.22
3560 35.74
5296 36.75
3467 35.81
5068 34.98
3304 35.26
5370 35.82
4105 34.90
5473 35.06
3384 34.48
5596 36.08
3859 34.16
5345 33.96
3318 34.56
5433 35.49
3676 34.08
5112 33.40
3756 33.04
5424 33.85
3591 33.51
4985 33.21
3736 33.16
12713 33.40
1326 35.73
2776 34.40
2534 33.06
5341 32.53
3154 32.03
5403 31.93
3319 32.03
6309 33.08
3368 32.78
4963 31.78
4987 31.30
5341 32.36
3451 32.12
5335 32.19
3199 32.12
5850 32.29
3391 31.61
4411 31.03
4998 29.76
4984 31.00
3571 30.82
5612 30.93
3794 31.01
7608 31.98
5237 32.20
5594 32.11
4198 32.46
6035 32.70
3837 32.51
4207 33.01
3925 32.55
13475 35.21
1246 38.93
3101 36.49
3192 35.84
4465 36.27
4708 34.52
4634 34.95
4634 34.33
5501 35.35
4879 34.25
4666 35.27
5396 33.92
4760 35.84
4941 34.28
4875 34.72
4219 34.22
5473 35.23
4671 34.14
4792 34.84
4409 34.35
5542 35.07
3984 34.30
4842 34.48
4175 33.98
5742 34.41
3944 34.12
4924 33.98
4696 33.09
6090 34.38
4346 33.06
4733 34.04
4554 32.54
14531 32.62
1340 39.02
4266 34.02
2665 33.97
5898 35.24
3411 33.05
3949 35.11
4582 32.24
6005 34.83
3917 32.60
4772 35.43
4538 32.70
6108 35.16
3714 33.52
5121 34.82
3708 33.25
5866 34.94
3353 33.02
5043 34.11
3083 32.85
5344 34.82
3007 32.51
4971 33.07
3444 32.47
5487 34.77
4003 32.62
4985 34.11
3634 32.74
5407 34.13
3073 32.62
4815 33.33
3614 31.94
11687 28.78
2005 33.75
4739 33.55
3027 32.46
7523 33.20
2850 32.41
4949 32.52
3049 31.82
6978 33.79
3372 32.55
5578 34.24
3619 32.68
6963 34.43
2740 33.14
4988 33.98
2901 33.04
6648 34.60
3188 33.46
5305 34.89
3701 33.62
6598 35.37
3270 33.81
4926 35.25
3699 33.82
6414 35.49
4005 34.77
5452 36.09
4533 35.58
7287 36.15
3583 36.35
4627 37.08
4403 36.34
12060 34.69
2236 38.01
3648 37.07
3301 36.74
6174 36.48
3657 35.71
4091 36.69
3868 35.52
5579 36.19
3888 35.68
4903 35.51
3766 34.93
5662 36.26
4049 35.41
5181 35.55
4060 35.30
5960 36.32
3746 35.68
5276 35.95
4261 35.86
6546 36.87
3875 35.92
4159 36.43
4360 34.90
5512 36.93
4034 35.34
4946 35.80
3978 35.27
5612 36.93
4198 35.02
4610 36.22
3934 34.78
13277 33.73
1845 38.35
4074 36.51
2441 36.09
4952 35.31
2397 35.62
5191 33.96
4809 33.84
6821 33.94
3247 34.39
5060 34.21
3487 33.51
5816 34.60
3338 33.63
4486 33.59
4088 32.55
5825 34.98
3909 33.83
4217 34.08
4149 32.55
5308 33.73
3475 32.15
4641 31.71
3396 31.31
5912 33.15
2855 31.39
4540 31.32
3716 29.72
4800 32.14
3258 30.21
4920 29.63
3552 29.21
12129 28.89
1516 32.00
3423 33.36
3568 32.72
7069 32.98
3580 31.82
4105 32.66
4345 31.25
5772 33.35
4017 31.65
4914 31.92
4608 30.97
5637 33.23
3870 32.66
4900 32.44
3866 31.85
6045 33.66
3655 32.87
4640 33.11
4734 32.25
5925 34.05
3960 34.11
5097 34.28
4845 33.37
6969 34.62
3873 34.59
4732 35.68
4249 35.23
7718 35.26
4399 35.32
6016 35.71
4636 35.45
11168 34.05
2211 38.69
4502 35.28
3163 35.05
4863 36.58
3897 35.06
3738 36.68
4560 34.13
4693 37.14
4442 35.03
4559 35.98
3960 34.89
5221 36.60
4076 35.25
4446 35.64
4278 34.60
4861 35.77
3971 34.76
5249 34.64
3422 35.04
5425 35.19
3940 34.61
4856 34.67
4045 34.36
5472 34.91
4175 34.97
5428 34.57
3862 34.71
5881 34.91
3803 34.83
5212 34.21
3522 34.25
13208 32.63
1858 37.24
3480 35.39
2853 34.44
5259 33.74
2898 34.07
5183 32.10
4206 32.15
5524 32.89
3491 33.02
5003 32.51
4980 31.84
