6737 41.30
1492 41.12
5373 37.74
5688 35.82
5293 39.00
5229 36.47
4712 36.88
3723 36.58
5670 36.95
4640 36.19
5111 35.93
4126 35.42
5231 36.49
3657 35.42
5146 34.79
3439 35.08
5658 35.40
4267 34.59
5842 34.36
3514 34.10
5904 35.62
4017 34.11
5612 33.63
3492 34.19
5721 35.21
4018 34.01
5305 33.14
3887 32.78
5472 33.82
3897 33.24
5156 33.02
3866 32.62
13298 33.02
1374 36.06
2749 33.72
2928 32.56
5529 32.00
3410 31.71
5566 31.81
3460 31.59
5917 32.90
3769 32.20
5010 31.47
5076 31.07
5991 32.07
3560 31.55
5315 32.04
4303 31.31
5673 31.95
3539 31.29
4701 30.89
5103 29.70
5377 30.79
3525 30.74
5762 30.43
4138 30.78
7761 31.70
4926 32.16
5163 32.29
4215 32.48
6651 32.21
4029 32.08
4441 32.77
4119 32.12
15083 34.48
1124 39.35
3441 35.59
3671 35.39
5356 35.48
4568 34.22
4347 35.25
5532 33.69
5251 35.48
5142 34.26
4423 35.16
5419 34.24
5141 35.47
5211 33.82
4872 34.64
4723 33.93
6131 34.94
4369 33.94
5100 34.45
4217 34.27
5823 34.76
4162 34.08
5205 33.94
4207 33.77
5791 34.60
4243 33.53
5007 33.91
4657 32.97
5941 34.30
5000 32.47
4856 34.02
4855 32.30
15200 32.32
1374 38.40
4142 33.84
2831 33.53
6313 33.72
3461 32.74
4795 33.47
4415 31.92
7542 33.02
3522 32.34
4650 33.57
4548 31.90
7561 33.28
3712 32.95
5780 33.86
3732 32.55
7093 33.37
3306 32.57
5254 33.45
3380 32.07
6122 33.64
3053 31.98
4990 32.18
3632 31.74
5697 33.72
4149 31.93
5158 33.37
3708 32.09
5986 33.30
3315 31.86
5230 32.52
3840 31.51
12618 28.18
2210 33.19
5644 32.20
3077 32.25
7312 33.31
3114 32.07
5105 32.75
3439 31.24
6552 34.36
3838 32.28
4809 34.03
4204 32.14
6775 34.66
3166 32.68
5337 34.26
3418 32.49
6276 35.17
3706 33.27
5648 35.35
4147 33.56
6371 35.65
3654 33.50
4981 35.25
3979 33.59
6074 36.00
4247 34.55
5476 36.34
4599 35.54
6777 36.43
3710 36.16
5162 36.62
4905 35.86
12709 34.29
2202 37.54
3896 36.71
3400 36.99
6630 36.45
3353 35.70
4322 36.31
4315 35.05
5840 35.89
3935 35.55
4974 35.26
3942 34.66
5819 35.77
4291 35.19
5125 35.37
4482 34.57
6613 35.81
3947 35.39
5102 35.61
4460 35.45
6159 36.29
4205 35.52
4562 35.64
4549 34.41
5732 36.44
4010 34.95
4959 35.55
4410 34.72
5895 36.36
4426 34.51
4904 35.60
3977 34.69
13675 33.51
1992 38.45
4470 36.11
2449 36.24
4997 35.31
2540 35.14
5292 33.83
5327 33.18
7108 33.74
3435 33.92
5226 34.08
3861 33.10
6276 34.62
4010 33.03
4808 33.81
3846 32.83
5814 35.05
3843 34.11
4584 33.58
4182 32.18
5542 33.42
3621 32.20
4595 31.59
3649 30.92
5820 31.84
3214 31.01
5017 30.18
3983 29.18
5722 30.65
3159 29.74
4795 28.97
4151 28.16
12566 28.69
1629 31.30
3722 33.02
3999 32.57
6765 33.14
4040 31.48
4131 32.54
4114 31.49
5899 33.07
4015 31.58
4745 31.70
4751 30.62
5864 32.84
4201 32.05
5045 32.39
4121 31.50
6135 33.43
4551 32.34
4831 32.73
4553 32.05
6225 33.74
4088 33.54
5434 34.20
4583 33.63
7283 34.31
4156 34.13
5604 34.61
4573 34.75
7575 34.99
4651 34.96
6412 35.14
4799 35.34
11554 33.97
2039 39.15
4237 35.82
2986 35.30
6211 35.50
3643 34.72
3748 35.94
4273 34.11
5527 36.24
4933 34.46
4358 35.56
3617 34.43
5401 35.65
4413 34.63
5139 34.91
3968 34.20
5479 35.06
4056 33.96
5501 34.29
3707 34.38
5587 34.84
4037 34.30
5514 33.85
3701 34.35
5740 34.41
4501 34.30
5301 34.78
4406 33.98
6200 34.65
4056 34.14
5717 33.58
3530 34.07
14438 32.12
1688 38.04
3714 35.18
3020 34.54
5535 33.76
2997 33.60
5430 31.90
4126 31.90
5874 32.29
3551 33.10
5459 31.98
4454 32.22
