7605 40.59
1472 40.72
5816 36.80
6583 35.10
4954 38.05
5334 36.17
5458 36.41
5030 35.57
5970 36.71
5057 35.71
5371 35.79
4824 35.06
6072 35.66
3716 35.02
5601 34.32
3518 34.70
6133 34.92
4534 34.18
6014 34.10
3795 33.73
7345 34.98
3754 33.87
5241 33.46
3929 33.80
6013 35.01
4011 33.27
5847 32.60
4136 32.07
6132 32.96
4082 32.72
5705 32.21
3922 32.19
14393 32.51
1487 35.59
3076 33.34
3009 32.28
6057 31.83
3691 31.07
5997 31.35
3828 31.04
6811 32.38
4175 31.74
5171 31.17
5987 30.51
5658 31.98
4416 31.25
6283 31.62
3687 31.22
6494 31.48
3827 30.90
4976 30.44
5637 29.37
5791 30.59
3609 30.33
6085 30.19
4116 30.63
7444 31.71
4734 32.22
5749 31.95
5489 31.76
6225 32.49
4864 31.72
5324 32.16
4337 32.00
16429 33.95
1174 39.32
3671 34.98
3592 34.83
5759 34.77
4595 34.31
4529 34.60
5601 33.22
6022 34.47
6299 33.04
5009 34.40
5863 33.27
5584 34.66
5141 33.40
5547 33.89
4926 33.51
6119 34.16
5201 32.97
5453 33.78
5354 33.31
6379 34.08
4467 33.51
5477 33.58
4347 33.14
6296 33.98
4732 33.41
5384 33.24
5353 32.45
6841 33.43
4757 32.34
5771 32.94
4803 31.94
16054 31.82
1521 38.01
4172 33.66
3060 32.89
6846 33.69
3842 32.33
5036 33.23
4819 31.13
7756 33.22
3816 31.79
6176 31.39
4268 31.49
7789 33.39
3944 32.46
5644 34.31
4185 32.09
7117 33.40
3664 32.14
5675 33.27
3527 31.86
6291 33.59
3324 31.62
5357 31.93
4019 31.03
6439 33.75
4350 31.74
5407 33.18
3899 31.77
6471 33.63
3498 31.60
5502 32.65
3845 31.36
12970 27.87
2330 32.90
5482 31.79
3139 32.04
8632 32.17
3042 31.43
6245 32.73
3437 31.01
7889 32.83
3521 31.78
5607 33.46
3947 31.79
8162 32.97
3055 32.14
5464 32.88
3345 31.69
7636 33.40
3516 32.33
5787 33.73
4164 32.57
7424 34.28
3845 32.97
5652 34.14
4110 32.92
7585 34.42
4582 33.60
5920 35.25
5090 34.67
8081 35.22
4137 34.92
5013 36.11
4838 35.86
13698 33.72
2510 37.21
4282 35.59
3892 36.04
7535 35.56
3775 35.12
4964 35.27
4170 34.77
6338 35.50
4377 34.76
5517 34.47
4318 34.08
6158 35.10
4505 34.46
5627 34.53
4875 33.91
6202 35.61
4465 34.71
5603 34.98
5065 34.60
7111 35.80
4645 35.06
4809 35.42
4673 34.02
6154 35.94
4435 34.44
5279 34.87
4595 34.11
6666 35.77
4637 34.14
5181 35.27
4506 33.63
15062 32.81
2077 37.66
4740 35.84
2876 35.20
5935 34.29
2668 35.05
5865 33.39
5828 32.89
8280 32.82
3430 33.69
5141 33.60
3876 32.84
6706 33.68
3517 33.37
5144 32.64
4499 31.83
6538 33.98
4728 32.94
4898 32.91
4394 31.70
6094 32.83
3701 31.49
5094 30.85
3861 30.31
6321 31.41
3593 30.38
5424 30.35
4324 28.65
6277 30.19
3342 29.27
5419 28.22
4347 27.67
13596 28.21
1767 30.59
4010 32.75
4198 32.17
7858 32.27
4327 30.90
4691 32.46
4796 30.86
6150 32.32
4413 30.93
5294 31.19
4994 30.04
6277 32.13
4241 31.84
5335 31.78
4394 30.97
6402 32.37
4498 31.75
5429 32.24
5133 31.27
6435 33.14
4370 33.01
5897 33.27
4988 33.07
7809 33.60
4530 33.57
5822 34.16
4924 34.22
8615 34.33
5358 34.15
6371 34.57
5286 34.60
12325 33.42
2298 37.89
4793 34.89
3505 34.64
6392 34.60
4015 33.74
4154 34.99
4196 33.77
6116 34.92
4460 34.10
5069 34.61
4435 33.41
5914 35.00
4407 33.84
5368 33.94
4426 33.02
5942 34.09
4514 33.46
5602 33.50
4465 33.48
5962 34.08
4517 33.40
5977 33.33
4280 33.48
6231 33.67
4871 33.60
6072 33.81
4675 33.68
6620 34.18
4331 33.63
6356 32.90
3950 33.46
15925 31.41
1771 37.69
4006 34.47
3249 33.71
6264 33.09
3323 33.90
5070 32.16
5071 31.38
6398 31.63
3895 31.98
5869 31.34
4574 31.29
