8542 39.88
1652 39.57
6272 36.15
6515 34.77
6182 37.40
6170 35.24
5233 36.13
5302 35.15
6330 35.81
5247 34.99
5884 34.89
5090 34.14
6473 35.03
3913 34.25
6291 33.64
3888 33.84
6675 34.34
5096 33.32
6681 33.65
4153 33.06
7505 34.35
4107 33.24
5699 32.93
4148 33.07
6653 34.33
4150 32.56
5963 31.98
4743 31.27
6879 32.26
4325 32.15
5895 31.71
4773 31.35
15228 32.08
1681 34.47
3270 32.77
3491 31.63
6543 31.93
4074 31.04
6211 31.12
4582 30.58
7560 31.99
4518 31.44
5490 30.69
6258 30.09
6259 31.36
4500 30.84
6488 31.09
4103 30.88
6869 31.09
3848 30.43
5502 29.76
6063 28.73
5985 29.89
4171 29.76
6379 29.74
4700 30.15
8738 30.99
6127 31.37
5901 31.56
4895 31.59
7516 31.45
4590 31.23
5206 31.69
4862 31.24
17677 33.43
1269 38.08
3919 34.66
3902 34.66
6202 34.37
4706 33.80
5292 33.98
6173 32.69
5982 34.50
5835 33.01
6144 33.58
5997 32.99
6057 34.38
6063 32.89
5801 33.47
5954 32.80
6576 34.03
5525 32.97
5947 33.64
5216 33.05
6875 33.60
4878 33.03
5978 33.02
5253 32.51
7014 32.96
4665 32.82
6065 32.51
5508 31.97
7470 32.97
5155 31.77
5995 32.28
5180 31.45
17171 31.34
1695 36.83
4754 32.46
3324 32.33
7624 33.01
3937 31.71
5040 32.90
5015 30.90
8525 32.67
4047 31.45
6068 31.25
4558 31.35
8786 32.09
4136 32.16
6659 32.77
4230 31.52
7769 32.27
3863 31.34
6006 32.26
3814 30.99
6823 32.49
3548 30.87
5849 31.08
4178 30.16
6538 32.51
4993 30.65
5841 32.17
4442 30.83
6553 32.26
3949 30.48
6033 31.18
4234 30.52
14161 27.07
2676 31.91
6360 31.23
3545 30.98
8916 31.75
3464 30.72
6247 30.02
3513 30.04
8113 32.73
4342 30.73
7908 32.87
4411 31.13
7737 33.41
3751 31.43
5578 33.43
3992 31.38
7635 33.67
3756 31.99
6173 33.84
4576 32.32
7754 33.93
4194 32.52
5980 34.15
4297 32.45
7567 34.46
4806 33.15
6336 34.82
5604 34.27
8264 35.19
4474 34.78
5606 35.91
5684 34.86
14901 33.09
2686 36.37
4509 35.29
4172 35.50
7015 35.80
4070 34.90
4997 35.23
5041 34.03
6633 35.36
4594 34.46
5812 34.13
4912 33.65
6331 34.83
5088 34.02
6044 34.19
5023 33.76
6875 35.19
4980 34.05
5776 34.78
5453 34.38
7585 35.29
4954 34.61
5194 34.88
4952 33.56
6824 35.47
4672 34.10
5854 34.33
4933 33.85
6838 35.55
5020 33.70
5236 34.83
5055 33.22
16032 32.33
2257 37.34
5485 35.08
2976 34.79
6304 33.90
2920 34.17
6386 32.88
5881 32.29
9121 32.20
3873 32.87
6208 32.86
4176 32.12
7376 32.84
3908 32.06
5587 32.14
4689 31.41
6976 33.11
4630 32.81
5377 32.26
4957 30.91
6436 32.25
4250 30.98
5495 30.64
3940 30.11
6669 30.55
3906 29.59
5734 29.20
4627 28.13
6756 29.54
3839 28.59
5633 28.00
4545 27.24
14538 27.73
1900 30.21
4314 32.64
4690 31.75
8088 32.10
4927 30.50
4928 31.40
4413 30.66
7406 32.42
4585 30.78
5491 31.00
5409 29.68
6573 31.92
5216 31.07
6570 30.96
4756 30.48
6983 32.16
5105 31.09
6078 31.50
5226 30.84
6929 32.88
4640 32.78
6103 33.08
5605 32.57
8329 33.43
5035 33.03
6305 33.62
5253 33.61
9449 34.07
5233 34.05
6865 34.31
5531 34.19
13567 32.78
2413 37.69
5164 34.17
3873 33.88
6558 34.24
4041 33.18
4216 34.33
4895 32.64
6835 34.15
5081 33.32
5507 33.99
4482 33.36
6534 34.02
4626 33.44
5680 33.42
5298 32.58
6479 33.31
4662 32.88
6077 32.88
4441 32.93
6496 33.40
4816 32.72
6210 32.70
4501 32.94
6569 33.35
5354 32.95
6233 33.50
5183 32.81
7042 33.46
4896 32.91
6424 32.71
4577 32.58
17281 30.91
1910 37.36
4302 33.92
3625 33.20
6301 32.62
3572 32.37
5510 31.31
5755 30.26
6760 31.40
4216 32.31
6244 31.15
4979 31.16
