8873 39.58
1766 39.30
6597 35.83
6567 34.55
6099 37.00
6835 34.87
5717 35.62
5042 35.11
6531 35.80
5765 34.69
5902 34.76
5111 34.29
6515 34.98
4266 34.12
6205 33.46
4174 33.83
6889 33.92
5205 33.20
6835 33.51
4214 33.12
8021 33.90
4182 33.05
5922 32.74
4328 32.96
6825 33.69
4370 32.59
6086 31.86
4960 30.94
6866 32.25
4536 31.97
6223 31.49
4625 31.34
15640 31.79
1836 33.94
3456 32.44
3539 31.89
6806 31.96
4295 30.65
6641 30.70
4161 30.42
7688 31.91
4954 31.27
5674 30.56
6313 30.06
7244 31.13
4112 30.69
6845 30.76
3916 30.52
7342 30.88
3882 30.26
5648 29.62
6299 28.46
6213 29.70
4211 29.54
6720 29.60
4985 29.62
8549 31.14
5973 31.24
5733 31.52
5419 31.20
7127 31.51
5228 31.09
5687 31.55
5134 31.01
18320 33.16
1242 37.98
4697 33.89
4507 33.67
5806 34.29
4668 33.54
5644 33.56
5526 33.05
6509 33.91
6337 32.88
5955 33.59
6011 32.78
6470 34.00
6217 32.61
6187 33.38
5415 32.75
7102 33.61
5674 32.62
6340 33.16
5380 32.73
7215 33.20
4891 32.79
6257 32.65
4725 32.54
7177 32.84
5178 32.48
6157 32.70
5980 31.68
8453 32.48
4970 31.64
5946 32.20
5311 31.23
17894 30.97
1703 36.82
4728 32.79
3383 32.30
7200 32.57
4435 31.20
5395 32.66
5519 30.38
8600 32.54
4322 30.94
6203 31.16
4891 30.79
7678 32.92
4758 31.24
6401 33.04
4752 31.05
7972 32.49
4086 31.29
6197 32.38
3818 30.86
6729 32.60
3731 30.64
5943 30.85
4218 30.47
6838 32.65
5084 30.52
6061 31.86
4633 30.35
6781 32.32
4032 30.28
6043 31.07
4476 30.00
14339 26.92
2750 31.67
6170 31.92
3969 30.40
9438 31.25
3409 30.48
6113 29.88
3666 29.93
8822 32.03
4398 30.20
7549 32.61
4546 30.72
8626 32.62
3742 31.03
6068 32.25
3909 31.05
8184 32.99
3893 31.67
7196 33.62
4517 32.04
8140 33.48
4168 32.34
6188 33.49
4566 32.05
8393 33.62
4732 33.26
6855 34.26
5692 33.78
8988 34.38
4554 34.38
5646 35.39
5763 34.73
15001 33.05
2748 36.29
4610 34.99
4409 35.30
7742 35.31
3990 35.02
5179 35.10
5036 33.99
6926 35.11
4963 34.23
6165 33.73
4722 33.47
6767 34.39
5214 33.87
6369 34.12
5185 33.49
7092 34.90
4868 33.97
5910 34.68
5650 34.05
7666 35.05
5042 34.28
5566 33.99
4953 33.41
6798 35.18
5104 33.48
6275 33.76
5060 33.60
7072 35.26
5165 33.50
6032 34.05
5204 32.97
16835 31.97
2235 37.28
5649 34.82
3034 34.64
6628 33.41
2983 33.99
6596 32.67
6276 32.02
9546 31.89
3795 32.94
6589 32.62
4243 31.86
7718 32.75
4143 31.84
5686 31.99
5193 30.89
7216 33.13
4828 32.58
5364 32.40
4952 30.99
6655 31.95
4310 30.72
5595 30.17
4247 29.78
6756 30.38
4270 29.47
5950 28.79
4945 27.73
6701 29.07
4159 28.40
6226 27.55
4607 27.18
16068 26.97
1745 30.62
4376 30.61
6937 30.55
7076 32.72
4720 30.71
4789 31.69
5168 30.52
6549 33.15
5376 30.67
5722 31.14
5631 29.76
6734 32.25
4942 31.47
6089 31.43
5374 30.44
7181 32.35
5087 31.64
5974 31.54
5862 30.62
7025 32.95
4975 32.34
6323 32.88
5729 32.37
8198 33.71
4870 33.32
6134 33.68
5284 33.69
8766 34.34
5469 33.99
6452 34.58
5429 34.28
16613 31.37
2487 37.49
5435 34.00
3762 33.49
6959 33.84
4164 33.19
4451 34.30
4866 32.37
7072 33.83
5179 33.07
5746 33.57
4555 32.78
6826 33.68
4860 32.94
5802 33.03
5124 32.34
6894 33.03
4607 32.81
6558 32.51
4932 32.69
6632 33.03
4901 32.68
6203 32.66
5379 32.17
7059 32.85
5366 32.78
6763 32.78
5226 32.46
7118 33.19
4922 32.79
7165 32.05
4373 32.34
17649 30.79
1958 37.16
4586 33.44
3620 32.86
6716 32.09
3571 32.14
5976 30.92
5475 30.28
7187 31.00
4273 31.31
6524 30.75
5203 30.42
