9313 39.37
1747 39.16
6926 35.50
6489 34.40
6301 36.77
7021 34.55
6169 35.18
5365 34.80
6966 35.39
5509 34.63
6453 34.46
5175 34.02
6768 34.75
4387 33.85
6723 33.19
4187 33.66
7285 33.76
5572 33.04
6866 33.51
4561 32.81
8138 33.83
4408 32.97
6110 32.38
4211 32.78
7002 33.68
4860 32.15
6385 31.35
4992 30.60
6915 32.01
4836 31.46
6438 31.28
4760 31.02
16104 31.56
1827 33.91
3721 32.31
3411 31.27
6985 31.43
4757 30.18
6903 30.54
4048 30.46
8018 31.75
5167 30.92
5534 30.37
6653 29.83
7091 30.84
4667 30.19
6982 30.75
4343 30.23
6986 30.78
4580 29.83
5728 29.24
6408 28.43
6519 29.29
4450 29.44
7116 29.35
4960 29.54
9641 30.61
7047 30.85
7081 30.72
5687 30.85
7739 31.25
4978 30.91
5374 31.19
5072 30.76
17953 33.34
1279 38.24
4466 34.14
4252 33.89
6720 34.10
6094 33.11
5587 33.72
6151 32.42
6296 33.93
6248 32.68
6075 33.29
6037 32.82
6470 34.05
6841 32.36
5828 33.24
5927 32.68
7489 33.40
5729 32.48
6397 32.95
5818 32.54
7161 33.05
5025 32.82
6364 32.52
5201 32.18
7106 32.93
5449 32.16
6337 32.26
6121 31.51
8678 32.15
4997 31.44
6841 31.58
5262 31.00
18401 30.78
1777 36.77
4710 32.64
3482 32.04
8096 32.18
4311 31.19
5796 32.13
5430 30.39
9220 32.05
4030 30.94
6229 30.53
5014 30.64
8691 32.10
4444 31.56
6707 32.63
4570 31.08
8546 31.93
4290 30.85
6424 32.09
4115 30.47
7238 32.14
3970 30.35
6505 30.69
4309 30.00
7574 32.44
4951 30.42
6200 32.14
4626 30.47
7029 32.45
4214 30.51
6420 30.54
4446 29.85
14533 26.82
2765 31.58
5977 30.82
3738 30.43
10224 30.57
3499 30.16
7440 31.10
4009 29.72
9483 31.34
3986 30.71
5859 32.03
4796 30.35
9529 31.77
3766 30.70
6653 32.07
3938 30.74
9343 31.93
3963 31.48
7870 32.07
4529 31.54
9730 32.27
4044 31.85
6198 33.00
4687 31.52
8863 32.82
5103 32.60
7538 33.48
5569 33.51
10752 33.04
4366 34.52
7167 34.12
5558 34.18
13081 34.06
2948 35.90
5154 34.38
4586 35.04
7798 35.01
4453 34.48
4896 35.40
5279 34.01
7257 34.77
5509 33.88
6210 33.75
5166 33.29
7166 34.21
5267 33.66
6757 33.53
5486 33.23
7796 34.28
4793 33.79
6631 34.05
5695 33.83
8363 34.75
5054 34.27
5471 34.57
5464 33.21
7029 34.74
5118 33.45
6254 33.94
5345 33.29
7203 35.23
5316 33.42
5955 34.12
5343 32.96
18322 31.27
1775 38.54
5814 34.47
3147 34.85
6664 33.25
2998 33.57
6852 32.09
6528 31.96
9820 31.93
4073 32.28
5894 32.92
4573 31.60
8649 32.23
4318 31.46
5846 31.60
4966 30.86
7662 32.86
5366 32.13
5368 32.23
5248 30.69
6966 31.77
4389 30.78
5982 30.13
4182 29.76
7364 30.60
4012 29.24
5863 28.92
5229 27.46
7039 29.24
3926 28.28
6165 27.46
5007 26.86
15582 27.18
2015 29.74
4348 30.53
5186 31.38
8223 32.19
5203 30.32
5259 31.25
5192 30.04
7150 32.06
5010 30.42
6108 30.44
6135 29.29
7183 31.72
5213 31.11
6381 30.89
5086 30.34
7325 32.26
5104 31.34
5950 31.78
5565 30.68
7390 32.54
5056 32.36
6507 32.59
5616 32.36
8678 32.78
5105 32.95
6260 33.79
5388 33.41
9558 33.52
5915 33.47
7174 33.91
5823 33.63
15569 31.74
2661 36.95
5469 33.78
3878 33.57
7220 33.54
4492 32.71
4566 33.85
5182 32.09
7434 33.70
5220 32.99
5903 33.46
4617 32.52
6960 33.50
4823 32.77
6174 33.05
5202 32.15
7073 32.80
5044 32.31
6543 32.49
4900 32.45
7012 32.85
5097 32.23
6277 32.44
5705 31.75
7708 32.23
5246 32.42
6870 32.66
5506 32.55
7813 32.58
5042 32.45
6929 31.80
4595 31.98
18354 30.45
2044 36.83
4735 33.20
3871 32.51
7087 31.79
3893 31.89
5633 31.26
5565 30.24
7488 30.71
4518 30.85
6758 30.40
5144 30.37
