10431 38.67
2011 38.67
6787 35.44
7597 33.98
6105 36.65
8235 34.21
6141 35.16
5387 34.41
7452 35.00
5872 34.23
7223 33.95
4444 34.17
7401 34.18
4570 33.65
6916 32.66
4530 33.27
7498 33.80
5923 32.65
7180 33.21
4947 32.19
8337 33.66
4696 32.47
6620 32.05
4873 32.33
7425 33.07
5029 31.78
6661 31.15
5417 30.25
7386 31.47
4926 31.27
6795 30.79
5352 30.47
16756 31.26
1946 33.49
3819 31.95
4574 30.57
7688 31.26
3887 30.59
7357 30.17
4728 30.13
8890 31.25
5102 30.74
6125 29.89
6580 29.56
7958 30.42
4948 30.00
7117 30.37
5260 29.56
7940 30.30
4194 29.60
6139 28.96
7096 27.76
6774 29.00
4933 28.79
7542 28.87
5437 29.21
10404 30.02
7284 30.41
8026 30.16
5854 30.47
7585 31.01
5408 30.58
5647 30.92
5327 30.47
18500 33.12
1879 36.11
4439 34.09
4232 34.10
6536 34.03
7676 32.50
6083 33.43
6348 32.26
7030 33.65
6525 32.59
6349 33.39
7667 32.14
6241 33.93
6933 32.21
6625 32.99
6105 32.53
7518 33.25
6326 32.38
7137 32.64
5961 32.31
7533 33.18
5729 32.27
6857 32.27
5231 32.04
7318 32.62
5455 32.12
6827 31.98
6714 31.12
8401 32.44
5888 31.09
6496 31.86
5930 30.73
19519 30.27
1879 35.99
4688 32.43
3808 31.61
8416 32.38
4704 30.85
5465 32.37
5796 30.16
9153 32.05
4471 30.25
6747 30.10
5294 30.26
8845 32.22
4823 30.78
6720 32.40
4941 30.52
8082 32.10
4579 30.38
6905 31.88
4473 29.95
7463 31.99
4000 30.05
6432 30.18
4726 29.57
7499 32.38
5532 29.98
6792 31.56
4964 29.91
7727 31.82
4531 29.76
6332 30.90
4780 29.59
15288 26.32
2990 31.07
5916 30.18
3912 29.95
11521 29.57
3475 29.98
8048 30.30
3964 29.25
10572 30.43
4317 29.85
6444 31.01
4930 29.92
10334 30.94
3867 30.08
6536 31.20
4431 29.79
9709 31.48
4436 30.69
8787 31.91
5150 30.94
10431 31.76
4223 31.43
6957 32.49
5014 31.17
10106 32.03
5263 32.18
9013 32.48
6023 33.26
10778 33.08
4916 33.71
7647 33.56
5943 33.87
12942 34.16
3053 35.77
4814 34.93
5034 34.62
7812 35.03
5130 34.10
5503 34.83
6273 33.27
7194 35.04
6228 33.61
7156 33.24
4925 33.16
6816 34.37
5804 33.35
6833 33.56
5958 32.90
7497 34.26
5868 33.17
7141 33.60
6040 33.58
8406 34.57
5455 33.72
5765 33.93
5949 32.86
7567 34.30
5539 33.12
6576 33.33
5989 32.66
7896 34.42
5491 32.85
6305 33.51
5643 32.41
18962 30.98
2252 37.19
6163 33.87
3267 34.07
7104 32.82
3269 33.44
7520 31.74
6823 31.57
10097 31.61
4291 32.09
6477 32.52
5020 31.22
8621 31.98
4533 31.24
6291 31.32
5108 30.60
7775 32.70
5184 32.18
6021 31.48
5498 30.31
7236 31.33
4800 30.10
6332 29.72
4572 29.31
7470 29.98
4661 28.95
6448 28.57
5627 27.19
7544 28.56
4371 27.86
6723 26.99
5106 26.53
16797 26.62
2119 29.43
4573 30.30
6113 30.98
8367 31.74
5322 30.09
5371 31.07
5910 29.59
7840 31.91
5396 30.05
6261 30.32
6199 29.07
7568 31.70
5839 30.38
6358 30.83
5579 29.85
7813 31.64
6174 30.21
6683 30.92
5979 30.29
7663 32.14
5278 31.91
7015 32.15
6605 31.21
9063 32.66
5548 32.34
6618 33.26
5788 32.96
10165 33.09
6485 32.77
7813 33.22
5982 33.32
16755 31.29
2618 37.22
6061 32.97
4310 32.92
7979 32.76
4638 32.39
5186 33.17
5885 31.42
8101 33.07
5858 32.35
5761 33.13
5142 32.40
7437 33.17
5257 32.44
6611 32.37
5909 31.55
7359 32.54
5048 32.13
7017 32.08
5159 32.18
7558 32.28
5517 32.06
6995 32.08
5515 31.89
7619 32.15
5962 31.97
7306 32.04
5730 31.79
7947 32.47
5560 31.95
7395 31.50
5004 31.75
19630 30.03
2101 36.88
5028 32.82
4062 31.80
7296 31.71
4093 31.52
6382 30.53
6065 29.80
7759 30.36
4850 30.81
7148 30.16
5725 29.97
