10754 38.49
2134 38.31
6782 35.08
7908 33.71
6222 36.32
8855 33.77
6702 34.91
5596 34.33
7329 34.97
6453 34.00
6755 34.07
5807 33.34
7442 34.11
4541 33.55
7397 32.43
4598 33.13
7671 33.67
6140 32.47
7677 32.73
5014 32.07
8430 33.48
4887 32.39
6763 31.86
5012 32.17
7636 33.23
5252 31.79
7048 31.03
5585 30.21
8306 31.15
4785 31.29
6928 30.51
5501 30.26
17256 30.99
2010 33.19
3927 31.64
4792 30.13
7550 30.32
4408 29.87
7675 29.77
4595 29.83
8659 31.00
5713 30.27
6448 29.70
6964 29.17
7661 30.43
5169 29.77
7370 30.30
5616 29.46
7989 30.18
4571 29.31
6444 28.84
7095 27.72
7014 29.04
5130 28.79
7817 28.73
5441 28.88
10292 30.10
7454 30.43
6635 30.67
6027 30.61
8655 30.48
5514 30.27
5960 30.75
5561 30.26
19686 32.66
1960 35.80
5001 33.53
4600 33.68
7349 33.42
6610 32.34
6442 33.08
7471 31.60
7063 33.48
6625 32.29
6032 33.16
7620 31.99
6350 33.89
7763 31.73
6107 33.02
6854 32.02
7540 33.16
6650 31.93
7318 32.36
6312 32.16
7879 32.59
5790 32.16
7304 32.05
5024 32.13
7741 32.51
5668 31.69
6885 31.77
6917 30.95
8617 32.59
6236 30.88
6938 31.60
6227 30.55
20008 30.04
1964 35.63
4996 32.15
3756 31.66
8375 31.86
4945 30.36
6388 31.42
5991 29.73
9664 31.60
4745 29.98
6404 31.39
5746 29.90
9592 31.51
4781 30.82
7137 31.98
4985 30.38
8891 31.47
4544 30.16
6976 31.08
4405 29.82
7653 31.67
4162 29.57
6685 29.84
4894 29.16
7832 31.85
5675 29.60
6780 31.00
5244 29.57
7541 31.21
4683 29.45
6916 30.22
5037 29.22
15778 26.05
3163 30.69
6119 29.80
4252 29.29
11331 29.72
3897 29.19
7157 30.64
4597 28.59
10501 30.46
4601 29.43
8415 30.87
4930 29.78
10124 31.18
4185 29.91
6818 31.20
4399 29.74
9865 31.39
4420 30.57
7342 31.77
5291 30.59
9839 31.85
4861 30.83
6683 32.05
5398 30.73
9901 32.09
5866 31.74
8469 32.82
6542 32.83
11032 32.83
5279 33.27
8051 33.28
6187 33.41
14315 33.43
2712 36.23
5313 34.08
4968 34.48
9230 34.23
4857 33.91
6039 34.05
6236 32.90
7212 34.47
6526 33.14
6743 33.26
5748 32.78
7431 34.11
6182 33.05
7013 33.14
5963 32.68
7662 34.28
6423 32.91
6944 33.74
6556 33.31
8291 34.78
5862 33.48
6433 33.30
5564 32.67
7700 34.48
5861 32.88
6718 33.25
6030 32.58
7804 34.56
5797 32.71
6966 32.88
5855 32.17
19992 30.60
2171 37.52
6343 33.85
3337 33.82
7639 32.53
3459 32.97
7377 32.02
6760 31.73
11030 31.07
4422 31.91
7053 31.84
4479 31.40
9992 31.56
4581 31.12
5992 31.22
5720 30.22
9439 31.80
5185 31.65
6137 31.23
5399 30.31
7759 30.84
4869 29.68
6592 29.28
5093 28.97
8022 29.43
4612 28.64
6688 28.11
5679 26.90
7681 28.11
4494 27.79
6942 26.76
5110 26.43
17364 26.39
2214 28.94
5705 29.50
8792 29.31
8146 32.06
5540 30.05
5507 31.18
5293 30.06
6837 32.59
5742 30.09
6400 30.37
6416 28.99
7366 31.42
6147 30.46
7720 30.07
5689 29.49
7917 31.29
5448 30.61
7719 30.09
5903 29.85
8058 31.90
5751 31.49
7567 31.32
6559 31.07
9206 32.39
5428 32.46
6991 32.90
6533 32.47
10345 33.03
6423 32.88
8040 33.15
6263 32.87
17241 30.99
2904 36.20
5873 33.52
4268 33.01
8063 32.56
5023 32.17
5224 32.76
5779 31.60
7849 33.08
5964 32.26
6461 32.80
5137 32.05
7732 32.97
5525 32.21
6377 32.38
6528 31.22
7476 32.30
5583 31.80
7090 31.89
5547 31.87
7679 32.28
5598 31.69
7004 31.89
5830 31.58
7950 31.87
6148 31.60
7594 31.66
5883 31.73
8019 32.34
5796 31.62
7744 31.35
5052 31.63
20251 29.77
2191 36.49
5293 32.51
4325 31.52
7476 31.17
4283 31.36
6148 30.35
6516 29.60
8067 30.01
4966 30.45
7310 29.92
6063 29.75
