11579 38.01
2336 37.81
7022 34.88
8773 33.10
6911 35.53
8362 33.54
6652 34.43
6531 33.80
7769 34.43
6475 33.61
7592 33.48
5649 33.07
7986 33.77
5090 32.89
7516 32.14
5205 32.51
8385 32.94
6815 31.90
8125 32.49
5192 31.64
9554 32.95
5035 31.95
7130 31.35
5104 31.72
7996 32.84
5262 31.31
7369 30.79
6015 29.69
7902 31.13
5420 30.66
7295 30.29
6179 29.86
18448 30.56
2035 32.90
4018 31.40
5275 29.80
7582 29.62
6041 28.86
8173 29.28
4954 29.43
10157 30.17
4861 30.08
6622 29.09
7828 28.60
7631 29.64
5535 29.18
8134 29.54
5121 29.05
8069 29.67
5503 28.61
6724 28.28
7364 27.30
7615 28.37
5486 28.33
8296 28.10
5946 28.40
12036 29.30
7593 29.87
8163 29.62
6725 29.65
8867 30.20
5726 29.95
6254 30.30
5860 29.83
19655 32.73
2139 35.62
4873 33.62
5346 33.32
6953 33.54
6827 32.38
7860 32.35
7114 31.70
7264 33.45
7955 31.89
6620 32.95
7032 32.02
7518 33.43
7523 31.59
7087 32.33
6963 31.74
7916 32.81
7275 31.68
7741 31.95
6467 31.88
8076 32.46
6141 31.75
7914 31.42
5721 31.51
7911 32.04
6143 31.48
7796 31.02
6903 30.61
8823 31.99
6629 30.61
7576 30.99
6406 30.10
20788 29.69
2125 35.24
5337 31.72
4102 31.02
9184 31.71
5174 30.21
6109 31.62
6249 29.46
9786 31.68
4890 29.59
6702 31.21
5894 29.66
9012 31.94
5350 30.28
7355 31.87
5535 30.03
8688 31.83
5214 29.77
7037 31.04
4885 29.50
7959 31.66
4437 29.41
7069 29.93
5288 28.95
8137 31.61
5793 29.33
7460 30.34
5280 28.99
8165 31.42
4857 29.12
7265 30.01
5077 28.69
16224 25.82
3395 30.37
6414 29.32
4258 29.28
12948 28.59
3778 29.03
8329 29.26
4375 28.56
12089 29.29
4652 29.03
6590 30.29
5518 28.96
12211 29.65
4248 29.40
7727 30.47
4721 29.12
11711 29.91
4661 30.03
9532 30.33
5620 29.91
11464 30.43
4797 30.45
8010 31.08
5322 30.24
11659 30.87
5881 31.22
9652 31.74
6873 32.16
10806 33.33
5707 32.82
7260 33.76
6285 33.77
14233 33.42
3261 35.43
5246 34.38
5165 34.61
9358 34.19
5325 33.65
5836 34.23
6626 32.83
7997 33.99
7045 32.83
7188 32.86
5432 32.59
8011 33.47
6494 32.59
7450 32.84
6155 32.48
8819 33.50
6128 32.74
7419 33.26
6918 32.99
8717 34.21
6336 33.05
6227 33.47
6272 32.32
8080 34.05
6138 32.58
7473 32.67
6010 32.37
8378 34.03
6347 32.00
6818 33.24
6026 31.87
20444 30.47
2777 36.46
6892 33.52
3661 33.24
7826 32.20
3538 32.39
8056 31.29
7480 30.80
10833 31.08
4871 31.54
6745 32.13
5514 30.52
9224 31.40
5032 30.65
6810 30.66
5871 29.93
8537 31.76
5780 31.24
6610 30.96
6124 29.59
8083 30.77
5093 29.64
6936 28.92
5027 28.81
8264 29.38
5042 28.26
7361 28.05
5533 26.97
7754 28.14
4701 27.37
7369 26.45
5643 25.91
18176 26.11
2454 28.50
4916 29.93
6859 30.50
9352 31.10
6038 29.32
5836 30.47
5992 29.17
8361 31.46
6157 29.37
6902 29.69
7356 28.28
8379 31.10
6061 30.32
7075 30.44
6250 29.26
8379 30.88
5616 30.25
7055 30.35
6383 29.69
8440 31.52
5678 31.33
7546 31.42
6798 30.85
9033 32.41
5862 32.23
7636 32.57
7038 32.11
10053 33.11
7173 32.85
7998 33.13
6466 33.04
19923 30.09
2834 36.53
6601 32.53
4474 32.47
8679 32.19
5065 31.91
5438 32.79
5813 31.25
8613 32.53
6611 31.77
7091 32.41
5172 31.65
8167 32.39
5572 31.87
7192 31.79
6101 31.20
8073 31.77
5796 31.32
7443 31.43
5764 31.28
8170 31.55
6094 31.23
7466 31.35
6304 30.98
8859 31.31
6374 31.44
7868 31.58
6309 31.22
9302 31.51
5704 31.20
7388 31.15
6076 30.60
21248 29.45
2396 35.67
5471 31.93
4491 31.17
8358 30.74
4550 30.43
6660 29.97
6646 29.33
8441 29.73
5379 30.22
7856 29.52
6179 29.29
