12197 37.65
2416 37.29
7506 34.39
8370 32.97
6650 35.71
9671 33.12
8038 33.96
5433 33.77
7305 34.51
7096 33.45
8559 33.11
4988 33.16
7924 33.76
5343 32.63
7862 31.94
5397 32.32
8890 32.66
6712 31.79
8235 32.19
5262 31.61
10331 32.35
4814 31.68
7202 31.03
5365 31.34
8171 32.62
5294 31.15
7616 30.42
6068 29.30
8121 30.90
5707 30.24
7695 29.94
6198 29.50
18637 30.45
2158 32.91
4249 31.13
5287 29.35
8135 29.32
5418 29.01
8344 29.14
5311 29.18
10181 30.01
5639 29.64
6464 28.99
8059 28.49
7676 29.71
6256 28.86
8415 29.37
5100 29.13
8515 29.38
4962 28.78
7230 28.09
7420 27.25
8106 28.02
5458 28.24
8472 28.02
6138 28.33
12234 29.11
8321 29.58
8458 29.41
7052 29.58
10288 29.59
5352 29.95
6918 29.79
5458 29.76
19886 32.58
1830 36.23
5196 33.26
5146 33.37
7494 33.29
6322 32.34
6743 32.94
8678 31.23
7241 33.29
7189 32.15
7349 32.72
8159 31.60
7195 33.35
7933 31.49
7508 32.33
7203 31.56
7680 32.97
7568 31.62
8610 31.85
6506 31.71
8516 32.53
6161 31.63
7578 31.47
6312 31.11
8308 31.85
6259 31.34
7787 30.85
7282 30.53
8931 32.04
6688 30.33
8531 30.39
6093 30.13
21538 29.43
2145 34.99
5366 31.34
4171 30.84
9382 30.69
5513 29.85
7473 30.30
6122 29.07
11312 30.30
4654 29.68
6839 30.50
6123 29.28
10531 30.68
5187 30.07
7531 30.95
5586 29.70
10039 30.65
4911 29.54
7166 30.12
5088 28.94
8254 30.68
4651 28.90
7405 29.08
5406 28.55
8558 31.05
6153 28.91
7255 30.32
5858 28.77
9008 30.82
5098 28.72
7329 30.09
5590 28.46
17031 25.44
3563 30.10
8265 29.27
4256 29.20
11827 29.36
4212 28.87
8353 29.64
4808 28.33
10769 30.31
5103 29.12
6833 30.13
5806 28.93
10816 30.68
4862 29.15
7875 31.11
5177 29.14
10336 30.90
5022 29.80
8493 31.34
5941 29.83
10331 31.24
5221 30.41
7845 30.89
5733 30.04
9836 31.36
6608 30.91
9334 31.99
6821 32.38
13033 31.69
5770 32.55
9731 32.10
7124 32.50
14134 33.48
3049 35.30
5499 33.89
5494 34.28
8408 34.65
5154 33.84
6719 33.87
6731 32.74
8275 34.13
7092 32.83
7334 32.88
6283 32.17
7666 33.90
6408 32.84
7705 32.82
6389 32.32
8289 33.79
6741 32.50
7961 33.04
7050 32.93
8431 34.25
7022 32.79
6551 33.41
6324 32.07
7912 33.86
6123 32.58
7963 32.30
5938 32.27
8434 33.76
6309 32.01
7489 32.60
6159 31.63
21517 30.00
2653 36.59
7153 33.28
3736 33.34
8134 31.88
3671 32.52
8089 31.47
7647 30.78
11712 30.76
4806 31.44
7760 31.35
5343 30.63
10338 31.25
5062 30.63
6949 30.38
6034 29.73
8774 31.78
5932 31.31
6422 30.95
6733 29.27
8161 30.62
5360 29.34
6926 29.14
5182 28.61
8257 29.23
5134 28.18
7484 27.57
5953 26.45
8246 27.98
4946 27.20
7309 26.32
6023 25.80
18450 26.00
2488 28.26
5147 29.74
6916 30.34
9918 31.19
6214 29.26
6360 30.16
6936 28.76
8078 31.35
6791 28.97
7051 29.53
7265 28.29
8323 30.85
7169 29.44
8134 29.60
5489 29.29
8490 30.84
6460 29.90
8246 29.58
6507 29.35
8681 31.30
6031 31.02
7703 31.08
7099 30.68
10141 31.81
6071 31.71
7623 32.36
6760 32.15
10793 32.41
6622 32.64
7942 33.09
6636 32.73
20725 29.78
2999 36.04
7016 32.38
5021 32.08
8873 32.04
5356 31.59
5642 32.56
5704 31.23
9037 32.23
6769 31.44
6696 32.26
6105 31.39
8260 32.34
6025 31.61
7429 31.55
6249 30.79
8198 31.73
5967 31.28
7609 31.23
6029 31.16
8195 31.60
6181 30.93
8129 30.99
5904 31.07
8525 31.33
6727 31.34
8131 31.50
6506 30.86
8742 31.59
6153 31.35
8751 30.57
5575 30.98
22214 29.18
2337 36.20
5792 31.93
4647 30.95
8558 30.49
4633 30.76
6455 30.11
6590 29.30
8346 29.49
5458 29.80
7938 29.20
6670 28.77
