12924 37.32
2598 36.52
8425 33.85
8392 32.86
6872 35.39
10121 32.84
7860 33.81
5976 33.46
8349 33.98
7692 32.98
8426 32.92
5177 33.00
8376 33.30
5574 32.22
8585 31.45
5564 31.98
9213 32.63
7194 31.46
8953 31.91
5394 31.35
10183 32.54
5460 31.46
7601 30.88
5643 31.28
8672 32.33
5783 30.73
8052 30.24
6291 29.18
9123 30.39
5322 30.24
7812 29.64
6465 29.33
19664 30.01
2323 32.05
4598 30.90
5521 29.35
8514 29.16
5733 28.76
8686 28.87
5801 28.84
10223 29.96
6294 29.27
6965 28.77
8191 28.28
8592 29.07
6559 28.72
8870 29.15
5580 28.95
9626 29.03
4816 28.61
7439 27.94
7993 26.91
8271 28.09
5956 27.86
8820 27.83
6520 28.06
12732 28.87
8639 29.25
9338 29.10
6891 29.50
10752 29.28
5669 29.63
7410 29.57
5805 29.43
20340 32.41
2552 34.33
5652 32.92
5591 32.84
7471 33.40
6321 32.34
7528 32.71
8867 30.98
7114 33.27
9064 31.30
7129 32.52
8108 31.48
8253 32.71
8154 31.17
8033 32.05
7047 31.38
8819 32.25
7854 31.20
8142 31.60
6808 31.45
8895 31.99
6534 31.28
8512 30.87
5899 31.02
8598 31.42
6528 31.05
8103 30.70
8049 30.13
9724 31.51
7044 30.06
8068 30.63
6797 29.75
22903 28.96
2145 35.08
5507 31.18
4583 30.32
10253 29.40
5547 29.35
8716 29.24
6173 28.79
12807 29.15
4919 29.52
7072 30.05
6682 28.73
12415 29.20
5111 29.72
8288 30.11
5618 29.27
10755 29.61
5260 29.00
8330 29.46
5105 28.65
9808 29.55
4688 28.39
7846 28.30
5543 28.03
9155 30.13
6601 28.29
7622 29.72
6191 28.03
8922 29.88
5507 28.08
7674 28.55
6350 27.40
17943 24.95
4016 29.45
8961 28.48
4997 28.28
12296 28.97
4814 28.10
9271 29.06
4979 27.71
11362 29.84
5591 28.53
7160 30.11
6448 28.40
11652 29.97
4839 28.82
7597 30.03
5300 28.55
10363 30.41
5474 29.09
8135 30.56
6697 29.18
10264 31.00
6048 29.50
7989 30.65
6428 29.39
10118 31.17
7329 30.31
10080 31.46
7773 31.47
12980 31.74
6448 32.06
9528 32.21
7390 32.39
14555 33.30
3651 33.98
5633 34.03
6025 34.02
9187 34.31
5994 33.30
6612 33.73
6945 32.61
8645 33.76
8399 32.28
8944 32.08
5626 32.21
8602 33.07
7132 32.21
7993 32.43
6552 31.87
8899 33.27
6768 32.23
7996 32.76
7771 32.45
9158 33.86
7398 32.64
6836 32.94
6723 31.76
8364 33.49
6522 32.02
8304 32.11
5954 32.07
8972 33.34
6455 31.80
7802 32.13
6717 31.18
22436 29.73
2772 36.17
7307 33.08
4196 32.73
8430 31.58
3917 31.91
8596 31.00
8152 30.48
12451 30.34
5181 30.61
8505 30.93
5495 30.26
9715 31.08
5435 30.01
7345 30.15
6358 29.31
9445 31.07
6302 30.83
7226 30.28
6619 29.12
8622 29.97
5602 28.89
7658 28.48
5259 28.22
9091 28.82
5195 27.79
7757 27.35
6470 26.16
8494 27.53
5331 26.79
8082 25.79
6177 25.51
19746 25.56
2642 28.03
5757 29.46
9648 29.02
9822 30.73
6049 29.14
6418 30.15
6228 28.90
8757 31.03
6527 28.86
7385 29.21
7587 27.98
8587 30.40
6806 29.46
7824 29.68
6429 28.73
9234 30.22
7170 29.12
8007 29.57
7273 28.85
9082 31.09
6729 30.54
7997 31.02
7524 30.29
10902 31.46
7400 30.52
7973 31.83
7185 31.78
11779 32.04
7337 32.05
9252 32.19
7504 32.01
18779 30.42
3162 35.77
6773 32.53
4890 32.42
8906 32.23
5687 31.05
5601 32.50
7141 30.44
9283 32.27
7689 31.09
7027 32.01
6328 31.31
8759 31.98
6609 31.31
7287 31.75
7139 30.45
9099 31.13
5874 31.15
7765 30.90
6358 30.84
8716 31.24
6363 30.88
8247 30.71
6643 30.45
8923 31.01
6972 30.81
8671 30.86
6568 30.71
9347 31.27
6624 30.70
8859 30.36
5854 30.62
23728 28.70
2342 35.72
5873 31.70
4856 30.93
8675 30.19
5059 30.01
7043 29.46
7045 28.84
9228 29.24
5801 29.49
8432 28.96
7006 28.68
