1862 51.00
342 51.00
587 51.00
382 51.00
794 51.00
367 51.00
576 51.00
484 51.00
743 50.54
456 50.93
671 50.47
595 49.96
897 50.37
503 50.83
763 50.29
657 50.67
1031 50.47
689 50.58
761 50.68
680 50.29
1058 50.26
554 50.85
789 50.98
482 50.98
1006 50.71
520 50.76
752 50.32
508 50.60
797 50.35
548 50.68
797 50.37
447 50.45
1348 51.00
210 50.59
606 48.14
603 46.51
849 49.38
368 49.32
570 48.01
584 46.65
784 48.71
465 47.51
671 47.27
669 45.87
716 47.78
617 45.92
650 46.55
707 45.20
794 46.66
705 46.10
804 47.10
719 45.65
919 47.21
552 47.73
831 46.96
591 47.78
1002 48.55
417 48.25
719 48.29
616 47.42
859 48.77
599 47.85
728 47.98
643 46.74
1437 51.00
303 50.64
613 48.58
665 46.89
847 49.61
441 48.98
686 48.91
428 47.62
798 49.31
444 48.32
758 47.85
576 47.16
894 49.03
476 47.72
701 47.25
526 47.73
855 48.35
521 47.40
764 47.58
575 47.73
859 48.61
767 47.07
789 47.41
687 46.44
1030 48.16
648 48.22
814 47.79
703 47.29
1054 47.76
626 47.35
840 47.90
704 46.82
1704 49.90
454 48.26
682 49.45
616 47.98
952 49.15
536 48.49
908 49.11
743 48.35
1171 48.82
703 47.29
1055 49.18
753 48.70
1384 49.29
718 49.07
1188 49.81
692 49.26
1186 50.24
516 49.85
862 50.44
482 49.67
967 50.29
542 49.20
777 50.19
651 49.32
1011 50.34
639 49.70
762 50.48
546 50.41
827 49.93
415 49.89
758 48.53
543 48.62
1690 44.91
340 49.39
657 48.85
524 48.59
985 47.29
411 49.65
810 48.37
583 46.11
944 48.96
704 49.40
1020 49.42
620 49.41
1201 49.38
452 49.59
952 49.53
386 49.43
1263 49.34
638 49.48
1196 49.43
701 49.86
1434 50.07
585 49.90
978 50.47
674 50.44
1236 50.64
773 51.00
1240 50.98
666 51.00
894 51.00
748 51.00
837 51.00
745 51.00
995 51.00
532 51.00
662 51.00
763 51.00
652 51.00
760 51.00
713 51.00
659 51.00
694 51.00
766 51.00
884 51.00
473 51.00
922 51.00
654 51.00
745 51.00
558 51.00
776 51.00
633 51.00
750 51.00
510 51.00
837 51.00
471 51.00
643 51.00
490 51.00
871 51.00
546 51.00
890 51.00
681 51.00
1104 51.00
702 51.00
837 51.00
565 51.00
1474 50.99
436 51.00
539 51.00
406 51.00
695 50.85
577 50.82
834 50.96
621 50.89
1133 50.99
557 51.00
969 51.00
586 51.00
1129 51.00
520 51.00
1029 51.00
593 51.00
1246 51.00
471 51.00
865 51.00
556 51.00
1012 51.00
503 51.00
735 51.00
512 51.00
857 51.00
492 51.00
747 50.99
406 51.00
712 50.41
331 50.78
497 48.13
381 46.63
744 49.08
317 44.93
410 46.16
307 45.08
524 44.73
504 42.94
720 42.55
572 42.37
724 43.14
674 41.93
763 42.45
536 42.94
677 43.06
579 42.22
806 43.18
553 42.94
883 43.27
484 45.23
744 44.46
694 43.71
887 47.35
648 46.96
855 47.36
671 48.76
1030 49.81
701 49.78
1023 50.32
756 50.18
1222 50.84
754 50.74
1008 50.94
741 50.85
1258 50.55
533 50.92
650 50.92
595 50.88
723 50.75
621 50.91
737 50.69
634 49.87
829 50.61
618 50.85
743 50.83
620 50.92
923 50.81
543 51.00
708 51.00
609 50.98
884 50.97
594 50.89
780 51.00
603 51.00
1001 51.00
507 51.00
729 51.00
564 51.00
940 51.00
624 51.00
831 51.00
673 51.00
1033 51.00
535 51.00
889 51.00
517 51.00
1714 48.87
420 51.00
647 51.00
401 51.00
795 50.04
337 49.51
693 48.86
551 48.24
890 47.81
412 47.61
733 47.49
597 47.29
