14273 36.74
2619 36.53
8805 33.51
8102 32.58
7921 34.36
9623 32.47
9361 32.91
6027 32.84
8126 33.69
8233 32.44
9495 32.18
5400 32.55
9182 32.68
5972 31.87
8601 31.21
6110 31.60
9733 32.04
7954 30.93
9474 31.57
5606 30.81
10918 31.71
5588 30.85
7916 30.35
6053 30.69
8953 31.62
5948 30.31
8551 29.42
6589 28.55
9722 29.54
6044 29.56
8055 29.16
7171 28.64
20214 29.78
2536 31.71
5058 30.45
5788 29.00
9004 28.92
5738 28.76
9269 28.75
6192 28.53
11108 29.60
6641 28.99
7043 28.66
8161 28.19
9095 28.88
6818 28.27
9221 28.86
6672 28.36
9318 28.80
5518 28.14
7708 27.46
8576 26.52
8878 27.53
6296 27.43
8989 27.58
7047 27.81
12739 28.79
9569 28.95
9722 28.89
7729 29.08
11698 29.01
5921 29.34
7712 29.35
5887 29.24
22091 31.82
1922 35.61
5613 32.89
5730 32.70
8320 32.77
6772 31.71
8663 31.65
8331 30.65
7984 32.60
9279 30.95
8439 31.73
9077 30.79
7709 32.60
9562 30.66
8051 31.66
7543 31.14
8250 32.28
8480 30.84
8458 31.56
7675 31.02
9139 31.92
7094 30.84
8418 30.92
6842 30.65
9152 31.33
6807 30.84
8345 30.66
8069 29.95
10038 31.26
7766 29.59
9347 29.79
6782 29.54
23492 28.71
2378 34.02
5803 30.85
4825 30.00
9839 29.45
6326 29.10
9271 28.86
6214 28.50
12516 29.42
5401 28.74
8039 28.95
6631 28.48
11094 29.81
5773 29.35
8780 30.18
6354 28.84
9835 30.02
5854 28.61
8548 29.44
5897 28.21
9149 29.90
5221 28.00
8045 28.25
6334 27.54
9031 29.52
6853 27.90
9176 28.32
5803 27.93
9304 29.20
5673 27.64
8369 27.61
6684 26.72
18557 24.67
4352 28.79
9516 27.95
5247 27.77
12746 28.71
5172 27.72
8106 27.88
5976 26.98
11581 29.70
6497 27.77
7683 29.58
6795 27.88
11426 30.23
5723 28.29
9134 30.65
5787 28.28
11054 30.41
5719 28.85
9798 30.93
6623 29.33
10754 30.86
5904 29.68
8875 30.91
6342 29.44
11937 30.93
6660 30.50
9681 31.48
8068 31.48
13201 31.60
6508 32.05
9435 32.01
7575 32.22
18535 31.45
3071 35.59
6590 32.43
6801 32.75
10363 33.24
6465 32.36
7776 32.79
7725 31.77
7518 33.91
8781 31.93
6820 32.88
7175 31.65
8231 33.23
7494 31.94
8878 31.84
6807 31.56
9148 33.06
7668 31.74
8511 32.53
8079 32.17
9262 33.62
8134 32.14
7587 32.38
6568 31.64
9459 33.00
6886 31.72
8727 31.68
6459 31.57
9540 33.02
6866 31.37
7972 31.80
7034 30.76
24050 29.18
2705 35.82
7215 33.26
4520 32.19
8912 31.29
4158 31.72
9193 30.65
7947 30.42
12588 30.29
5627 30.39
8249 30.92
6071 29.81
10389 30.70
5771 29.65
7827 29.86
6566 29.16
9753 30.97
6953 30.31
7266 30.18
7028 28.75
9028 29.84
6018 28.64
7905 28.24
5892 27.82
9654 28.72
5453 27.51
7809 27.15
6988 25.79
9603 27.91
5287 26.53
7800 26.08
6580 25.26
21598 24.92
2475 28.22
5722 31.02
6537 30.33
11204 30.54
7340 28.53
7257 29.80
7136 28.41
9298 30.85
8065 28.20
6991 29.37
7983 27.75
8848 30.25
7206 29.21
9363 28.72
6798 28.30
9742 29.96
6279 29.38
8445 29.21
7420 28.75
9581 30.73
6645 30.55
9004 30.19
7976 29.86
10952 31.21
7667 30.32
7875 32.04
7223 31.71
12326 31.85
8145 31.51
9322 32.05
7931 31.68
20989 29.69
3138 35.66
6939 32.18
5247 31.80
9670 31.31
5977 30.52
5985 31.78
7082 29.96
9897 31.66
7491 30.76
8305 31.24
6175 30.85
9196 31.75
6662 30.94
8035 31.01
7076 30.14
8816 31.24
6513 30.71
8886 30.26
6663 30.28
9030 30.94
6819 30.48
8609 30.43
6977 30.18
9282 30.94
7554 30.43
8972 30.55
7308 30.59
9507 31.10
7280 30.32
9223 30.17
6326 30.09
24926 28.35
2472 35.68
6101 31.16
5046 30.62
9102 29.74
5513 30.14
7043 29.43
8055 28.49
9390 28.78
6303 29.31
8934 28.68
6887 28.48
