16517 35.70
3494 35.29
8665 33.03
9801 31.59
9136 33.62
10315 31.71
8252 32.67
8428 31.80
9544 32.67
8921 31.56
8957 31.76
8017 31.06
10281 31.76
6839 30.99
9805 30.26
7171 30.69
10574 31.40
8945 30.14
10703 30.65
6041 30.29
12615 31.19
6367 30.26
9431 29.59
6628 30.01
10150 31.11
6546 29.70
9369 28.89
7312 27.88
10976 28.96
6759 28.84
8934 28.64
7968 28.01
22563 28.90
2872 30.63
5558 29.35
7045 27.98
9934 27.79
7197 27.48
10527 27.71
7004 27.90
14042 28.53
6836 28.20
7221 28.01
9527 27.36
10745 27.91
7114 27.64
10222 28.01
6809 27.74
11756 27.71
5347 27.41
9092 26.67
9270 25.69
10194 26.83
7391 26.70
10145 26.79
8025 27.02
14536 27.92
10391 28.22
11065 28.15
8408 28.35
12596 28.22
7027 28.49
8967 28.48
6640 28.53
24864 30.94
2260 35.11
7656 31.48
6974 31.72
10456 31.55
7940 30.91
8794 31.17
8948 30.16
9467 31.57
9336 30.33
8160 31.41
8949 30.46
8633 31.67
11009 29.82
8624 31.18
8652 30.27
10157 31.18
9039 30.02
10970 30.16
7924 30.38
11052 30.51
7297 30.13
8890 30.07
8181 29.61
10412 30.22
7550 29.88
9517 29.75
9926 29.13
12666 30.09
8013 28.95
9331 29.61
8008 28.65
26180 27.82
2699 33.19
6525 29.84
5543 28.92
11546 29.54
7034 28.38
10271 28.03
6863 27.69
12374 29.53
6453 27.86
8315 29.23
7777 27.77
11590 29.71
6511 28.44
9403 29.64
6713 28.16
10998 29.93
6706 27.80
9287 29.16
6440 27.55
10472 29.61
5914 27.25
9175 28.03
6564 27.15
10346 29.70
7683 27.44
8939 28.66
7094 27.20
10350 28.98
6125 27.23
9742 28.02
6484 26.93
19986 24.02
4763 28.19
8592 27.48
5861 27.13
16341 26.56
4982 27.11
10766 27.02
5595 26.37
16484 26.65
5963 27.30
11193 27.27
6948 27.13
15837 27.22
5359 27.48
10384 27.51
5887 27.21
14946 27.42
6141 27.80
12032 27.85
7233 27.91
14950 28.02
6438 28.31
10627 28.58
7056 28.19
14124 28.57
8642 28.91
13882 29.09
9025 30.23
12137 32.21
7376 31.61
8581 32.88
8053 32.24
16908 32.17
3539 34.41
6466 32.38
6765 33.05
11134 32.98
7206 32.12
7880 32.63
9087 31.21
8622 33.38
9265 31.69
9972 31.47
7408 30.92
9834 32.41
9024 31.05
9459 31.33
7816 30.81
10284 32.31
8452 31.01
9532 31.79
8959 31.39
10564 32.83
8807 31.45
8179 31.76
7938 30.61
10102 32.29
7727 30.94
10028 30.70
7132 30.92
10750 32.07
7645 30.69
9973 30.55
6977 30.34
27407 28.10
3051 35.71
8127 32.47
4866 31.48
10207 30.34
4911 30.76
10772 29.79
9368 29.63
14548 29.37
6208 29.70
9660 29.79
6506 29.07
12366 29.85
6092 29.15
8601 28.96
7561 28.33
10876 30.23
7677 29.77
8441 29.34
7496 28.21
10308 29.20
6657 27.93
8738 27.79
6346 27.43
10080 28.00
6746 26.82
8719 26.35
7707 25.12
10128 26.59
6542 25.76
8900 25.03
7337 24.41
22208 24.62
3057 27.22
6301 28.98
8396 29.35
13043 29.40
7249 28.02
7980 28.66
7390 27.70
10689 29.44
8195 27.61
8816 28.07
8659 26.92
10422 29.08
7619 28.50
9097 28.53
7559 27.81
10822 29.21
7129 28.63
9860 28.41
8670 27.80
11627 29.46
7634 29.34
9821 29.54
9208 28.85
13213 29.83
7686 29.86
9347 30.66
8322 30.44
14896 30.29
8966 30.58
11586 30.65
8443 30.91
21384 29.53
3734 34.51
7906 31.26
5965 30.86
10520 30.85
6725 30.53
6799 31.31
8229 29.04
11202 30.94
8694 29.97
8497 30.79
7231 30.04
10216 30.83
7486 30.08
8574 30.35
8729 29.30
10065 30.34
7470 29.71
9663 29.67
7148 29.71
10190 30.13
7800 29.46
10300 29.43
7101 29.65
10506 29.91
8495 29.56
10471 29.65
7968 29.61
11246 29.99
7949 29.66
10068 29.37
7451 29.15
27797 27.50
2839 34.76
7182 30.22
5940 29.55
10105 29.11
6369 29.29
8644 28.40
7183 28.37
10669 28.16
7210 28.26
9943 27.94
8147 27.60
