16810 35.58
3365 35.24
10145 32.48
8699 31.65
8244 33.94
12965 31.18
9103 32.39
8178 31.75
9412 32.73
9102 31.47
10240 31.37
6937 31.54
10302 31.89
6996 31.00
10263 30.07
7231 30.53
11050 31.23
9013 30.03
11098 30.53
5970 30.21
12146 31.36
6684 30.16
9148 29.71
6980 29.89
10596 31.04
6635 29.57
9344 28.77
7908 27.54
10702 28.85
6879 28.86
9306 28.37
8260 27.73
23040 28.70
2898 30.35
5724 29.31
7201 27.93
11092 28.53
6265 28.14
10374 28.00
7499 27.73
12998 29.22
7881 28.23
7940 27.99
9416 27.55
10470 28.43
7650 27.75
10639 28.21
6719 27.96
11522 28.06
5495 27.56
9269 26.83
9397 25.84
10341 27.00
7306 26.81
10729 26.77
7803 27.02
15103 27.97
10468 28.23
11119 28.19
8497 28.47
12497 28.45
7007 28.59
9065 28.58
6942 28.43
26438 30.50
1998 35.32
8418 31.13
7355 31.11
10126 31.56
9831 30.34
8538 31.15
10100 29.73
9377 31.62
9687 30.34
8002 31.58
8741 30.34
9170 31.62
10605 29.83
8268 31.11
9046 30.15
9359 31.32
9577 29.79
10112 30.42
9017 30.07
10222 30.85
8184 30.04
9786 29.78
7801 29.70
10433 30.42
8138 29.79
9580 29.87
10017 29.03
12107 30.41
8697 28.89
10203 29.37
7971 28.64
26463 27.71
2837 32.83
6566 29.73
5656 28.84
11928 29.66
7065 28.26
9621 28.44
7191 27.61
12745 29.44
6287 27.85
9511 27.81
7360 27.69
11330 29.79
6847 28.23
9371 29.40
6995 27.91
10974 29.53
6606 27.75
9273 28.17
6805 27.10
10564 29.03
6447 27.05
9366 27.13
6846 26.82
10811 29.14
7837 27.21
10154 27.49
6520 27.07
10689 28.98
6641 26.87
9471 28.08
6961 26.71
20347 23.86
5055 27.68
9053 27.11
5784 26.92
16390 26.50
5304 26.77
10771 26.80
5732 26.15
16172 26.87
6339 26.97
10330 27.48
7294 26.86
15796 27.49
5986 27.16
11872 27.86
6114 27.20
14900 27.89
6328 27.71
12711 28.31
7363 27.95
15255 28.09
6446 28.34
11000 28.57
6956 28.31
15172 28.56
8259 29.05
13571 29.21
9142 30.08
12215 32.32
7761 31.49
8615 32.93
8354 32.27
16989 32.14
4041 33.72
7185 32.78
7426 32.67
11065 33.03
7321 32.14
8479 32.43
9605 30.89
8344 33.44
11031 31.16
8654 32.02
8232 30.78
9572 32.47
9309 30.96
10061 31.15
7490 30.94
10638 31.96
8292 31.06
10446 31.23
8553 31.44
11018 32.77
8709 31.33
9271 31.02
7302 30.66
10315 32.27
7813 30.76
10209 30.77
7512 30.70
11398 31.58
7595 30.44
9772 30.39
7786 29.81
27664 27.97
3220 35.14
8222 32.31
4972 31.20
10293 30.26
5117 30.38
10719 29.76
9780 29.48
14629 29.25
6511 29.41
9994 29.51
6762 28.90
11917 29.65
6225 28.80
8689 28.56
8174 27.86
11407 29.70
7687 29.54
8426 29.11
8117 27.78
10812 28.92
6611 27.78
9269 27.43
6578 27.13
10775 27.47
6641 26.55
8979 26.24
7828 24.98
10455 26.35
6814 25.52
9315 24.92
7307 24.39
23902 24.01
3105 26.93
6507 28.97
8408 29.54
12802 29.59
7901 27.80
8062 28.71
7982 27.57
10669 29.76
8703 27.50
8840 28.11
8851 26.83
10462 29.33
7841 28.33
10351 27.95
8142 27.36
10988 29.21
9785 27.66
10763 28.07
8038 28.03
10589 30.03
7969 29.43
9704 29.69
9270 28.86
11916 30.47
7538 30.32
10137 30.56
8821 30.27
13879 30.85
9298 30.63
10845 31.09
8758 30.85
24301 28.60
3729 34.46
7878 31.01
5987 30.89
11405 30.33
6750 29.57
6866 30.88
7910 28.94
11465 30.71
8819 29.79
8878 30.54
7455 29.69
10786 30.33
7246 29.95
9191 29.92
8343 29.20
10626 29.92
7491 29.54
9634 29.40
8034 29.25
10527 29.84
7950 29.46
10016 29.37
7727 29.24
10879 29.62
8578 29.41
10470 29.59
8192 29.40
11406 29.76
8220 29.31
10256 29.13
7564 28.84
28597 27.30
2825 34.64
7098 30.17
6206 29.02
10589 28.88
6453 28.65
9005 28.10
7151 28.17
11174 27.88
7673 27.76
9923 27.80
8463 27.38
