2275 51.00
376 51.00
566 51.00
422 51.00
845 50.55
458 49.46
677 49.53
671 48.32
1001 48.66
620 48.55
882 48.15
798 46.68
1091 49.04
693 48.09
985 47.39
755 47.38
1220 48.29
693 48.25
1033 48.87
840 47.28
1343 48.50
640 48.04
935 48.19
744 47.56
1150 48.54
685 48.12
930 47.62
704 46.56
1041 48.44
694 47.31
934 48.03
721 47.38
1433 50.58
333 48.84
919 45.62
882 44.60
984 48.36
505 47.71
899 45.88
729 44.82
962 46.09
807 45.30
934 44.91
861 44.47
1059 45.40
756 44.75
857 45.11
855 44.12
1083 44.88
760 44.73
1016 44.86
887 43.03
1293 45.36
727 44.61
946 44.33
812 44.70
1359 46.20
641 45.72
934 45.13
819 45.35
1144 46.75
800 45.85
960 44.91
786 44.48
1570 50.54
392 48.52
903 47.31
718 46.29
950 48.20
842 45.98
927 46.66
722 46.37
1048 47.12
703 46.52
964 46.02
756 44.94
1080 47.21
734 45.49
1002 45.19
579 45.27
1145 46.32
776 45.42
930 45.89
751 44.75
1140 45.97
817 45.38
995 45.46
915 45.12
1278 46.49
797 46.34
1128 45.81
859 45.46
1381 47.03
778 45.87
1069 46.39
860 45.45
2138 46.87
639 47.05
851 47.35
638 46.70
1242 47.05
860 45.07
1237 46.89
926 45.91
1440 46.91
907 45.85
1265 47.31
882 46.60
1703 47.34
841 47.13
1605 48.03
777 47.20
1434 47.79
590 47.81
1076 48.45
742 46.39
1180 48.27
686 47.21
881 48.29
839 46.53
1209 48.22
699 47.57
960 47.71
705 46.84
1080 46.82
633 46.70
1076 46.08
711 46.33
2339 41.91
428 46.46
870 47.10
674 47.06
1274 46.05
584 46.41
1112 45.74
666 44.92
1337 46.36
846 46.07
1458 46.52
794 46.54
1582 46.81
649 46.40
1341 47.01
470 46.45
1631 46.31
756 46.84
1553 46.71
779 47.32
1449 48.25
776 47.06
1083 48.22
816 48.65
1634 48.17
968 48.46
1526 50.05
896 50.45
1467 50.73
738 51.00
1087 51.00
811 50.99
1313 51.00
663 51.00
894 51.00
725 51.00
757 51.00
767 51.00
890 51.00
518 50.99
1083 51.00
529 50.94
861 50.85
591 50.34
1035 50.95
676 50.72
880 50.21
706 49.95
1031 50.36
650 50.56
891 50.48
585 50.18
1064 50.54
503 50.35
851 49.44
745 48.66
1104 50.51
668 50.15
1044 49.59
849 49.69
1319 50.77
776 50.64
936 50.56
692 49.93
1627 49.62
492 50.41
789 49.63
654 47.74
928 49.09
678 47.24
1056 47.92
875 47.79
1394 49.33
707 49.61
1207 49.43
689 48.83
1422 49.47
752 49.44
1084 49.75
746 49.31
1414 49.94
721 49.00
989 49.73
662 49.06
1184 49.65
615 48.56
898 48.59
691 47.94
1032 48.66
637 48.08
928 47.60
530 46.02
927 46.32
458 45.41
883 42.63
734 41.69
1222 43.58
351 43.22
596 43.18
481 42.67
992 41.61
615 41.36
1070 41.51
680 41.55
1101 41.42
601 42.79
1037 41.16
696 41.09
985 41.27
755 41.57
1072 41.52
675 42.08
1112 42.37
711 42.89
999 42.58
912 41.34
1161 44.27
879 44.16
1086 44.90
976 43.90
1216 47.51
893 45.92
1215 46.52
1007 46.18
1411 49.87
903 47.95
1224 49.73
858 49.71
1763 48.16
646 49.63
875 50.40
625 49.37
993 50.25
681 47.68
817 49.09
724 47.17
925 49.75
733 48.46
927 48.98
699 48.60
1091 50.10
711 48.43
956 49.02
716 47.78
1063 49.15
740 47.43
1009 47.81
761 46.92
1150 49.01
670 47.42
886 47.78
746 47.15
1137 48.70
791 48.19
1021 49.97
850 47.35
1266 49.15
709 47.56
980 47.83
692 46.99
2616 43.93
488 49.05
720 48.69
586 47.48
1083 46.49
452 47.95
966 45.02
873 44.27
1188 45.68
465 46.04
979 45.28
814 44.96
