17967 35.08
4154 34.53
10887 32.07
9580 31.26
8962 33.37
12533 31.06
9485 32.04
8182 31.51
9946 32.36
10810 31.07
11182 30.96
6804 31.19
10415 31.59
7789 30.36
10645 29.94
8011 30.09
12461 30.74
9224 29.71
11469 30.18
6886 29.54
13988 30.33
6704 29.72
9695 29.21
7228 29.49
11298 30.45
7319 29.08
9991 28.36
8076 27.43
10460 29.23
7921 28.38
10027 27.99
8694 27.50
24451 28.21
3119 30.00
6390 28.77
7075 27.71
10824 27.66
7655 27.13
11399 27.33
7643 27.36
13336 28.62
8207 27.86
8687 27.46
10024 27.01
10991 27.79
8456 27.27
12147 27.53
7148 27.30
11480 27.73
6716 26.93
9536 26.48
10417 25.32
10791 26.67
8082 26.47
11381 26.42
8650 26.63
15506 27.60
10932 28.15
12083 27.85
9600 28.05
13694 28.10
7420 28.09
9640 28.15
7337 28.12
26408 30.49
3075 33.44
8235 31.16
7572 31.26
11130 31.24
8474 30.36
9098 30.84
9842 29.53
9873 31.19
10823 29.64
9644 30.61
10661 29.46
10323 30.79
10399 29.52
9703 30.43
9714 29.78
11118 30.77
8989 29.73
10587 29.87
9025 29.69
12056 30.00
8069 29.55
9440 29.50
9178 28.99
12220 29.26
8128 29.45
10927 28.94
9654 28.87
15244 29.06
8066 28.41
10516 28.55
8095 28.28
28092 27.15
3045 32.60
7333 29.30
6317 28.16
11744 29.24
8197 27.47
9911 28.68
8645 26.98
13593 28.78
6810 27.41
9394 28.23
8229 27.14
12246 29.14
7161 27.78
9915 28.83
7466 27.43
12016 29.07
7064 27.18
9976 28.29
6979 27.03
10788 28.72
6431 26.62
9915 26.98
7525 26.26
11052 28.47
8245 26.63
10164 27.63
7596 26.45
11441 27.93
6938 26.20
9959 26.30
7943 25.52
21746 23.32
5587 27.10
11002 26.49
6457 26.36
16214 26.66
6223 26.28
9962 26.16
6803 25.54
15107 27.29
7087 26.37
10969 27.85
8219 26.39
15057 27.89
6659 26.74
11469 28.25
6991 26.75
14161 28.26
6767 27.38
11097 28.82
8430 27.39
14328 28.80
7443 27.87
10295 29.15
7987 27.73
13581 29.43
9179 28.50
12035 29.74
9783 29.92
16831 29.96
8603 30.17
12282 30.42
9738 30.52
18876 31.30
4300 32.83
8001 31.71
7872 32.10
13159 32.14
7331 31.52
8494 32.03
9022 30.90
9479 32.54
10596 30.70
10143 30.89
8353 30.22
10248 31.92
9407 30.51
10831 30.40
8529 30.22
11070 31.75
9127 30.50
10756 30.94
9613 30.86
11531 32.29
9306 30.93
8655 31.20
8509 30.07
10583 31.72
8471 30.36
10650 30.41
7975 30.25
11529 31.42
8313 30.03
10026 30.35
8199 29.54
29882 27.41
3353 34.83
10073 31.47
5450 30.76
11306 29.85
5391 29.98
11632 29.32
9957 29.20
15784 28.84
6683 29.17
10527 29.27
6698 28.78
13371 29.19
6768 28.46
8327 28.84
8589 27.64
11782 29.56
7964 29.35
9125 28.67
8741 27.40
11252 28.34
7342 27.39
9844 27.05
7000 26.76
11271 27.29
7359 26.15
9394 25.89
8240 24.65
11217 26.09
7208 25.10
9641 24.57
7897 23.94
23632 24.12
3650 26.30
7828 28.07
10257 28.40
13849 29.30
8599 27.45
8538 28.27
8313 27.24
10807 29.69
9147 27.22
9323 28.07
9757 26.51
10834 28.92
8471 28.02
11666 27.43
7862 27.11
11554 28.92
8721 27.94
11392 27.74
8844 27.45
11749 29.43
8526 28.93
10516 29.16
9691 28.55
12946 29.96
9703 28.99
9407 30.60
8860 30.27
14683 30.41
8944 30.65
10740 31.20
8898 30.62
27811 27.61
4041 33.85
9075 30.32
6561 30.16
11696 29.99
7437 29.20
7520 30.46
8557 28.59
12136 30.34
9693 29.29
9290 30.12
7680 29.52
11318 30.13
7863 29.55
9856 29.43
9286 28.62
10731 29.62
7966 29.18
10511 29.06
8059 29.02
11263 29.62
8380 29.07
10809 28.95
8159 28.87
11360 29.40
9074 29.00
11014 29.21
9105 28.89
12297 29.40
8716 29.04
10460 29.00
8035 28.60
30247 26.91
3136 34.07
7589 29.35
6550 28.95
11838 28.30
6974 28.17
9112 27.88
7753 27.71
11711 27.40
7811 27.58
10921 27.24
8566 27.17
