18914 34.76
3646 34.62
10532 32.03
10261 30.95
9330 33.02
12675 30.81
10786 31.56
7489 31.29
9895 32.07
10948 30.78
11774 30.69
6916 30.79
11197 31.23
7656 30.26
11504 29.37
7876 30.27
12781 30.50
9483 29.58
11603 30.05
7176 29.34
14629 30.17
6952 29.63
9336 29.20
8001 29.13
11417 30.23
7322 29.09
10167 28.17
8364 27.19
11285 28.75
7657 28.25
9777 27.91
9229 27.25
24487 28.19
3302 29.69
6535 28.65
7737 27.32
11342 27.76
6474 27.54
11501 27.41
8268 27.20
15236 28.25
7740 27.73
8615 27.22
10246 26.86
11090 27.68
8539 27.12
11653 27.61
8133 27.09
11943 27.46
6448 26.88
10133 26.29
10183 25.36
11239 26.51
8003 26.31
11375 26.33
8888 26.50
16111 27.47
11437 27.84
12023 27.72
10029 27.82
13910 27.92
7874 28.14
9741 28.04
7650 27.87
26945 30.38
2428 34.19
8793 30.83
7307 30.95
11607 31.05
8330 30.19
9246 30.67
10351 29.32
10221 30.96
11787 29.31
9886 30.46
10747 29.32
10310 31.04
10374 29.57
8889 30.52
10106 29.56
11216 30.47
9494 29.45
10931 29.78
9058 29.57
12313 29.97
8052 29.71
9738 29.37
9784 28.77
11835 29.58
8802 29.17
10698 29.14
10399 28.72
14427 29.47
8643 28.34
11311 28.54
8010 28.06
28804 26.97
2988 32.40
7456 29.14
6254 28.26
12723 28.46
8008 27.51
10463 28.31
8289 26.94
14277 28.22
6864 27.23
9514 27.97
8198 27.18
13180 28.41
7278 27.52
10968 27.49
7430 27.24
11829 28.48
7227 26.88
9923 27.75
7827 26.43
11294 28.19
6842 26.38
10149 26.60
7865 26.16
11482 27.81
8444 26.52
10563 27.17
7929 26.07
11584 27.64
7149 25.99
10207 26.63
8008 25.72
22421 23.08
5789 26.99
10855 26.32
6925 26.07
15007 26.65
6477 25.90
8737 26.96
7632 25.32
14042 27.06
8172 25.89
10791 27.71
8907 26.05
13992 27.48
7294 26.30
10979 27.53
7378 26.25
13462 27.71
7808 26.66
11395 27.75
8875 26.91
14308 27.92
7996 27.22
11205 28.11
8506 27.21
15089 28.13
9790 28.11
15500 28.27
10392 29.28
15610 30.56
8692 30.28
10799 31.04
9306 31.04
18875 31.28
4097 33.07
7382 32.17
7966 32.22
13175 32.25
7853 31.36
9087 31.87
9953 30.49
11039 32.16
10189 30.68
9743 30.84
8347 30.14
10439 31.40
8833 30.52
10970 30.25
8511 29.99
11468 31.36
9525 30.20
11260 30.56
9809 30.66
12292 31.88
9594 30.64
8924 30.95
8732 29.84
11325 31.50
8648 30.15
10439 30.31
8556 29.94
11989 31.25
8275 29.98
9561 30.53
8989 29.33
30434 27.26
3410 34.68
9501 31.61
5701 30.47
11555 29.63
5759 29.84
11835 29.20
10246 29.08
16083 28.69
7027 29.00
11256 29.09
7057 28.41
12996 29.15
6711 28.34
8854 28.56
8665 27.58
11947 29.37
8383 29.04
9294 28.57
8530 27.46
11074 28.30
7771 27.24
10111 26.78
7040 26.70
11330 27.24
7346 26.08
10042 25.49
8358 24.43
11288 25.72
7496 24.89
10217 24.28
7801 23.92
24103 23.96
3902 26.04
8171 27.88
10314 28.27
13865 29.05
8198 27.47
8481 28.49
8947 27.08
11086 29.44
9722 27.00
9354 27.85
9948 26.32
11207 28.91
8672 27.96
11208 27.63
8219 27.06
11563 28.75
8427 28.11
10924 27.90
9278 27.33
11861 29.23
8741 28.74
10927 28.86
9939 28.34
13597 29.79
8562 29.24
10279 30.23
9152 29.88
14835 30.21
9229 30.36
10722 30.99
9146 30.55
28710 27.35
4164 33.74
9340 30.05
6794 29.97
12195 29.87
6955 29.31
7577 30.22
9049 28.31
12524 30.19
10041 29.14
8807 30.26
8654 29.17
11571 29.96
8409 29.36
9662 29.51
9609 28.39
11313 29.50
8082 28.97
10653 28.95
7904 29.12
10941 29.45
8697 28.78
11509 28.69
8333 28.90
11744 29.15
9138 28.89
10935 29.15
9136 28.70
12193 29.37
9085 28.75
10923 28.62
8284 28.39
30635 26.79
3187 33.83
7687 29.53
6812 28.75
11509 28.26
6810 28.08
9932 27.68
8017 27.60
11573 27.51
8413 27.50
11092 27.31
8888 27.07
