19390 34.60
3728 34.41
10871 31.86
10257 30.88
10346 32.64
11576 30.77
9689 31.67
9321 30.86
10073 31.94
10584 30.72
11372 30.53
7066 30.65
11630 30.81
7982 30.05
11836 29.26
8257 29.90
13183 30.30
9669 29.23
11988 29.87
6983 29.37
13926 30.47
7290 29.44
10569 28.70
7650 29.20
11464 30.46
7612 28.89
10286 28.13
8335 27.13
12375 28.11
7436 28.22
9905 27.64
9329 27.00
24993 28.01
3403 29.89
6717 28.47
7646 27.31
11124 27.39
8324 26.83
11806 27.19
8193 27.10
15032 28.14
8124 27.57
8872 27.11
10687 26.70
11532 27.32
8608 26.90
12096 27.23
7921 26.98
12169 27.20
6642 26.76
10154 26.11
10684 25.18
11431 26.33
8438 26.11
11915 26.13
8999 26.47
16605 27.28
12180 27.58
12054 27.62
9918 27.67
14138 27.66
7871 28.03
10006 27.88
7772 27.89
27420 30.24
2436 34.31
8850 30.72
7499 30.96
11775 30.98
9953 29.71
10071 30.36
11279 29.02
10551 30.76
10683 29.75
9984 30.25
9524 29.70
9359 31.23
11425 29.37
9461 30.38
10454 29.48
10949 30.54
9906 29.38
12413 29.31
8974 29.48
11444 30.14
8943 29.33
11119 29.15
8223 29.20
11753 29.62
9349 28.94
11154 28.92
10637 28.56
14152 29.52
9002 28.31
12762 28.11
7585 28.08
29017 26.91
3087 31.96
7465 28.78
6495 28.23
13033 28.34
8083 27.44
11023 27.94
8358 27.00
14459 28.33
6817 27.16
9821 27.83
8468 26.85
12834 28.76
7412 27.45
11436 27.41
7419 27.18
11729 28.50
7456 26.91
10789 27.81
7082 26.62
11671 28.20
6803 26.24
10250 26.35
7678 26.00
11832 28.28
8695 26.42
10429 27.67
7837 26.21
11484 27.94
7301 26.08
10861 25.65
8017 25.48
22423 23.06
5819 27.02
11545 26.11
6876 25.93
16939 26.17
6401 25.91
9946 25.98
7272 25.23
16235 26.81
7846 25.97
10028 27.16
9109 25.95
15921 27.44
6821 26.42
11617 27.48
7169 26.33
14999 27.59
7458 26.77
12314 27.95
8792 27.10
14655 28.19
7966 27.48
11145 28.60
8595 27.28
14601 28.67
9686 28.11
14195 28.91
10543 29.30
17484 29.67
8901 29.98
12677 30.02
10192 30.19
18071 31.61
4043 32.96
7355 31.86
8015 32.15
13751 32.25
7875 31.47
8670 32.02
8807 31.01
10188 32.35
11283 30.54
10844 30.68
8604 30.08
10892 31.37
9470 30.35
10671 30.39
8640 30.01
12016 31.24
9091 30.28
10474 30.81
10376 30.43
12288 31.84
9824 30.49
9148 30.89
9219 29.69
11236 31.36
8899 30.02
11444 29.82
8085 29.91
12029 31.25
8832 29.67
11008 29.73
8086 29.40
31297 27.04
3220 35.31
9699 31.40
5854 30.32
11608 29.57
5779 29.78
12155 29.11
10508 28.89
16257 28.58
7306 28.73
11386 28.96
7299 28.36
13385 29.06
6986 28.26
8987 28.42
8928 27.49
12320 29.30
8614 29.00
9093 28.60
8810 27.29
11573 28.31
7706 27.13
10023 26.83
7192 26.61
11509 27.19
7521 26.04
9864 25.49
8619 24.30
11353 25.85
7574 25.06
10664 24.11
7858 23.78
24351 23.89
4031 25.97
8191 27.90
10504 28.28
14200 28.93
8497 27.32
8617 28.37
9298 26.93
11006 29.25
9915 26.90
9571 27.67
10204 26.14
11510 28.71
8908 27.84
11388 27.43
8505 26.95
12114 28.39
8277 27.94
11700 27.47
9129 27.27
12715 28.86
8539 28.72
11206 28.79
10018 28.24
13682 29.60
9727 28.68
9874 30.39
9240 29.95
15263 30.08
9438 30.26
11343 30.81
9305 30.35
29307 27.21
4005 34.09
9412 29.92
6872 29.65
12119 30.07
7485 29.10
7433 30.43
9283 28.19
11779 30.53
10809 28.99
9581 30.09
8462 29.06
11379 30.27
8689 29.16
10811 29.04
8871 28.66
11299 29.53
8414 28.94
11651 28.51
8037 28.90
11580 29.24
8681 28.74
11770 28.57
8172 28.76
11963 29.12
9365 28.86
11637 28.82
9079 28.72
12947 28.95
8952 28.72
10910 28.62
8459 28.33
30983 26.71
3318 33.60
7893 29.31
6952 28.67
11615 28.16
6985 28.08
9998 27.54
8334 27.36
12470 27.13
8170 27.36
11780 27.02
8152 27.27
