19755 34.49
4095 34.15
10836 31.75
10506 30.76
9079 33.01
13258 30.47
10600 31.40
9416 30.86
10309 32.04
11185 30.65
11724 30.54
7202 30.54
11516 30.87
8105 30.03
11262 29.41
8621 29.84
13287 30.24
9513 29.25
11962 29.82
7280 29.21
14028 30.26
7739 29.21
10548 28.65
7980 29.03
11746 30.20
7685 28.71
10546 28.02
8597 26.96
11715 28.42
8172 27.91
10696 27.56
8761 27.18
25500 27.86
3515 29.61
6689 28.33
8361 27.14
11422 27.20
8272 26.82
12208 26.90
8702 26.88
14693 28.13
8459 27.42
8691 27.11
10577 26.58
12433 27.00
8520 26.74
12351 27.12
7915 26.94
12673 27.04
6447 26.63
10353 25.98
10889 24.99
11523 26.19
8368 26.08
12156 26.02
9140 26.28
16911 27.16
12395 27.40
12481 27.47
10100 27.56
14215 27.54
8463 27.75
10354 27.87
7971 27.68
27317 30.26
2736 33.80
9033 30.60
8294 30.66
10577 31.25
10512 29.62
9436 30.63
12621 28.81
9473 31.27
11315 29.56
9585 30.65
10789 29.60
10004 31.01
11752 29.34
10683 30.12
10155 29.50
10836 30.76
10412 29.44
11406 29.69
9762 29.41
11593 30.26
9131 29.34
11359 29.08
8417 29.04
11552 29.64
9393 29.08
11479 28.85
10515 28.53
13724 29.68
9572 28.17
11837 28.37
8281 27.97
29593 26.73
3304 31.53
7757 28.70
6558 28.18
14054 28.43
8152 27.51
10072 28.44
8523 26.92
15191 27.93
6852 27.06
9963 27.88
8469 26.86
13850 28.10
7125 27.32
11232 27.15
7540 27.03
12547 28.03
7748 26.69
10492 27.18
8004 26.03
11872 27.84
6838 26.15
10622 26.32
8099 25.82
12691 27.64
8657 26.13
10901 27.04
7956 25.90
12675 27.56
7209 25.96
10133 26.75
8454 25.33
22757 22.92
6125 26.57
11777 25.94
6858 25.83
16950 26.28
6805 25.84
10897 25.80
7060 25.29
15693 26.99
8134 25.78
11150 27.65
8992 25.96
15303 27.69
7248 26.32
10190 27.72
7651 26.12
14784 27.93
7744 26.69
10952 28.11
9155 26.87
14663 28.23
8256 27.34
11127 28.37
8556 27.23
15128 28.38
9982 27.96
14322 28.73
11041 29.03
17673 29.44
9036 29.86
12358 30.34
9783 30.45
18622 31.43
4441 32.19
7516 31.67
8185 32.11
13384 32.16
8314 31.29
9868 31.56
10824 30.08
11201 31.99
10645 30.52
10099 30.69
8869 29.92
10936 31.15
9614 30.22
10935 30.19
9351 29.69
11995 30.98
9332 30.09
11781 30.29
10047 30.39
13382 31.58
9759 30.46
9509 30.46
8986 29.54
11612 31.41
9120 29.94
11577 29.79
8484 29.82
12135 30.93
8755 29.59
10911 29.60
8969 29.00
31169 27.07
3930 34.07
10646 31.00
5889 30.18
11846 29.57
5870 29.77
12312 28.99
10533 28.83
16427 28.50
7271 28.75
11416 28.86
7432 28.30
14259 28.83
6970 28.21
8861 28.46
8877 27.39
12832 29.24
8438 29.09
9494 28.53
9332 27.10
11632 28.15
8012 27.06
10570 26.61
7206 26.51
12201 26.88
7220 25.93
10109 25.29
8788 24.17
11531 25.59
7635 24.86
10188 24.24
8426 23.57
24472 23.83
4392 25.81
7119 28.15
9723 28.80
15210 28.57
8947 27.02
9304 27.85
9792 26.43
11336 28.72
9793 26.68
10107 27.35
10171 26.02
11853 28.28
8842 27.54
11192 27.34
8865 26.61
12633 28.35
8632 27.67
11069 27.67
9832 27.04
13442 28.66
8747 28.57
11214 28.70
10382 28.04
15543 28.96
8698 29.08
10724 29.78
9458 29.63
17195 29.50
9999 29.65
13454 29.71
9502 29.90
25481 28.27
4007 33.81
9066 30.42
6776 30.00
12161 30.03
8159 28.77
7684 30.35
9921 28.03
11646 30.53
11456 28.88
10062 30.02
8627 28.98
11805 30.12
8688 29.24
10892 29.06
9240 28.45
11807 29.37
8440 28.83
11086 28.71
8652 28.62
11935 29.01
8685 28.87
11638 28.64
8169 28.82
12569 28.81
9386 28.72
11727 28.74
9055 28.75
12683 29.11
9204 28.66
11596 28.38
8523 28.22
31385 26.60
3560 33.02
8087 28.96
6903 28.57
11995 28.03
7456 27.74
10351 27.35
8728 27.13
12364 27.18
8523 27.34
11323 27.12
9472 26.89
