20341 34.25
4337 33.87
13601 31.00
8896 30.78
9669 32.72
13932 30.17
10730 31.11
9671 30.71
10577 31.68
11134 30.49
12801 30.11
7504 30.25
11960 30.54
8261 29.65
11770 29.17
9235 29.44
14626 29.59
9658 29.00
12402 29.44
8004 28.74
14985 29.64
7404 29.04
10529 28.30
8260 28.51
12430 29.70
7633 28.48
11216 27.42
9177 26.50
12184 27.93
8478 27.42
10883 27.16
9810 26.67
26356 27.51
3701 29.34
7405 28.08
7675 27.04
12129 27.14
8103 26.80
12619 26.70
9479 26.60
14655 27.98
9387 27.11
9412 26.80
11257 26.34
12297 27.01
9110 26.66
12532 27.07
8614 26.77
12609 27.02
7116 26.40
10625 25.82
11430 24.86
12189 26.02
9066 25.84
12474 25.75
9751 26.15
17349 27.02
12808 27.25
13350 27.18
10288 27.45
14797 27.37
8445 27.56
10767 27.58
8305 27.49
28765 29.82
2736 33.72
9478 30.38
8562 30.52
12289 30.59
9881 29.53
10621 29.99
11730 28.71
10922 30.54
9916 29.74
11226 29.76
11684 28.82
10605 30.80
11241 29.10
10790 29.64
9913 29.29
11139 30.29
11381 28.88
12842 29.03
9484 29.22
11981 29.74
9588 29.04
11742 28.74
9082 28.79
12810 29.15
9331 28.72
12091 28.50
11037 28.29
14759 29.19
9357 27.95
12486 28.03
8646 27.74
30872 26.37
3358 31.63
8159 28.41
6945 27.74
13954 28.11
8558 26.98
11367 27.35
8544 26.53
14759 28.13
7701 26.71
10560 27.22
8882 26.45
13687 28.33
7611 27.08
10572 27.98
8218 26.67
12945 28.23
7943 26.49
10992 27.58
8029 26.18
11999 27.57
7258 25.90
10844 25.40
8067 25.61
12257 27.45
9422 25.82
11132 26.67
8560 25.66
12280 27.06
7895 25.36
11340 25.11
8753 24.68
23593 22.71
6644 26.28
13524 25.51
7313 25.51
17433 26.02
6849 25.48
13421 26.14
6932 25.17
16004 26.86
8285 25.69
10600 27.48
9216 25.79
15894 27.47
7462 26.09
10118 27.71
8311 25.83
15111 27.76
8011 26.56
11436 27.87
9448 26.62
15926 27.93
8349 27.10
11037 28.32
8969 26.95
16001 28.14
10183 27.69
15139 28.54
11339 28.85
18605 29.30
9328 29.63
13134 29.72
10837 29.86
18714 31.36
4169 33.31
7293 32.28
8517 31.98
12898 32.45
8681 31.26
10575 31.31
11196 29.92
10168 32.28
10602 30.68
10986 30.63
9556 29.75
12172 31.11
10143 29.99
11397 30.03
9019 29.72
12539 30.91
10049 29.88
11775 30.36
10493 30.22
13027 31.51
10718 30.24
10308 30.26
8908 29.51
11903 30.99
9325 29.75
12128 29.59
8317 29.72
12598 30.71
9124 29.37
11636 29.32
8814 28.89
32352 26.75
3994 33.69
10329 31.08
6328 30.00
12312 29.21
6193 29.27
12841 28.73
11007 28.62
16894 28.29
7696 28.55
11393 28.59
7911 27.87
15257 28.61
7364 27.94
9328 28.16
9334 27.21
12835 29.05
9229 28.60
10054 28.07
9497 26.96
12156 28.05
8972 26.54
10787 26.77
7635 26.33
12950 27.00
7432 25.71
10227 25.41
8948 24.06
11634 25.57
7887 24.65
10654 23.99
9144 23.29
26966 23.12
4166 25.77
7180 28.24
9786 28.71
15103 28.60
8663 26.98
9941 27.65
10105 26.18
12557 28.79
10291 26.53
10141 27.29
10466 25.87
12133 28.45
9272 27.39
11752 27.17
8723 26.53
12645 28.29
10225 27.09
12537 27.11
9515 26.86
12683 29.00
9462 28.31
11309 28.68
11165 27.83
14154 29.39
8866 29.25
11662 29.47
10440 29.26
15929 29.88
10131 29.89
11550 30.58
10049 29.98
31082 26.76
4209 33.49
9797 29.71
7109 29.36
13636 29.34
8250 28.54
7959 29.79
9512 28.04
13261 29.62
10538 28.78
9749 29.72
9265 28.71
12439 29.58
8731 28.95
10969 28.82
9535 28.03
12317 28.95
8711 28.40
11490 28.37
9342 28.23
12322 28.95
9019 28.41
11912 28.33
8697 28.43
12814 28.55
10194 28.33
11926 28.63
9861 28.26
13172 28.68
9689 28.40
11983 28.13
8707 27.97
32714 26.31
3644 32.99
8714 28.57
7492 28.16
12726 27.56
7485 27.57
10510 27.09
8948 27.02
13112 26.87
8416 27.06
12606 26.48
8776 26.93
