2308 51.00
387 51.00
654 50.40
636 47.98
1037 48.70
813 46.84
1075 46.39
938 45.76
1253 46.97
831 45.97
1133 46.00
1000 44.38
1363 46.98
951 45.08
1174 45.86
1145 45.36
1565 46.61
868 46.41
1195 46.29
1133 44.60
1612 46.35
864 44.81
1126 45.58
897 44.85
1264 46.41
1046 44.78
1180 45.09
992 43.81
1268 45.55
1039 44.61
1111 45.43
982 44.49
1804 47.75
519 46.41
1136 44.61
1010 43.28
1177 45.56
793 44.48
1168 43.44
941 42.80
1275 44.71
953 43.82
1285 43.17
879 42.82
1301 43.61
868 42.67
1155 43.06
945 41.70
1363 43.31
929 43.17
1200 42.57
1255 41.71
1419 42.84
907 42.33
1262 42.46
944 42.58
1536 43.88
710 43.71
1313 43.64
918 43.73
1368 43.88
949 43.14
1319 42.84
1033 42.83
2046 47.03
635 46.41
954 46.74
1099 44.27
1151 47.15
1125 44.52
1110 45.40
977 44.43
1242 45.33
1030 44.49
1214 44.87
931 43.77
1309 45.73
869 43.90
1202 43.96
929 43.92
1424 45.40
892 44.46
1083 44.38
990 43.93
1308 45.09
1091 44.00
1188 44.47
1113 43.59
1589 45.21
952 45.54
1290 45.19
1104 43.99
1650 45.73
1028 44.45
1220 46.12
1046 44.69
2993 44.09
711 46.21
1148 46.49
859 45.40
1463 46.05
948 44.83
1321 45.99
1079 44.94
1733 45.74
1014 44.73
1206 46.85
1042 46.00
1885 46.16
1011 45.81
1633 46.51
1003 44.78
1651 45.74
834 45.59
1218 46.28
958 44.84
1300 45.93
874 45.41
1084 46.39
920 45.10
1352 46.11
1049 45.12
1162 46.15
899 44.37
1342 45.26
754 44.78
1303 44.42
875 44.45
2803 40.76
550 45.08
1120 45.05
957 44.13
1604 44.08
729 45.11
1278 44.48
782 44.10
1644 45.21
995 44.23
1672 45.42
960 44.62
1856 45.31
776 44.60
1558 45.30
593 45.07
1744 45.62
817 45.08
1466 46.20
894 45.27
1938 45.97
808 46.05
1435 45.92
1026 45.93
1963 45.69
1147 46.73
1658 47.43
1124 47.94
1843 49.05
1032 49.04
1281 50.11
925 49.35
2032 49.22
701 49.77
899 50.57
715 48.62
1140 50.60
668 49.40
1033 48.85
706 47.39
1087 48.73
786 47.18
1142 47.20
895 46.22
1268 48.58
750 47.17
1084 47.25
1033 45.42
1303 48.04
782 47.92
1170 47.40
787 47.53
1295 47.68
767 47.21
1166 46.38
1067 45.05
1348 48.11
1053 46.25
1243 47.46
1181 47.25
1540 48.79
1126 46.88
1150 48.57
988 46.79
2803 44.48
627 47.90
920 47.22
700 47.16
1266 46.23
686 45.91
1167 45.41
1055 44.93
1965 45.54
823 45.98
1344 47.47
871 46.79
1768 46.71
871 46.30
1389 46.78
910 46.31
1679 47.05
789 47.03
1303 47.43
798 45.67
1355 46.71
823 45.23
1155 45.60
745 44.46
1272 44.98
692 44.04
1166 44.38
826 41.65
1299 43.09
638 42.27
1261 40.22
897 39.82
2264 39.40
349 42.91
856 41.28
751 40.83
1330 39.98
712 40.65
1278 40.17
960 40.09
1300 40.51
876 40.24
1310 39.88
813 40.38
1339 40.15
874 40.65
1324 40.59
871 40.28
1436 40.65
1031 41.17
1327 41.24
1129 40.30
1389 42.78
1093 42.41
1344 43.70
1104 43.27
1570 44.18
1076 43.51
1415 45.51
1148 44.78
1572 47.79
1100 46.66
1317 48.91
1056 46.38
2661 44.47
747 47.41
941 50.22
770 48.41
1169 48.67
687 45.70
890 46.70
951 45.22
1002 47.89
885 46.79
1108 46.58
900 45.45
1245 47.99
948 45.57
1166 46.62
891 44.88
1259 46.36
843 45.49
1235 44.96
946 45.09
1364 46.75
889 44.38
1089 45.48
973 44.50
1310 46.48
1063 45.78
1316 47.03
1033 44.88
1535 46.98
912 45.29
1212 46.47
902 44.90
3003 42.58
643 47.01
949 46.27
744 45.67
1229 45.07
605 45.71
1177 44.19
1020 42.69
1457 44.09
688 43.90
1172 43.73
930 42.80
