23100 33.37
4803 33.25
12256 30.91
11181 29.86
10606 32.02
14303 29.68
12225 30.55
10372 29.88
11790 30.94
12240 29.61
13055 29.50
8645 29.59
13032 29.91
9405 29.11
13774 28.37
10090 28.86
15519 29.28
11356 28.37
14687 28.57
8296 28.31
15477 29.50
8499 28.31
11341 28.01
9238 28.01
13106 29.46
8750 27.89
11933 27.06
9759 26.09
14120 27.16
8682 27.08
11468 26.76
10734 26.08
28266 26.94
4156 28.48
7615 27.51
9525 26.32
13278 26.37
8594 26.40
14084 26.15
10217 26.04
18011 26.90
9271 26.73
9925 26.31
12056 25.76
13721 26.33
9947 26.03
13774 26.40
9583 26.08
14288 26.24
7772 25.74
11940 25.27
12248 24.34
13291 25.56
10018 25.32
13099 25.28
10852 25.53
18437 26.52
13184 26.99
13151 26.99
12039 26.93
16554 26.92
9643 27.09
11547 27.16
9445 26.93
32248 28.95
2855 33.33
11864 29.32
9292 29.62
13792 30.00
10476 29.01
11356 29.47
12662 28.14
11732 29.93
12040 28.76
11612 29.34
12607 28.31
11788 30.09
12352 28.55
10520 29.55
12035 28.56
12215 29.56
11821 28.39
13195 28.71
11090 28.60
11845 29.72
10916 28.43
12870 28.22
9821 28.27
13472 28.81
10688 28.18
12917 28.01
12266 27.73
16405 28.63
10676 27.28
13291 27.58
9689 27.18
32932 25.78
3728 30.45
8649 27.67
7952 27.00
15209 27.48
9499 26.52
13198 26.44
9115 25.98
16042 27.39
7956 26.23
11234 26.80
9942 25.80
14175 27.73
8700 26.32
12330 26.62
8807 25.99
13491 27.45
8831 25.80
12307 26.63
8876 25.54
13077 26.86
8036 25.16
12094 24.75
8763 24.86
13387 26.63
10022 25.13
12690 25.67
8843 24.96
13867 26.40
8527 24.79
11370 25.35
9793 24.21
25747 22.01
7610 25.41
13030 24.86
8206 24.73
19475 25.07
7715 24.72
12071 24.78
8466 24.22
18766 25.49
9096 24.76
10326 26.28
10701 24.75
16946 26.08
8847 25.04
11790 26.33
9294 24.92
15041 26.49
9468 25.35
13349 26.42
10740 25.50
15182 26.75
10288 25.78
12906 26.84
10343 25.90
17512 26.87
12303 26.60
16878 27.53
13533 27.74
19561 28.86
10508 28.93
13930 29.29
11410 29.34
18835 31.29
4841 31.79
8374 31.16
9900 31.17
13664 32.13
10495 30.49
10450 31.36
11946 29.67
10941 31.85
13603 29.65
12719 29.85
9897 29.21
12135 30.66
11235 29.52
12371 29.60
9916 29.29
13373 30.44
10958 29.38
12904 29.82
11705 29.70
13715 31.10
11830 29.66
10343 30.03
10042 28.95
13023 30.34
10059 29.17
13515 28.88
9083 29.10
13837 30.11
9778 28.94
11765 28.95
10551 28.04
36051 25.83
4109 33.92
12266 30.14
6772 29.31
13404 28.67
6992 28.84
14468 28.16
12029 28.07
18365 27.74
8567 27.86
12695 28.19
8725 27.37
15339 28.09
8120 27.30
9297 27.88
10215 26.64
14055 28.28
9752 28.04
12330 26.97
10104 26.33
13323 27.17
9811 26.02
11672 25.97
8721 25.70
13721 26.05
8559 25.13
11310 24.55
10328 23.36
12823 24.98
8555 24.13
12227 23.31
9427 22.85
27413 23.00
4973 25.28
10032 26.84
12547 27.38
16851 28.23
10297 26.28
10144 27.25
9964 26.17
12386 28.47
11426 25.90
10954 26.94
12000 25.30
13143 28.07
10440 26.87
13137 26.71
9650 26.07
14040 27.61
11908 26.25
11958 27.02
10634 26.44
14506 28.07
9793 27.91
12508 27.86
11755 27.31
16059 28.69
9538 28.52
12667 28.81
10847 28.74
17792 29.17
11544 29.03
13588 29.46
11072 29.14
32241 26.48
4484 33.01
10998 28.97
8175 28.75
16252 27.97
7791 28.25
10199 28.11
9533 27.40
17229 28.04
10830 28.09
11357 28.51
9062 28.13
14223 28.49
9791 28.13
11869 28.14
10165 27.56
13919 27.93
9266 27.73
12213 27.69
10218 27.52
14209 27.76
10175 27.67
13135 27.54
9764 27.60
14507 27.68
10624 27.75
13554 27.64
10593 27.54
14875 27.97
10564 27.58
13280 27.38
9754 27.33
35093 25.78
4159 31.92
9652 27.76
8299 27.49
14008 26.99
8983 26.89
11854 26.59
9382 26.60
13692 26.56
9770 26.42
13775 26.13
8977 26.49
