23283 33.30
4787 33.06
12732 30.73
11647 29.74
10519 31.99
15114 29.47
13926 29.98
9520 29.97
11934 30.91
12707 29.49
13485 29.50
8508 29.56
13366 29.83
9440 29.05
13522 28.26
10544 28.75
15402 29.52
11565 28.29
14000 28.77
8409 28.19
16157 29.20
8434 28.22
11573 27.83
9499 27.77
13631 28.96
8624 27.68
12161 26.81
10036 25.82
14364 27.03
8841 26.88
11839 26.52
10683 26.00
28958 26.74
4379 28.32
8072 27.32
9115 26.32
14633 26.55
8951 26.30
14613 26.05
10197 26.01
18191 26.94
9508 26.66
9853 26.24
12346 25.73
13532 26.27
10270 25.93
14051 26.32
9513 25.97
13276 26.31
10683 25.23
11132 25.51
12157 24.36
13634 25.39
10121 25.34
13716 25.08
10826 25.56
18914 26.42
12247 27.18
13388 26.91
12147 26.83
15146 27.14
10167 26.95
11224 27.26
10468 26.76
34695 28.30
2912 33.09
11670 29.17
9102 29.52
15588 29.30
10744 28.70
10851 29.23
11305 28.31
13139 29.25
13278 28.14
10817 29.29
12894 28.10
12052 29.55
12507 28.32
11699 28.98
11756 28.43
12556 29.40
11715 28.24
14268 28.26
11201 28.32
11856 29.42
11229 28.23
12323 28.30
10973 27.87
13257 28.95
11722 27.96
13775 27.86
12410 27.65
15951 28.97
11038 27.32
13686 27.45
9879 27.14
33238 25.69
3801 30.29
8901 27.81
7886 27.01
15384 27.34
9397 26.51
13374 26.31
9372 25.90
17092 26.94
7891 26.11
11677 26.68
9886 25.70
15363 27.10
8472 26.25
12410 26.87
8891 25.99
14274 27.17
8665 25.73
12539 26.64
8766 25.48
13681 26.82
7811 25.09
12102 25.11
9043 24.85
13756 26.85
10100 25.08
12266 25.80
9432 24.67
14001 26.66
8733 24.86
11721 25.26
10023 24.15
25997 21.94
7461 25.69
13375 24.95
8215 24.67
19529 24.78
7791 24.70
12339 24.71
8434 24.12
19606 25.06
9130 24.69
13878 25.49
10393 24.82
17468 25.72
8592 25.09
12748 25.84
9002 24.86
16797 25.83
9219 25.29
13738 26.15
10603 25.53
17050 26.11
9936 25.80
14712 26.16
9812 25.87
18148 26.35
12458 26.44
18970 26.96
13284 27.73
18759 29.18
10368 29.13
12760 29.76
11381 29.61
18906 31.28
5796 30.95
8793 31.11
10120 31.04
13387 32.11
9659 30.77
11049 31.03
12237 29.53
12514 31.52
13437 29.62
12733 29.70
10032 29.18
12432 30.52
11519 29.33
12981 29.35
10109 29.00
13778 30.16
11118 29.25
13560 29.52
11448 29.68
14557 30.69
11613 29.61
10575 29.90
10586 28.71
13193 30.28
10222 29.10
13207 29.15
9501 28.89
13753 30.05
10121 28.72
12193 28.86
10367 28.07
35671 25.94
5029 32.75
11761 30.44
7063 29.29
13593 28.61
7090 28.52
14511 28.08
12271 27.98
18619 27.64
8796 27.73
12786 28.02
9009 27.29
15212 28.06
8163 27.14
9651 27.73
10582 26.60
14431 28.12
10174 27.87
11563 27.28
10117 26.21
13410 27.23
10085 25.93
12048 25.86
8943 25.53
13780 26.05
8782 25.04
11565 24.64
10198 23.40
13049 24.77
8729 23.95
12025 23.17
10147 22.62
27870 22.89
5214 24.87
8408 28.16
10532 28.24
18300 27.80
10741 26.04
10714 26.99
9166 26.22
13749 27.64
11510 25.68
12192 26.14
11094 25.25
13972 27.38
10365 26.66
12846 26.44
9990 25.86
14400 27.33
11192 26.33
14083 26.30
10302 26.18
15445 27.85
10129 27.59
12551 27.75
11878 27.10
16221 28.53
9916 28.38
12437 28.84
11622 28.58
17752 29.07
11125 29.19
12524 29.86
12469 28.81
33111 26.27
4724 32.58
11088 28.96
8550 28.66
14631 28.75
8692 27.98
8927 28.95
10821 27.20
14687 28.99
12556 27.92
10196 29.21
10766 27.98
13511 29.02
10476 28.19
12580 28.02
10097 27.66
13697 28.24
9808 27.84
13107 27.51
9764 27.72
14045 28.09
10078 27.76
13223 27.65
9800 27.70
13817 27.97
11173 27.69
13737 27.62
10822 27.59
15113 27.98
10728 27.59
13324 27.49
9670 27.46
35363 25.70
4249 31.88
9548 27.89
8482 27.45
14270 26.98
8748 27.05
11937 26.60
9538 26.53
13866 26.44
10203 26.27
12947 26.31
11324 25.92
