23704 33.16
4924 32.93
12910 30.60
11820 29.58
10842 31.88
14933 29.38
12694 30.17
10765 29.71
12687 30.71
12152 29.49
13333 29.37
9354 29.11
13220 29.67
9814 28.80
13949 28.17
10842 28.60
15725 29.23
11632 28.17
14462 28.71
8290 28.29
16158 29.21
8892 28.08
11685 27.73
9687 27.78
13952 28.98
8475 27.66
12521 26.69
10294 25.69
14080 26.89
9296 26.69
11524 26.52
11868 25.72
29282 26.62
4320 28.24
8231 27.29
9501 26.09
13455 26.07
9376 25.95
14325 26.03
10605 25.85
18913 26.67
9570 26.45
10120 26.03
12660 25.54
13669 26.20
10530 25.79
14591 26.15
9734 25.99
13479 26.26
10698 25.10
11918 25.43
12151 24.32
13857 25.31
10256 25.22
13685 25.04
11037 25.48
20654 26.00
14020 26.62
14099 26.62
12244 26.62
16832 26.67
9795 26.93
12255 26.87
9483 26.80
31707 29.11
2980 33.38
10912 29.64
9071 29.76
13933 29.94
10544 29.14
11650 29.38
12176 28.23
12509 29.63
14629 28.05
11943 29.19
12495 28.20
12415 29.79
12745 28.27
10695 29.44
12278 28.45
13303 29.27
11350 28.32
14335 28.28
11003 28.43
13626 29.12
10695 28.22
13405 27.96
9862 28.14
14668 28.25
10943 28.00
12949 28.00
12741 27.50
18529 28.06
9883 27.38
13394 27.39
9850 26.94
34104 25.44
3992 30.12
8914 27.66
8360 26.69
15019 27.29
9793 26.28
13108 26.51
9725 25.69
16973 26.99
8011 25.99
11559 26.40
10506 25.47
15446 27.06
8636 26.16
13268 26.00
9029 25.83
14344 26.98
9193 25.50
12719 26.45
8986 25.28
13497 26.54
7932 24.85
12407 24.64
9412 24.59
13883 26.18
10455 24.88
12772 25.81
9596 24.62
14220 25.77
8839 24.42
12339 25.00
10032 23.97
26412 21.81
8006 25.01
14104 24.54
8645 24.55
19508 24.98
7965 24.48
12184 24.91
9014 23.98
17522 25.31
9814 24.53
11050 25.86
11042 24.53
17668 25.81
9440 24.70
12522 25.87
9628 24.66
16336 26.24
9777 25.12
14024 26.35
10952 25.41
16541 26.54
10303 25.73
13162 27.01
10686 25.75
18186 26.80
12590 26.47
17451 27.40
13869 27.60
20079 28.74
10839 28.78
12395 30.13
11125 29.89
21570 30.28
5421 31.37
8608 31.00
10035 30.94
15725 31.07
9855 30.15
11388 30.43
10680 29.71
11711 31.48
14203 29.27
13436 29.41
10054 28.95
14336 29.87
10808 29.21
12814 29.17
10343 28.80
13781 29.97
11154 28.95
13659 29.25
12192 29.27
16195 30.16
11011 29.47
10921 29.51
9920 28.71
14124 29.77
10224 28.87
13033 28.93
9804 28.59
15398 29.46
9839 28.57
11978 28.75
10685 27.76
37321 25.56
4482 33.55
12376 30.17
7311 29.03
14004 28.43
7191 28.37
14906 28.01
12564 27.78
19180 27.48
9011 27.52
13200 27.83
8868 27.12
15822 27.83
8677 27.05
9175 27.90
10664 26.47
14749 27.92
10194 27.73
11762 27.13
10252 26.17
14177 27.09
10050 25.76
12180 25.79
9072 25.44
13631 26.07
9042 24.89
11671 24.62
10565 23.22
13055 24.81
9129 23.79
12432 23.21
10130 22.63
30553 22.26
4885 24.85
8416 28.10
10077 28.44
17095 28.27
10696 26.28
10691 27.15
10856 25.75
13612 27.80
12083 25.62
12016 26.28
11573 25.15
14633 27.10
12349 25.89
12139 26.60
10532 25.76
14282 27.39
11082 26.33
12643 26.70
10821 26.20
15592 27.68
10095 27.64
12870 27.66
12004 27.15
16550 28.53
11362 27.66
11867 29.03
11218 28.83
18096 28.97
11349 29.13
12811 29.74
12559 28.74
33874 26.10
4715 32.72
11668 28.75
8191 28.58
15290 28.22
8938 27.76
10043 28.38
10232 27.08
16199 28.36
12135 27.80
10923 28.78
10259 27.97
13340 28.71
10433 28.00
11943 28.14
11514 27.30
14102 28.00
9636 27.68
12709 27.56
10190 27.57
14473 27.76
10483 27.52
13474 27.48
10292 27.53
14932 27.61
11134 27.57
13844 27.51
10737 27.59
15150 27.84
10756 27.56
13441 27.33
10139 27.14
35969 25.56
4353 31.79
10123 27.72
8879 27.34
14529 26.79
8988 26.73
12066 26.43
10331 26.23
13720 26.46
10354 26.13
13479 26.09
10186 26.29
