23998 33.03
5064 32.66
12086 30.83
13257 29.34
10905 31.90
14844 29.37
13003 30.17
10978 29.61
11219 31.02
13429 29.29
15175 29.10
8969 29.27
14137 29.48
9568 28.86
13898 28.11
11090 28.53
16727 29.04
10901 28.18
14251 28.62
9009 27.88
16948 28.92
8782 28.15
11746 27.63
9715 27.63
14518 28.68
8438 27.65
12625 26.56
10574 25.53
14233 26.88
9349 26.54
11818 26.44
12283 25.54
29891 26.47
4468 28.19
8245 27.26
9526 26.06
13608 25.98
9780 25.78
14437 25.96
11002 25.77
19729 26.53
9883 26.39
10055 26.13
12260 25.62
14466 25.94
10433 25.72
14443 25.98
9997 25.80
14995 25.84
7800 25.51
12547 24.96
12677 24.08
14146 25.11
10539 25.00
13581 25.05
11579 25.24
19509 26.13
14317 26.62
15162 26.38
12579 26.51
17558 26.57
10420 26.64
12200 26.80
9799 26.73
31788 29.09
3109 33.16
10988 29.72
9329 29.69
14011 29.79
10620 29.05
12405 29.08
14136 27.82
12491 29.64
12570 28.48
12853 28.94
12761 28.19
11369 30.00
13563 28.26
12378 28.99
12069 28.47
12348 29.75
12543 28.16
14964 28.23
11151 28.42
12784 29.24
11402 28.21
13412 28.03
10325 28.06
14010 28.48
11462 27.95
13632 27.96
12759 27.51
17086 28.48
10759 27.21
13836 27.30
9784 26.90
34576 25.27
4025 30.28
9092 27.53
8724 26.75
14862 27.31
10115 26.19
13391 26.47
9769 25.75
16990 26.95
8305 25.81
12092 26.49
10341 25.58
15577 27.02
8605 26.07
13010 26.25
9562 25.61
14566 26.97
9401 25.40
12764 26.25
9123 25.21
14090 26.56
8143 24.78
12404 24.81
9549 24.55
13816 26.37
10466 24.78
12691 25.54
10135 24.43
14400 25.78
9010 24.39
12360 24.79
10293 23.83
26702 21.75
8109 24.94
14247 24.46
8567 24.48
20297 24.68
8098 24.45
13386 24.29
8589 23.94
19374 25.27
9466 24.57
13766 25.73
10643 24.70
19968 25.45
8489 24.94
13169 25.66
8999 24.72
19372 25.69
8824 25.33
14158 26.02
10701 25.50
19508 26.22
9784 25.91
14074 26.69
10333 25.86
21182 26.35
11711 26.61
18676 27.01
13351 27.73
16391 30.18
10470 29.39
11757 30.73
11062 30.13
23356 29.68
4582 32.48
9500 30.39
10700 30.50
16533 30.59
9832 30.02
11109 30.36
10457 29.71
12709 30.80
13964 29.08
10937 29.87
11126 28.77
13477 30.06
11672 28.92
13205 28.93
10461 28.64
14279 29.75
11722 28.75
13940 29.20
12112 29.21
14479 30.47
12690 29.17
11436 29.53
10256 28.59
13944 30.07
10984 28.64
13790 28.71
9833 28.61
14816 29.79
10283 28.45
11741 28.97
10920 27.90
37968 25.41
4456 33.68
13206 29.76
7143 29.06
14028 28.32
7257 28.15
15202 27.90
12806 27.69
19535 27.41
8987 27.56
13535 27.78
9210 27.08
15551 27.75
8587 26.98
9988 27.61
10124 26.57
15294 27.68
10190 27.64
12634 26.62
10299 25.99
14147 26.89
9634 25.89
12315 25.68
9225 25.40
14259 25.85
9084 24.73
11914 24.47
10790 23.12
13591 24.58
8923 23.81
12412 22.99
10509 22.47
28646 22.72
5340 24.66
8323 27.92
11551 27.86
19022 27.33
11016 25.77
10874 26.69
10101 25.64
14214 27.11
10614 25.61
12646 25.81
11824 24.94
15046 26.88
13597 25.52
11483 26.73
11063 25.59
15112 27.04
12381 25.81
12498 26.70
11624 26.00
17094 27.07
10623 27.06
12533 27.55
12523 26.82
18229 27.85
11215 27.46
12529 28.63
11158 28.46
19415 28.38
12066 28.65
14703 29.08
11453 28.82
31523 26.64
4878 32.43
12109 28.53
8555 28.47
15273 28.49
8971 28.05
9137 28.81
11313 27.01
15445 28.72
12572 27.88
10607 29.04
11102 27.84
14162 28.66
10478 27.92
12550 27.87
11488 27.13
13876 28.09
10004 27.65
13256 27.52
10068 27.60
14356 27.80
10662 27.44
13445 27.54
10601 27.42
14526 27.75
11326 27.56
13867 27.53
11173 27.48
14960 28.02
11221 27.49
13317 27.35
10699 26.99
36613 25.44
4343 31.69
10243 27.70
9184 26.98
14610 26.82
9273 26.72
12465 26.28
9995 26.23
13542 26.49
10476 26.10
13672 26.11
11248 25.90
