25693 32.56
5295 32.36
13281 30.12
13298 29.01
11660 31.24
15760 28.90
13247 29.77
10844 29.32
13284 30.15
13925 28.75
14383 28.84
9630 28.87
14797 28.99
9809 28.40
14399 27.88
11880 28.03
17855 28.36
11063 28.08
16029 27.90
9231 27.52
18020 28.53
9150 27.65
12488 27.17
10008 27.38
14553 28.86
9332 27.17
13180 26.27
10813 25.28
15244 26.69
9940 26.43
12726 25.97
11930 25.47
30913 26.17
4593 27.98
8965 26.77
10127 25.72
14024 25.78
10794 25.32
15115 25.65
11433 25.37
18237 26.68
11213 26.04
11231 25.68
13632 25.15
14841 25.93
11347 25.46
16039 25.72
9892 25.58
15182 25.81
8689 25.31
13029 24.85
13374 23.89
14388 25.10
11585 24.69
14188 24.94
12144 25.06
20647 25.90
15332 26.21
15363 26.19
12916 26.32
17480 26.37
10762 26.66
13494 26.56
10365 26.47
33981 28.47
3283 32.78
12920 28.98
10167 29.10
15280 29.41
11562 28.55
12387 28.91
13871 27.60
13212 29.15
12460 28.42
13120 28.73
13630 27.81
12902 29.21
13778 27.94
12998 28.67
12274 28.17
13120 29.26
13001 27.84
15482 27.96
11989 28.01
13086 29.05
12057 27.79
13176 27.88
11683 27.62
14291 28.31
11875 27.63
14078 27.51
13337 27.33
17110 28.48
11885 26.87
16160 26.68
9851 26.65
36189 24.89
4266 29.67
9457 27.10
8829 26.50
16689 26.84
10327 25.76
12665 26.92
10879 25.42
18239 26.38
8428 25.63
12753 25.92
10663 25.24
16091 26.68
8944 25.71
13453 25.73
10087 25.04
15883 26.45
9422 25.12
13133 25.83
9797 24.61
14727 26.17
8873 24.41
12952 24.47
9990 24.21
14885 26.09
11292 24.47
13816 25.02
10026 24.23
15044 25.51
9540 24.13
13026 24.89
10668 23.64
28138 21.33
8512 24.70
15310 24.20
9196 24.20
20952 24.40
8236 24.21
16662 24.42
8656 23.75
19517 25.17
9950 24.36
10974 25.65
11764 24.30
19885 25.60
9458 24.68
14070 25.84
9902 24.49
17416 25.94
10137 24.96
13556 26.20
11561 25.10
16790 26.53
11043 25.40
13906 26.36
11132 25.38
17908 26.78
13314 26.14
18324 27.00
14423 27.26
22566 27.82
11627 28.26
15901 28.27
12747 28.46
21212 30.39
5416 31.50
9401 30.59
10946 30.57
15992 31.18
10955 29.92
11785 30.45
11361 29.47
13538 30.83
14855 28.92
13662 29.14
11147 28.53
13006 30.02
12240 28.79
14120 28.79
11086 28.48
15114 29.82
12512 28.60
14428 29.13
12994 29.01
16855 29.89
11944 29.23
12680 28.81
9875 28.43
14560 29.61
10722 28.62
14065 28.52
10354 28.34
15664 29.38
10455 28.23
13390 28.06
11529 27.34
39604 25.00
4817 32.92
12820 29.88
7904 28.63
14951 28.04
7789 27.82
16238 27.57
13123 27.43
20204 27.18
9393 27.26
13975 27.45
9706 26.79
16124 27.53
9183 26.60
10489 27.20
11563 25.91
15555 27.53
11609 27.20
12531 26.65
10792 25.88
14995 26.62
9842 25.67
12927 25.49
9687 25.05
15124 25.62
9286 24.55
12404 23.96
11430 22.77
14137 24.36
9198 23.62
12886 22.69
11024 22.17
31861 21.94
5403 24.50
8884 27.64
12598 27.53
19374 27.06
11175 25.66
11578 26.47
10618 25.42
13889 27.35
12205 25.32
12336 26.02
12386 24.69
14712 27.07
10914 26.23
13937 25.97
11862 25.28
15375 26.94
12066 25.89
15111 25.90
11446 25.74
16528 27.26
11543 26.83
13675 27.26
12809 26.63
17093 28.20
10473 27.95
14246 28.15
12538 27.88
18967 28.65
12171 28.64
14191 29.19
12510 28.53
36726 25.46
5004 32.11
11776 28.37
8694 28.21
16639 27.73
9677 27.22
10401 28.01
10772 26.74
17505 27.83
12800 27.39
11664 28.32
10751 27.45
15452 27.95
10303 27.68
12920 27.58
11669 26.90
15249 27.44
10227 27.19
13044 27.20
11677 26.95
15090 27.33
10769 27.22
13735 27.11
12196 26.79
15777 27.19
11980 27.09
14820 27.20
12277 27.01
16047 27.52
11860 26.96
14884 26.86
10684 26.78
37705 25.20
4904 30.74
10782 27.32
9662 26.77
15760 26.54
10016 26.35
12763 26.12
10335 26.05
14324 26.12
11232 25.85
13712 25.89
12632 25.46
