26213 32.44
5234 32.40
13547 30.01
13569 28.93
11775 31.13
16037 28.78
14646 29.40
10391 29.33
13230 30.11
13959 28.75
14695 28.65
9825 28.76
15085 28.87
9837 28.41
14792 27.68
11958 28.12
18195 28.35
12120 27.67
15003 28.18
9764 27.37
17924 28.40
9251 27.62
12500 27.06
10595 27.05
14989 28.13
9611 26.91
13489 26.00
11041 25.11
15156 26.24
10211 26.22
12562 25.87
12429 25.15
31437 26.03
4814 27.76
9540 26.53
9420 25.91
14327 25.41
11198 25.05
15004 25.55
11907 25.22
20409 26.04
10569 25.89
11242 25.58
13502 25.00
15235 25.58
11268 25.34
16328 25.46
11134 25.30
15601 25.61
8840 25.08
13215 24.77
13299 23.77
15124 24.84
11717 24.61
14393 24.71
12395 24.90
20694 25.79
15152 26.21
16086 26.03
12628 26.22
18453 26.12
10740 26.38
13810 26.38
10345 26.51
34350 28.43
3516 32.46
13382 28.79
10554 28.93
15589 29.33
13296 28.29
12319 28.87
11936 28.01
13157 29.27
13167 28.12
13230 28.54
14144 27.63
12780 29.41
14550 27.77
13193 28.57
12627 28.06
12214 29.40
13901 27.80
15986 27.88
11873 27.98
12468 29.23
13044 27.68
14535 27.71
11384 27.58
14328 28.43
12212 27.67
14398 27.57
13329 27.34
17412 28.40
11747 26.86
15253 26.99
10294 26.55
36517 24.81
4322 29.67
9436 27.08
9230 26.41
17000 26.80
10415 25.80
13665 26.40
10439 25.35
17997 26.63
8566 25.53
12684 25.94
10885 25.13
16698 26.53
9070 25.67
14272 25.20
9646 25.21
15167 26.53
9801 24.99
13550 25.67
10132 24.59
14633 26.18
9159 24.33
13402 24.54
10148 24.19
14918 25.96
11219 24.43
13740 25.30
10285 24.16
15082 25.73
9570 24.11
13215 24.36
10968 23.43
28251 21.28
8663 24.51
15078 25.09
9604 24.17
21563 24.28
8473 24.17
15582 24.41
8945 23.57
19618 25.07
9914 24.34
12087 25.52
11994 24.25
19803 25.55
9729 24.49
12786 25.76
10150 24.40
19072 25.84
9995 24.85
14398 26.20
11726 25.10
19641 26.14
10383 25.53
14174 26.24
10946 25.40
19566 26.60
12889 26.24
18224 27.03
14438 27.28
21094 28.29
11686 28.38
15288 28.75
12514 28.75
24684 29.26
5049 31.49
10410 29.38
11740 30.00
16844 30.63
10207 29.86
11268 30.37
13213 28.93
14130 30.51
14460 28.77
13626 29.01
11447 28.37
13023 29.92
12789 28.61
12514 29.30
11656 28.32
15122 29.44
12250 28.58
14415 28.97
13710 28.79
17027 29.71
12319 28.92
12862 28.63
10545 28.12
15314 29.35
10766 28.46
14079 28.44
10722 28.10
16609 28.94
10666 28.01
13099 27.98
11522 27.26
40324 24.84
4936 32.94
13356 29.66
7997 28.41
15312 27.86
8260 27.52
16694 27.40
13341 27.33
20523 27.03
9681 27.10
14201 27.34
9872 26.66
17142 27.37
9464 26.52
9641 27.54
10795 26.24
15721 27.48
11236 27.33
13127 26.40
10930 25.79
14770 26.65
10070 25.71
13034 25.46
9854 24.99
15941 26.09
9168 24.46
12065 24.34
11602 22.78
14355 24.67
9717 23.38
12794 22.86
10867 22.18
31924 21.93
5380 24.51
9678 27.19
12223 27.54
18603 27.37
11748 25.58
11700 26.75
11484 25.44
14726 27.33
12084 25.37
12421 26.01
12344 24.70
15138 27.12
11035 26.25
13962 25.96
11573 25.31
15516 26.90
12039 25.86
15300 25.86
11675 25.66
16518 27.26
10855 27.16
14745 26.90
12869 26.56
18106 28.01
10372 27.88
14427 28.00
13304 27.58
19655 28.58
12316 28.68
14232 29.14
12696 28.37
36720 25.47
5007 32.23
11671 28.46
9071 28.04
16859 27.62
9750 27.10
10335 27.87
11044 26.62
18085 27.68
12735 27.37
11574 28.23
10806 27.44
15252 27.97
10812 27.39
12987 27.42
11981 26.72
14784 27.60
10951 27.06
13969 27.01
11046 27.05
14712 27.48
11380 27.07
14556 26.98
11328 26.87
15255 27.34
12450 26.93
15473 26.98
12241 26.99
16281 27.44
12283 26.96
15019 26.82
10699 26.82
38384 25.06
4956 30.67
11229 27.22
9839 26.58
15736 26.38
10119 26.35
13165 25.87
10504 25.98
14135 26.10
11531 25.76
13946 25.86
12828 25.30
