2404 50.73
394 50.43
802 49.66
867 45.55
1259 47.45
952 45.10
1233 45.08
1120 44.37
1466 45.28
1031 44.30
1499 44.13
1096 43.74
1585 45.60
1021 44.46
1446 44.18
1282 43.31
1782 45.19
1005 44.48
1357 44.57
1343 43.34
1979 45.11
1095 43.14
1205 44.28
1178 43.46
1771 45.18
1233 43.62
1255 44.20
1195 42.78
1451 44.87
1190 43.35
1358 44.36
997 43.22
2259 45.76
590 44.66
1292 42.62
1355 41.30
1538 44.62
1101 42.90
1456 42.88
709 42.70
1499 44.02
1071 42.69
1473 42.04
1066 41.24
1585 42.75
923 42.01
1244 41.69
1427 40.43
1485 41.83
1290 40.88
1393 41.41
1454 39.80
1631 41.32
974 41.08
1538 40.56
1049 41.68
1534 42.39
801 42.24
1504 41.18
1054 41.07
1636 42.72
1144 41.55
1359 41.91
1249 41.36
2668 45.27
728 44.66
974 46.18
1223 43.39
1355 45.49
1201 43.82
1283 43.78
1213 42.96
1477 44.83
1252 43.02
1437 43.62
1140 42.50
1534 43.97
1161 42.94
1400 42.69
1107 43.03
1604 43.71
1059 43.01
1293 42.95
1297 42.24
1555 43.72
1236 42.38
1348 43.15
1201 42.41
1862 43.66
1084 43.17
1420 42.52
1256 42.46
1948 44.07
1287 42.30
1422 43.73
1193 42.55
3519 42.76
817 44.22
1406 44.76
966 42.42
1725 45.00
1049 42.23
1423 45.89
1215 43.53
1916 45.02
1270 43.02
1539 44.45
1251 43.58
2143 45.42
1181 44.78
1998 45.31
1084 44.41
1900 45.09
973 44.67
1513 45.27
1111 43.49
1473 45.99
1065 44.11
1277 45.19
1080 43.99
1588 44.88
1208 43.78
1384 44.89
1072 43.24
1534 44.28
956 43.12
1600 42.28
960 43.55
3240 39.56
551 43.69
1491 44.02
941 44.14
1868 43.37
823 43.46
1574 43.31
926 42.23
1932 43.57
1223 43.04
1901 44.24
1067 44.01
2065 43.72
884 43.57
1815 44.41
758 43.37
2250 43.81
924 44.22
1909 44.42
1057 44.78
2270 45.16
972 44.56
1836 45.07
1110 44.76
2269 44.73
1284 45.66
1818 47.15
1124 46.40
1912 47.59
1154 47.98
1469 48.08
1075 47.84
2548 46.44
763 48.47
1236 49.26
873 47.40
1378 48.49
739 47.54
1207 46.72
1035 44.94
1286 47.65
992 45.72
1314 46.05
1090 45.06
1377 46.75
1088 45.51
1292 45.60
1239 44.15
1560 46.27
1001 46.18
1387 45.78
984 45.48
1499 46.38
913 45.69
1356 45.09
1325 44.28
1616 46.16
1221 44.91
1531 45.98
1345 45.13
1782 47.59
1329 45.18
1302 47.40
1201 45.43
3561 42.82
689 47.42
928 46.22
786 46.03
1450 44.85
808 44.80
1401 44.09
1354 43.77
1984 44.12
915 44.73
1583 45.41
1001 43.55
1895 45.07
935 44.22
1588 44.98
1062 44.38
1940 45.80
1008 44.12
1326 45.02
1037 43.51
1602 45.46
922 43.54
1339 44.18
986 42.53
1476 43.68
874 42.68
1450 42.71
1007 40.49
1522 41.95
892 40.22
1518 39.73
974 39.36
2965 37.88
496 42.04
822 41.18
1222 40.02
1574 39.40
866 40.19
1502 39.62
1109 39.57
1510 39.71
1192 39.57
1495 39.01
1046 39.45
1583 39.68
1051 40.12
1551 39.52
1133 39.33
1634 39.86
1209 39.94
1585 39.95
1321 39.67
1732 40.72
1420 41.08
1431 42.69
1217 42.34
1835 43.00
1324 42.73
1674 43.65
1342 43.12
1816 45.06
1329 44.37
1593 46.37
1169 45.62
3157 43.36
866 46.30
1014 50.12
800 47.23
1297 47.20
837 44.88
1112 45.34
1172 43.02
1138 46.72
1102 44.69
1313 44.65
1062 43.81
1486 46.06
1164 44.20
1358 44.83
1053 43.51
1469 44.84
1173 43.91
1466 44.26
1171 43.73
1617 45.57
1053 44.04
1334 44.21
1146 43.59
1617 44.49
1101 45.51
1519 45.00
1175 43.63
1856 44.90
1055 43.48
1494 44.32
1019 44.00
3709 40.90
727 44.36
1222 44.39
899 44.55
1571 43.65
802 44.49
1301 43.38
1131 42.05
1731 42.87
823 42.38
1394 41.96
1146 42.11
