29093 31.60
5851 31.68
14411 29.45
15608 28.24
14115 30.21
15724 28.36
14029 29.10
12723 28.44
13918 29.58
14721 28.25
16944 27.98
10951 28.02
15994 28.39
11660 27.65
16465 27.07
13589 27.36
20070 27.92
13039 27.12
16169 27.63
10457 26.91
20007 27.83
10146 27.07
13887 26.73
11154 26.74
16237 28.10
10365 26.60
14393 25.86
11888 24.75
15191 26.96
11794 25.74
14127 25.59
13073 24.97
33417 25.41
5444 27.23
10030 26.15
11178 25.09
17553 25.66
10784 25.21
17273 25.07
12360 25.01
22210 25.78
11491 25.53
11841 25.17
14508 24.61
16298 25.15
12637 24.90
16750 25.24
12111 24.97
17589 25.06
9724 24.67
14742 24.24
14530 23.39
16831 24.40
12186 24.33
15466 24.36
13480 24.58
24064 25.04
16064 25.79
17021 25.70
14340 25.80
19109 25.85
12002 25.98
14448 26.05
11734 25.97
37002 27.79
3894 31.63
14539 28.26
11408 28.55
16578 28.76
13003 27.85
13647 28.24
15554 27.04
14208 28.79
14671 27.62
13903 28.21
14919 27.25
15345 28.57
14391 27.43
13652 28.05
14140 27.45
14612 28.49
14132 27.30
16869 27.35
13275 27.44
14358 28.34
13394 27.22
15509 27.07
12477 27.15
16121 27.62
13662 26.95
16546 26.77
15014 26.53
19037 27.86
12997 26.23
17836 26.11
10588 26.11
39256 24.14
4631 29.12
10821 26.56
10138 25.79
18054 26.16
11686 25.20
14344 25.83
11595 24.69
19281 25.96
9584 24.87
13994 24.98
12434 24.40
17717 26.03
9859 25.07
14946 25.13
11463 24.33
16525 25.74
10772 24.36
14724 24.97
11319 23.92
16320 25.21
9782 23.81
14759 23.77
11315 23.53
16137 24.93
12334 23.77
14675 24.44
11553 23.38
16598 24.53
10676 23.35
14576 23.33
12244 22.68
30225 20.76
10438 23.65
15312 24.80
11248 23.33
24051 23.20
9562 23.45
15361 22.99
10033 22.87
23622 23.62
11002 23.55
14166 24.36
12776 23.57
23181 24.31
10389 23.87
15058 24.47
10879 23.60
22082 24.58
10855 24.17
16739 24.97
12896 24.34
21855 25.23
11800 24.78
15953 25.68
12076 24.76
20806 25.80
14743 25.41
20024 26.40
16233 26.51
20202 28.64
12450 28.15
14952 29.01
12891 28.68
25181 29.06
5648 30.70
11351 29.42
11736 29.81
20167 29.92
11688 29.12
12640 29.69
12649 28.77
15532 29.80
14878 28.34
12905 28.90
12512 27.91
14915 29.14
13556 27.95
14531 28.26
12798 27.60
16350 28.90
13146 27.87
16043 28.22
14208 28.22
16708 29.54
14852 28.20
13707 28.34
11415 27.75
16016 28.96
12418 27.70
16470 27.67
11405 27.62
16874 28.71
12122 27.47
14724 27.43
12649 26.71
43429 24.22
5842 31.91
14866 29.07
8706 28.00
16911 27.32
9172 27.17
18214 26.96
14104 26.82
22036 26.52
11040 26.52
15501 26.81
10566 26.19
19101 26.81
9925 26.16
10411 27.02
11573 25.71
16905 26.99
12226 26.75
13596 26.16
12341 25.07
16309 25.89
11858 24.70
14683 24.62
10979 24.40
16660 25.02
10500 23.97
13535 23.63
12597 22.25
15352 23.83
11055 22.80
14978 21.97
11595 21.76
34430 21.27
6254 23.90
10636 27.13
12383 27.42
20464 27.27
12394 25.21
12803 26.30
13582 24.72
16962 26.31
13464 24.60
13535 25.39
13227 24.18
16708 26.30
11529 25.74
13837 25.81
12648 24.72
16642 26.37
13727 25.31
16136 25.36
13162 25.14
18351 26.63
11918 26.56
15246 26.70
14377 26.04
19306 27.45
13375 26.53
14689 27.69
13348 27.52
21166 28.03
13193 28.08
15874 28.51
12088 28.37
42149 24.36
5514 31.55
13250 27.63
10103 27.31
19834 26.62
9772 26.62
12297 26.78
11652 25.96
20838 26.68
13765 26.77
13969 27.21
11742 26.75
17585 27.07
11382 26.88
13327 26.96
12666 26.22
17107 26.61
11219 26.45
15931 26.14
12381 26.37
16974 26.57
12405 26.30
15034 26.55
13491 26.15
18108 26.28
12698 26.49
16256 26.48
12881 26.45
19174 26.38
12703 26.48
16080 26.20
11981 26.12
40659 24.52
5960 29.60
12806 26.49
11512 26.06
17660 25.76
10937 25.81
14235 25.49
12131 25.33
15372 25.60
12457 25.39
16337 25.16
12156 25.24
