29614 31.43
6859 31.42
14720 29.32
15647 28.10
13474 30.52
17669 28.14
16175 28.73
11917 28.46
14058 29.51
15094 28.08
17050 27.90
11281 27.92
16204 28.27
11978 27.50
16847 27.01
14166 27.15
20827 27.69
13215 27.04
16530 27.48
10899 26.69
20750 27.37
10098 26.96
14304 26.31
11561 26.36
16644 27.75
10348 26.39
14861 25.50
12425 24.46
17054 25.68
11629 25.47
14436 25.12
13464 24.56
34425 25.12
5754 27.14
10801 25.81
10777 25.11
18553 25.26
11544 24.99
17096 24.99
13400 24.72
23281 25.57
11618 25.32
12261 25.00
14842 24.48
17211 24.93
12794 24.73
17480 24.96
12025 24.86
17991 24.89
9617 24.59
15274 24.09
15413 23.10
16886 24.33
12547 24.15
16188 24.15
13970 24.37
24569 24.91
17727 25.49
17258 25.56
14689 25.63
19853 25.65
12877 25.83
15113 25.85
12282 25.80
36352 27.95
3731 32.01
13049 28.69
11270 28.68
17214 28.60
12772 27.94
14599 27.99
16347 26.78
14652 28.75
16964 27.02
14302 27.99
15228 27.09
13924 28.80
15630 27.22
14582 27.94
14472 27.37
13647 28.86
15285 27.14
17614 27.32
13691 27.32
15212 28.25
13946 27.15
15192 27.15
13158 26.91
16380 27.56
14149 26.87
16946 26.71
15318 26.46
20036 27.66
13355 26.23
17754 26.03
10913 25.96
40381 23.88
4730 29.20
11211 26.41
10293 25.66
17965 26.17
12246 25.01
14844 25.66
11808 24.59
19521 25.83
9971 24.68
14670 24.36
12934 24.09
18084 25.74
10199 24.84
15046 25.21
11806 24.19
17734 25.51
10942 24.26
14513 24.60
12033 23.53
16137 25.15
10150 23.52
15115 23.34
11490 23.36
16995 24.98
12607 23.55
15868 23.93
11325 23.34
17028 24.80
11227 23.20
14162 23.48
12972 22.61
30922 20.58
10597 23.61
16847 23.81
11331 23.21
23721 23.35
9925 23.28
14440 22.83
10650 22.57
23540 23.58
11581 23.37
14454 24.14
13586 23.31
23816 24.12
11040 23.56
15697 24.40
11597 23.47
20792 24.44
11508 23.95
15733 24.75
13337 24.16
20680 24.90
12278 24.46
16489 25.18
12770 24.40
21390 25.42
15392 25.12
21015 26.00
17053 26.24
23900 27.39
13137 27.50
17121 27.75
14308 27.86
23173 29.73
5960 30.47
10097 30.10
11925 30.02
18068 30.14
13362 28.81
13450 29.59
14869 28.14
15314 30.01
14353 28.63
15438 28.37
12631 27.66
15420 29.11
13812 27.89
15616 27.93
12606 27.56
16907 28.68
13824 27.71
16401 28.10
14840 28.12
19294 28.92
11926 28.77
13617 28.14
12814 27.19
16952 28.64
12531 27.60
16564 27.47
11800 27.42
18126 28.29
12167 27.27
14632 27.28
12948 26.62
44824 23.98
5969 31.71
15411 28.84
9068 27.82
17227 27.16
9606 26.86
18626 26.82
14709 26.66
22359 26.35
11291 26.37
16698 26.65
10721 26.00
19126 26.71
10327 25.94
10661 26.92
11964 25.51
17182 26.87
12993 26.41
14540 25.68
12420 24.90
17259 25.82
11324 24.85
14430 24.88
11415 24.24
16584 24.94
11151 23.71
13839 23.45
12783 22.08
16004 23.63
10813 22.82
14769 22.03
12122 21.59
35017 21.14
6640 23.69
10618 26.91
12636 27.29
21842 26.74
12614 25.00
13368 25.81
12480 24.74
16831 26.78
13318 24.76
13686 25.31
13812 24.08
16645 26.31
12305 25.50
15947 25.18
12218 24.61
16992 26.23
14109 25.17
17225 25.06
13090 24.95
18622 26.48
12198 26.35
15795 26.48
15304 25.76
20949 26.88
13320 26.44
14903 27.55
15236 26.80
22727 27.39
14322 27.54
17297 27.89
13474 27.77
38004 25.18
5410 31.71
13980 27.46
10035 27.12
18733 26.92
10670 26.49
12176 27.02
12381 25.93
20022 27.05
14875 26.63
13421 27.53
12440 26.70
16196 27.57
12777 26.67
14514 26.86
13508 26.19
16331 26.95
12289 26.43
16127 26.19
12674 26.33
16395 26.81
13378 26.34
16830 26.15
12218 26.44
17231 26.64
13627 26.40
16543 26.44
13442 26.38
17705 26.74
13283 26.37
16361 26.17
12498 26.02
41502 24.38
6144 29.50
13162 26.36
11895 25.85
17626 25.66
11800 25.63
14785 25.40
12662 25.22
15927 25.47
12723 25.27
16315 25.07
12673 25.15
