30118 31.29
7339 31.03
16031 29.07
15498 28.03
14702 30.07
17454 27.98
16224 28.52
12121 28.31
15089 29.20
15986 27.80
16791 27.78
11640 27.68
15717 28.32
12354 27.39
18015 26.75
14144 27.10
20792 27.53
13767 26.80
18350 26.93
10607 26.54
20105 27.46
10735 26.66
14504 26.13
12367 26.16
18461 26.92
10137 26.18
15285 25.04
12639 24.18
17699 25.12
11358 25.22
14615 24.79
14312 24.16
35777 24.83
6274 26.64
11420 25.57
10944 24.93
19918 24.87
11536 24.76
17730 24.74
14152 24.49
21797 25.84
12880 25.14
13241 24.80
15331 24.36
17181 24.91
13681 24.55
18740 24.79
12247 24.72
18836 24.70
9748 24.49
16050 23.87
15408 23.04
17842 24.08
12901 24.07
16247 24.09
14461 24.26
24821 24.83
18085 25.42
18183 25.43
14776 25.56
19922 25.54
12809 25.68
15693 25.72
12465 25.68
38565 27.44
3899 31.64
15750 27.90
12020 28.23
17827 28.55
14187 27.54
14135 27.96
16604 26.73
14955 28.47
17056 26.93
13544 28.14
16286 26.91
13919 28.78
16109 27.14
13718 28.12
14864 27.29
14432 28.63
15664 26.98
18231 27.02
14080 27.24
15373 28.08
14190 27.05
16244 26.84
12924 26.78
17024 27.40
13988 26.87
16659 26.73
15086 26.58
20989 27.25
12838 26.04
18461 25.75
11107 25.74
41699 23.61
5123 28.34
11710 26.02
10827 25.39
18303 25.87
12798 24.78
15419 25.44
12311 24.40
20879 25.26
9886 24.47
14569 24.42
13222 23.91
18124 25.56
10739 24.60
15271 24.95
12368 23.99
17194 25.22
11364 24.02
15850 24.44
11836 23.58
16555 24.88
10672 23.29
15073 23.31
12107 23.11
17083 24.49
13384 23.34
16240 23.70
11719 23.07
17692 24.12
11367 23.01
15193 22.94
13069 22.31
32081 20.30
11274 23.28
16608 23.06
11637 22.91
22152 23.47
10948 22.94
15195 23.95
11680 22.47
21811 23.89
12575 23.14
13836 24.42
14286 23.04
21373 24.44
12087 23.37
19497 24.59
11486 23.46
20032 24.91
11766 23.91
17916 25.13
13630 24.17
20375 25.39
12547 24.48
15548 25.69
13180 24.51
20705 25.83
15422 25.18
21539 26.02
16755 26.29
25619 26.89
13630 27.19
17374 27.74
14597 27.74
27297 28.38
5735 30.56
12920 28.35
13774 29.03
19971 29.69
12395 28.86
13413 29.46
14776 28.08
16109 29.63
14033 28.47
15735 28.02
13305 27.35
13871 29.33
15072 27.61
15477 28.05
13557 27.33
17056 28.72
14145 27.63
18320 27.60
14953 27.89
17946 29.32
15215 27.99
13817 28.17
12190 27.34
17068 28.59
13057 27.49
17353 27.27
11812 27.34
18477 28.41
12474 27.18
15399 27.14
13416 26.41
45593 23.85
6268 31.56
16720 28.48
9068 27.71
17572 27.06
9725 26.80
19254 26.64
14779 26.51
22707 26.25
11491 26.29
16664 26.49
11203 25.81
19133 26.58
10762 25.82
10978 26.70
12203 25.39
17739 26.74
12930 26.38
14225 25.82
13004 24.81
17717 25.68
12544 24.46
15337 24.53
11872 24.09
17972 24.52
11008 23.61
14497 23.22
13082 21.91
16269 23.41
11767 22.45
15935 21.70
12001 21.52
35485 21.02
6702 23.68
12777 25.74
14869 26.30
21558 26.50
12757 24.95
12888 26.15
13782 24.56
17057 26.70
14637 24.37
13976 25.31
14275 23.88
16952 26.23
12694 25.38
16462 25.09
12496 24.44
17138 26.15
14215 24.96
17359 24.97
13638 24.84
18913 26.36
15419 25.48
15424 26.43
15726 25.68
21148 26.76
12308 26.72
15476 27.33
14025 27.13
23826 27.17
14677 27.26
17219 27.87
13836 27.54
40613 24.66
5801 30.99
14385 27.20
10160 27.06
19581 26.72
11674 26.07
11988 26.90
13001 25.68
20226 26.91
14888 26.49
13785 27.38
13069 26.49
16471 27.38
13002 26.54
14872 26.73
13710 26.01
16836 26.81
12752 26.19
16788 25.99
13498 26.14
17386 26.50
12999 26.23
16029 26.25
14399 25.85
17945 26.41
14026 26.26
16835 26.35
13634 26.19
18217 26.57
14068 26.16
15884 26.27
13224 25.79
41827 24.31
6800 28.46
13972 26.29
11773 25.78
18257 25.53
11930 25.45
15375 25.15
12574 25.24
16415 25.35
13187 25.08
16392 25.00
13486 24.90
