2531 49.92
450 49.65
1054 46.36
1492 43.60
1566 45.79
1486 43.36
1669 43.18
1384 43.22
2008 43.81
1569 42.63
1709 43.06
1621 42.34
2074 43.97
1461 42.50
1767 42.75
1644 41.80
1993 42.96
1527 42.04
1855 42.68
1607 41.38
2115 43.81
1670 41.49
1721 41.78
1314 41.29
2074 43.55
1585 41.52
1697 41.52
1574 40.21
1902 42.99
1567 41.22
1847 41.76
1289 41.05
3486 42.51
524 43.44
1383 39.98
1887 38.42
1821 42.18
943 40.89
1919 39.94
1020 39.66
2044 40.31
976 40.04
1898 39.03
1456 38.67
2008 39.50
1101 39.53
1664 39.07
1972 37.81
1866 39.60
1490 38.61
1898 38.92
1647 37.74
2057 39.05
1306 38.72
2062 38.57
1325 39.18
2483 39.99
1345 39.31
2112 39.60
1474 39.46
2547 39.67
1582 39.36
1764 39.55
1422 39.23
3929 42.67
908 43.43
1138 42.93
1448 41.32
2028 43.08
1550 40.87
1735 41.57
1657 40.70
2044 42.05
1547 41.39
1837 41.48
1563 40.42
2062 42.14
1397 40.89
2019 40.95
1371 41.02
2103 41.69
1515 40.40
1771 41.39
1522 40.74
2074 41.43
1708 40.67
1885 40.68
1798 40.72
2243 41.32
1565 41.33
2019 40.48
1553 39.89
2203 41.11
1649 40.23
1951 41.10
1761 39.97
4653 40.93
901 42.19
1658 41.92
1270 40.64
2163 42.73
1457 40.24
1771 43.12
1770 40.62
2518 42.59
1495 40.31
1987 43.15
1668 40.90
2735 42.45
1407 41.31
2142 42.87
1427 41.41
2422 42.67
1366 41.20
1924 43.49
1267 41.29
2159 42.80
1283 41.37
1611 42.44
1592 41.32
2079 43.53
1409 42.22
1898 42.52
1489 41.47
2038 42.25
1215 40.99
1946 41.73
1220 40.94
4339 37.38
697 41.77
1680 42.65
1293 40.98
2408 42.47
962 40.97
1892 41.48
1449 39.99
2170 43.01
1399 41.04
2087 43.20
1657 41.27
2381 43.46
1249 41.15
2045 43.42
1076 41.77
2190 43.75
1418 41.83
1975 43.62
1397 42.62
2276 44.64
1531 42.44
1854 43.88
1666 42.60
2268 44.49
1621 43.38
2055 45.74
1440 44.57
2420 45.38
1346 45.14
1787 45.50
1331 45.28
4598 41.59
972 45.78
1242 46.49
1094 45.45
1721 45.58
1039 45.04
1476 44.07
1481 42.55
1883 44.42
1359 44.16
1715 43.44
1440 42.68
1855 44.27
1418 42.73
1881 43.05
1524 42.23
1988 44.05
1229 43.85
1834 43.32
1278 43.23
2067 44.46
1306 43.13
1719 43.52
1658 41.90
2077 44.25
1509 42.94
1806 43.84
1682 42.49
2225 44.56
1548 43.63
1736 44.16
1610 42.64
4621 40.92
786 45.07
1279 44.12
1009 43.40
1893 42.52
989 42.77
1794 41.45
1695 40.26
2403 42.14
1293 41.75
2088 42.49
1271 41.57
2601 42.40
1318 42.01
1847 42.62
1453 41.33
2334 43.25
1249 42.62
1788 42.20
1431 40.89
2006 42.20
1300 40.23
1821 40.53
1332 39.60
2000 41.06
1345 39.16
1960 39.32
1403 38.72
2041 39.77
1365 38.20
1916 37.80
1206 37.90
4263 35.78
811 39.43
1646 39.14
1148 39.65
2345 38.53
1172 38.93
2034 38.59
1340 38.78
2231 38.40
1365 38.30
1955 38.10
1432 38.01
2457 38.14
1442 38.57
2134 38.45
1443 38.70
2433 38.47
1443 38.96
2147 38.68
1672 38.53
2067 40.51
1602 40.20
2076 40.59
1634 40.38
2331 41.21
1585 41.10
2094 41.62
1718 41.50
2209 43.28
1571 43.00
1931 43.86
1544 43.11
4661 40.20
1163 43.41
1245 47.04
1006 44.11
1656 46.14
1193 42.60
1458 43.29
1775 40.64
1637 44.36
1464 42.58
1754 42.39
1366 41.94
1964 43.78
1373 42.65
1883 42.45
1438 41.47
2050 42.49
1396 41.44
1961 41.56
1485 41.98
2068 42.57
1365 41.62
1722 42.29
1494 41.28
1989 42.25
1583 41.96
1943 42.21
1553 41.29
2309 42.68
1399 41.78
1904 42.44
1337 42.08
4811 39.09
904 43.68
1351 42.79
1126 41.56
1836 41.50
1029 42.18
1878 39.78
1552 39.33
2168 40.00
1089 39.86
1810 39.74
1677 39.41
