2659 49.31
483 48.80
1266 45.50
1754 42.76
1884 44.92
1708 43.07
1730 43.24
1699 41.85
2256 43.11
1625 42.21
2029 42.25
1712 41.60
2311 42.96
1697 41.81
2141 41.84
1790 41.00
2286 42.35
1781 40.80
1929 42.11
1873 40.69
2367 43.05
1582 40.74
1939 41.32
1454 40.89
2238 41.96
1628 40.47
2099 40.13
1437 39.59
2205 41.12
1651 40.29
2132 40.08
1206 40.17
4143 41.29
635 42.25
1258 40.63
2266 38.09
1863 39.65
1115 39.23
2204 38.36
1130 38.39
2358 38.83
1078 39.47
2034 37.88
1865 37.29
2210 38.02
1379 37.90
1937 37.78
2190 36.86
2056 38.14
1769 37.40
1879 37.78
2045 36.52
2268 37.56
1526 37.19
2107 37.61
1684 37.53
2623 38.88
1560 38.74
2256 38.32
1649 38.45
2687 39.19
1796 38.85
2151 39.36
1906 38.46
4358 41.96
869 42.28
1310 42.05
1907 40.99
2017 43.19
1955 40.72
2145 41.06
1840 40.60
2122 41.89
1648 41.17
2068 40.90
1825 40.27
2381 41.55
1673 40.28
1994 40.39
1603 40.26
2269 41.07
1529 40.62
2194 40.44
1546 40.43
2398 41.19
1832 40.33
2367 40.37
1707 40.24
2507 40.78
1768 40.67
2162 40.28
1691 39.92
2624 40.15
1816 39.25
2012 40.43
2042 39.11
5098 40.23
988 41.95
1645 41.95
1432 40.03
2414 42.07
1765 39.32
2029 42.09
2115 38.94
2721 42.05
1637 39.75
1978 42.21
1745 40.05
2985 41.59
1527 40.47
2467 42.30
1740 40.62
2747 41.50
1387 41.10
2030 42.40
1408 40.37
2393 41.37
1403 40.00
2072 41.09
1617 40.22
2500 41.48
1687 40.82
2018 41.52
1370 40.50
2258 41.66
1430 40.10
2151 40.66
1572 40.10
4868 36.32
810 41.38
1970 41.29
1327 40.06
2690 40.77
1145 40.17
2120 41.35
1569 39.40
2443 42.28
1735 39.84
2341 42.44
1719 40.10
2610 42.53
1379 40.56
2188 42.52
1343 40.80
2319 43.26
1442 41.01
2089 43.16
1690 41.37
2396 43.60
1467 41.73
1967 43.23
1766 41.75
2540 43.70
1815 42.42
2196 44.79
1725 43.41
2574 44.40
1525 43.97
2143 43.93
1620 44.63
5021 41.02
1047 44.57
1380 46.47
1152 43.73
2049 44.29
1175 44.05
1863 43.24
1592 41.78
2080 43.35
1515 42.26
1968 42.25
1608 41.76
2214 43.65
1545 42.66
2061 42.37
1759 41.33
2312 43.20
1507 42.13
2039 42.68
1389 42.69
2282 44.21
1477 42.42
1891 42.72
1878 41.44
2286 43.68
1771 41.94
1989 43.48
1965 41.90
2434 44.14
1583 43.10
1915 43.61
1673 41.88
5109 40.33
849 43.82
1387 43.01
1053 42.79
2073 41.54
1294 40.87
2007 40.53
1829 39.24
2672 40.62
1357 40.88
2219 41.20
1627 39.98
3209 40.61
1391 41.08
2000 41.46
1489 40.11
2550 42.74
1631 40.72
1889 41.82
1531 40.12
2040 42.09
1631 39.71
1981 40.16
1480 38.71
2210 39.99
1482 38.29
2155 38.68
1381 37.85
2211 38.45
1337 37.41
2123 37.09
1376 36.71
5001 34.87
867 38.18
2263 38.13
1321 38.90
2870 37.98
1258 38.70
2132 38.33
1397 38.26
2240 38.31
1687 37.91
2272 37.79
1572 37.41
2535 38.19
1674 38.04
2348 38.04
1546 37.92
2496 38.47
1725 38.28
2587 37.98
1759 37.93
2142 39.65
1825 39.79
2258 40.13
1742 40.35
2423 40.93
1767 40.54
2390 41.31
1868 41.21
2715 41.37
1937 41.32
2349 42.26
1796 41.76
4657 40.15
1290 42.51
1365 46.28
1106 43.52
1795 43.34
1293 41.93
1999 41.54
1650 40.62
2027 42.95
1714 41.06
1876 41.67
1558 40.62
2245 42.54
1560 41.31
1999 41.94
1691 40.38
2209 41.62
1659 40.57
2157 41.30
1745 40.76
2261 41.44
1576 40.82
2080 40.93
1589 40.37
2342 40.95
1686 40.69
2307 40.86
1700 40.77
2651 41.34
1500 40.85
2083 41.00
1419 40.65
5440 38.30
929 42.81
1638 41.37
1294 41.17
2070 40.85
1153 40.92
2080 39.30
1814 38.58
2307 39.43
1373 39.14
2071 39.31
1881 39.02
