3507 45.95
700 45.87
2603 41.97
3448 39.96
3483 42.51
2547 40.24
2641 40.52
2427 39.87
3093 40.55
2702 39.45
3031 39.65
2527 38.99
3431 40.03
2346 38.93
2976 38.71
2305 38.45
3339 39.26
2380 38.33
3095 38.40
2408 37.48
3517 39.65
2594 37.82
3321 37.76
2056 37.73
3389 39.02
2352 37.50
3288 36.81
2071 36.85
3391 37.40
2299 37.08
3194 36.86
1946 36.80
7668 37.01
911 39.10
1776 37.66
1741 36.23
3402 35.83
1427 36.29
3250 35.12
2000 34.92
3652 35.89
1799 35.75
2962 34.61
3284 34.00
3222 35.22
1946 34.78
3306 34.90
2266 34.43
3470 34.75
2265 34.57
3003 34.03
3035 33.34
3326 34.22
2361 33.69
3389 34.01
2297 34.47
4271 35.42
2730 35.59
3096 35.56
2526 35.40
3808 35.76
2394 35.53
3207 35.39
2473 35.37
8059 38.27
1150 39.47
1951 39.30
2059 38.78
2974 39.31
2737 37.71
3225 38.14
2889 37.26
3445 39.09
3217 36.94
2802 38.21
2883 37.66
3366 38.77
2892 37.26
3367 37.32
2264 37.42
3659 38.11
2649 37.51
3252 37.49
2434 37.33
3502 37.94
2616 37.24
3072 37.86
2464 37.29
3837 38.17
2727 37.22
2805 37.71
2705 36.65
3654 37.73
2842 36.27
2953 37.20
2945 36.15
8818 36.32
1087 40.77
3122 37.57
1712 37.33
3688 39.25
2645 36.54
2470 39.14
3138 36.06
3895 39.15
2406 36.45
2696 39.32
3051 36.52
3865 39.10
2411 37.22
3192 39.60
2405 37.18
3651 39.01
2160 36.69
3226 38.61
2044 37.24
3385 38.69
1826 36.98
2946 37.54
2241 36.55
3521 38.81
2507 37.02
3169 38.35
2215 37.11
3450 38.73
2086 36.78
3088 37.54
2077 36.68
7648 32.63
1203 37.82
2903 37.41
1964 36.97
4004 37.57
1933 36.66
3183 38.45
2417 36.04
3599 38.98
2410 36.91
3248 39.05
2350 37.19
3776 39.23
2016 36.98
3266 39.34
1840 37.39
3582 39.41
2043 37.54
3190 39.67
2415 37.79
3899 39.60
2038 38.24
2991 39.31
2194 38.03
3574 40.67
2384 39.00
3291 40.84
2414 40.03
3808 41.00
2166 40.08
3166 40.79
2460 39.97
7833 37.80
1365 41.54
2301 40.28
1778 40.71
3439 39.97
1860 40.22
2960 39.35
2536 38.31
3392 39.67
2207 39.41
3282 39.17
2444 38.86
3499 39.70
2622 38.63
3320 39.17
2534 38.71
3565 40.24
2411 39.28
3263 39.74
2663 39.38
3632 40.24
2332 39.25
2970 39.93
2634 38.43
3576 40.44
2689 38.92
3076 40.13
2542 39.32
3718 40.71
2702 38.81
2868 40.03
2279 38.98
7650 37.66
1153 41.11
2044 40.22
1519 39.62
3299 38.96
1684 38.74
2915 37.49
2978 36.47
4690 36.79
1909 38.26
3026 38.38
2332 37.16
4170 38.13
2230 37.18
2988 37.77
2385 36.88
3993 38.34
2364 37.25
2744 37.59
2392 36.20
3489 37.80
2095 35.73
2730 35.98
2248 35.02
3662 36.79
1927 34.89
3245 35.53
1920 34.39
3405 35.38
1952 33.94
3201 34.07
1881 33.61
7959 31.97
860 36.36
2623 36.28
2064 36.07
4700 36.13
2146 35.32
2392 36.30
2183 35.45
3668 36.63
2224 35.42
3201 35.95
2682 34.74
3364 36.79
2642 35.93
3296 36.13
2468 35.48
3822 36.54
2431 35.94
3398 36.38
2431 35.59
4057 36.88
2563 37.25
3410 37.59
2685 37.64
4511 37.82
2567 37.77
3450 38.47
2818 38.54
4219 38.89
2902 38.92
3384 39.59
2719 39.34
6339 37.77
1745 40.25
2221 40.75
2051 39.75
3020 39.28
2392 39.02
2488 39.05
2719 38.12
3385 39.25
2371 38.37
3116 38.79
2247 38.29
3519 39.66
2371 38.48
3006 39.04
2504 37.83
3406 39.02
2268 38.11
3103 38.22
2205 37.82
3425 38.89
2414 38.41
2997 38.53
2401 37.88
3416 38.43
2522 38.04
3372 38.33
2444 37.79
3549 38.70
2389 37.95
3182 37.93
2359 37.92
7881 35.91
1368 39.80
2134 38.72
1869 38.40
3296 37.17
1808 37.74
3219 36.11
2739 35.98
3616 36.51
2142 36.55
3240 36.38
2476 36.84
