4134 44.69
769 44.67
3314 40.75
3612 38.80
3980 41.60
2647 39.67
3100 39.58
3018 38.77
3618 39.93
3074 38.62
3299 38.81
3184 37.73
3722 39.35
2773 38.13
3424 37.71
2355 37.63
3792 38.34
2709 37.46
3759 37.23
2473 36.91
4150 38.56
2576 36.74
4009 36.46
2163 36.90
4028 37.93
2387 36.89
3557 36.00
2727 35.09
3854 36.42
2599 35.98
3458 35.93
2579 35.62
8935 36.02
931 38.65
1865 36.70
2011 35.18
3919 34.99
1927 34.46
3651 34.31
2532 33.73
3934 35.27
2288 34.89
3530 33.59
3417 33.37
3986 34.44
2320 34.37
3657 34.18
2848 33.49
4074 34.21
2131 34.16
3353 33.33
3585 32.33
3773 33.35
2322 33.39
3891 33.20
2520 33.45
4601 34.87
3328 34.93
3210 35.04
3506 34.25
3739 35.26
3078 34.50
3788 34.85
2544 34.80
9368 37.41
1182 39.53
2134 38.70
2429 37.80
3336 38.54
3323 36.63
3162 37.56
3664 36.13
3605 38.09
3233 36.51
3578 37.23
3047 36.36
3800 37.76
3362 36.04
3751 36.49
2778 36.46
4009 37.31
3011 36.58
3730 36.80
2882 36.28
4048 37.18
2839 36.16
3546 36.77
2769 36.39
4198 37.02
2945 36.23
3428 36.29
3004 35.61
4276 36.46
2883 35.82
3354 36.31
3355 34.85
10010 35.36
1205 39.80
3132 36.80
1923 36.30
4165 37.64
2466 35.63
3086 37.41
3309 34.82
5056 36.69
2500 35.65
3596 35.41
2728 35.22
4742 37.36
2739 35.72
3838 37.71
2908 35.80
4522 37.23
2430 35.55
3270 37.44
2407 35.40
3852 37.39
2207 35.43
3504 36.05
2634 35.32
3938 37.57
2982 35.37
3575 37.32
2767 35.60
3874 37.64
2371 35.58
3553 36.55
2489 35.22
8838 31.31
1305 36.65
3681 37.33
2294 35.86
4540 36.55
2046 35.50
3310 37.64
2925 35.06
4161 37.76
2662 35.88
3728 38.26
2542 36.22
4204 38.22
2296 36.06
3645 37.85
2175 36.10
3949 38.84
2493 36.55
3693 38.89
2613 37.08
4149 39.35
2383 37.30
3363 38.56
2582 36.96
4287 39.49
2710 38.14
3589 39.99
2760 39.19
4412 39.96
2452 39.17
3381 40.03
2767 39.41
8893 36.89
1551 40.79
2728 39.07
2105 39.70
3994 38.91
2165 39.15
3224 38.39
3116 37.53
3909 38.76
2481 38.49
3578 37.97
2818 37.65
4156 38.80
2973 37.95
3753 38.09
2770 38.17
4215 38.99
2968 38.21
3586 39.16
2825 38.86
4023 39.77
2992 38.44
3407 38.95
2932 37.89
4103 39.59
2948 38.17
3152 39.10
3047 38.07
3965 40.18
3092 38.01
3253 39.28
2646 38.11
8982 36.45
1235 40.90
2427 39.49
1757 38.97
3506 38.07
1998 37.43
3537 36.35
3567 35.46
5061 36.14
2145 37.54
3408 37.03
2628 35.68
4956 36.77
2455 35.99
3360 36.90
2653 35.82
4365 37.88
2980 36.20
3139 37.27
2799 35.39
3810 37.17
2400 35.05
3355 35.96
2478 34.64
3950 36.01
2233 34.39
3484 34.42
2219 32.85
3710 34.63
2261 33.43
3185 32.90
2664 31.92
9575 30.65
840 37.15
2760 34.89
2332 34.74
4714 35.91
2431 34.54
2667 36.29
2523 34.82
4233 36.02
2721 34.32
3425 35.47
2970 34.10
4099 35.99
2733 35.10
3427 35.45
3216 34.43
4359 36.04
2594 35.60
3754 35.67
2767 35.02
4671 36.33
2642 36.64
3586 37.41
2729 37.05
4916 37.13
2853 37.18
3733 37.42
3158 37.60
4832 38.04
3204 38.24
4045 38.61
3166 38.54
7967 36.34
1761 39.86
3181 38.30
2426 38.03
3262 38.88
2648 38.17
2506 39.04
2920 37.60
3763 38.96
2752 37.70
3562 37.63
2533 37.39
3902 38.43
2688 37.59
3368 37.90
2732 36.95
3743 37.97
2719 37.28
3482 36.99
2547 36.84
3878 37.72
2725 37.11
3481 37.25
2717 36.84
4118 37.44
2847 37.28
3712 37.47
2921 37.03
4212 37.63
2630 37.25
3637 36.85
2493 36.99
9058 35.02
1470 38.44
2626 37.45
2212 37.46
3785 36.36
2083 36.56
3685 35.04
2926 35.25
3852 36.13
2331 35.66
3743 35.27
2826 35.33
