4363 44.30
851 43.95
3781 40.01
3777 38.39
3935 40.81
3100 38.79
3465 38.93
3092 38.71
4040 39.14
3205 38.12
3326 38.38
3449 37.70
4051 38.66
2513 37.70
3878 36.83
2330 37.13
4188 37.55
2970 36.76
3775 36.85
2643 36.41
4261 37.86
2806 36.24
3787 36.14
2553 36.50
4042 37.42
2662 36.19
4042 35.34
2428 35.70
4192 36.05
2671 35.77
3887 35.27
2303 35.58
9533 35.54
987 38.38
2075 36.02
1836 35.52
3901 35.25
2411 34.26
3960 33.95
2252 33.76
4398 35.06
2448 34.58
3833 33.47
3278 33.31
4219 34.33
2462 33.72
3779 33.95
3437 32.98
3938 33.99
3096 33.01
3358 33.02
3780 32.06
3915 32.92
2530 32.97
4146 32.79
2963 33.18
5325 34.08
3436 34.37
3535 34.30
3275 34.54
4490 34.62
2887 34.33
3604 34.70
2848 34.24
10120 36.93
1102 39.49
2242 37.90
2632 36.79
3459 37.94
3327 36.08
3509 36.88
3699 35.79
3895 37.30
4311 35.57
3375 37.28
3513 36.01
3962 37.37
3476 35.93
3669 36.45
3295 35.99
4119 36.99
3386 35.76
3605 36.61
3130 36.08
4317 36.61
2899 36.16
3685 36.12
2915 35.98
4505 36.56
2979 35.99
3467 36.33
3206 35.23
4545 35.99
3427 34.55
3543 36.01
3393 34.75
10562 35.04
1239 39.68
3059 36.34
2148 35.98
4814 37.57
3139 34.63
2997 37.78
3573 34.20
4616 37.64
2867 34.81
3976 34.64
2936 34.83
4589 37.86
2993 35.24
3628 38.41
3266 35.35
4010 37.99
2698 35.36
3768 37.09
2342 35.42
4013 37.44
2312 35.18
3976 36.01
2552 35.41
4094 37.59
3002 35.55
3731 37.04
2740 35.38
4224 37.65
2361 35.36
3934 36.85
2644 34.96
9095 31.11
1319 37.19
4022 36.73
2250 35.70
5078 36.10
2054 35.61
3960 36.75
2562 34.89
4603 37.22
2614 35.68
4094 37.64
2732 36.00
4632 37.47
2456 35.65
3709 36.94
2200 35.88
4420 37.91
2371 36.43
4067 38.31
2702 36.23
4458 38.78
2613 36.90
3500 38.12
2629 36.83
4221 39.01
2876 37.70
3818 39.72
2851 38.43
4237 40.06
2781 38.52
3829 39.34
3187 38.54
9462 36.40
1539 40.79
2732 38.53
2174 39.04
3961 39.27
2458 38.41
3465 38.19
3122 37.10
4250 38.57
2597 38.27
3522 38.14
3000 37.35
4462 38.45
2968 37.79
3846 38.34
2953 37.63
4488 39.13
2956 38.09
3551 38.93
3132 38.06
4258 39.56
3276 38.18
3444 38.49
2892 37.71
4319 39.32
2930 37.83
3566 38.38
3079 37.64
4135 39.70
3077 37.55
3540 38.64
2925 37.40
9497 36.01
1388 40.09
2642 39.09
1807 38.58
3568 37.62
2371 35.98
3590 35.82
3889 34.84
5399 35.57
2193 36.75
3840 36.53
2620 35.75
4987 36.45
2537 35.73
3458 36.36
2662 35.74
4691 37.13
2739 35.94
3431 35.98
2861 34.39
4044 35.82
2569 34.25
3485 34.40
2403 33.80
4146 34.43
2342 33.28
3784 33.23
2702 31.72
4148 33.25
2155 32.31
3652 31.54
2791 30.97
9506 30.73
1073 34.80
2797 34.86
2570 34.50
5274 35.23
2728 34.13
2937 34.89
2735 33.82
4636 35.39
2913 33.90
3489 34.44
3405 33.27
4162 35.32
3040 34.57
3637 35.10
3172 34.03
4543 35.82
3150 34.81
3615 35.53
3296 34.63
4563 36.30
2864 36.39
3879 36.71
3174 36.10
5256 36.78
3059 36.42
3869 37.27
3290 37.21
5494 37.43
3406 37.27
4528 37.87
3469 37.74
7743 36.60
1829 39.83
3451 37.52
2413 37.45
4001 38.03
2875 37.15
2869 38.47
3216 36.59
3256 38.84
3465 37.26
3892 38.06
2916 36.90
4200 38.55
2917 37.77
3460 37.77
2900 36.47
3900 37.66
2756 36.94
3494 36.95
2891 36.53
4049 37.45
2890 36.75
3727 36.86
2809 36.75
4065 37.18
2942 37.11
3908 37.00
2985 36.66
4247 37.48
2921 36.49
3818 36.42
2727 36.42
10045 34.37
1350 39.71
2601 37.45
2157 36.40
3841 36.31
2244 36.14
3867 34.31
3229 34.37
4009 35.42
2516 35.59
3914 34.94
3073 34.76
