920 51.00
68 51.00
197 51.00
250 51.00
177 50.58
239 50.77
184 48.81
230 49.15
280 46.38
376 43.89
335 44.96
291 44.95
355 43.58
351 44.01
408 44.01
379 42.64
468 42.15
258 42.99
362 40.99
434 41.43
277 41.58
457 40.16
192 43.50
433 40.59
299 42.23
440 40.31
292 41.07
440 38.87
156 40.13
453 37.86
153 39.78
415 38.30
736 49.98
166 44.87
400 43.56
318 42.57
417 41.55
255 41.38
450 40.16
185 42.17
445 40.49
265 41.90
389 39.73
354 39.54
345 39.66
431 39.28
280 40.06
414 39.34
442 39.89
374 38.92
434 39.37
360 39.50
374 38.21
398 39.18
305 40.58
390 39.74
444 39.46
349 37.88
367 39.04
413 38.63
315 38.53
439 38.51
368 39.24
368 38.80
802 48.79
103 47.68
457 43.34
319 42.01
394 42.31
382 41.56
347 41.13
399 40.01
333 41.28
380 40.32
413 39.44
403 38.92
388 39.28
342 40.33
467 40.26
352 40.52
433 40.67
415 40.77
382 40.28
352 41.16
440 39.33
370 41.45
394 41.18
463 40.27
348 38.96
444 39.93
468 40.58
496 39.67
512 39.69
463 40.75
480 40.42
324 40.09
770 49.12
149 43.75
194 44.23
293 42.77
468 41.60
203 42.01
414 40.45
386 39.51
387 39.34
330 39.41
362 38.66
362 37.78
194 39.16
455 37.46
315 38.16
409 37.05
421 36.85
379 35.60
411 35.86
260 36.14
423 34.90
465 35.30
148 38.06
376 36.36
453 35.94
245 36.05
416 34.74
438 36.58
350 35.77
502 35.68
453 35.48
546 37.08
881 48.06
74 46.85
248 43.88
293 44.66
505 43.15
347 42.58
394 41.73
335 42.17
369 41.61
384 40.83
397 41.32
424 40.78
365 40.41
459 41.14
431 41.19
363 39.77
428 39.21
450 39.87
376 37.64
454 39.50
329 39.87
412 37.74
335 38.28
443 38.29
538 38.46
634 40.21
673 41.58
515 41.73
489 43.99
348 43.81
314 47.13
409 42.55
603 50.89
89 49.37
186 45.41
175 45.13
383 43.49
437 41.13
284 41.98
443 40.65
264 42.30
437 39.99
272 44.02
422 42.58
460 42.19
428 44.00
454 44.36
413 43.53
392 45.08
402 45.68
365 45.49
487 43.39
408 43.15
394 42.53
365 43.12
459 42.92
428 42.51
453 43.06
459 43.61
455 43.24
401 43.70
422 43.12
398 43.58
419 42.63
723 47.91
229 47.34
299 46.11
312 48.20
370 47.36
410 45.81
355 45.04
340 44.46
437 44.37
475 42.52
462 43.13
400 43.85
386 43.97
357 42.30
379 42.55
349 42.70
415 40.82
302 41.22
406 41.32
348 41.34
459 42.10
288 42.23
484 41.71
349 43.49
373 42.08
294 43.47
353 42.99
381 42.62
407 41.83
408 41.83
199 43.00
433 41.03
673 50.57
231 44.91
361 45.79
376 43.68
276 45.07
373 43.98
394 43.01
356 41.76
193 42.92
404 41.93
388 41.19
401 40.30
362 40.02
442 39.60
153 43.28
350 40.39
447 40.21
206 41.31
450 39.93
304 39.98
292 40.21
386 39.02
399 38.76
392 38.78
478 38.06
121 40.61
420 37.66
163 39.51
355 38.29
201 38.24
419 37.74
136 37.63
796 50.22
145 45.31
382 43.88
338 43.27
502 41.88
375 41.89
278 41.55
454 40.88
327 40.39
324 40.02
377 38.98
365 39.24
384 38.60
423 38.59
440 37.53
322 38.31
321 38.63
448 37.56
337 37.73
398 36.98
469 36.71
103 39.83
326 36.60
469 36.46
219 37.34
436 35.72
187 38.25
270 37.52
498 37.06
243 37.68
237 38.05
372 36.59
912 48.61
151 44.52
262 44.73
476 42.46
320 42.18
499 40.65
450 40.04
281 40.26
244 40.76
412 39.25
420 38.66
448 38.58
