8904 26.40
1463 25.64
3714 24.03
4266 22.98
4270 22.87
4052 22.82
4234 22.03
4700 22.01
4472 21.94
4864 22.01
4715 21.88
4444 22.05
4832 22.37
4883 22.69
4446 22.75
4500 22.85
4441 22.56
4500 22.43
4478 22.36
4488 22.21
4166 21.90
4391 21.22
4124 21.62
4529 21.40
4825 21.36
4455 21.50
4352 21.51
4288 20.17
4275 20.52
4255 19.99
4362 20.83
4437 20.90
11435 24.65
2342 23.55
2707 23.34
3054 23.05
4078 22.26
4062 22.31
4274 21.96
4560 21.44
4408 20.79
4234 21.11
4273 21.03
5035 20.64
4284 21.07
4419 20.89
4081 20.76
4869 21.18
4965 21.25
4855 21.46
4508 21.38
4020 21.15
3877 20.95
4655 20.89
4899 21.58
4884 22.07
4361 21.84
4410 21.51
5147 21.62
4221 21.52
4628 21.88
4799 21.54
4744 21.39
4764 21.58
11081 24.87
1825 24.95
3190 23.66
3940 23.09
3614 22.81
4762 21.93
4129 21.76
4233 21.53
4106 21.46
4809 21.51
4484 21.37
4062 21.14
4366 21.39
4740 21.46
4878 21.72
4644 21.72
4472 21.90
4403 21.95
4141 21.84
4446 21.64
4967 22.23
4765 22.40
4252 22.56
4542 22.08
4698 22.10
4992 22.33
5225 22.41
5072 22.54
5003 22.74
5001 22.69
4832 22.59
4055 22.82
9884 25.36
1477 24.91
2629 23.90
4292 22.26
3213 21.87
4412 21.38
4236 21.14
4013 21.09
4395 20.68
4518 20.41
4722 20.15
3961 19.78
3759 20.35
5067 20.03
4280 20.24
4138 20.44
4630 20.35
4495 20.20
4467 20.00
4711 20.17
4208 20.33
4253 20.01
4037 20.05
4865 19.89
4044 20.05
4604 19.81
5326 20.18
5296 20.43
4940 20.71
5147 20.91
5187 21.36
4909 21.64
9417 26.31
1714 25.95
3277 24.63
2902 24.40
3717 23.77
3644 23.66
4166 23.57
4501 22.89
4991 22.31
4658 22.35
4668 22.57
4861 22.82
4774 22.85
4964 22.92
4817 22.77
4312 22.46
4727 22.35
4280 22.09
4101 21.64
4145 21.60
4432 21.67
4105 21.09
4703 20.91
4737 21.23
4694 21.39
5441 22.12
5406 22.93
4704 23.16
5312 23.11
5082 23.21
4561 23.43
3814 22.89
10056 24.96
1081 26.09
3330 23.55
3755 22.48
3838 22.05
3858 21.58
3822 21.36
4390 20.92
4316 20.87
4268 21.28
4936 21.71
5169 21.80
5385 22.18
5437 22.21
4423 22.95
4043 22.94
4289 22.84
3929 23.53
3859 23.70
4554 23.21
4580 22.87
4956 22.41
4699 22.21
4920 22.67
4903 22.54
4969 22.32
4799 22.08
4767 21.67
3877 21.51
4436 21.70
4535 21.64
4802 21.61
10976 20.23
2287 24.58
3008 24.69
3808 24.11
3765 24.22
3290 23.19
3701 22.48
4398 20.92
4860 20.62
5239 20.52
4872 20.36
4580 20.27
4246 20.39
4330 20.45
4597 20.42
4310 20.49
4004 20.57
4782 20.23
5181 20.82
5634 21.28
5430 21.61
4912 21.93
3993 22.41
4220 22.74
4125 22.85
4488 23.36
5100 23.64
5671 23.92
5297 24.25
4706 24.28
4296 24.22
3370 23.72
9403 29.82
1919 27.79
2435 27.01
2801 25.98
4044 25.28
4853 25.40
4936 25.44
4558 25.47
4048 25.19
4738 24.84
3885 24.91
4060 24.28
4755 24.12
4714 24.08
4068 24.72
4530 24.33
4789 24.41
5065 24.51
4948 24.47
4142 24.96
4137 25.06
4489 25.08
4512 24.98
4768 24.72
4853 24.47
3906 24.73
4812 24.41
4282 24.80
4523 23.63
4005 24.38
5258 24.42
4568 24.70
10697 31.32
2180 30.15
2596 28.73
3418 27.32
3581 26.90
4782 26.20
4429 26.13
4101 25.60
4300 24.47
3263 25.27
4701 24.76
4678 24.84
4170 25.24
4812 24.91
4443 24.49
3558 23.86
4261 23.84
4580 23.73
4872 23.37
4345 24.04
4407 23.39
3030 23.74
4473 23.64
5034 23.34
2661 23.54
4922 23.31
5996 23.53
4964 23.80
4102 24.26
4664 24.39
4706 24.86
5000 24.78
9305 32.20
2242 30.29
2793 28.84
3418 28.08
2950 27.35
4800 25.54
4318 25.39
4487 25.63
4171 25.67
4055 25.60
4666 25.00
4208 24.38
