9302 25.97
1622 25.42
4280 23.41
3539 23.21
4435 22.73
4018 22.60
4801 21.61
4964 21.67
4734 21.55
5074 21.69
4898 21.72
4871 21.63
5029 22.05
5282 22.30
4589 22.43
4723 22.51
4490 22.60
4446 22.40
4554 22.26
4854 21.74
4503 21.76
4523 20.96
4272 21.15
4838 21.16
4639 21.16
4962 21.02
4968 21.02
3990 20.10
4888 20.08
4464 19.67
4622 20.57
4922 20.69
11762 24.38
2524 23.35
2771 23.23
3075 23.01
4302 22.13
4866 21.60
4506 21.48
4238 21.37
4210 20.81
4551 20.86
4670 20.62
5304 20.43
4271 20.90
4628 20.69
4405 20.52
5015 20.85
5206 21.12
5219 21.15
4587 20.95
4057 21.00
4451 20.59
4454 20.72
5254 21.43
5060 21.71
4518 21.46
4618 21.23
5360 21.32
4351 21.15
4920 21.54
5097 21.24
4441 21.69
5101 21.09
12516 23.82
1454 26.26
2950 24.15
3645 23.22
3610 22.94
4787 21.76
4659 21.40
4546 21.14
4384 21.20
5112 21.04
4604 21.05
4403 20.87
4684 20.96
5074 21.28
5083 21.52
4830 21.44
4784 21.57
4491 21.71
4503 21.55
4728 21.55
5274 21.95
5081 22.14
4394 22.30
4979 21.75
4880 21.79
5267 21.92
5535 22.19
5298 22.25
5262 22.41
4988 22.42
5042 22.25
4220 22.55
10190 25.07
1521 24.33
3160 23.29
4320 21.92
3442 21.86
4522 21.15
4419 20.76
4218 20.85
4624 20.45
4524 20.23
4835 20.03
4505 19.34
3998 20.09
4881 19.98
5193 19.71
4280 20.26
5238 19.83
4386 20.13
4605 19.84
5049 19.90
4343 20.04
4434 19.74
4287 19.81
4901 19.75
4973 19.56
4288 19.69
5477 20.02
5547 20.13
5137 20.40
5534 20.63
5121 21.10
5191 21.21
10008 25.72
1800 25.21
2737 25.05
3983 23.71
4262 23.18
4043 23.03
4333 23.03
4345 22.85
4654 22.42
5169 22.12
4981 22.25
4944 22.42
5010 22.67
5338 22.62
4955 22.63
4378 22.16
4846 22.18
4582 21.87
4245 21.45
4348 21.26
4565 21.35
4393 20.84
4842 20.70
5074 20.76
4955 21.27
5840 21.71
5662 22.63
4824 23.12
5518 22.92
5372 22.99
4704 23.37
4091 22.43
10394 24.66
1073 25.90
3430 23.17
3962 22.26
4020 21.83
3994 21.41
4034 20.85
4534 20.84
4757 20.40
4421 20.92
5077 21.30
5385 21.61
5539 21.96
5606 21.96
4814 22.50
4619 22.34
4342 22.70
4432 23.01
4467 22.96
4980 22.58
4610 22.53
4716 22.48
5105 22.17
5158 22.23
5166 22.25
5261 22.04
4958 21.71
4902 21.48
3944 21.26
4638 21.38
4560 21.36
4987 21.33
11163 20.06
2426 24.49
3198 23.80
4006 23.72
3991 23.75
3588 22.81
3474 22.58
4546 20.76
5010 20.54
5478 20.12
5071 20.05
4747 19.96
4687 19.89
4510 20.09
4920 20.18
4642 20.19
4299 20.25
4498 20.32
5159 20.75
5528 21.33
5367 21.72
4824 22.11
3990 22.57
4263 22.77
4527 22.62
5139 22.76
5858 22.95
6302 23.26
5792 23.56
5436 23.60
4398 23.85
3469 23.41
9497 29.73
2014 27.58
3020 26.39
2529 25.79
3983 25.12
4971 25.10
5031 25.30
4693 25.25
4517 24.84
5280 24.44
4043 24.55
4410 23.94
4915 23.78
5086 23.78
4341 24.40
5030 23.95
4677 24.24
5207 24.31
5073 24.32
4455 24.90
4495 24.68
4701 24.73
4647 24.80
5121 24.51
4628 24.37
4264 24.53
5058 24.27
4598 24.53
4604 23.48
4120 24.28
5764 24.28
4629 24.61
11073 31.02
2346 29.90
2785 28.32
2945 27.49
4167 26.62
4934 26.01
4954 25.74
4072 25.40
4554 24.38
3896 24.79
4790 24.46
4998 24.52
4483 24.86
4822 24.90
4945 24.10
3417 23.64
4644 23.46
4803 23.52
5082 23.10
4422 23.94
4392 23.27
3216 23.67
4784 23.38
5178 23.10
2750 23.33
5297 23.13
6015 23.43
5113 23.67
4406 24.09
4743 24.24
4942 24.52
5333 24.55
9836 31.73
2147 30.00
2896 28.78
3366 27.83
3528 26.87
4843 25.25
4379 25.15
4764 25.43
4451 25.49
4094 25.40
4921 24.76
4504 24.08
