1816 43.50
84 46.91
473 41.06
727 38.06
689 38.08
739 36.97
787 35.62
634 35.76
850 35.24
660 35.80
820 35.63
721 35.61
665 34.70
709 35.95
905 34.39
718 35.45
856 34.52
793 34.01
819 33.51
854 33.34
573 33.43
844 32.74
555 34.26
898 32.99
780 32.56
842 32.98
670 32.27
883 31.65
339 32.86
871 31.28
448 32.32
865 31.27
1475 41.79
446 38.78
631 37.11
976 35.56
757 34.76
856 34.83
774 34.32
591 35.06
820 33.45
529 34.54
834 33.29
829 32.53
582 34.03
886 32.49
539 33.59
912 32.31
733 34.52
838 33.24
874 33.78
728 32.93
857 32.13
643 34.25
783 33.44
893 32.94
839 33.65
718 33.39
723 33.80
835 32.15
756 32.66
830 31.80
955 31.96
612 33.18
1944 39.76
465 35.60
595 36.56
703 36.46
634 35.82
858 35.45
739 34.64
939 34.28
738 33.38
710 33.55
842 32.74
662 33.41
830 33.03
740 33.93
801 33.80
918 32.41
775 34.41
844 34.02
841 34.23
734 34.51
863 34.14
858 34.62
808 34.14
875 34.63
802 33.61
902 33.63
943 34.52
985 33.98
943 34.62
1005 34.38
938 34.66
651 35.12
1634 40.89
300 38.79
414 38.52
482 37.23
867 35.51
696 35.22
800 33.81
725 33.75
840 33.06
619 33.37
800 31.15
720 31.50
468 32.58
879 30.88
807 30.61
606 30.95
926 30.20
435 31.33
821 30.00
855 29.47
473 30.90
895 30.19
471 31.62
845 30.89
790 29.79
815 29.51
780 31.03
925 29.88
805 31.21
955 30.73
991 31.07
977 31.50
1772 41.12
414 38.93
513 38.70
576 38.22
710 37.77
724 37.04
754 36.21
790 35.72
843 34.55
804 35.36
887 34.71
864 35.21
790 35.31
893 35.24
857 35.28
781 33.82
795 33.94
842 34.12
765 33.64
829 33.47
699 34.45
817 32.54
747 32.83
903 32.49
963 33.14
1193 34.68
1201 34.86
1024 35.12
1212 34.54
796 36.66
616 37.40
631 37.59
1282 43.19
256 40.47
490 39.29
490 38.54
659 36.75
820 36.43
740 35.31
724 34.40
720 34.36
661 35.04
795 34.95
925 34.93
984 35.21
1046 35.93
1001 35.87
889 36.61
807 37.42
795 37.49
724 38.00
873 36.83
747 37.33
739 36.07
822 35.28
871 36.01
892 36.19
948 35.82
958 36.58
888 36.29
790 36.51
851 35.97
717 35.93
838 35.60
1601 38.76
422 40.99
533 40.17
692 39.35
629 40.47
557 38.88
814 36.73
648 35.64
821 35.30
799 35.74
935 33.87
776 35.63
745 34.40
748 33.96
773 32.67
707 32.52
807 31.80
816 32.41
731 33.46
935 33.69
755 34.43
852 34.60
915 33.74
765 34.98
784 35.20
706 35.62
877 35.64
775 36.25
858 35.34
716 36.16
546 36.26
896 34.59
1799 41.84
305 40.14
486 39.38
848 37.14
796 37.00
798 36.71
725 37.04
782 36.00
427 36.64
781 35.89
793 35.03
758 34.22
666 34.42
889 33.80
245 36.29
809 34.21
904 33.72
534 34.69
906 33.80
631 34.70
531 34.91
862 34.15
724 34.49
772 33.69
941 33.27
370 32.37
835 33.22
390 34.11
819 32.37
634 33.42
954 33.06
443 33.98
2043 42.52
265 40.83
320 39.97
778 38.59
956 37.34
856 36.53
719 36.30
766 35.76
820 35.23
651 34.98
600 34.83
841 34.33
721 34.34
869 34.15
870 33.88
713 33.49
641 33.04
824 32.86
895 32.81
359 34.36
1010 32.77
512 33.08
729 32.62
941 32.49
494 33.03
851 32.22
562 33.37
800 32.48
912 32.31
605 32.81
844 32.52
934 32.32
2148 41.97
226 40.34
394 39.47
668 38.84
853 37.37
768 36.87
799 35.76
797 36.11
690 35.51
582 35.23
911 34.46
657 34.28
