2155 41.15
125 43.87
642 37.68
1000 36.53
721 36.14
965 34.95
928 34.15
883 33.58
997 33.09
1010 33.20
1031 32.46
890 33.16
789 33.57
1065 32.69
869 33.67
1073 33.06
1015 32.63
1073 32.06
754 32.00
1086 31.81
910 31.47
1084 30.73
647 31.97
1087 30.11
926 30.68
1102 31.02
871 31.25
1058 30.28
591 30.21
1066 29.57
606 29.96
1029 29.56
2007 39.14
409 36.07
1075 34.72
819 34.83
1072 32.92
996 32.19
933 32.03
883 32.32
1040 31.25
687 32.44
1088 30.80
939 30.69
817 30.97
1035 30.17
892 30.61
1040 30.82
1059 31.38
1119 31.42
942 31.11
1059 31.29
862 31.10
1098 30.58
900 31.84
1109 31.51
1070 31.16
907 31.09
996 31.20
1021 30.99
941 30.38
1091 30.63
941 30.37
1072 29.98
2516 37.42
569 35.10
697 33.81
797 34.62
908 34.44
776 32.70
1005 32.59
1138 31.90
939 32.05
1054 31.22
957 31.68
1025 31.01
849 32.37
1041 30.74
967 31.91
1154 31.23
951 32.55
1080 32.46
951 32.27
928 32.34
1120 31.91
1051 32.57
1003 32.52
1069 32.40
1047 31.90
1168 31.99
1186 33.05
1181 32.14
1137 32.22
1224 32.48
1110 33.36
846 32.92
2138 38.49
345 36.20
490 37.13
956 34.29
725 34.34
818 32.83
1058 31.74
839 31.52
1102 30.63
570 31.23
1052 30.25
937 29.77
585 30.52
1046 30.02
1059 29.21
790 29.51
1059 29.12
1097 28.62
649 30.28
1107 28.44
585 29.60
1110 28.28
599 29.29
1058 29.29
1037 27.93
1007 28.27
1011 28.41
1051 28.35
1121 28.60
1214 29.33
1265 29.39
1115 30.23
2269 38.60
526 36.96
643 36.98
757 36.53
877 34.95
852 34.20
915 34.18
998 33.04
975 32.70
1101 32.72
1071 33.41
1056 33.15
983 33.48
1128 33.60
1028 33.01
1002 32.15
1029 31.30
1101 31.83
922 31.34
1059 31.79
879 32.09
1033 30.65
972 30.85
1102 30.87
1248 31.97
1512 31.97
1496 32.89
1269 33.03
1496 33.29
969 36.16
777 35.65
679 34.84
1741 40.28
355 37.99
547 36.85
792 36.38
635 35.88
1058 33.87
830 33.24
969 31.79
858 32.31
920 31.99
993 32.30
1171 32.36
1283 32.97
1312 33.86
1260 34.54
1094 34.41
1009 35.03
1008 35.79
919 35.70
957 35.12
943 34.67
988 33.42
1113 33.24
1080 34.17
1227 34.07
1185 34.20
1069 34.62
1208 33.62
919 33.73
995 33.68
964 33.36
1070 33.45
1847 37.53
534 38.06
732 37.53
863 36.90
813 36.69
758 35.86
832 35.62
896 33.56
1059 32.69
1005 33.14
1175 31.90
954 31.99
834 32.80
931 31.65
1010 31.13
893 30.62
1078 30.20
757 31.15
1072 31.10
1101 32.04
1071 32.43
1011 32.66
1007 32.66
1120 33.04
1034 33.40
885 33.91
1182 33.26
971 34.54
1065 34.05
909 34.54
761 34.53
1096 33.26
2524 39.48
413 37.58
637 36.47
682 36.09
945 35.40
991 35.24
1156 34.94
820 34.78
762 35.02
812 34.29
1001 33.42
1074 32.72
758 33.10
1141 31.76
365 34.35
994 32.83
1128 32.44
724 33.47
1146 32.19
783 33.26
783 33.10
970 32.75
942 32.15
1067 32.21
1152 32.05
499 32.81
1133 31.58
505 33.24
1035 31.30
906 31.74
1116 31.27
599 32.26
2601 40.88
319 39.13
498 38.41
853 36.76
1153 35.98
975 35.26
929 34.84
1066 34.22
970 33.71
787 33.45
923 33.42
997 32.92
957 32.80
1079 32.56
1079 32.28
774 31.94
1092 31.69
562 32.82
1128 31.50
784 31.89
1121 31.46
531 32.18
1107 31.27
893 31.66
1152 30.96
701 31.61
1108 31.24
620 31.85
1233 31.01
940 31.01
781 31.69
1058 31.57
2680 40.54
328 38.66
517 38.46
813 37.01
980 35.95
1048 35.10
1113 34.40
953 34.00
876 34.53
699 34.32
1155 33.80
758 32.92
