2522 39.11
161 41.29
866 35.60
1085 34.52
1107 33.24
1070 33.28
1201 31.95
1028 32.44
1252 31.70
1020 31.31
1213 31.28
1178 31.44
869 32.48
1221 31.63
1208 31.33
1293 30.99
1208 30.67
1260 30.87
1190 30.30
1286 30.23
990 30.33
1299 28.95
828 30.56
1311 29.51
1091 29.29
1335 29.40
922 29.56
1306 28.83
715 29.46
1326 28.12
807 28.56
1247 27.66
2540 37.19
529 35.13
888 33.45
1480 31.74
1297 30.89
1267 30.72
1135 30.13
944 30.17
1071 29.94
1152 29.69
1238 29.25
1268 28.91
798 29.55
1304 29.22
924 29.05
1386 29.51
1175 30.40
1261 29.48
1259 29.45
1151 29.31
1265 29.12
1065 29.78
1194 30.13
1279 30.35
1308 29.88
1085 29.72
1246 29.66
1203 29.59
1236 28.78
1159 29.63
1211 28.93
1060 29.83
3129 35.61
650 34.30
790 33.95
833 33.85
933 32.77
1265 31.70
1351 30.47
1138 30.30
1150 30.41
1327 29.70
1064 29.44
1187 29.79
1135 29.73
1198 29.62
1201 30.51
1383 29.99
1188 30.57
1331 30.42
1091 30.92
1262 30.38
1225 31.12
1417 30.56
1150 31.28
1221 30.82
1334 30.50
1340 30.90
1463 31.29
1449 31.64
1381 30.92
1388 31.33
1415 31.77
1045 31.31
2484 37.22
412 35.85
664 34.72
819 33.64
1193 31.59
1040 31.09
1156 30.12
1083 29.31
1246 29.46
1068 28.83
1208 28.02
1139 27.77
602 29.37
1308 28.17
1215 27.87
1033 28.10
1365 27.72
824 28.25
1317 27.25
1013 27.90
1269 26.85
1201 26.41
872 27.44
1362 27.06
1077 26.53
1331 26.90
1062 27.63
1358 27.26
1335 28.08
1468 28.27
1523 28.15
1438 28.50
2558 37.46
629 36.20
810 35.74
894 34.43
994 34.49
940 33.88
1120 33.03
1217 32.02
1253 31.31
1245 31.80
1220 31.93
1294 31.56
1203 31.65
1329 31.74
1258 31.64
1181 30.42
1238 30.61
1362 30.45
1126 30.58
1288 30.19
1176 30.41
1133 30.12
1168 29.61
1399 30.12
1406 29.86
1749 31.12
1668 32.23
1519 31.84
1782 31.80
1407 32.78
1034 34.18
836 33.19
1949 39.27
488 36.39
686 35.05
737 35.03
978 33.82
1138 32.52
1111 31.18
1188 30.94
928 30.62
1123 30.21
1184 30.70
1417 31.85
1556 31.71
1615 32.31
1426 32.64
1250 33.12
1217 33.43
1166 33.73
1097 33.72
1212 33.27
1157 32.97
1175 32.86
1238 32.28
1388 32.38
1426 32.85
1370 33.12
1408 32.81
1355 32.58
1145 32.14
1200 32.85
1171 31.58
1256 31.82
2250 35.47
643 36.76
915 34.93
1044 34.91
963 35.61
923 33.57
981 33.09
1184 32.10
1349 30.80
1151 30.92
1306 30.43
1204 30.30
1107 30.67
1144 30.57
1192 29.25
1176 29.10
1113 29.01
1207 28.72
1314 30.13
1217 30.98
1424 31.05
1189 31.32
1302 30.72
1356 31.39
1198 31.40
1086 32.54
1298 32.28
1379 32.82
1331 32.99
991 33.38
950 32.34
1318 31.80
3032 38.22
427 36.69
736 35.53
886 34.98
1168 34.08
1308 33.85
1172 33.94
1244 33.44
873 33.52
1117 33.27
1014 32.26
1280 31.66
823 31.88
1329 31.23
522 32.84
1252 31.93
1350 31.32
1079 32.21
1210 31.82
1232 31.20
749 32.50
1203 31.43
1119 31.76
1319 31.01
1282 30.94
747 32.92
1378 31.25
611 32.09
1234 30.52
1055 31.09
1388 30.79
888 31.17
3064 39.73
654 37.27
477 37.67
1058 35.88
1211 35.13
1138 34.56
1087 33.64
1320 33.27
1242 32.50
913 32.15
955 32.32
1191 32.16
1144 32.06
1271 31.85
1345 31.07
789 31.11
1292 30.73
880 31.11
1400 30.78
835 31.27
1398 30.28
888 31.31
1142 30.28
1340 30.06
713 31.03
1377 29.86
1031 30.70
1239 30.20
1331 30.34
1213 30.34
1103 30.86
1360 30.77
3028 39.79
461 37.47
797 37.10
1238 35.19
877 35.32
1128 34.30
1154 33.34
1162 33.67
1138 33.03
806 33.17
1418 32.45
925 32.15
