3263 36.06
302 36.96
1289 32.44
1241 31.79
1579 31.05
1483 30.20
1504 29.80
1536 29.39
1603 28.44
1693 28.93
1617 28.76
1514 29.32
1357 30.14
1669 29.55
1477 29.95
1724 29.17
1634 28.54
1593 28.58
1645 28.37
1637 27.92
1519 27.52
1721 27.14
1136 27.10
1763 27.25
1357 27.28
1733 27.40
1662 26.87
1606 26.28
1079 26.52
1672 25.98
1204 26.81
1656 26.18
3742 34.09
1131 31.44
1126 30.66
1203 30.22
1280 30.13
1775 28.27
1622 28.54
1542 27.96
1337 27.72
1499 27.58
1804 27.19
1188 27.71
1677 26.85
1657 26.68
1395 27.03
1644 27.67
1779 27.68
1672 28.06
1560 28.12
1623 27.07
1501 27.30
1558 27.71
1664 28.29
1602 28.70
1775 27.38
1425 27.53
1715 27.67
1496 27.72
1783 27.33
1551 27.36
1712 27.14
1604 27.33
4234 33.07
799 31.12
1134 31.02
1128 31.30
1303 29.99
1497 29.32
1797 28.14
1577 28.32
1548 27.85
1785 27.30
1404 27.48
1573 27.48
1518 27.75
1644 28.05
1643 28.62
1716 27.90
1632 28.58
1710 28.66
1695 28.19
1509 28.60
1736 28.46
1652 28.73
1682 28.50
1638 28.70
1703 28.53
1801 28.61
1920 29.11
1892 28.84
1807 28.77
1815 28.86
1925 29.13
1365 29.30
3522 34.23
557 33.17
759 32.03
994 31.31
1706 29.58
1531 28.44
1495 27.65
1453 27.23
1631 26.80
1496 26.52
1487 26.28
1508 25.88
989 26.67
1635 25.91
1734 25.80
1200 26.68
1619 25.61
1665 25.52
1692 25.07
1500 25.28
1332 25.80
1681 25.35
1235 25.73
1644 25.57
1665 24.98
1788 24.89
1644 25.64
1731 25.67
1797 26.00
1971 26.25
1937 26.31
1879 26.85
3507 34.85
689 33.22
1099 33.45
1132 32.22
1301 31.41
1286 30.71
1654 30.35
1772 29.01
1715 28.92
1581 28.69
1674 29.39
1676 29.52
1700 29.96
1753 29.59
1838 29.53
1509 28.50
1736 28.60
1575 28.92
1605 28.11
1570 28.59
1597 28.41
1451 28.04
1606 27.32
1825 27.62
1936 28.06
2252 28.65
2262 29.73
1993 30.03
2241 30.05
1969 30.31
1362 31.36
1081 31.17
2784 36.36
630 33.26
898 33.11
1021 32.10
1350 30.40
1401 29.68
1597 29.03
1429 28.32
1511 28.09
1336 28.53
1627 28.43
1915 29.21
2045 29.48
2135 29.75
1947 29.95
1574 30.06
1595 30.68
1584 31.02
1486 31.19
1566 30.87
1631 30.85
1595 30.88
1617 30.30
1839 30.30
2022 30.07
1881 30.49
1848 30.43
1820 29.48
1400 30.59
1574 29.92
1438 30.19
1781 29.44
3071 32.31
891 33.26
1148 32.61
1388 31.85
1390 32.54
1156 31.08
1371 30.05
1554 28.94
1675 28.11
1754 28.41
1718 28.11
1607 28.36
1446 28.08
1457 27.88
1620 27.10
1591 26.60
1558 26.57
1555 26.77
1807 27.54
1687 28.45
1798 29.12
1770 28.78
1550 28.96
1798 29.04
1646 29.67
1544 30.15
1790 30.11
1937 30.76
1917 30.88
1695 30.94
1162 31.07
1235 30.11
4071 36.13
606 34.91
902 34.12
1126 32.86
1654 31.98
1796 31.93
1662 31.86
1538 31.62
1397 31.60
1035 31.66
1751 30.52
1284 30.29
1655 29.41
1696 29.37
759 30.42
1601 30.11
1815 29.86
1600 30.25
1620 30.07
1752 29.78
1115 30.80
1546 30.61
1589 29.96
1713 29.79
1804 29.54
1001 30.62
1773 29.50
1116 30.27
1655 29.01
1455 29.07
1872 29.41
1297 30.17
4096 37.90
809 35.79
637 36.99
1258 34.31
1659 33.10
1672 32.60
1636 32.14
1431 31.63
1699 30.68
1266 30.87
1389 30.60
1679 30.34
1524 30.52
1673 30.17
1753 29.68
1357 29.29
1294 29.28
1808 29.16
1467 29.21
1766 28.93
1504 28.59
903 29.77
1770 28.97
1619 28.74
1472 28.41
1817 28.08
1511 28.95
1257 29.09
1831 28.60
1556 29.25
1577 29.36
1753 29.38
3997 38.03
620 36.12
1057 34.99
1097 34.07
1657 33.31
1431 32.60
1674 31.67
1842 31.33
1087 31.68
1334 31.31
1780 30.71
1371 30.25
