1087 51.00
12 51.00
32 51.00
161 48.15
343 47.20
391 45.19
418 45.47
259 45.20
459 46.16
145 46.27
455 44.62
182 44.64
442 45.61
292 44.69
418 44.64
327 44.79
454 45.08
295 44.11
397 43.87
240 44.30
431 43.79
356 43.81
358 43.08
395 42.80
384 44.19
276 43.77
433 43.66
390 43.02
440 43.82
342 43.05
421 43.08
253 43.14
464 51.00
374 43.89
417 44.49
275 44.46
453 45.57
294 44.86
436 44.29
225 44.32
433 44.63
326 43.37
388 43.73
382 43.22
461 43.76
235 43.80
421 42.59
286 42.82
437 43.49
329 42.48
377 42.85
360 42.54
420 43.01
400 42.16
407 42.55
262 41.77
382 42.11
347 41.93
450 41.67
244 42.29
458 41.98
259 41.64
523 41.07
253 41.55
410 50.87
440 43.87
438 44.04
354 43.60
533 44.59
288 44.01
400 44.41
406 43.08
466 44.97
384 43.91
436 43.99
324 43.74
459 44.44
303 43.42
428 43.36
337 43.30
437 43.61
253 43.14
426 42.54
331 42.54
444 43.12
213 43.15
440 42.17
324 42.16
426 42.48
311 42.06
411 42.13
372 41.31
504 42.56
313 42.21
365 41.62
214 41.90
531 49.17
380 44.01
359 44.45
338 43.59
481 44.43
379 43.13
515 43.03
309 42.95
499 44.48
372 43.06
368 43.63
393 42.96
443 43.80
303 42.88
403 42.59
284 42.66
438 43.06
318 42.31
323 42.41
377 42.13
450 42.13
304 41.73
435 41.99
321 41.03
473 42.14
256 41.42
418 41.31
379 41.14
479 42.07
326 41.19
370 41.83
389 40.70
904 45.87
123 44.16
249 43.98
430 42.54
378 44.12
397 42.31
426 42.52
376 42.10
478 43.42
409 42.31
436 42.30
326 41.71
452 42.82
353 42.08
403 42.05
299 41.86
471 42.25
321 41.63
449 41.71
294 41.82
517 42.09
271 42.02
399 42.20
422 41.20
474 42.15
267 41.87
462 41.22
285 42.07
444 41.89
303 40.74
446 40.94
193 41.70
1056 45.46
41 45.59
265 43.14
325 41.81
429 43.32
365 41.81
448 41.61
299 41.86
565 41.77
280 41.27
363 41.67
381 41.23
455 41.69
294 41.22
462 40.83
312 40.84
407 41.10
308 40.80
462 40.42
252 40.79
461 40.77
351 40.66
434 40.69
304 40.67
451 40.76
293 40.35
441 40.10
404 39.97
459 40.21
357 39.95
466 39.69
317 40.33
1122 44.76
86 44.17
247 42.72
262 41.93
389 42.73
434 40.57
404 41.40
323 41.20
435 41.50
442 40.67
401 41.07
312 40.33
475 40.93
319 40.81
418 40.57
449 39.71
426 41.27
340 40.76
461 40.33
329 40.54
501 41.03
244 41.37
388 40.54
426 39.89
462 41.22
360 40.50
390 40.55
419 39.60
488 40.71
327 40.78
324 40.82
422 39.86
1089 45.30
87 44.27
284 42.33
269 41.92
388 42.71
384 41.82
382 41.58
414 40.15
480 41.65
407 40.81
366 41.13
285 41.04
472 40.81
313 41.42
382 40.71
409 40.24
477 40.78
314 40.19
442 40.08
279 41.22
538 40.59
264 40.46
439 40.49
373 39.73
468 40.48
397 39.49
416 40.74
357 40.21
539 40.93
332 40.96
428 40.16
281 40.79
1126 44.76
107 44.39
196 44.39
326 43.37
425 42.16
347 41.53
397 41.59
354 41.12
483 41.34
351 40.91
383 41.31
375 40.86
446 41.44
363 40.79
427 40.94
295 40.57
552 41.18
300 40.91
383 40.46
321 40.49
487 40.80
319 40.52
421 40.69
245 40.94
460 41.02
363 40.59
456 40.54
322 39.74
495 40.85
374 40.90
410 40.70
326 40.74
1068 45.28
159 44.89
235 44.36
237 43.20
533 43.18
376 42.27
414 41.76
340 41.93
512 41.80
306 41.32
435 40.86
293 41.46
