10936 30.79
551 31.33
2524 28.85
4395 26.81
4261 28.32
4639 26.58
5116 26.57
4480 25.69
6127 26.54
3060 26.36
4582 25.82
3634 25.51
5424 25.49
3200 25.47
4416 24.84
3957 24.67
5545 25.32
4016 25.04
4893 24.75
3981 24.76
5220 25.32
3814 24.95
4829 24.77
4314 24.67
5706 25.39
3622 25.21
4199 24.97
4555 24.06
5406 25.00
4305 24.37
4971 24.48
4077 24.45
12790 28.53
998 28.73
3400 26.61
2728 26.37
4244 26.93
4643 25.45
5152 25.55
3838 25.03
5671 25.58
4171 24.98
4474 24.94
3632 24.96
5571 24.74
3328 24.88
4951 24.46
3788 24.65
5943 24.56
3652 24.40
4498 24.22
4156 23.89
4945 24.50
3921 23.87
5017 23.71
3987 23.65
5247 24.60
4510 24.16
4967 24.06
3666 24.08
5481 24.37
4037 23.95
4988 23.76
3775 23.64
13283 27.49
717 29.10
2063 26.67
4091 25.03
3791 26.22
4697 24.54
5186 24.41
4116 23.93
6282 24.24
3977 24.27
5242 24.20
3549 24.43
5843 24.49
3633 24.32
4435 24.10
4263 23.59
5362 24.36
3789 24.12
4649 23.98
3944 23.69
5690 24.01
3644 24.10
4984 23.46
4042 23.40
5244 24.06
4148 23.71
4589 23.78
4308 23.40
5511 23.81
4442 23.72
5134 23.82
3832 23.87
12238 28.20
1740 27.36
2135 27.67
3175 26.37
4969 25.89
3934 24.98
4874 24.42
4191 24.06
5429 25.38
4667 24.15
5269 24.15
3446 24.24
5027 25.19
4202 23.83
4649 24.09
3927 23.96
4976 24.74
4653 24.08
4470 24.11
3774 24.33
5761 24.18
3703 24.06
4476 23.84
4321 23.20
5366 23.67
3786 23.75
4278 23.53
4449 22.81
5575 23.36
3639 23.36
4546 23.08
5008 22.57
13133 27.24
742 28.55
2831 25.80
3883 24.36
3597 26.81
4622 24.46
5233 24.44
4179 23.54
5150 24.79
4560 23.87
5356 23.60
3726 23.69
5481 24.48
4249 24.13
5158 23.95
3851 23.96
5454 24.40
3480 24.25
4730 23.94
4454 23.62
5580 24.43
3726 24.18
5072 23.93
4547 23.70
5677 24.57
4008 24.32
4765 24.43
4224 23.97
5685 24.52
4187 23.98
4853 23.77
3696 23.94
13183 27.95
1248 27.49
2233 27.21
4030 25.20
3461 26.54
5038 24.30
4492 25.09
4324 24.56
4681 25.78
4128 24.66
4970 24.44
3783 24.47
5291 24.88
4214 24.26
5028 24.07
3758 24.14
5310 24.22
3826 24.02
4345 23.71
4369 23.35
5503 24.03
3924 23.82
4616 23.69
4128 23.49
5459 23.73
4002 23.54
4877 23.38
4310 23.05
5409 23.64
3874 23.50
4759 23.28
3915 23.33
13222 27.27
1243 27.34
2664 26.03
3987 24.53
3914 25.72
4672 24.16
4068 24.95
4932 23.92
5311 24.81
3872 24.21
4248 24.08
3918 23.78
5118 24.69
4317 24.08
4685 24.23
4443 23.32
5320 24.28
3658 23.70
4738 23.56
3839 23.80
5603 24.49
4200 23.93
4527 24.00
4119 23.47
4998 24.36
4061 23.94
4716 23.86
4826 23.22
5806 23.80
4016 23.85
4221 23.85
4511 23.23
12504 28.21
1457 28.02
2189 27.67
4057 25.47
3684 26.76
4861 24.67
4703 24.94
4563 23.67
4829 25.27
4347 24.30
5443 23.97
3480 24.11
5096 24.73
4123 24.17
4449 24.22
4095 23.76
5322 24.28
3602 24.04
4315 23.90
4314 23.47
5295 23.97
3467 23.78
4865 23.44
3883 23.03
5721 23.77
3401 23.53
4767 23.17
4871 23.15
7017 24.06
3430 23.96
4587 23.72
2959 23.58
13601 26.90
1405 27.23
2492 26.81
2778 26.38
4069 26.53
4082 25.47
4629 25.27
4724 23.91
5493 24.92
4290 24.15
4791 24.32
3765 24.18
5962 24.51
3671 24.20
4619 23.99
3914 23.70
5274 24.29
4103 23.80
4668 23.81
3741 23.87
5129 24.13
4076 23.83
4698 23.82
3958 23.61
5270 23.77
3964 23.61
5527 23.30
4087 23.49
6173 23.54
3876 23.78
4425 23.73
3697 23.68
12880 27.66
1138 27.93
2812 26.30
3125 25.48
4555 25.83
4024 25.33
5748 24.49
4321 24.23
4938 25.66
4960 24.11
4915 24.39
3640 24.68
