11421 30.41
632 31.26
2335 28.83
4728 26.55
4315 27.97
5392 25.89
5108 26.40
4613 25.43
5550 26.62
4323 25.54
4569 25.79
3936 25.34
5502 25.54
3467 25.34
4449 24.82
3887 24.72
5551 25.22
4173 24.88
5415 24.49
4136 24.57
5231 25.28
4319 24.65
4714 24.85
4359 24.57
5919 25.21
3884 24.89
4369 24.74
4634 24.02
5644 24.82
4259 24.17
5180 24.21
4128 24.19
13153 28.25
1212 28.02
3608 26.25
2831 26.03
4287 26.64
5144 24.96
4966 25.46
4386 24.65
5722 25.53
4461 24.66
4762 24.66
3577 24.79
5294 25.01
3858 24.56
5132 24.36
4131 24.46
5411 24.85
4307 24.18
4825 24.21
3982 24.09
5382 24.36
3948 23.80
5252 23.56
4181 23.43
5391 24.51
4622 24.06
5147 23.91
3787 23.92
5898 24.05
4149 23.79
5049 23.60
3942 23.42
13305 27.49
1053 27.81
3259 25.75
4115 24.66
3371 26.53
4905 24.46
5136 24.65
4516 23.73
5906 24.59
4278 24.27
5569 24.21
3759 24.31
5964 24.51
3743 24.19
4690 23.92
4382 23.60
5522 24.33
4199 23.84
4920 23.75
4282 23.40
5827 23.98
3605 24.10
4958 23.48
4282 23.29
5476 23.93
4270 23.55
4677 23.60
4697 23.10
5568 23.67
4625 23.52
5344 23.53
4017 23.62
12733 27.86
1628 27.09
2361 27.14
4318 25.33
5098 25.73
3935 24.75
4925 24.30
4327 23.85
5919 24.83
3990 24.45
4634 24.47
4270 23.70
5298 24.67
4226 23.59
4807 23.66
3982 23.58
5290 24.40
4700 23.77
4668 23.75
4255 23.67
5543 24.12
3866 23.76
4835 23.54
4376 22.97
5345 23.64
4110 23.32
4657 23.21
4522 22.76
5288 23.59
4239 22.85
4635 23.14
4562 22.84
14007 26.69
791 27.98
2806 25.48
4628 23.65
3317 26.35
5050 23.69
4771 24.39
4833 23.04
6071 24.01
4475 23.41
5190 23.27
4169 23.06
5579 24.01
5053 23.22
5367 23.46
3947 23.61
5792 23.93
4181 23.44
4838 23.48
4452 23.36
5858 23.84
4075 23.39
4921 23.71
4860 23.47
5914 24.14
4182 23.86
5537 23.50
4026 23.56
5961 24.22
4414 23.59
4992 23.50
4039 23.49
14039 27.36
1079 27.52
3702 25.41
3176 25.02
4766 25.16
4486 24.09
4085 24.66
4712 23.93
4930 24.87
4273 24.17
5128 23.89
3919 23.93
5392 24.34
4498 23.78
5394 23.51
4150 23.54
5403 23.77
3993 23.64
4813 23.15
4476 22.95
5531 23.67
4393 23.25
4786 23.38
4384 23.10
5801 23.44
4011 23.34
5079 23.15
4601 22.59
5714 23.29
4386 22.98
4898 22.98
4266 22.97
13831 26.84
1097 27.39
2718 25.66
3554 24.60
4143 25.34
5267 23.49
4973 24.13
4570 23.64
5227 24.67
4454 23.59
4473 23.90
4173 23.36
4992 24.70
4837 23.77
4957 24.00
4653 23.08
5211 24.38
4124 23.41
5280 23.23
3949 23.48
5862 24.43
4341 23.75
4645 23.82
4224 23.33
4880 24.50
4541 23.67
4676 23.91
4690 23.15
5405 24.05
4526 23.55
4736 23.54
4251 23.38
13548 27.44
1088 28.01
2080 27.11
3484 25.77
4718 25.73
4701 24.19
4920 24.40
4743 23.11
5597 24.34
4475 23.55
5268 23.60
3768 23.70
5405 24.06
3926 23.75
4657 23.68
4373 23.21
5621 23.59
3903 23.47
4631 23.33
4209 23.22
5493 23.42
3779 23.25
5116 22.97
3862 22.73
5620 23.57
3847 23.07
4752 23.09
5119 22.90
6798 24.04
4160 23.25
4424 23.68
3709 22.92
14319 26.41
1052 28.05
2423 26.58
2498 26.47
5207 25.66
4310 24.66
4990 24.55
4624 23.52
6118 24.04
4166 23.71
5380 23.48
4161 23.59
5765 24.20
4460 23.62
5173 23.50
3778 23.60
5291 24.20
4159 23.68
4983 23.64
4010 23.47
5377 23.86
4372 23.43
4896 23.54
4057 23.41
5603 23.41
4113 23.44
5542 23.08
4258 23.19
6476 23.26
3978 23.40
4835 23.29
3723 23.35
13313 27.32
1378 27.20
2423 26.56
3071 25.55
5306 25.18
4295 24.73
5673 24.21
4523 23.84
5998 24.68
4560 23.76
4756 23.94
3969 24.19
