5894 36.06
276 35.62
1874 32.88
2349 31.37
2430 32.97
2487 31.54
2705 31.54
2391 30.62
2896 31.80
2325 30.70
2646 30.56
1762 30.37
3019 30.60
1802 30.31
2521 29.66
1989 29.50
2947 30.30
2170 29.78
2716 29.47
2106 29.39
2740 30.01
2106 29.47
2677 29.32
2367 28.96
3399 29.80
1649 29.53
2430 29.10
2526 28.26
2894 29.43
2353 28.61
2771 28.68
2009 28.62
7115 33.49
633 32.99
1526 31.51
2194 29.93
2127 31.94
2438 30.20
2770 30.32
2349 29.36
3077 30.32
2515 29.20
2631 29.33
1760 29.34
2934 29.70
1763 29.41
2842 28.94
1942 29.17
2888 29.49
2119 28.72
2519 28.52
2016 28.46
2840 28.90
2070 27.94
2870 28.03
2236 27.79
2911 28.76
2320 28.42
2771 28.29
1983 28.15
2982 28.65
2331 28.02
2720 28.10
2191 27.62
7509 32.40
373 33.24
1418 30.75
2113 29.42
2191 30.58
2551 29.08
2582 29.22
2485 28.22
2930 29.40
2289 28.86
3205 28.42
1715 28.65
2948 29.20
2153 28.52
2852 28.30
1878 28.38
2898 28.93
2417 28.06
2803 28.14
1852 28.10
3384 28.18
1798 28.37
2787 27.70
2088 27.67
2874 28.32
2271 27.76
2421 27.98
2558 27.24
2921 28.09
2687 27.59
2923 27.73
1863 27.96
7317 32.64
605 32.16
1096 31.90
2726 29.54
1926 31.35
2478 29.27
2959 29.01
2320 28.47
2933 30.18
2133 29.32
2774 28.94
2136 28.38
3014 29.32
2169 28.31
2613 28.14
1880 28.13
2861 28.95
2509 28.25
2475 28.30
2062 28.20
2812 28.68
2079 28.28
2841 27.81
2088 27.42
2961 28.09
2157 27.68
2393 27.81
2447 27.00
2997 27.80
2083 27.30
2714 27.23
2509 27.09
7702 31.73
403 32.85
2275 29.00
1495 29.02
1820 30.79
2704 28.46
2867 28.56
2220 27.82
2827 29.21
2426 28.12
2833 28.04
2190 27.68
2806 28.87
2730 27.93
3198 27.98
1965 27.86
3192 28.46
2143 28.03
2499 28.02
2375 27.71
3035 28.62
2126 28.20
2915 27.95
2323 28.04
3099 28.82
2184 28.26
2749 28.48
2248 27.85
2972 28.77
2379 27.91
2702 28.02
1983 27.78
7591 32.71
861 31.50
1385 31.32
2190 29.47
1853 31.51
2419 28.97
2749 29.15
2405 28.60
2760 29.78
2551 28.53
2602 28.66
1950 28.72
2794 29.29
2439 28.21
2831 28.35
2000 28.13
2974 28.27
2012 28.10
2782 27.58
2048 27.62
2887 28.35
2183 27.77
2789 27.68
2097 27.53
2884 28.13
2297 27.63
2550 27.77
2507 27.28
2959 27.88
2161 27.46
2723 27.27
1935 27.30
7207 32.57
962 31.30
1451 30.77
1883 29.67
2275 30.38
2340 28.98
2818 28.93
2586 28.24
3211 29.13
2137 28.51
2256 28.47
2083 27.84
2865 28.98
2290 28.31
2808 28.10
2524 27.49
2924 28.46
2054 27.84
2775 27.70
1842 28.11
3036 28.59
2043 28.22
2698 27.99
2251 27.32
2811 28.43
2404 27.82
2546 27.88
2539 27.35
2957 28.11
2138 27.81
2471 27.72
2376 27.15
6916 33.17
1196 31.59
1295 31.62
1521 30.68
2702 30.48
2327 29.36
2561 29.36
2629 28.11
2802 29.41
2357 28.52
2516 28.80
1984 28.34
2828 28.98
2106 28.30
2496 28.35
2389 27.59
2971 28.56
1992 28.18
2467 28.06
2149 27.68
2954 28.01
2037 27.57
2592 27.55
2258 27.06
3062 27.84
2332 27.01
3064 26.92
2343 27.39
3711 28.31
2153 27.90
2790 27.83
1547 27.68
7509 32.20
751 31.83
1267 31.55
1507 30.99
2633 30.77
2387 29.34
2553 29.49
2600 28.31
2780 29.61
2675 28.39
2806 28.59
2123 28.41
3135 28.99
2232 28.34
2689 28.42
1830 28.18
3110 28.35
2128 28.00
2669 28.07
1836 28.10
3052 28.26
2068 27.96
2838 27.76
1871 27.83
2965 27.82
2091 27.65
2919 27.65
2051 27.39
3803 27.40
1828 27.65
2448 27.63
1815 27.59
7189 32.68
1155 31.24
1572 31.05
1505 30.47
3003 30.20
2172 29.31
2556 29.42
2317 28.72
3225 29.24
2521 28.36
2747 28.53
1788 28.61
