6362 35.44
378 35.58
2158 32.19
1975 31.21
2957 32.06
2866 30.45
3265 30.51
2120 29.95
3092 31.06
2579 29.89
2791 30.03
2191 29.50
2994 30.06
2073 29.58
2753 29.00
2031 29.06
3295 29.49
2516 28.94
3095 28.76
1992 28.96
2945 29.56
2348 28.85
2802 28.88
2546 28.51
3524 29.22
1887 29.03
2667 28.65
2777 27.65
3416 28.60
2414 28.10
2895 28.15
2094 28.09
7631 32.89
680 32.07
1852 30.69
1824 30.06
2701 30.87
2538 29.62
3018 29.61
2511 28.58
3335 29.54
2477 28.71
2658 28.73
2183 28.38
3233 28.72
1919 28.55
3073 28.24
1956 28.43
3376 28.51
2164 28.13
2841 28.02
2112 27.80
3052 28.20
2268 27.64
3210 27.27
2302 27.22
3052 28.33
2693 27.74
2817 27.86
2260 27.49
3533 27.83
2313 27.49
3000 27.18
2148 27.14
8165 31.73
398 32.80
1304 30.37
2221 29.11
2637 29.86
2618 28.52
2813 28.53
2858 27.54
3136 28.95
2549 28.17
3370 27.91
1899 28.11
3169 28.80
2565 27.87
2717 28.11
2457 27.50
3440 28.09
2284 27.66
2678 27.70
2493 27.21
3104 27.97
2061 27.78
3027 27.38
2343 27.13
3074 27.90
2556 27.27
2486 27.60
2805 26.81
3124 27.58
2729 27.05
3201 27.18
2081 27.39
7833 32.05
732 31.48
1393 31.20
1856 29.84
2938 29.66
2456 28.40
3057 28.17
2633 27.57
3240 29.18
2339 28.26
3005 28.09
2267 27.88
3056 28.70
2489 27.56
2731 27.61
2171 27.37
3100 28.10
2669 27.60
2649 27.72
2400 27.48
3177 28.13
2299 27.49
2948 27.30
2517 26.72
3123 27.49
2364 27.11
2785 26.95
2527 26.46
3222 27.32
2132 26.73
2795 26.81
2707 26.39
8203 31.36
483 31.86
2147 28.74
1601 28.54
2429 29.52
2568 27.89
3576 27.30
2357 27.03
3167 28.23
2848 27.13
2979 27.35
2415 27.01
3104 28.02
3039 27.12
3277 27.41
1881 27.49
3316 27.94
2421 27.10
2804 27.40
2579 27.09
3381 27.70
2178 27.58
2979 27.42
2960 26.96
3439 27.94
2252 27.75
2950 27.82
2412 27.23
3459 27.91
2375 27.33
2871 27.26
1914 27.33
8143 32.14
1067 30.58
1649 30.30
1501 29.79
2374 30.08
2712 28.24
3053 28.32
2655 27.84
2962 29.18
2618 28.09
2894 28.06
2140 28.02
3267 28.42
2419 27.79
3005 27.63
2244 27.63
2931 27.88
2344 27.48
2997 27.03
2014 27.32
3123 27.59
2562 27.13
3071 26.99
2046 27.16
3267 27.53
2465 27.06
3109 26.81
2087 26.82
3244 27.23
2649 26.57
2877 26.74
2225 26.75
8201 31.52
944 30.89
1336 30.39
1515 29.51
2697 29.35
2596 28.09
3079 28.02
2490 27.64
3200 28.53
3021 27.30
2465 27.72
2213 27.23
3021 28.26
2920 27.39
3395 27.29
2272 27.10
3471 27.59
2101 27.33
2897 27.06
1893 27.36
3560 27.83
2254 27.50
2539 27.56
2737 26.78
3111 27.74
2435 27.19
2897 27.11
2883 26.54
3218 27.40
2378 27.25
2439 27.37
2742 26.70
7936 32.10
691 30.97
1156 31.38
2150 29.56
2707 29.71
2595 28.42
3002 28.35
2774 27.29
3134 28.63
2577 27.82
3133 27.60
1927 27.74
3002 28.33
2497 27.66
2648 27.76
2322 27.24
3253 27.79
2204 27.40
2643 27.33
2338 27.10
3442 27.32
1918 27.14
2968 26.76
2342 26.37
3308 27.40
2156 26.86
2950 26.80
2876 26.67
4004 27.77
2398 27.20
2544 27.67
1953 26.92
8029 31.70
731 31.24
1209 31.27
2064 29.84
2915 30.34
2488 29.04
2942 28.90
2608 27.74
3046 28.94
2828 27.81
2882 28.13
2483 27.73
3492 28.39
2385 27.84
3115 27.58
1916 27.76
2996 28.20
2484 27.54
3128 27.39
1738 27.72
3487 27.59
2047 27.41
3116 26.93
1903 27.29
3292 27.17
2280 27.00
3109 27.03
2208 27.05
3579 27.20
2285 27.19
3046 27.00
1901 26.99
7713 32.12
1014 31.14
1814 29.79
1971 29.19
2522 30.08
2489 29.39
3145 29.05
2551 28.20
3332 29.28
2374 28.50
2940 28.18
2105 28.37
