6808 34.78
376 35.19
2229 31.70
2293 30.54
3090 31.49
3035 30.00
3282 30.15
2752 29.30
3262 30.62
2655 29.43
3126 29.39
2075 28.98
3466 29.29
1992 28.99
2987 28.46
2071 28.51
3444 28.92
2631 28.36
3358 28.05
2201 28.34
3383 28.59
2302 28.35
3154 28.15
2556 27.96
3722 28.60
2141 28.40
2970 27.92
3090 27.09
3512 28.11
2670 27.43
3288 27.55
2314 27.56
8439 32.20
526 32.03
2271 29.84
1640 29.71
2953 30.17
3048 28.64
3010 29.17
2638 28.04
3260 29.36
3005 28.13
3188 28.13
1984 28.12
3327 28.68
2360 28.02
3321 27.81
2397 27.91
3400 28.37
2696 27.64
2924 27.71
2543 27.42
3316 27.85
2392 27.24
3452 26.97
2477 26.82
3316 27.92
2787 27.46
3144 27.36
2420 27.14
3468 27.57
2562 27.02
3122 27.07
2474 26.56
8203 31.69
756 31.08
2309 29.06
2618 28.10
1952 30.43
3128 28.13
3262 28.24
3014 27.36
3338 28.82
2744 28.09
2990 28.26
2394 27.84
3548 28.44
2500 27.69
2849 27.74
2743 27.08
3502 27.89
2420 27.43
3011 27.33
2570 26.81
3361 27.54
2140 27.55
3220 26.77
2540 26.71
3390 27.42
2598 26.94
2683 27.13
2935 26.42
3471 27.07
2878 26.78
3355 26.88
2176 27.06
8451 31.47
667 31.44
1780 29.88
2008 28.99
2912 29.29
2738 28.03
3373 27.55
2433 27.22
3526 28.59
2564 27.90
3344 27.57
2378 27.23
3972 27.49
2188 27.15
2834 26.90
2380 26.77
3501 27.27
2689 27.04
2584 27.17
2613 26.87
3390 27.30
2436 26.84
3180 26.58
2631 26.03
3398 26.77
2461 26.46
3023 26.18
2768 25.88
3521 26.50
2395 26.01
3060 25.98
2958 25.76
8784 30.77
525 31.41
2161 28.45
2920 26.94
2176 29.97
2331 28.14
3427 27.45
2512 26.84
4128 27.27
2603 26.88
3241 26.73
2459 26.42
3350 27.42
3163 26.63
3314 26.89
2313 26.98
3625 27.20
2474 26.69
2969 26.95
2819 26.36
3564 27.32
2443 26.87
3182 26.84
3115 26.57
3662 27.50
2570 27.16
3243 27.07
2588 26.80
3597 27.47
2809 26.66
3014 26.84
2328 26.72
8940 31.40
917 30.11
1689 29.70
2491 28.36
1978 30.42
2843 27.90
3190 28.18
2865 27.45
3234 28.68
2955 27.44
3275 27.55
2015 27.69
3256 28.19
2840 27.24
3442 27.11
2063 27.34
3426 27.38
2506 26.97
2938 26.71
2895 26.42
3227 27.33
2720 26.61
3098 26.66
2607 26.57
3538 27.14
2662 26.60
3147 26.57
2447 26.17
3620 26.68
2572 26.41
3073 26.33
2383 26.21
8645 31.03
964 29.89
1435 29.75
2563 28.04
2072 29.80
3239 27.60
2863 28.32
3322 27.07
3197 28.56
3245 26.88
2672 27.60
2474 26.98
3177 28.10
3206 27.09
3115 27.47
2688 26.80
3618 27.37
2202 27.02
3105 26.76
2047 27.07
3704 27.62
2378 27.40
2755 27.24
2792 26.46
3266 27.40
2571 26.87
3181 26.81
2831 26.19
3718 26.84
2351 26.71
2888 26.65
2870 26.03
8667 31.38
522 31.46
1824 29.63
2445 28.26
2068 30.22
2882 28.18
3083 28.26
3140 26.89
3398 28.29
2709 27.48
3203 27.36
2243 27.28
3252 27.75
2541 27.08
2831 27.23
2803 26.59
3384 27.26
2345 26.99
2927 26.94
2412 26.72
3370 27.09
2570 26.42
3093 26.63
2758 25.91
3522 27.03
2377 26.49
3114 26.32
3087 26.30
4322 27.38
2464 26.86
3128 26.75
1856 26.66
8618 31.05
948 30.59
1494 30.75
1835 29.64
3023 29.94
2635 28.54
3025 28.46
2987 27.22
3282 28.47
3103 27.29
3619 27.28
2093 27.64
3477 28.13
2689 27.45
3024 27.45
2216 27.19
3201 27.75
2494 27.29
3190 27.09
2228 27.10
3395 27.44
2503 26.88
3113 26.76
2178 26.81
3517 26.87
2349 26.80
3508 26.55
2458 26.56
4072 26.79
2358 26.62
3077 26.69
2208 26.65
8395 31.46
923 30.94
2262 29.00
1757 28.95
2868 29.31
2689 28.50
2968 28.64
2714 27.84
3543 28.84
2466 28.01
3552 27.50
2106 27.71
