1073 50.99
118 47.26
732 44.41
487 43.74
558 42.58
394 42.19
725 41.21
460 40.96
565 40.37
735 39.58
216 40.99
790 38.82
348 39.96
641 38.82
455 38.74
583 38.63
496 50.62
447 44.26
863 42.30
729 40.97
676 40.48
720 39.24
209 41.02
760 38.94
364 39.65
631 38.50
707 37.82
456 38.04
544 37.93
755 37.30
548 37.38
615 37.03
472 50.07
365 44.36
788 42.34
674 40.71
825 39.81
836 38.90
674 38.54
267 39.93
768 38.40
390 38.98
624 37.75
617 37.58
573 37.41
638 36.91
623 36.89
451 37.43
716 47.50
371 43.78
728 41.57
657 40.14
923 39.73
651 38.91
805 38.24
225 40.06
639 37.88
735 37.19
309 38.96
764 37.14
355 37.88
781 36.49
686 36.51
509 36.67
1035 45.20
524 41.22
885 39.53
719 38.60
778 37.63
651 37.73
357 38.06
647 37.92
455 38.07
750 37.20
893 36.57
815 36.37
682 36.33
368 37.71
778 36.78
327 37.67
1099 45.19
464 41.02
901 40.02
769 39.24
742 38.38
722 37.77
259 39.71
711 37.54
487 37.79
736 36.83
398 38.09
733 36.90
556 36.82
647 36.59
490 36.40
774 35.86
1052 45.00
427 41.32
851 40.07
444 39.80
653 38.77
799 37.51
783 37.16
296 38.51
829 37.14
758 36.68
805 36.45
707 36.34
360 38.13
582 36.90
655 36.16
576 36.06
1096 45.17
425 41.28
838 39.61
368 39.99
786 38.30
754 37.82
838 37.09
630 37.02
293 37.79
759 36.92
578 36.68
629 36.71
641 36.39
572 36.07
837 36.19
450 36.71
1067 45.11
562 41.17
825 39.85
818 38.70
697 38.36
766 37.53
239 39.19
767 37.16
429 38.49
702 37.45
523 37.38
628 37.23
525 37.12
683 36.58
602 37.03
591 37.31
1087 45.18
539 41.33
730 40.48
421 40.77
659 39.22
691 38.87
