10493 31.13
4009 27.85
6258 25.37
5502 24.93
5500 24.23
5283 23.92
5228 23.55
6188 22.68
5680 22.91
7458 22.09
7489 21.48
4861 22.93
6526 22.79
6867 21.78
7952 21.02
8032 20.87
11165 29.78
5084 26.18
6195 24.53
5539 24.17
5428 23.57
5636 23.00
5866 22.66
6345 22.41
6211 22.41
5464 22.45
6470 21.78
6043 21.66
5585 22.33
6774 21.76
6424 21.60
6153 21.66
11041 29.18
4747 25.67
6676 23.48
4852 23.57
6169 22.44
5403 23.10
6708 22.20
6226 21.90
5633 22.11
6202 21.77
5412 22.11
6267 21.53
6756 21.24
5814 21.69
6404 21.35
8221 20.91
10678 29.47
4867 26.14
6550 23.88
4843 23.59
5798 23.20
6178 22.48
5600 22.53
6361 21.63
4997 22.44
6959 21.40
5123 22.21
5999 21.58
5613 21.55
6230 21.18
6691 20.60
5820 20.88
11536 28.42
5051 24.88
6434 22.89
5552 22.43
5364 22.00
5561 22.01
6502 21.58
6228 21.77
5891 21.92
5986 21.74
7698 20.86
8253 20.53
8667 20.48
8725 20.23
7468 20.28
7576 20.15
11635 29.10
5006 25.74
6175 23.93
4856 23.55
5903 22.92
5645 22.42
5834 22.10
5781 22.08
6462 21.44
6060 21.25
6228 21.35
6173 21.31
6654 21.08
5887 21.44
5930 21.28
6791 20.76
11583 28.53
4916 25.24
6090 23.42
6442 22.44
5159 22.61
4791 22.40
6212 22.13
6652 21.63
5892 21.16
4784 21.91
7272 21.49
5460 21.92
6169 21.59
7459 21.07
5915 21.53
6196 21.38
10906 29.46
5045 25.95
6627 23.70
5006 23.45
5580 22.52
5306 22.71
5489 22.31
6361 21.69
6336 21.54
5504 21.77
6654 21.03
6051 21.23
5996 21.14
6549 20.74
8878 20.91
7290 20.61
10816 29.08
4962 26.23
6454 24.31
4562 24.13
5383 23.07
6388 22.46
5931 22.37
5661 22.30
6453 21.92
5828 22.03
5965 21.66
5631 21.81
6132 21.44
6620 21.44
6201 21.54
6150 21.62
10988 29.09
5066 25.38
6238 23.84
6248 23.27
4733 23.59
6842 22.04
