4146 38.74
1498 35.22
3049 32.87
2808 31.55
2753 30.43
2544 29.81
969 31.81
2926 28.99
1919 29.71
3107 28.66
2729 28.01
1696 29.39
2725 28.86
2981 27.73
3209 27.18
3324 26.96
4080 37.42
2143 33.56
2534 31.92
2014 31.67
2183 30.68
2124 30.07
2284 29.39
2458 29.12
2400 28.95
1976 29.02
2748 28.05
2226 27.83
2006 28.50
2895 27.66
2480 27.73
2422 27.68
4667 35.96
1532 33.07
2568 31.16
2344 30.16
2352 29.66
1681 30.21
2976 28.88
2129 28.82
2404 28.34
2126 28.18
2451 27.84
2441 27.56
2528 27.42
2354 27.57
2618 27.26
3411 26.95
4369 36.31
1638 33.36
3201 30.76
1584 31.13
2252 30.20
2547 29.22
1795 29.44
2882 28.05
3277 27.29
1410 28.60
2752 27.55
2030 27.72
2362 27.13
2574 26.90
2863 26.34
2142 27.08
4681 35.57
1918 32.07
3037 29.79
1705 30.21
2360 28.78
2001 28.95
2774 28.10
1984 28.63
2378 28.21
2702 27.60
3289 26.96
3335 26.86
3283 26.75
1420 28.97
3144 27.17
2997 26.76
4638 36.42
1890 32.81
2962 30.88
1606 31.04
2415 29.78
1955 29.44
2502 28.66
1957 28.85
2797 27.83
2184 27.79
2403 27.66
2427 27.33
2694 27.14
2034 27.61
2506 27.15
2977 26.55
4599 35.78
1731 32.64
2993 30.59
2273 29.95
1937 29.68
1788 29.16
2437 28.62
2772 28.08
2371 27.62
1611 28.40
2977 27.79
1773 28.29
2658 27.56
1999 27.74
2938 27.21
1964 27.62
4549 36.28
1125 33.76
2800 31.51
2592 30.08
1725 29.84
2070 29.39
2177 28.89
2527 28.23
2421 27.92
2086 28.18
2885 27.09
2019 27.55
2458 27.16
2676 26.76
4002 26.70
2580 26.99
4581 35.81
1565 33.55
2537 31.57
2274 30.62
1884 30.23
2362 29.46
2526 28.84
1816 29.17
2862 28.17
1939 28.48
2487 27.84
2045 27.90
2415 27.26
2862 27.10
2120 27.73
2617 27.47
4384 36.32
2288 32.71
2610 31.17
2136 30.61
1900 30.26
2983 29.05
