5871 36.11
1819 32.99
4234 30.31
3793 28.95
3709 28.04
3582 27.27
1557 28.96
3869 26.80
2925 27.11
4164 26.39
3950 25.81
2553 26.96
3643 26.68
4012 25.63
4369 25.15
4469 25.05
5820 34.98
3071 30.89
3267 29.56
2933 29.03
2918 28.29
2906 27.64
3232 26.94
3419 26.70
3148 26.79
3120 26.55
3636 25.79
3101 25.86
3017 26.21
3802 25.66
3460 25.58
3311 25.54
6400 33.65
1962 30.99
3480 28.74
3393 27.80
3003 27.32
2697 27.79
3946 26.49
3041 26.48
3159 26.22
3214 25.98
3151 25.91
3417 25.38
3548 25.30
3108 25.58
3669 25.15
4675 24.86
5656 34.56
2677 30.89
3684 28.66
2620 28.24
2953 27.82
3534 26.96
2638 27.17
3822 25.86
2335 26.92
4018 25.57
2404 26.68
3452 25.46
2776 25.66
3812 24.93
3902 24.22
2714 25.10
6344 33.34
2834 29.42
3997 27.43
2519 27.63
2988 26.53
3153 26.26
3645 25.76
3011 26.38
3182 26.04
3462 25.65
4328 24.95
4537 24.65
4627 24.61
2143 26.54
4143 25.14
4353 24.35
6389 34.07
2296 30.88
4105 28.59
2231 28.63
3399 27.34
2656 27.19
3355 26.59
2788 26.54
3633 25.65
3379 25.34
2976 25.68
3683 25.31
3339 25.27
3230 25.34
3392 24.97
3640 24.63
6285 33.52
2444 30.44
4030 28.14
3202 27.30
2603 27.27
2486 26.81
3573 26.17
3510 25.96
3291 25.21
2371 25.99
4211 25.45
2632 26.13
3355 25.42
3090 25.66
4036 24.94
2761 25.57
6302 33.89
2522 30.69
4143 28.32
2127 28.56
3587 26.87
3994 25.92
3894 25.34
1810 26.75
3930 25.43
2876 25.56
3696 24.73
3432 24.91
3039 24.98
3658 24.57
5336 24.63
3722 24.69
6284 33.54
2167 31.09
3286 29.44
3226 28.23
2285 28.31
3796 26.87
2899 26.98
3212 26.49
3400 26.00
3090 25.88
3422 25.54
2801 25.94
3590 25.17
3429 25.44
3637 25.29
2889 25.82
6023 34.02
2892 30.09
3736 28.49
3067 28.09
2428 28.05
4035 26.52
