9484 32.03
3591 28.82
5844 26.18
4572 25.94
5265 25.03
4380 24.97
4976 24.07
5236 23.57
5358 23.56
6758 22.88
6658 22.17
4337 23.72
5946 23.47
6459 22.30
7006 21.79
7328 21.58
10055 30.67
4717 26.98
5538 25.34
4943 25.08
5135 24.33
4694 23.98
5261 23.43
5827 23.09
5381 23.27
5013 23.06
5874 22.37
5235 22.45
5131 22.93
6207 22.35
5805 22.15
5293 22.40
9957 30.07
4171 26.66
6153 24.40
4164 24.54
5561 23.31
4903 23.83
5980 22.97
5611 22.62
4982 22.89
5602 22.48
4682 22.94
5811 22.18
5879 22.08
5587 22.23
5346 22.21
7423 21.69
9551 30.39
4606 26.77
5735 24.77
4479 24.27
5065 24.05
5558 23.23
4894 23.26
5774 22.33
4446 23.17
6360 22.07
4418 22.96
5548 22.16
4849 22.29
5640 21.79
6379 21.03
4960 21.72
10382 29.34
4571 25.80
6007 23.61
4803 23.40
4720 22.85
5332 22.54
5844 22.18
5492 22.47
5135 22.72
5564 22.29
6825 21.62
7487 21.28
7820 21.16
7865 20.91
6802 20.90
6884 20.88
10292 30.20
4803 26.58
5860 24.54
3791 24.61
5637 23.59
4629 23.44
5712 22.71
4728 23.03
5600 22.26
5778 21.79
5460 22.09
5647 21.96
5999 21.81
4893 22.27
5413 21.89
6170 21.40
10321 29.55
3853 26.52
6032 24.34
5892 23.25
4220 23.72
4507 23.16
5434 22.86
6139 22.33
5299 21.84
4253 22.54
6583 22.17
4646 22.74
5486 22.33
5416 22.45
6000 22.04
5177 22.23
10243 29.97
4028 26.92
6335 24.42
4411 24.22
5251 23.22
4437 23.55
4964 23.15
5667 22.44
5932 22.11
4873 22.45
5925 21.73
5633 21.81
5194 21.95
6012 21.36
8005 21.61
6553 21.35
10273 29.55
3734 27.14
6385 24.94
3928 24.87
5019 23.87
5435 23.32
5447 23.06
5051 23.03
5664 22.58
5560 22.52
5365 22.24
4989 22.49
5525 22.04
6017 22.09
5520 22.18
5424 22.36
9954 30.01
4391 26.33
5849 24.76
5734 24.12
4108 24.47
5931 22.90
