8279 42.15
3236 38.48
5386 36.43
4865 35.93
4764 35.54
4456 34.66
5027 33.41
5257 32.45
5387 32.66
5590 32.76
4370 32.22
5337 31.98
6148 32.41
4063 32.27
5491 31.87
5412 31.42
11029 39.45
4407 35.93
6149 34.85
3941 35.27
5105 33.95
5390 32.87
5144 32.53
4794 32.40
5046 32.33
5621 31.47
5241 31.32
5309 31.14
5455 31.17
5519 31.26
6181 30.90
4858 31.22
11554 37.98
3748 35.64
5321 33.73
5600 32.70
4618 32.29
6124 32.47
5402 32.11
4130 32.26
5454 31.97
5591 31.31
5407 31.10
5309 30.88
5365 30.74
5289 30.64
5191 30.53
7028 31.07
10976 38.82
4071 36.25
6212 34.45
4405 33.59
5526 33.21
4549 32.78
5355 32.17
5196 31.87
4676 31.67
5624 31.40
5285 31.62
5614 30.81
4858 30.82
4922 30.63
5839 30.18
5586 30.17
11560 38.12
3829 34.80
5577 33.18
4900 32.75
5041 31.70
5660 31.54
5144 31.24
5463 31.52
5181 31.33
5424 31.28
3858 31.26
5958 31.30
5488 31.47
5193 31.39
5371 31.64
5674 31.10
11251 39.28
4027 35.83
5224 34.55
5335 33.33
4359 33.41
5756 32.17
4892 32.15
4659 31.89
5429 31.19
5398 30.89
5645 30.70
5465 30.48
5505 30.51
5217 30.66
5276 30.66
5871 30.16
11152 38.32
3740 35.19
5096 34.04
5482 33.06
4991 32.64
5024 32.08
4588 31.80
5523 31.52
4731 31.01
5822 30.48
5872 31.38
4549 31.43
4974 30.91
5682 31.10
5907 30.44
5452 30.26
10883 38.74
4132 35.69
5109 34.42
5364 33.42
4832 32.81
5110 32.37
4889 31.98
5442 31.20
5111 31.31
4743 31.22
5044 30.42
5869 30.35
4945 30.09
5409 29.52
8184 30.75
6346 29.88
11779 36.93
2737 36.07
5262 35.17
5095 34.19
5787 32.90
4488 32.60
4770 32.47
5389 31.90
5026 31.81
5398 31.57
4873 31.29
5330 30.83
5212 30.43
5778 30.42
5526 30.58
5331 30.56
11465 37.21
4082 33.75
6096 32.86
5718 33.28
5839 33.14
3957 32.60
