9923 40.89
3830 37.13
5852 35.35
5773 34.86
6137 34.10
4959 33.63
5326 32.66
6224 31.46
6231 31.49
6410 31.74
5141 31.33
6034 31.04
7053 31.71
5204 30.94
6259 30.62
5835 30.76
12435 38.66
5609 34.89
7139 33.62
5039 33.87
5149 33.11
6487 31.80
6019 31.64
5540 31.52
5936 31.40
6563 30.63
5944 30.36
6228 30.08
6337 30.30
6713 30.14
6633 30.12
6048 30.24
13392 37.00
4005 34.33
6300 32.67
6278 31.65
5762 31.12
6772 31.54
5701 31.54
5734 31.01
6506 30.75
5749 30.58
6565 30.05
5725 30.17
6276 29.92
6526 29.65
5758 29.76
7341 30.31
13077 37.61
4080 35.32
5866 33.61
6481 32.27
5153 32.68
5980 31.65
5902 31.31
6784 30.69
4805 31.07
6082 30.68
6085 30.84
6235 30.22
5966 29.95
6416 29.36
6450 29.44
5722 29.55
12899 37.33
5320 33.46
7351 31.70
4830 31.85
5409 30.96
6855 30.38
5626 30.49
6658 30.62
5256 30.85
6576 30.53
5001 30.23
7430 30.29
7818 30.16
5146 30.76
5849 30.77
5264 30.84
13138 38.16
4727 35.13
6041 33.46
5860 32.41
5518 32.19
5624 31.45
5769 31.20
6024 30.95
5939 30.27
6269 29.93
6749 29.76
6648 29.39
6312 29.59
6564 29.59
5481 29.70
6520 29.50
12763 37.34
4771 33.99
6948 32.77
5441 32.11
6234 31.48
5686 31.02
5760 30.66
5676 30.58
5308 30.00
7247 29.30
8695 29.80
7212 29.43
4809 30.10
5387 30.36
5599 30.23
6412 29.57
12733 37.71
4630 34.87
5551 33.48
6452 32.59
5196 32.00
5854 31.45
5665 31.05
6319 30.33
5909 30.45
5794 30.18
5526 29.85
6614 29.42
5694 29.21
6208 28.57
9630 30.03
6617 29.49
13166 36.01
3372 35.42
6752 33.92
5988 32.88
5414 32.23
6126 31.63
5683 31.43
5917 30.97
6288 30.67
6667 30.44
5830 30.08
5855 30.02
5725 29.71
6103 29.82
6941 29.84
5856 29.90
13272 36.19
4220 32.99
5751 32.21
6592 32.63
5639 32.80
5918 31.57
