11113 40.05
4446 36.53
6063 34.75
6555 34.14
6503 33.48
6144 32.68
5988 31.74
6253 30.98
6503 31.17
6754 31.40
6372 30.60
6250 30.43
7682 31.04
5653 30.39
6880 30.05
6524 30.17
14040 37.85
5328 34.50
6161 33.53
7007 33.08
6590 32.05
5455 31.60
6915 31.13
5472 31.23
7588 30.35
5971 30.34
5694 30.53
7748 29.49
7155 29.83
7113 29.70
7047 29.64
6202 29.93
14506 36.43
4670 33.33
6694 32.12
6408 31.20
6631 30.59
7929 30.83
5952 30.77
5288 30.92
6842 30.47
6737 30.00
6848 29.47
6451 29.62
6532 29.45
7615 29.00
6722 28.97
8470 29.73
14147 37.03
3944 34.95
6268 33.31
7038 31.64
6545 31.80
6239 30.99
6522 30.67
6666 30.47
6458 30.10
6930 29.94
6547 30.18
7009 29.43
6271 29.26
6749 29.07
7345 28.84
7108 28.55
14554 36.44
5286 32.86
7220 31.48
5830 31.17
6061 30.17
7137 29.85
6574 29.76
6964 30.04
6535 29.91
6790 29.75
4750 30.02
7237 30.24
6495 30.36
6576 30.19
7802 30.00
8265 29.49
14132 37.71
4280 34.64
6623 33.11
6564 31.92
5830 31.82
6503 30.85
5303 31.16
7135 30.37
6571 29.76
6693 29.45
7153 29.36
7028 29.03
7819 28.82
6899 29.06
6557 29.02
6354 29.24
13905 36.71
4995 33.47
8028 31.95
5688 31.52
6045 31.21
6255 30.68
6191 30.39
6938 29.88
6308 29.07
7145 28.84
7812 29.67
5604 30.13
6015 29.67
7297 29.61
7033 29.26
6403 29.14
13788 37.13
5277 34.08
5786 33.01
6977 31.99
6646 31.05
5813 30.94
6231 30.51
6564 29.93
6783 29.92
6165 29.54
5846 29.23
7458 28.90
6060 28.51
6850 28.08
10080 29.68
7962 28.85
14296 35.38
3827 34.61
6836 33.54
6727 32.18
6167 31.62
6651 30.85
5984 30.96
6552 30.54
6920 30.16
7043 29.84
5606 29.79
6431 29.73
6915 29.00
7135 28.94
7617 29.01
5848 29.44
14286 35.59
4973 32.18
7718 31.08
7089 31.86
7544 31.38
4856 31.07
