11643 39.73
4352 36.31
6715 34.26
6623 33.77
6504 33.25
5595 32.80
6430 31.48
7098 30.63
7574 30.45
7143 30.93
5902 30.52
6646 30.15
7992 30.83
5890 30.38
7422 29.77
6379 30.16
14645 37.50
5671 34.13
6071 33.27
6826 32.90
7370 31.78
5838 31.40
6915 30.87
6807 30.53
6561 30.49
6942 29.84
7054 29.53
7740 29.04
6838 29.59
7192 29.46
7097 29.48
7129 29.49
15019 36.11
4170 33.99
6874 32.14
6954 30.99
6840 30.33
8131 30.70
5641 31.05
6570 30.20
7037 30.18
7893 29.45
6656 29.35
6473 29.41
6721 29.28
6735 29.32
6900 29.14
9035 29.57
14750 36.71
4351 34.65
6142 33.03
7113 31.56
6718 31.63
6708 30.74
6520 30.42
7155 30.12
6559 30.03
6783 29.74
7407 30.01
6872 29.35
6740 29.14
6743 28.98
7394 28.77
7894 28.31
15227 36.11
5175 32.73
7601 31.22
6280 30.66
6190 29.98
7513 29.59
6660 29.57
7547 29.71
6547 29.76
7471 29.46
4653 29.90
7602 30.05
6871 30.19
7122 29.76
8262 29.62
8403 29.27
14698 37.39
4661 34.14
8338 32.27
5232 31.90
6566 31.38
6850 30.46
6389 30.47
6799 30.04
6844 29.42
6938 29.20
7778 28.92
6914 28.91
7324 28.83
6592 29.08
7143 28.82
7496 28.64
14233 36.48
5835 32.95
7618 31.95
6043 31.30
6771 30.68
6205 30.40
6726 29.78
6950 29.61
6692 28.84
7468 28.69
7856 29.56
6097 29.54
6966 29.02
7159 29.44
6818 29.23
6977 28.78
14472 36.75
4879 33.99
5798 33.02
7402 31.81
6501 31.02
6901 30.34
6143 30.33
6417 29.72
7112 29.66
7082 29.23
6017 28.96
7641 28.69
6436 28.37
7151 27.90
10424 29.48
8332 28.51
14966 35.07
3962 34.18
6773 33.53
7232 31.89
6194 31.37
7234 30.68
5784 30.81
6690 30.32
7464 29.92
7099 29.74
6146 29.52
6979 29.38
7052 28.63
7387 28.78
7380 29.12
6719 29.07
14849 35.29
5186 31.73
7452 31.04
7381 31.75
7872 31.25
5672 30.58
