12823 39.03
4307 35.80
7456 33.78
7667 33.11
6553 32.78
6402 32.04
6638 31.08
7527 30.10
7841 30.14
7860 30.42
6507 30.13
6810 29.91
9123 30.32
6126 29.86
7920 29.35
6934 29.63
15218 37.24
6650 33.54
8318 32.30
6004 32.67
6488 31.66
7265 30.59
7402 30.45
7792 29.84
7057 29.85
6887 29.64
7507 29.28
8467 28.64
8491 28.87
7029 29.15
8079 28.99
6982 29.16
16226 35.56
4791 33.29
6963 31.62
8172 30.18
6085 30.21
9002 30.07
6791 30.22
7017 29.78
6958 29.92
7536 29.37
8028 28.70
7274 28.93
7809 28.64
7796 28.59
7036 28.68
8986 29.27
15850 36.14
5048 34.10
5933 32.63
7706 31.10
7110 31.27
7144 30.30
6808 30.10
8282 29.51
7248 29.45
6362 29.59
7420 29.67
8051 28.83
7123 28.68
8085 28.20
7724 28.31
7002 28.58
16284 35.57
5765 32.09
8590 30.53
6416 30.32
6931 29.40
6925 29.46
7825 28.89
8021 29.34
7244 29.33
7615 29.15
5370 29.15
8684 29.20
7804 29.63
6884 29.65
8328 29.51
9247 28.84
15746 36.93
5573 33.60
8625 31.89
6327 31.15
6773 30.87
6108 30.55
7277 30.04
7637 29.57
7403 28.91
7174 28.90
8747 28.36
7366 28.53
7632 28.40
7643 28.64
6834 28.70
7462 28.63
15614 35.86
5909 32.69
8115 31.26
7165 30.45
7072 30.15
6466 29.81
7337 29.45
8299 28.89
6103 28.72
7949 28.33
8394 29.16
7237 29.00
6758 28.95
7791 29.19
8125 28.54
7412 28.34
16211 35.92
4455 33.65
6803 32.31
8543 31.04
6305 30.66
7006 30.06
6613 30.00
7447 29.21
8092 28.99
6847 29.16
6161 28.81
8069 28.47
6962 27.92
7205 27.58
11043 29.23
8154 28.53
15913 34.56
4436 33.85
8415 32.48
6912 31.45
6933 30.71
7234 30.27
7219 30.09
7020 29.92
8081 29.25
6927 29.36
6928 29.10
6963 29.16
8461 28.03
7659 28.44
8682 28.49
6411 28.91
15980 34.76
5201 31.61
8655 30.44
8615 30.75
7650 30.76
6082 30.20
