1611 51.00
325 51.00
665 50.48
550 50.26
726 49.44
716 48.83
893 48.73
963 48.29
1059 48.54
667 48.71
754 48.77
899 49.36
649 49.82
914 48.71
930 48.41
853 48.97
1668 51.00
321 49.61
690 48.78
756 48.75
825 48.57
880 47.78
813 47.65
798 47.82
816 48.00
774 47.56
861 46.92
928 46.46
768 47.20
764 47.46
755 47.44
780 47.09
1425 51.00
734 47.61
822 46.96
956 46.99
951 47.66
766 48.64
709 48.39
944 48.10
898 48.23
720 47.97
859 48.01
843 47.34
832 47.03
902 47.24
1026 47.25
1019 47.44
1570 51.00
472 48.22
664 47.83
757 46.78
939 46.78
973 46.81
962 47.26
769 46.84
981 47.35
662 47.61
832 47.41
839 46.56
839 46.53
992 46.47
967 46.72
1100 47.01
1481 51.00
468 47.82
936 48.07
761 48.50
925 48.12
813 48.19
837 48.26
694 48.49
665 48.34
1037 48.68
844 49.45
1062 48.36
928 47.18
583 48.40
806 48.31
555 47.99
1640 51.00
456 46.23
948 46.90
820 46.61
799 47.08
905 46.54
871 46.36
615 46.92
786 47.01
863 46.23
719 46.75
790 46.54
939 46.30
799 46.82
872 46.63
791 46.56
1422 51.00
434 47.39
884 46.98
792 47.94
834 47.56
941 47.18
830 46.96
778 47.77
977 47.56
1055 47.53
1014 46.71
926 46.46
851 47.86
795 47.88
758 47.67
735 47.53
1521 51.00
506 46.57
733 46.35
798 46.47
898 46.48
824 46.85
861 46.06
855 45.85
770 46.47
846 46.59
1052 46.60
1130 46.47
1070 46.52
1088 46.66
1116 46.50
993 46.68
1401 51.00
588 48.84
819 48.19
749 47.96
901 47.67
698 47.32
819 46.90
785 47.30
922 47.55
727 47.37
857 47.75
845 46.28
946 46.72
1068 47.91
1022 46.62
1075 46.06
1457 51.00
451 50.34
696 50.17
926 49.07
579 48.30
872 48.12
