14886 37.87
5205 34.66
8427 32.72
8811 32.02
7474 31.82
7237 31.11
7894 29.97
9628 28.99
8276 29.30
9603 29.50
8048 29.10
7856 28.88
10743 29.33
6237 29.29
8932 28.70
8462 28.67
18174 35.84
6591 33.04
9633 31.37
8176 31.31
6802 30.82
8005 29.70
9564 29.24
9103 28.79
7513 29.17
8562 28.77
8624 28.38
9626 27.81
9772 27.99
8537 28.32
8122 28.52
8524 28.39
18566 34.53
5008 32.66
8711 30.31
8981 29.27
8045 28.88
9666 29.26
8069 29.34
7928 28.89
8964 28.70
8088 28.52
8853 28.03
8668 28.07
7955 28.18
9351 27.81
9287 27.60
12150 27.99
18195 35.09
5569 33.14
9475 31.09
7241 30.30
9033 29.96
6933 29.64
8532 29.04
9093 28.85
7589 28.89
8859 28.41
9116 28.59
7954 28.27
8500 28.09
8447 27.85
9254 27.60
9264 27.22
18744 34.51
6638 31.16
9567 29.53
7613 29.24
7450 28.57
8552 28.29
8604 28.12
9763 28.31
7940 28.55
8987 28.33
6181 28.55
9694 28.50
8846 28.83
7858 28.75
9457 28.71
8244 28.65
18250 35.80
6787 32.41
9245 31.20
7179 30.30
8368 29.72
7666 29.17
8823 28.80
8602 28.66
7561 28.36
8811 27.95
9654 27.71
8666 27.73
8659 27.71
8989 27.78
8898 27.69
9404 27.56
18133 34.72
6183 32.26
8991 30.68
7504 29.98
9131 29.21
7160 28.91
7883 28.79
8694 28.38
7868 27.86
9682 27.37
11476 27.85
9883 27.85
7803 28.04
8707 28.27
8373 28.00
9101 27.48
18611 34.91
4257 33.25
8574 31.25
9481 30.06
8184 29.46
7796 29.20
7791 28.91
8671 28.34
8731 28.28
9211 27.82
7341 27.86
9330 27.67
7906 27.19
8774 26.67
13079 28.31
10186 27.46
18108 33.56
5317 33.03
10323 31.45
6389 31.16
7967 29.85
8294 29.51
9108 29.10
7522 29.12
8808 28.68
8844 28.53
7999 28.32
8082 28.09
8566 27.92
9350 27.71
9416 27.85
7962 28.02
18177 33.74
6268 30.40
9513 29.46
9398 30.13
9223 29.87
6886 29.38
