15654 37.54
5320 34.25
8778 32.43
8845 31.81
8389 31.44
7943 30.71
8381 29.62
9323 28.88
8922 29.01
9143 29.38
8481 28.84
7947 28.82
10617 29.30
7460 28.94
9169 28.51
8845 28.43
18570 35.70
6832 32.52
9936 31.13
6549 31.76
8854 30.29
8992 29.31
8554 29.29
8050 29.14
8590 28.97
9557 28.20
8628 28.16
9056 27.92
9996 27.95
8524 28.16
9235 28.08
9251 28.06
18737 34.44
6479 31.68
9939 29.85
7660 29.49
8462 28.62
9847 29.10
8369 29.06
8310 28.66
9102 28.48
9815 27.94
9095 27.80
9137 27.85
8353 27.99
8951 27.82
8421 27.75
11031 28.29
18819 34.88
5299 33.02
8766 31.16
8463 29.84
9018 29.87
9103 28.89
8175 28.76
9075 28.58
8593 28.39
9415 28.04
9344 28.21
8184 28.11
8903 27.84
9063 27.50
9619 27.23
9313 27.11
19368 34.25
6998 30.87
9559 29.39
7277 29.33
8569 28.20
9058 27.94
9436 27.69
9933 28.08
7907 28.49
8921 28.35
6271 28.62
10127 28.46
8787 28.83
8427 28.56
10398 28.39
10499 28.01
18412 35.71
7488 32.26
8932 30.80
8334 29.87
8243 29.62
7050 29.34
8761 28.79
9296 28.48
8823 27.96
8275 27.95
9596 27.71
9028 27.45
8675 27.67
9662 27.53
8947 27.59
9846 27.33
18700 34.51
5893 31.89
10099 30.14
8052 29.57
8811 29.06
7555 28.80
9054 28.29
9250 27.94
7353 27.56
9599 27.36
10685 28.01
7466 28.51
8149 28.07
9782 28.06
9343 27.65
8265 27.78
19139 34.67
5176 32.74
8826 30.88
9717 29.77
8434 29.15
7901 28.98
8011 28.70
9033 28.10
9135 28.06
8551 27.83
8081 27.59
9663 27.36
8517 26.84
8853 26.54
13889 28.14
10489 27.28
18723 33.31
5492 32.62
10480 31.19
6708 30.92
8530 29.55
9546 29.04
9597 28.80
7531 28.83
7977 28.90
8939 28.67
9344 27.90
8494 27.95
9124 27.37
8950 27.73
10296 27.63
8917 27.73
18683 33.49
7354 29.95
8884 29.30
10589 29.51
9100 29.69
7190 29.20
