16168 37.26
5468 34.15
9174 32.11
9005 31.55
8570 31.20
8351 30.45
8151 29.66
9094 28.92
9100 28.95
9328 29.34
8892 28.64
8251 28.71
10713 29.27
7866 28.65
9170 28.45
9531 28.14
19174 35.44
6916 32.58
10610 30.76
8186 30.99
7708 30.30
9329 29.07
9800 28.94
8240 28.84
8786 28.67
8800 28.27
9465 27.90
8528 27.87
9924 27.88
8864 28.19
10242 27.68
9740 27.75
19411 34.21
6178 31.59
10343 29.58
7700 29.35
9219 28.35
9772 29.01
8981 28.77
8968 28.29
9419 28.28
9737 27.79
9643 27.62
9364 27.69
8503 27.76
9638 27.54
10367 27.17
12538 27.69
19375 34.60
5280 32.70
7280 31.55
8989 29.75
9214 29.89
9345 28.75
8804 28.58
10094 28.23
7161 28.70
9023 28.33
9734 28.37
9145 27.77
9313 27.63
8359 27.66
9028 27.62
10236 26.90
19868 34.08
6716 30.84
9855 29.27
8182 28.96
8268 28.09
8559 28.05
9627 27.67
9720 28.17
9278 28.04
9967 27.74
6838 28.04
10902 28.07
11081 28.02
8180 28.42
10068 28.26
8011 28.41
19692 35.21
6594 32.09
10142 30.49
8242 29.65
9307 29.09
7291 28.95
8480 28.64
8854 28.48
9090 27.81
9459 27.53
9646 27.42
9761 27.28
10574 27.15
9741 27.31
8719 27.50
9048 27.48
18859 34.46
6843 31.49
10546 29.70
8018 29.37
9179 28.81
7436 28.70
8557 28.42
9993 27.73
8090 27.58
9509 27.28
11180 27.84
8774 27.93
8675 27.71
9861 27.87
9188 27.68
9216 27.38
19729 34.45
4949 32.73
9080 30.73
9383 29.84
9118 28.92
8192 28.79
8213 28.58
9404 27.89
10205 27.64
8796 27.77
7469 27.71
9769 27.46
8621 26.82
9125 26.50
15170 27.71
10129 27.20
19235 33.07
5441 32.72
8857 31.52
8109 30.46
8714 29.57
9973 28.97
8519 28.96
8391 28.67
8377 28.62
9384 28.33
9335 27.90
8982 27.87
9073 27.36
8822 27.74
10491 27.54
9761 27.45
19281 33.22
7184 29.82
9231 29.14
10246 29.72
10401 29.28
6421 29.14
