17194 36.80
5692 33.74
9868 31.66
9685 31.08
8852 30.84
9034 30.09
8385 29.16
10099 28.44
9222 28.62
10366 28.86
10366 28.07
8863 28.07
11416 28.77
7680 28.46
9671 28.23
9226 28.22
20508 34.93
7283 32.18
11073 30.39
8052 30.83
9255 29.70
9623 28.68
10183 28.67
8814 28.49
9766 28.30
10098 27.73
8804 27.81
10390 27.33
10712 27.52
9667 27.72
9736 27.66
9332 27.90
20881 33.62
5955 31.27
9481 29.68
9513 28.61
9406 27.98
11889 28.30
9219 28.45
7939 28.43
9951 28.06
10028 27.58
10121 27.32
10421 27.27
9770 27.27
8984 27.57
9926 27.20
12645 27.78
20449 34.17
5891 32.29
8115 31.04
9909 29.27
9316 29.46
9288 28.49
9783 28.19
9718 28.28
9026 28.02
8957 28.06
10538 27.90
10084 27.37
10641 27.09
9726 27.03
9392 27.17
10141 26.76
20998 33.62
7434 30.33
9858 28.98
9136 28.43
9520 27.46
9717 27.37
8929 27.51
11433 27.53
9129 27.80
10232 27.59
6886 27.85
10213 28.33
8753 28.70
9721 28.09
11188 27.95
11513 27.61
20585 34.89
7746 31.98
9722 30.35
9041 29.19
9390 28.95
8345 28.58
9331 28.35
9922 27.97
9967 27.37
9793 27.23
10218 27.20
10362 26.99
10150 27.10
10404 27.12
10306 27.01
9906 27.02
19999 33.95
6863 31.39
10669 29.57
9005 28.89
9715 28.45
7873 28.40
9180 28.05
10430 27.47
9292 27.00
10373 26.85
13357 27.16
11058 27.07
8828 27.42
10352 27.49
8928 27.52
8974 27.41
20979 33.96
5346 32.42
9474 30.46
10466 29.24
9119 28.64
9487 28.29
9246 27.99
9242 27.71
10488 27.40
9502 27.38
8894 27.11
10901 26.80
8576 26.64
9483 26.12
16119 27.45
10585 26.95
20401 32.61
5995 32.25
11423 30.64
7353 30.41
9173 29.10
10722 28.49
9773 28.39
9062 28.17
8892 28.17
10206 27.91
9763 27.53
9745 27.36
9576 26.98
9333 27.33
11159 27.29
9324 27.32
20503 32.78
7477 29.50
9953 28.75
11144 29.04
10978 28.85
7047 28.76
