18952 36.03
6761 33.01
9503 31.24
11194 30.36
10614 29.91
8500 29.72
8854 28.97
11430 28.01
10970 27.89
11052 28.34
9801 28.04
9429 27.94
12571 28.39
8841 28.00
10689 27.59
10895 27.47
22032 34.34
8391 31.23
11137 29.99
10054 29.92
9762 29.10
9345 28.44
11532 28.10
9874 27.88
10898 27.58
9986 27.45
10034 27.40
11879 26.76
12113 26.88
10232 27.33
10332 27.33
10170 27.45
22149 33.13
7149 30.99
11426 29.00
9439 28.27
9795 27.53
11369 28.14
10547 27.92
9579 27.78
10687 27.61
10777 27.25
11296 26.87
11010 26.98
9765 27.14
10506 27.02
10437 26.96
13643 27.28
22205 33.53
6706 31.67
11112 29.83
9272 28.79
12277 28.25
8079 28.39
10075 27.90
11985 27.49
9892 27.47
9707 27.55
11033 27.46
11090 26.94
11665 26.65
10602 26.64
10080 26.76
10767 26.39
22614 33.04
8393 29.66
11282 28.07
9311 27.99
9692 27.12
10922 26.88
11062 26.69
11901 27.07
11730 27.00
10859 27.22
9012 27.02
11773 27.39
12483 27.31
8272 27.97
11655 27.68
10664 27.58
22369 34.24
8406 31.16
11087 29.53
9654 28.62
10438 28.24
8808 28.06
10354 27.71
10741 27.53
10333 27.05
10468 26.86
11538 26.66
10209 26.74
11503 26.65
11285 26.71
9934 26.93
10997 26.68
21613 33.36
8053 30.49
11363 28.88
10167 28.15
9949 28.10
9138 27.70
10417 27.38
11558 26.93
9040 26.75
10204 26.74
12090 27.33
11129 27.01
10775 26.80
11481 27.12
10063 27.12
10365 26.85
21673 33.73
7692 31.51
7777 30.32
10917 29.20
10157 28.39
11224 27.67
9438 27.75
9211 27.50
10931 27.25
10278 27.12
9446 26.93
11611 26.51
9202 26.38
10201 25.90
15680 27.47
11769 26.82
22089 32.00
6605 31.55
12153 30.17
9382 29.29
9175 28.56
10053 28.40
10625 28.07
10265 27.75
10741 27.44
10625 27.38
10393 27.22
10586 27.03
10886 26.53
10462 26.77
12820 26.62
12133 26.52
22034 32.17
8435 28.69
9933 28.28
11643 28.82
11649 28.52
8550 28.26
