21661 34.96
7471 32.14
10549 30.29
12605 29.48
10560 29.41
10378 28.80
10983 27.91
13113 27.23
11656 27.36
13114 27.57
12291 27.07
11028 26.99
15256 27.53
9584 27.42
11639 27.11
11958 27.06
24812 33.35
9536 30.46
12419 29.16
11793 29.12
10701 28.40
10802 27.68
12106 27.71
11370 27.32
12371 27.02
11284 26.81
12071 26.51
12847 26.21
12681 26.50
12096 26.73
13307 26.42
11944 26.58
25119 32.12
7264 30.08
13180 27.93
10376 27.48
11889 26.65
13396 27.28
11861 27.28
11332 26.97
11620 27.06
11480 26.80
11560 26.53
12320 26.54
12548 26.32
11998 26.38
11891 26.29
14783 26.82
25105 32.53
7325 30.81
12241 29.13
11132 27.85
13248 27.59
10108 27.49
11326 27.18
12291 27.09
11465 26.85
12640 26.54
12955 26.69
11351 26.55
12327 26.34
12296 26.04
11935 26.09
12142 25.74
25496 32.08
9047 28.99
12464 27.38
11108 27.05
10643 26.48
12402 26.12
12633 26.00
13353 26.45
13339 26.33
11965 26.59
10209 26.43
13486 26.70
14137 26.74
10774 27.04
11839 27.22
12223 26.91
25312 33.26
9410 30.44
12285 28.78
11041 27.89
11255 27.66
10874 27.25
11991 26.98
12622 26.70
11511 26.43
11542 26.37
12167 26.27
13035 26.00
12539 26.15
12784 26.21
12169 26.17
11301 26.38
24445 32.39
8322 29.89
12739 28.16
11236 27.51
11851 27.19
10313 27.03
11004 26.98
13478 26.29
10661 26.12
11957 26.05
15834 26.22
13945 26.06
10412 26.68
13122 26.42
12130 26.35
10868 26.44
24455 32.76
7429 30.97
10904 29.13
12200 28.08
11749 27.43
13267 26.75
10392 27.10
11460 26.60
11627 26.65
12025 26.47
11227 26.10
12874 25.85
10680 25.52
11408 25.28
19873 26.38
13238 26.05
24735 31.02
7518 30.68
13642 29.39
10040 28.68
11054 27.71
11925 27.47
11511 27.49
12191 26.97
11747 26.92
12646 26.79
11792 26.64
12434 26.37
11167 26.23
11763 26.38
13183 26.46
12086 26.42
24820 31.16
9387 27.90
10852 27.55
13448 27.95
13209 27.77
9700 27.47
