22030 34.81
7446 32.11
11444 30.03
13020 29.20
11205 29.10
10231 28.70
11452 27.69
12824 27.22
12504 27.13
13186 27.55
12471 26.98
10148 27.23
14580 27.61
10799 27.15
11806 27.04
13094 26.70
25637 33.07
9286 30.67
12511 29.11
12207 28.88
10919 28.30
11093 27.63
12141 27.64
11712 27.21
12539 26.84
11786 26.71
12132 26.45
13032 26.14
12869 26.43
12604 26.52
13513 26.36
12300 26.53
25641 31.96
8254 29.54
13280 27.75
10365 27.37
12318 26.52
13634 27.20
11415 27.22
11311 26.90
12768 26.71
12911 26.37
12362 26.27
13134 26.19
12567 26.15
12156 26.27
12455 26.10
16067 26.44
25645 32.35
7544 30.70
12594 28.94
11648 27.64
13074 27.57
10475 27.34
11658 27.02
12661 26.93
11224 26.79
12538 26.56
12667 26.79
11467 26.56
12419 26.30
12805 25.90
12114 25.97
12860 25.51
26270 31.83
9719 28.61
11585 27.56
10668 27.34
12006 26.30
11907 26.19
13163 25.88
13495 26.37
13681 26.26
12265 26.47
10495 26.27
15145 26.30
14859 26.39
14397 26.14
12619 26.80
11941 26.83
25895 33.09
9476 30.12
12140 28.71
12421 27.55
12562 27.24
10415 27.26
10818 27.10
11676 26.98
12819 26.16
12141 26.15
12947 26.01
13106 25.79
12989 25.97
12576 26.15
11882 26.20
12424 26.12
24982 32.20
8580 29.74
13087 27.97
11414 27.37
12210 27.02
10503 26.98
12423 26.61
12582 26.20
10718 26.10
12217 25.89
14794 26.51
12362 26.40
11273 26.50
11580 26.86
11888 26.67
12462 26.22
24823 32.64
8818 30.61
12307 28.79
12077 27.91
11629 27.17
11013 27.22
11999 26.87
12165 26.47
12783 26.34
11990 26.25
11620 25.99
12582 25.94
11475 25.33
11947 25.09
19066 26.52
14021 25.86
25248 30.85
9338 30.23
13127 29.22
11439 28.16
10116 27.84
11194 27.72
12240 27.37
11765 27.11
12204 26.84
13045 26.68
13111 26.28
11715 26.47
10996 26.44
11756 26.43
13719 26.43
12986 26.16
25332 30.97
9447 27.85
11967 27.20
14470 27.51
13541 27.56
9365 27.39
