22685 34.56
7704 31.80
11449 29.86
12903 29.17
12412 28.81
10573 28.48
11266 27.67
14152 26.83
12158 27.10
14763 27.05
12089 26.97
10553 27.15
14436 27.60
10334 27.31
12858 26.82
12901 26.64
26238 32.93
9570 30.49
12763 28.92
12506 28.75
11430 28.15
11645 27.37
13860 27.03
11274 27.09
11906 27.02
12072 26.65
12363 26.36
12713 26.16
13856 26.18
12790 26.47
13438 26.28
13030 26.32
26539 31.65
7446 29.63
13876 27.51
10913 27.19
12284 26.42
13893 27.04
11934 27.02
11484 26.82
11921 26.85
13229 26.25
13475 26.09
12915 26.19
11311 26.33
12857 26.14
13856 25.75
17437 26.15
26209 32.14
7531 30.55
13330 28.75
11562 27.60
13487 27.43
10696 27.22
11785 26.93
13193 26.74
12915 26.38
12090 26.45
13287 26.58
12787 26.13
13854 25.84
12616 25.84
12898 25.73
12535 25.47
26607 31.72
9400 28.72
13140 27.07
11900 26.64
10770 26.31
12341 26.05
12801 25.89
13859 26.28
14413 25.96
12503 26.36
10591 26.22
13894 26.54
15048 26.44
14503 26.17
12757 26.85
12802 26.62
26411 32.91
9230 30.08
12905 28.49
12256 27.52
13122 27.13
10317 27.11
11868 26.89
12404 26.68
12594 26.17
13566 25.80
12896 25.86
12763 25.87
13274 25.86
12250 26.20
12282 26.17
13407 25.99
25721 31.97
9429 29.41
12939 27.91
12500 27.02
12852 26.71
10755 26.76
11947 26.64
13051 26.13
11364 25.91
13133 25.66
16580 25.96
14608 25.86
11285 26.39
13121 26.36
11766 26.43
12338 26.11
26168 32.23
7977 30.75
11104 28.85
13062 27.69
12264 27.12
12079 26.90
12068 26.69
11916 26.39
12919 26.21
12981 25.99
11353 25.97
13464 25.69
11306 25.40
12639 24.88
19218 26.47
14440 25.77
25694 30.67
10071 30.08
13015 29.09
11742 28.01
10663 27.63
12393 27.27
13607 26.88
12293 26.76
12993 26.49
13252 26.49
11536 26.55
11618 26.57
12388 26.07
12792 26.05
14899 25.93
14728 25.71
26548 30.54
8668 27.94
12041 27.20
14415 27.58
13883 27.45
9900 27.26
