24218 33.99
8443 31.31
11463 29.56
14488 28.58
12975 28.40
11769 27.97
11850 27.36
14865 26.53
13362 26.66
15446 26.78
12340 26.91
12168 26.58
17571 26.76
11137 26.80
13563 26.42
13118 26.35
27798 32.42
10463 29.72
14146 28.28
13885 28.13
11504 27.86
12124 27.14
15280 26.63
11884 26.77
12901 26.65
12800 26.39
13478 26.03
12973 25.96
15721 25.74
16104 25.65
15935 25.57
16415 25.40
28017 31.21
9787 28.82
13075 27.36
12684 26.60
13532 25.86
15357 26.49
11856 26.94
11868 26.58
13716 26.37
13507 26.15
14106 25.75
14003 25.74
12243 26.00
13416 25.85
13008 25.87
17333 26.16
28008 31.62
7836 29.99
13815 28.34
12328 27.26
13753 27.17
12230 26.69
13266 26.42
13964 26.38
12344 26.35
14223 25.92
14330 26.12
12341 26.04
13441 25.96
13774 25.51
13520 25.57
13462 25.22
28520 31.14
10481 27.92
12713 27.00
12962 26.35
12906 25.64
12707 25.78
13402 25.60
15156 25.86
15968 25.58
14382 25.72
14623 25.15
16781 25.73
16581 25.92
16439 25.57
13843 26.37
13325 26.29
28523 32.23
10139 29.38
13800 27.99
13048 27.08
12630 26.96
12114 26.70
12461 26.66
13339 26.42
13027 25.93
13922 25.67
13509 25.75
12795 25.76
14208 25.65
13927 25.79
15088 25.53
15236 25.43
27335 31.49
9848 29.28
12836 27.67
14138 26.57
12964 26.52
11988 26.31
12483 26.38
13170 26.09
12635 25.58
13627 25.44
17747 25.73
15836 25.52
12375 25.92
13388 26.22
12853 26.07
13759 25.66
28430 31.53
7663 30.32
12506 28.38
14391 27.17
13093 26.64
12606 26.59
11945 26.61
13327 26.02
13856 25.95
13565 25.76
12734 25.62
13766 25.53
11960 25.11
13608 24.61
20678 26.08
15415 25.44
27629 30.13
10320 29.49
14082 28.66
12458 27.64
11450 27.21
14024 26.75
13513 26.67
12532 26.64
13967 26.27
13105 26.39
12763 26.28
13972 25.88
13260 25.66
13322 25.84
15034 25.86
13893 25.79
28186 30.02
9259 27.54
12824 26.77
15799 27.00
15628 26.87
11218 26.71
