24548 33.86
8424 31.30
11885 29.36
14272 28.53
13798 28.23
11349 27.98
12506 27.12
14516 26.65
13711 26.57
14676 26.90
14138 26.39
12695 26.33
17221 26.79
11625 26.70
12956 26.59
14337 26.17
28578 32.18
10275 29.60
14001 28.32
12833 28.37
13464 27.42
12922 26.78
13934 26.96
12070 26.72
14068 26.40
13481 26.03
13579 25.87
14534 25.60
14383 25.91
13812 26.02
14833 25.82
14018 25.89
28501 31.04
10186 28.69
13722 27.06
13148 26.35
13577 25.73
15799 26.38
14175 26.32
11990 26.30
13547 26.27
13017 26.15
14148 25.71
13896 25.83
13934 25.69
14086 25.70
13331 25.67
17042 26.12
28710 31.44
7840 29.91
14199 28.15
12672 27.12
14315 27.02
12503 26.55
13475 26.31
14428 26.25
12756 26.24
13521 26.07
14252 26.16
14017 25.69
15148 25.47
13704 25.45
14199 25.33
13347 25.15
29301 30.87
9744 28.15
14288 26.56
12613 26.25
12518 25.71
13969 25.42
14669 25.25
14902 25.78
15523 25.61
13375 25.98
12321 25.65
16108 25.87
16788 25.84
15968 25.62
14081 26.32
13325 26.30
28127 32.32
10957 29.67
13911 27.86
13076 27.08
12876 26.93
11375 26.84
12984 26.54
14405 26.16
11775 26.18
14992 25.48
13198 25.73
13851 25.53
15253 25.38
14330 25.62
13137 25.81
13591 25.77
28045 31.27
10052 29.13
13467 27.44
14366 26.43
13443 26.35
12303 26.24
12405 26.38
13880 25.87
13398 25.31
14296 25.30
18677 25.43
15614 25.45
12207 26.05
14431 25.97
12765 26.06
14094 25.56
27941 31.70
8295 30.12
12576 28.24
14534 27.07
13339 26.55
13176 26.47
13013 26.26
13173 25.97
14377 25.77
13729 25.71
12694 25.50
14482 25.41
12027 25.10
13051 24.68
22241 25.74
14906 25.46
28067 30.00
10601 29.39
14568 28.48
12879 27.46
11078 27.16
13444 26.84
14201 26.59
13641 26.36
14370 26.08
13966 26.17
12347 26.32
13087 26.07
13633 25.69
14221 25.59
15534 25.64
14975 25.70
28710 29.84
9422 27.48
12900 26.53
16462 26.72
14345 27.07
11596 26.63
