25256 33.66
8564 31.06
12409 29.11
14951 28.29
13183 28.20
11459 27.97
13442 26.91
15223 26.36
13438 26.55
15752 26.69
13125 26.62
12775 26.34
17057 26.85
11478 26.73
14600 26.14
13445 26.32
29197 32.03
11129 29.28
13612 28.21
14354 27.92
12752 27.45
12587 26.80
14150 26.91
14086 26.29
13923 26.31
13520 26.01
14236 25.79
14344 25.56
14975 25.78
13916 25.95
15122 25.73
14356 25.81
28819 30.94
10900 28.55
13144 27.14
13617 26.19
13905 25.69
16058 26.27
12814 26.59
12009 26.48
14080 26.20
14459 25.85
14653 25.57
14957 25.60
13676 25.68
12879 25.93
13851 25.67
17813 25.96
29675 31.15
8605 29.47
14342 27.96
13294 26.81
13983 26.97
12074 26.65
14024 26.21
15554 25.98
13042 26.06
12606 26.19
14904 26.06
14348 25.60
15695 25.33
13637 25.43
13500 25.44
13331 25.19
29823 30.69
10147 27.99
14748 26.37
12897 26.14
12496 25.61
14412 25.26
14803 25.15
15539 25.61
15909 25.51
14871 25.61
14730 25.16
17199 25.68
17579 25.65
16810 25.39
15088 26.01
15058 25.85
28910 32.10
11171 29.10
13288 27.92
14064 26.86
14641 26.53
11688 26.60
12691 26.46
13175 26.36
14726 25.57
13544 25.60
14745 25.42
14622 25.29
15669 25.17
15574 25.32
14870 25.33
14709 25.39
28523 31.11
10776 28.62
13440 27.29
14134 26.42
14380 26.10
12174 26.17
14151 25.91
14405 25.61
11959 25.51
14106 25.29
18355 25.47
16443 25.33
12584 25.94
14618 25.91
12914 26.00
14467 25.49
28450 31.53
8546 30.05
12713 28.14
14936 27.00
11587 27.05
14249 26.32
13535 26.20
13270 25.92
14552 25.75
13620 25.74
12798 25.54
14483 25.35
12938 24.74
13227 24.61
21412 25.90
16008 25.27
28772 29.78
10814 29.21
14793 28.34
13012 27.34
11616 27.03
13711 26.76
14308 26.50
13344 26.30
14350 26.08
13901 26.11
13142 26.10
14323 25.74
13853 25.52
13459 25.69
15624 25.64
13946 25.69
29964 29.49
9905 27.36
14540 26.05
16478 26.52
14173 27.01
12448 26.48
