25947 33.43
8591 30.95
15977 28.25
12396 28.50
13531 28.18
13752 27.42
12914 26.87
15362 26.32
13959 26.38
15788 26.64
14533 26.27
13092 26.15
17920 26.59
12187 26.50
14231 26.16
13970 26.11
29429 31.92
11442 29.16
13773 28.13
14638 27.85
12852 27.35
12827 26.70
14552 26.72
14177 26.22
14273 26.18
13449 25.94
14815 25.57
15259 25.36
14940 25.73
14496 25.84
15279 25.65
14502 25.69
29460 30.75
10144 28.81
14145 27.01
13492 26.20
14296 25.61
16373 26.14
13011 26.53
12295 26.40
14718 26.08
14271 25.81
14663 25.57
14221 25.74
13022 25.84
14382 25.66
15944 25.14
19492 25.53
29730 31.09
10191 29.18
13574 27.96
13318 26.81
15320 26.59
12435 26.47
13499 26.19
16011 25.84
13617 25.90
14378 25.78
14305 26.03
14016 25.58
15236 25.41
15116 25.11
14268 25.18
14107 24.94
30492 30.51
10238 27.83
13900 26.58
13897 25.87
14022 25.32
13940 25.21
13592 25.34
16007 25.52
17001 25.23
14918 25.52
12265 25.59
15362 26.05
16916 25.84
16046 25.70
15077 26.14
15817 25.79
29339 32.04
11555 28.91
13424 27.79
12542 27.05
14015 26.67
12919 26.41
13682 26.23
15426 25.80
12819 25.86
14640 25.42
14378 25.47
14204 25.45
15949 25.23
14878 25.43
13635 25.63
14012 25.61
29047 30.95
11369 28.39
14083 27.05
14346 26.28
14850 25.97
12216 26.06
13859 25.98
14968 25.46
12465 25.46
15127 25.03
18944 25.33
16591 25.23
13797 25.53
13890 26.06
13718 25.82
14404 25.49
30376 30.98
7837 30.01
13099 28.04
14744 26.95
14699 26.26
14378 26.03
13990 25.93
12794 25.96
13449 25.93
15123 25.40
14151 25.15
14328 25.23
11747 24.99
13672 24.51
23179 25.53
15527 25.23
29167 29.64
10968 29.17
15164 28.17
13382 27.17
12231 26.86
14800 26.45
14517 26.33
13266 26.34
14456 26.02
14426 26.04
13427 25.99
14597 25.68
14058 25.43
13148 25.78
15334 25.69
14278 25.62
29893 29.50
9971 27.23
14129 26.20
16436 26.58
15345 26.72
12173 26.43
