26317 33.27
9099 30.68
12388 28.93
15593 28.04
14197 27.91
12987 27.48
12557 26.95
15391 26.33
14531 26.22
17328 26.27
16083 25.89
12278 26.27
18522 26.45
13159 26.22
13596 26.23
13248 26.39
30164 31.75
12206 28.81
14333 27.92
12800 28.23
13925 27.26
14436 26.34
15724 26.36
13252 26.42
14969 26.02
13455 25.86
15266 25.44
15154 25.33
15387 25.59
14335 25.78
16032 25.48
14645 25.68
30011 30.59
10291 28.69
14355 26.88
14153 26.01
14211 25.48
17024 25.99
14616 26.11
13357 25.96
13901 26.07
14105 25.82
16000 25.26
15458 25.33
15313 25.28
14939 25.38
14518 25.30
18175 25.81
30725 30.81
8535 29.24
15059 27.77
13655 26.65
15725 26.48
12587 26.34
13955 26.09
16012 25.77
13122 25.99
14360 25.84
15465 25.81
14387 25.51
16494 25.12
14181 25.23
13939 25.29
14499 24.96
30944 30.41
11052 27.58
14167 26.36
13920 25.88
14670 25.12
14336 25.11
14909 24.98
16691 25.36
16651 25.32
15304 25.45
12633 25.47
16747 25.68
17983 25.53
16915 25.38
15378 25.96
16275 25.63
30600 31.66
11295 28.73
13193 27.86
14100 26.72
14808 26.36
13340 26.19
13817 26.11
14285 25.93
14645 25.50
14412 25.36
15221 25.27
15184 25.07
16367 24.96
16166 25.13
15687 25.15
14573 25.29
31170 30.33
10490 28.54
13971 26.91
15604 25.88
14769 25.90
12729 25.86
13853 25.89
14956 25.45
13237 25.21
15031 25.03
19603 25.20
17038 25.16
13763 25.51
14412 25.91
13731 25.71
14857 25.34
29665 31.19
8927 29.81
15041 27.55
14405 26.92
14248 26.22
12909 26.33
13841 26.00
13767 25.82
15649 25.50
13498 25.68
13068 25.43
15083 25.21
12653 24.80
13581 24.52
22367 25.71
16659 25.10
29719 29.47
11349 28.81
13804 28.59
14504 27.09
13041 26.60
14006 26.56
14202 26.42
14472 26.07
14486 25.95
14968 25.93
13256 26.01
13956 25.80
14886 25.32
15445 25.23
15771 25.47
13838 25.69
30536 29.35
9644 27.28
14203 26.16
16986 26.45
16234 26.44
11936 26.46
