26693 33.14
9600 30.57
16370 27.89
12913 28.21
14289 27.84
14092 27.19
13810 26.59
16062 26.08
13887 26.32
16994 26.33
15301 26.05
13566 25.97
18909 26.34
12435 26.33
15027 25.95
14313 26.04
30850 31.55
11143 29.32
14680 27.91
15037 27.71
13317 27.22
13421 26.57
15754 26.35
14552 26.16
14637 26.06
14035 25.74
15348 25.35
15315 25.23
15813 25.46
14846 25.74
16090 25.47
15092 25.53
30728 30.39
10255 28.51
14619 26.70
14563 25.94
14271 25.43
17629 25.83
14898 26.00
13549 25.89
14297 25.91
14521 25.71
15726 25.26
14764 25.49
14604 25.47
15591 25.27
16512 24.85
19179 25.50
31220 30.66
7707 29.66
14933 27.81
14512 26.59
16440 26.34
13423 26.12
13817 25.98
15576 25.93
15015 25.58
14487 25.71
15275 25.82
13958 25.62
15064 25.49
15194 25.11
14602 25.13
14983 24.76
31350 30.31
10848 27.62
15196 26.11
13859 25.74
14831 24.98
13285 25.25
15422 24.94
16181 25.41
16664 25.37
16065 25.25
15734 24.82
18505 25.31
18462 25.35
17974 25.09
15670 25.80
14387 25.92
30594 31.68
11270 29.33
14645 27.47
14660 26.50
15560 26.14
12849 26.20
13359 26.25
14712 25.89
14803 25.38
15292 25.23
14724 25.31
14319 25.29
15251 25.30
15664 25.31
16223 25.10
16837 24.93
31727 30.18
11632 28.26
13611 26.86
14148 26.18
15381 25.77
15216 25.35
14028 25.68
13479 25.68
12472 25.47
15968 24.84
19522 25.13
17630 24.98
17902 24.68
20043 24.70
18266 24.69
16740 24.73
30252 31.02
11136 29.19
14152 27.52
14404 26.73
14371 26.15
13236 26.21
14365 25.88
14868 25.56
15325 25.48
14974 25.32
13631 25.28
15290 24.97
13465 24.49
13911 24.32
22274 25.67
16884 25.02
30327 29.32
11302 28.74
15336 28.06
13749 27.11
12827 26.62
14489 26.53
16092 26.00
14329 25.93
15921 25.66
14465 25.87
13466 25.88
14697 25.65
14609 25.36
15332 25.25
16475 25.29
13995 25.63
30153 29.46
10971 26.69
14570 26.00
17406 26.34
16851 26.32
11792 26.41
