27302 32.98
9348 30.51
16548 27.79
13612 28.00
14405 27.74
14320 27.08
14196 26.46
16219 26.02
14497 26.13
16808 26.29
15986 25.91
13474 25.93
18929 26.27
12783 26.28
14579 26.04
15606 25.80
31232 31.42
10991 29.41
15592 27.63
14790 27.62
14203 26.99
13440 26.51
15365 26.48
15010 26.01
14900 25.97
14224 25.70
15084 25.42
14774 25.40
16856 25.27
16216 25.36
14861 25.58
14752 25.59
31329 30.22
10712 28.38
15115 26.50
14591 25.79
14722 25.28
17774 25.72
15318 25.87
14057 25.77
14204 25.96
14808 25.58
16144 25.11
15008 25.44
14749 25.34
16056 25.22
16051 24.99
19209 25.52
31573 30.59
10814 28.80
14634 27.50
14056 26.48
16113 26.29
13613 26.07
14850 25.77
16086 25.68
14779 25.52
15155 25.52
14806 25.82
14787 25.43
16500 25.13
15292 24.94
15772 24.85
14636 24.73
31867 30.17
11665 27.23
14347 26.21
14872 25.58
14778 24.94
13745 25.19
15261 24.92
16602 25.27
16902 25.22
16449 25.20
15981 24.77
18952 25.21
18954 25.26
18075 25.03
16051 25.71
14386 25.83
31182 31.51
10949 29.22
15005 27.40
15018 26.38
15013 26.24
14034 25.94
14236 25.93
14827 25.73
14831 25.35
15508 25.11
15186 25.16
14885 25.18
16623 24.96
16283 25.09
15738 25.08
16339 24.98
32399 29.99
10347 28.37
14685 26.71
15240 25.90
15609 25.75
13800 25.70
13788 25.78
16285 25.13
14303 24.95
14747 25.02
18924 25.37
18003 24.93
13480 25.69
15930 25.57
13758 25.63
14787 25.40
30767 30.87
10333 29.25
15036 27.35
13572 27.12
16339 25.78
13928 26.08
14271 25.79
13440 25.80
16009 25.37
14772 25.40
14642 25.01
15298 24.99
13994 24.38
14316 24.21
22949 25.51
17388 24.93
30870 29.16
11656 28.68
14886 28.28
14735 26.84
13869 26.28
14242 26.41
15079 26.19
14839 25.91
15355 25.78
14954 25.82
14135 25.71
15718 25.37
15020 25.17
14749 25.31
17150 25.27
17797 24.88
30719 29.28
11648 26.42
14893 25.73
17461 26.17
15808 26.53
13103 26.12
