28337 32.68
9005 30.74
17615 27.58
14402 27.67
14576 27.59
15101 26.87
14361 26.31
17111 25.76
15544 25.88
17850 26.00
17525 25.56
12982 25.88
18679 26.38
12840 26.24
14930 26.07
16398 25.63
32517 31.07
12644 28.50
15645 27.30
15819 27.24
14458 26.81
14182 26.23
15551 26.36
14697 25.98
15241 25.84
15996 25.32
15717 25.17
16019 25.04
16604 25.24
16920 25.16
15777 25.35
15180 25.46
32298 29.96
11188 28.11
15158 26.44
15440 25.51
15439 25.05
18190 25.56
15921 25.62
14564 25.57
14839 25.69
15541 25.43
16371 24.99
16194 25.18
16440 24.99
16327 24.97
15434 25.04
19769 25.40
33057 30.18
8634 29.14
16100 27.31
14756 26.37
16845 26.13
13621 25.98
14713 25.75
17551 25.39
14847 25.43
16133 25.29
16547 25.43
13573 25.54
16580 25.09
15769 24.90
15719 24.83
15838 24.43
32986 29.86
11967 27.03
15050 25.99
15344 25.34
15285 24.74
14374 24.97
15897 24.69
17450 25.11
18622 24.85
16020 25.08
12856 25.38
16348 25.72
18446 25.50
18159 25.12
16283 25.74
17650 25.45
32240 31.25
12352 28.44
15114 27.19
15403 26.22
16635 25.79
13505 25.91
14045 25.92
15652 25.57
15735 25.21
15615 25.02
15867 24.95
15453 24.96
17339 24.75
16665 24.97
15789 25.05
15915 25.02
33519 29.71
10665 28.12
14972 26.53
15933 25.66
16326 25.49
16048 25.12
14680 25.47
14650 25.38
14200 25.04
16344 24.73
20941 24.88
18472 24.77
17736 24.67
20311 24.66
18770 24.60
17958 24.52
31578 30.63
11745 28.81
14440 27.24
16339 26.25
14224 26.00
14441 25.89
15882 25.45
15903 25.14
15307 25.33
14813 25.33
14880 24.96
16550 24.72
14516 24.14
15080 23.99
24245 25.22
17190 24.85
31948 28.85
12058 28.42
14439 28.21
15737 26.64
14430 26.16
15031 26.22
15055 26.14
15667 25.69
15955 25.59
15494 25.72
14641 25.58
16296 25.26
15780 24.96
15031 25.24
15902 25.46
14915 25.41
32709 28.71
10836 26.46
15023 25.76
18388 26.06
17522 26.09
12832 26.03
