28897 32.48
8995 30.77
14840 28.14
16975 27.29
17933 26.87
17627 26.25
14444 26.17
15770 26.09
14676 26.10
17279 26.17
16134 25.82
14055 25.76
20343 25.94
13688 25.94
15965 25.65
15863 25.58
33043 30.95
12007 28.57
16105 27.25
16477 27.15
14198 26.78
14758 26.06
15793 26.25
14709 25.93
16036 25.72
15829 25.36
14902 25.33
15849 25.10
16436 25.30
17175 25.20
16307 25.23
15165 25.45
32879 29.82
11332 28.02
15815 26.18
15508 25.39
15999 24.88
18587 25.47
16207 25.59
14954 25.46
14803 25.60
15814 25.33
16871 24.91
16147 25.12
15392 25.19
17009 24.93
17973 24.52
20492 25.16
33656 30.02
8223 29.14
15987 27.29
15472 26.15
17767 25.91
14716 25.69
14835 25.66
16759 25.54
14924 25.47
16727 25.18
16897 25.34
13814 25.51
16986 25.01
15800 24.90
16038 24.73
16128 24.39
33898 29.58
11177 27.40
15420 25.86
14910 25.38
16231 24.55
15780 24.53
16385 24.55
18143 24.92
18487 24.82
16631 24.98
16948 24.50
19848 24.96
19916 25.01
19628 24.70
16887 25.51
17461 25.26
32796 31.09
12302 28.42
15661 27.05
15625 26.09
17118 25.65
13635 25.83
14413 25.88
15793 25.54
16052 25.14
15884 24.96
16216 24.87
15571 24.94
17625 24.72
16938 24.92
15411 25.14
15648 25.13
32419 30.00
11654 28.15
15458 26.47
16165 25.55
17112 25.33
15498 25.22
14475 25.54
15384 25.22
14315 24.95
16306 24.68
21757 24.63
18420 24.74
14590 25.26
16420 25.37
14984 25.40
16180 24.97
32341 30.45
9687 29.18
16888 26.83
14908 26.49
16385 25.60
15022 25.64
14389 25.69
14987 25.34
16669 25.13
15346 25.16
16027 24.69
16777 24.53
14578 24.14
15155 23.89
25011 25.05
17635 24.69
32565 28.69
12196 28.32
15253 28.00
16147 26.51
14238 26.17
15377 26.12
15412 26.01
16026 25.58
16045 25.48
16126 25.52
14890 25.53
16317 25.16
15730 24.97
14638 25.31
17037 25.24
16062 25.14
33256 28.57
12440 26.05
16242 25.22
19186 25.61
17219 25.99
13660 25.79
