30820 31.92
11054 29.54
18866 26.85
16382 27.01
17096 26.80
15440 26.49
16560 25.71
17969 25.43
16707 25.50
18786 25.69
19316 25.07
14436 25.52
20748 25.85
14949 25.58
15919 25.59
16656 25.47
35025 30.38
11824 28.58
18181 26.72
17235 26.74
15861 26.35
15306 25.78
17319 25.89
16906 25.31
16986 25.31
16450 25.06
16060 25.03
18471 24.38
19568 24.52
19593 24.60
15801 25.20
16728 25.04
35304 29.17
12425 27.25
16187 25.88
17087 25.03
16769 24.58
20017 25.07
17404 25.21
15910 25.14
16203 25.27
16730 25.09
18146 24.62
17345 24.85
18029 24.60
18034 24.57
16514 24.73
21312 25.01
35839 29.43
9027 28.73
17348 26.84
16894 25.61
19719 25.33
15327 25.41
16078 25.25
17803 25.19
16327 25.07
17704 24.89
18380 25.00
16317 24.90
18166 24.68
16229 24.70
15929 24.68
16875 24.24
35916 29.09
12431 26.70
17242 25.28
16604 24.73
16475 24.29
15726 24.44
17717 24.19
18516 24.70
19355 24.58
18574 24.57
18217 24.14
22377 24.38
22059 24.51
20163 24.44
18467 25.08
18670 24.86
34794 30.58
14272 27.72
14706 26.98
17221 25.71
17004 25.61
15510 25.49
16311 25.28
16887 25.21
16544 24.81
17576 24.54
17334 24.62
16360 24.69
17248 24.69
17542 24.76
18693 24.44
19506 24.34
36614 28.94
12967 27.26
16171 25.80
17964 25.01
17439 24.96
15466 25.02
15907 25.15
17732 24.65
16049 24.49
17344 24.39
21479 24.64
19331 24.57
16483 24.88
19385 24.86
15687 25.11
15780 24.88
34769 29.82
10412 28.68
16744 26.59
17602 25.92
17695 25.21
17145 25.13
16762 25.01
15452 25.11
17509 24.91
16988 24.78
16661 24.51
16924 24.54
14318 24.24
15833 23.79
27109 24.69
18918 24.38
34558 28.12
13334 27.81
16431 27.50
17254 26.05
15460 25.75
16503 25.72
16409 25.71
17304 25.24
16725 25.24
17531 25.17
17582 24.91
17257 24.85
16409 24.70
16009 24.97
19733 24.62
20019 24.39
35499 27.96
11866 26.10
16447 25.08
19365 25.58
18578 25.65
15059 25.42
