31122 31.82
11107 29.56
19066 26.79
16710 26.89
17230 26.71
15940 26.36
16917 25.65
18201 25.43
16851 25.38
19248 25.61
19443 25.05
15034 25.41
22537 25.52
15598 25.44
16119 25.53
15884 25.50
35883 30.16
12040 28.41
18474 26.60
16611 26.84
16607 26.18
15981 25.70
18316 25.58
16594 25.35
17282 25.22
16971 24.95
15726 25.03
18068 24.55
19054 24.66
19638 24.58
16642 24.98
16838 24.99
35931 29.02
11791 27.46
17269 25.76
16984 24.98
17276 24.48
20063 25.00
17709 25.10
16346 25.02
16430 25.25
16422 25.07
17548 24.75
17128 24.90
18151 24.61
17349 24.76
16740 24.71
21993 24.86
36507 29.26
12187 27.92
16964 26.57
16464 25.61
18737 25.51
15518 25.38
17309 24.99
18248 25.03
15888 25.11
18703 24.68
18257 24.95
16300 24.88
17082 24.91
18197 24.36
16533 24.49
17914 23.92
36847 28.86
12405 26.58
17359 25.15
17188 24.68
16630 24.20
15923 24.40
17977 24.16
18823 24.61
19769 24.49
18638 24.47
18628 24.06
22635 24.28
21904 24.51
21112 24.34
18165 25.08
19224 24.82
35516 30.39
13221 27.88
16246 26.68
18010 25.48
18180 25.34
15261 25.40
15447 25.49
17160 25.17
17503 24.65
17413 24.53
17806 24.48
18435 24.29
19155 24.24
19330 24.34
18201 24.40
18611 24.43
37086 28.79
13295 27.08
16501 25.67
18636 24.77
17582 24.87
16009 24.87
16125 25.19
17963 24.60
16285 24.44
17475 24.35
21909 24.57
19720 24.47
16657 24.86
19759 24.74
16437 25.00
17614 24.54
35075 29.71
12807 28.09
16761 26.45
18440 25.56
16437 25.35
15689 25.40
16578 25.17
17792 24.74
19477 24.42
17842 24.53
16352 24.45
17561 24.32
13651 24.32
15520 23.93
25528 24.96
19998 24.30
35110 27.99
13510 27.78
15805 27.66
17177 26.16
15958 25.58
16730 25.65
17182 25.55
16977 25.29
17495 25.15
17551 25.14
16816 25.00
17100 24.88
17461 24.48
17114 24.69
19042 24.75
19917 24.39
35999 27.83
13653 25.53
17118 24.78
20648 25.14
18517 25.52
15601 25.36
