33763 31.10
12511 28.88
18969 26.54
18920 26.33
21036 25.84
19642 25.56
18728 25.12
19297 25.01
18001 25.08
20460 25.24
20033 24.81
16796 24.95
23827 25.11
16046 25.31
18806 24.95
18451 24.91
38448 29.55
14699 27.29
18903 26.13
18889 26.15
17764 25.76
17045 25.30
18523 25.43
17720 25.08
18327 24.96
18757 24.47
18042 24.48
19583 24.10
19945 24.33
21470 24.17
18680 24.52
18863 24.46
38677 28.33
13424 26.83
18359 25.20
18157 24.52
18825 23.98
21606 24.58
19424 24.66
17627 24.68
17810 24.85
18375 24.63
20160 24.16
20440 24.14
20165 24.05
21137 23.92
19111 24.10
24082 24.38
39312 28.60
12880 27.56
18591 26.02
17812 25.19
20190 25.09
16763 24.95
18830 24.63
19980 24.60
18669 24.48
18438 24.54
19142 24.76
17764 24.52
19028 24.43
18617 24.10
18769 23.99
18736 23.62
38978 28.35
13437 26.39
18590 24.74
18177 24.33
18372 23.72
17477 24.00
18942 23.82
20547 24.17
22489 23.88
19220 24.25
20067 23.70
24549 23.92
23721 24.15
22776 23.96
20134 24.69
20601 24.50
38735 29.62
13848 27.65
17118 26.36
17537 25.51
19728 24.97
17598 24.89
17442 24.96
18425 24.74
18569 24.34
19502 24.14
18232 24.30
18543 24.18
20456 24.01
20287 24.09
19565 24.15
20137 24.08
39920 28.14
12302 26.99
17935 25.40
19623 24.57
19959 24.40
18678 24.26
18360 24.53
18430 24.36
17506 24.08
17618 24.26
23446 24.23
21721 24.08
22732 23.59
24441 23.77
22752 23.71
21774 23.65
38179 28.97
13836 27.60
18126 25.83
18696 25.32
18653 24.82
18351 24.79
19253 24.48
18488 24.40
18604 24.46
19476 24.19
17067 24.28
19169 23.98
17891 23.27
17410 23.28
28218 24.35
20792 23.99
37958 27.27
14912 27.05
17310 26.94
19114 25.43
16474 25.35
18893 25.16
19583 24.88
17377 25.04
19258 24.66
18925 24.81
17675 24.85
19053 24.51
18175 24.32
18299 24.43
20501 24.36
20621 24.24
38869 27.14
14315 25.15
17904 24.44
22045 24.80
20103 25.16
16944 24.98
