34326 30.97
12706 28.66
19660 26.32
18822 26.27
21520 25.74
20172 25.42
19199 25.01
19350 24.95
18171 24.98
20577 25.20
19292 24.93
17982 24.71
23917 25.04
16747 25.17
18732 24.92
18848 24.80
38888 29.44
14609 27.29
18976 26.02
20666 25.74
19143 25.40
16211 25.41
19184 25.32
19409 24.68
19131 24.71
19625 24.27
17370 24.52
18024 24.47
20258 24.37
20216 24.38
19414 24.42
18152 24.60
39264 28.20
13660 26.54
18954 24.99
18218 24.42
19716 23.85
21639 24.55
17933 24.95
16547 24.92
19322 24.65
19128 24.48
20374 24.10
19911 24.19
19591 24.17
20097 24.08
18446 24.25
23577 24.50
39787 28.49
12820 27.54
18738 25.99
18151 25.10
19175 25.21
16860 25.02
18506 24.75
20782 24.49
18773 24.46
18835 24.48
19285 24.71
18150 24.48
20748 24.10
19262 23.93
19335 23.83
18310 23.62
39511 28.23
13855 26.36
18978 24.64
18279 24.24
18630 23.67
17731 23.88
19652 23.66
21854 23.92
22580 23.85
19346 24.20
20271 23.66
25045 23.81
23795 24.11
23071 23.86
20282 24.60
21169 24.40
38969 29.56
15087 27.15
17222 26.24
18663 25.19
19311 24.97
18416 24.76
17219 24.91
19298 24.60
18595 24.32
20525 23.88
19458 24.01
19314 24.01
19625 24.05
19214 24.30
19038 24.29
20168 24.10
40444 27.98
12402 26.95
18874 25.21
19447 24.50
20431 24.26
19177 24.16
18842 24.44
18320 24.32
17795 23.99
18330 24.11
23700 24.14
22092 23.97
23195 23.51
24524 23.73
22703 23.69
22034 23.65
38761 28.82
14308 27.46
18079 25.83
19283 25.16
18685 24.74
19031 24.64
19321 24.42
18690 24.33
18949 24.39
19769 24.07
17875 24.15
19109 24.03
18264 23.22
18932 23.00
33529 23.37
23791 23.30
38613 27.14
15131 26.99
17493 26.91
18935 25.47
16830 25.27
19080 25.09
19830 24.83
17949 24.99
19227 24.64
19255 24.75
17789 24.77
19466 24.37
18635 24.23
17331 24.59
19962 24.51
18114 24.60
39460 26.99
12743 25.50
18158 24.54
22327 24.78
20805 25.02
17089 24.88
