34645 30.88
11503 29.20
21261 26.10
22297 25.63
22947 25.36
22538 24.82
20017 24.74
20415 24.69
18486 24.85
21803 24.95
18597 24.97
17034 24.88
23428 25.15
17257 25.08
19307 24.79
20061 24.56
39658 29.28
13040 27.75
19834 25.95
19527 25.97
18310 25.59
17723 25.10
19252 25.29
17805 25.02
19059 24.78
19444 24.39
19642 24.19
19179 24.15
20619 24.21
20011 24.36
20192 24.32
19761 24.33
39792 28.07
13229 26.75
18735 25.05
18557 24.37
20022 23.77
22023 24.48
18154 24.89
16913 24.84
20308 24.51
18881 24.49
19883 24.17
19675 24.29
20270 24.07
21639 23.85
22987 23.40
26409 23.91
40482 28.33
13302 27.30
18860 25.84
18381 24.98
20076 24.97
18016 24.69
17951 24.77
21412 24.35
18815 24.44
19322 24.35
19716 24.63
18228 24.44
19376 24.33
19107 24.01
19451 23.83
19203 23.49
40783 27.92
13073 26.33
18981 24.68
19225 24.06
18543 23.63
18342 23.73
19379 23.67
21355 24.02
23204 23.66
19711 24.10
20877 23.55
25212 23.73
24466 23.98
23531 23.79
20591 24.55
21483 24.32
40140 29.31
13149 27.66
18816 26.01
19815 24.93
20234 24.66
17387 24.82
18820 24.66
19049 24.57
19044 24.18
20945 23.79
19694 23.98
19218 23.98
20583 23.94
20686 23.97
20646 23.93
22217 23.72
41210 27.81
12718 26.83
18714 25.17
20541 24.29
19848 24.32
18060 24.41
17749 24.67
20544 23.99
18700 23.78
18607 23.98
24177 24.11
22144 23.90
18494 24.32
22386 24.17
22009 23.92
22766 23.60
39099 28.73
13606 27.67
18445 25.76
19570 25.08
18916 24.70
19316 24.58
18735 24.56
18242 24.45
18728 24.52
20149 24.07
18402 24.02
19950 23.75
17768 23.29
17990 23.13
28946 24.19
21491 23.83
39158 27.02
15304 26.83
18079 26.70
19409 25.30
17988 24.98
18715 25.08
18768 25.03
19045 24.76
18445 24.77
20487 24.54
19662 24.45
19653 24.30
18481 24.28
18805 24.32
20886 24.24
19099 24.36
39982 26.88
12472 25.41
18708 24.35
22854 24.66
20939 24.98
17387 24.79
