36697 30.32
12121 28.83
22593 25.68
23679 25.24
24570 24.98
25077 24.35
20268 24.62
19950 24.74
18097 24.95
22442 24.86
21043 24.52
19122 24.38
25512 24.74
18596 24.75
20934 24.38
20686 24.39
41734 28.81
14135 27.31
21100 25.57
20522 25.66
19675 25.28
18814 24.84
21886 24.72
19606 24.52
20371 24.46
19986 24.18
20424 24.00
21129 23.73
21448 24.02
20899 24.13
21278 24.01
21012 24.02
41814 27.60
13978 26.44
20574 24.49
19583 24.07
20465 23.54
23700 24.07
21571 24.16
19188 24.26
18916 24.54
20454 24.19
21319 23.84
20642 24.02
21244 23.80
21760 23.67
19950 23.88
25472 24.14
42811 27.81
14364 26.89
20443 25.41
19347 24.68
21992 24.58
18635 24.44
19107 24.43
22507 24.09
19159 24.31
20996 24.01
21966 24.09
20013 24.02
22748 23.60
19994 23.68
19121 23.76
19775 23.34
43066 27.41
13561 26.03
20239 24.27
19996 23.85
19912 23.27
19258 23.52
20719 23.37
22451 23.76
24984 23.38
20536 23.91
22190 23.26
26509 23.48
25978 23.60
24479 23.55
21084 24.39
23563 23.95
42084 28.88
13624 27.31
19756 25.65
19468 24.86
22125 24.41
20715 24.18
19216 24.40
19140 24.47
19819 24.07
21109 23.70
20283 23.88
20180 23.82
22138 23.63
21851 23.77
21595 23.73
23469 23.45
43253 27.36
13730 26.47
19790 24.79
21482 23.97
21500 23.93
18853 24.14
19035 24.40
20778 23.90
18860 23.73
20967 23.51
25674 23.76
23404 23.67
24710 23.21
26431 23.40
24680 23.31
23986 23.23
41411 28.19
14451 27.29
19750 25.30
21667 24.56
19525 24.48
18771 24.63
19717 24.36
22007 23.78
21175 23.89
20850 23.83
20332 23.63
20103 23.68
16358 23.51
20329 22.74
30380 23.93
22811 23.53
41339 26.47
16143 26.46
19320 26.34
19405 25.17
19084 24.70
20383 24.73
20656 24.62
19778 24.55
20215 24.41
21094 24.34
20803 24.18
20564 24.10
19800 23.95
18559 24.29
21347 24.20
19707 24.27
42457 26.33
13150 25.16
19682 24.05
23685 24.37
22560 24.56
19542 24.34
