37484 30.12
12491 28.75
23295 25.54
24859 24.99
26018 24.63
25057 24.22
21419 24.38
22358 24.29
19811 24.46
23922 24.50
20304 24.60
18871 24.45
25534 24.76
18245 24.82
20455 24.45
21346 24.27
42924 28.54
14274 27.15
21579 25.42
22284 25.25
19561 25.19
19398 24.74
20818 24.91
19708 24.60
20476 24.44
21109 23.97
20299 23.96
21880 23.62
22190 23.84
23959 23.66
21028 24.05
21163 23.96
43119 27.32
14289 26.23
20542 24.50
20393 23.88
21047 23.37
24712 23.93
21570 24.11
20086 24.11
21369 24.07
20971 23.98
21707 23.72
22530 23.64
20811 23.83
22883 23.52
22473 23.37
26879 23.78
43896 27.58
14995 26.67
20092 25.45
20288 24.52
23424 24.31
19912 24.16
19536 24.27
22064 24.15
20264 24.11
21213 23.93
21283 24.21
20228 23.98
22806 23.63
21214 23.48
20917 23.37
20485 23.11
43191 27.41
14323 25.82
20656 24.18
21125 23.57
19942 23.22
19978 23.28
21298 23.20
23180 23.58
25405 23.26
21645 23.67
22904 23.11
27062 23.33
26955 23.44
25087 23.38
21791 24.29
23904 23.77
43107 28.66
14114 27.15
20624 25.48
21532 24.49
21862 24.30
19425 24.37
19816 24.36
20877 24.21
20529 23.88
21174 23.66
21142 23.68
21544 23.55
22308 23.59
22203 23.67
20301 23.95
20592 23.97
44470 27.12
13846 26.29
21026 24.48
20844 24.07
23057 23.67
21106 23.66
21275 23.89
20280 23.88
19597 23.57
21125 23.45
26285 23.62
23725 23.55
20627 23.90
23726 23.90
23743 23.54
24431 23.21
42532 27.95
15523 26.89
20371 25.15
20773 24.69
21064 24.19
21000 24.18
20133 24.18
19975 24.06
20582 24.01
21440 23.76
20420 23.61
21166 23.43
16742 23.41
20551 22.67
31431 23.71
23401 23.40
42464 26.24
17451 26.09
19039 26.08
20879 24.86
19507 24.62
20534 24.67
20577 24.59
20824 24.30
20842 24.25
21385 24.28
21539 24.01
21332 23.93
20199 23.86
22556 23.66
21223 24.08
21494 23.91
43489 26.08
13348 25.03
20811 23.75
24728 24.10
23593 24.29
21257 24.01
