38047 29.99
14522 27.86
22119 25.49
24879 24.98
25288 24.78
25638 24.16
21864 24.28
22748 24.19
19973 24.40
24362 24.40
20223 24.57
19498 24.32
25511 24.70
19060 24.69
20992 24.34
22436 24.11
43498 28.40
14341 27.08
22211 25.30
21747 25.39
20099 25.09
19981 24.62
22648 24.56
21999 24.09
20062 24.37
19547 24.25
21345 23.86
22860 23.37
22363 23.82
24039 23.61
20699 24.05
20916 24.05
43706 27.19
14491 26.20
20997 24.43
21108 23.78
20812 23.37
24903 23.84
22076 23.98
20280 24.04
21715 24.01
21196 23.96
22110 23.66
22959 23.58
20933 23.79
22902 23.47
20537 23.72
26320 23.96
44364 27.46
14927 26.70
20873 25.28
20312 24.48
21600 24.59
20603 24.15
20677 24.08
22937 23.93
21338 23.87
20593 24.02
21552 24.16
21075 23.87
22527 23.65
21516 23.41
21278 23.28
20822 23.06
44659 27.09
14634 25.60
20997 24.02
20423 23.65
21686 22.96
20995 23.08
21974 23.02
24033 23.38
25379 23.25
21724 23.62
22856 23.14
27492 23.26
27170 23.40
25439 23.33
22034 24.21
24230 23.79
43433 28.60
14964 26.88
20234 25.46
20572 24.61
23711 24.03
20882 24.07
20212 24.20
20246 24.25
20426 23.92
22454 23.49
22381 23.47
22299 23.39
23276 23.38
23492 23.44
22631 23.48
24646 23.20
45072 26.98
14349 26.11
20607 24.53
22428 23.70
21891 23.77
20435 23.84
20548 24.01
20586 23.86
20322 23.41
21407 23.35
26550 23.54
24212 23.47
25872 22.99
27660 23.17
25320 23.12
24783 23.09
43175 27.82
15059 26.90
21020 25.00
22356 24.36
20348 24.26
20004 24.38
21032 24.04
22215 23.66
20259 24.01
20668 23.86
19829 23.72
22124 23.27
20122 22.74
21213 22.44
36865 22.78
26650 22.74
43008 26.12
17569 26.04
19009 26.08
21631 24.69
19254 24.61
21453 24.52
22263 24.30
21136 24.20
20589 24.25
21647 24.20
21856 23.93
21542 23.84
20675 23.78
19325 24.16
22047 24.01
20482 24.11
43974 25.97
13937 24.81
20056 23.84
25186 24.08
23423 24.35
20424 24.14
