38344 29.91
12335 28.67
23120 25.53
26171 24.76
29148 24.09
25607 24.08
21481 24.32
21179 24.45
20613 24.41
23246 24.58
21876 24.31
20287 24.10
26725 24.47
19608 24.50
21020 24.33
22578 24.05
44315 28.22
14114 27.08
22169 25.22
22089 25.29
20950 24.92
20026 24.51
22390 24.53
21404 24.22
20982 24.23
21185 23.87
21539 23.74
23096 23.34
22364 23.79
24673 23.52
21506 23.91
21775 23.82
44294 27.06
14523 26.18
21447 24.27
21212 23.70
21352 23.30
24982 23.80
22759 23.90
20240 24.04
20314 24.23
20855 24.04
23052 23.54
23697 23.43
22876 23.41
24450 23.19
25075 22.92
29227 23.35
45052 27.33
15493 26.51
21040 25.13
21770 24.21
22269 24.39
19846 24.18
20039 24.22
23546 23.84
20134 24.05
22329 23.77
23212 23.88
21007 23.83
22148 23.69
20711 23.54
21520 23.29
21119 22.98
45125 26.99
14798 25.55
21400 23.92
21260 23.41
21495 22.92
21980 22.92
22694 22.87
26347 22.97
27897 22.77
24534 23.02
24036 22.80
28497 23.04
26689 23.37
25649 23.25
23398 23.93
23656 23.82
44267 28.43
15588 26.80
19884 25.52
22921 24.22
22340 24.18
19786 24.27
20569 24.20
21193 24.10
21152 23.73
21845 23.53
22888 23.35
21924 23.41
23174 23.39
24224 23.32
23158 23.38
25043 23.12
45836 26.82
14682 25.99
21389 24.36
22311 23.72
22579 23.67
20395 23.84
20947 23.94
21066 23.80
20356 23.41
21871 23.28
26783 23.49
24703 23.38
26324 22.93
27874 23.14
25883 23.04
24953 23.04
43436 27.75
15435 26.92
20589 25.04
22040 24.40
21065 24.13
22057 23.97
20475 24.10
20439 23.94
21135 23.89
21891 23.67
21072 23.44
21584 23.33
17423 23.25
20827 22.58
32059 23.59
24272 23.25
43540 26.02
17984 25.89
19440 26.05
21063 24.80
20293 24.43
21104 24.52
21346 24.43
21333 24.22
21261 24.15
23180 23.94
21252 24.01
22137 23.76
20547 23.74
19866 24.01
23425 23.75
21639 23.86
44534 25.86
14057 24.77
21343 23.59
25175 23.91
24314 24.12
21773 23.88
