2838 50.07
1370 45.69
2633 43.61
2397 42.47
2250 41.61
1565 41.74
1551 41.10
2046 40.51
2322 39.61
1916 39.81
1681 39.18
2223 38.94
1891 39.63
1808 39.30
2243 38.45
2381 38.17
3479 46.90
2137 42.36
2514 41.30
2385 40.75
1915 40.51
1569 40.09
2097 39.93
2248 38.74
2079 38.63
2160 37.85
2288 37.62
2096 37.52
1931 37.69
2374 37.43
2322 37.18
2158 37.15
4490 44.23
1036 42.05
2333 40.39
2341 39.32
2197 38.86
2251 38.91
1705 39.01
2252 38.51
2168 38.57
2352 37.62
2102 37.36
1727 37.61
2050 37.45
2115 36.97
2018 36.85
2633 36.87
4385 44.81
1409 43.29
2803 40.72
1399 40.82
2205 39.98
2305 39.23
1817 38.97
1801 38.72
2194 38.07
2218 37.83
2033 37.72
2164 37.55
1814 37.17
2418 36.59
1993 36.31
2031 36.46
4163 44.89
2032 40.59
2616 39.64
1788 39.43
1824 38.80
2217 38.15
1902 38.33
2189 37.89
1992 37.69
2116 37.40
1620 37.79
1940 38.26
2084 37.80
2155 37.74
2325 37.57
2058 37.13
4349 45.25
1606 41.43
2277 40.52
2271 39.62
1970 39.46
1892 38.73
1991 38.54
2100 38.28
2219 37.39
2165 37.01
2340 36.99
1946 36.97
2185 36.64
2005 37.01
2001 36.68
2165 36.50
4634 43.90
1072 41.23
2469 39.99
1941 39.47
2157 38.72
2256 38.07
1612 38.23
2177 37.89
1729 37.27
2338 36.90
2871 36.90
2470 36.73
1929 36.60
1796 37.07
2042 36.55
2281 36.14
4435 44.42
1339 41.50
2403 40.29
2192 39.33
2172 38.74
1875 38.72
2197 38.01
1825 37.66
2036 37.74
2093 37.11
1932 36.67
2269 36.52
2295 35.98
2089 35.68
2947 36.58
1819 36.46
4455 43.70
1249 41.76
2678 40.24
2208 39.43
1976 39.07
1891 38.69
2188 38.35
2167 37.99
2165 37.64
2250 37.45
1888 37.28
2248 36.99
2175 36.44
2172 36.54
2283 36.76
2072 36.90
4404 43.80
1595 40.37
2834 39.32
1595 39.91
2156 39.37
2055 38.47
