4167 46.92
2458 42.24
3825 40.07
3720 39.25
3643 38.42
1988 38.87
2563 37.96
3471 36.32
3062 36.57
2972 36.69
2745 35.99
3227 35.62
3209 36.05
2830 35.50
3198 35.36
3351 35.08
6606 42.90
2263 39.67
3481 38.58
3008 38.22
3078 37.33
3144 36.70
3086 36.20
2966 36.18
2930 36.08
3312 35.28
3002 34.95
3441 34.43
2749 34.97
3452 34.57
3253 34.50
3740 34.08
6836 41.56
1831 38.81
3365 37.51
3448 36.47
2879 35.80
3721 36.03
2477 36.32
3213 35.77
3570 35.34
3270 34.96
2757 34.74
3261 34.30
3371 34.09
3643 33.89
3172 33.81
3538 34.37
6741 42.13
2156 39.99
2563 38.28
3926 36.79
2736 37.19
3242 36.10
2588 36.13
3430 35.17
2679 35.40
3671 34.75
2968 35.06
2762 34.77
3159 34.10
3013 34.11
3605 33.27
3429 33.14
6573 42.01
2736 37.95
3890 36.71
2703 36.44
2739 35.89
3313 35.40
2809 35.27
3326 35.32
2743 35.09
3273 35.04
2596 34.52
3817 34.51
2919 35.07
2995 35.00
3296 34.95
2544 35.03
7093 42.23
1894 39.04
3791 37.49
3047 36.98
3145 36.58
3031 35.82
2777 35.59
2818 35.49
3376 34.49
2992 34.40
3490 34.05
3081 34.02
3126 34.07
3319 33.97
3416 33.52
3290 33.39
6645 41.60
2697 38.28
3766 37.26
2456 36.96
3478 36.05
2461 35.70
2954 35.29
3604 34.75
2406 34.60
3957 33.77
4225 34.02
2693 34.66
2590 34.39
2774 34.53
3222 34.05
3156 33.60
6466 42.13
2843 38.51
2610 37.96
3592 37.22
2584 36.58
3065 35.78
2995 35.40
2995 34.84
3252 34.76
3366 34.13
2449 34.22
3588 33.58
3048 33.55
3092 33.30
4920 33.85
2583 33.90
6962 40.65
1904 38.88
3594 38.05
2869 37.35
3303 36.34
3106 35.90
3041 35.80
3101 35.36
3536 34.89
2879 34.97
3023 34.54
3428 33.92
2821 33.95
3378 33.95
3307 34.32
3260 33.96
6953 40.90
1979 37.98
3642 36.56
3447 36.78
3198 36.43
2562 36.04
