4565 46.13
2780 41.15
3804 39.63
3950 38.83
4000 37.87
2191 38.28
3527 36.41
3022 35.82
3822 35.63
2817 36.32
2938 35.03
3657 34.90
3406 35.70
2886 35.48
3719 34.65
3474 34.55
7337 42.23
2094 39.10
3731 38.06
3602 37.66
3378 36.69
3223 36.12
3111 35.69
3396 35.52
3703 34.97
3499 34.59
3731 33.94
3480 33.92
3134 34.54
4149 33.68
3370 33.98
3442 33.74
7419 41.06
2008 38.59
3769 36.79
3650 35.86
3613 35.23
4028 35.36
2807 35.56
3096 35.13
3358 35.14
3780 34.35
3107 34.14
3641 33.69
3391 33.73
3152 33.83
3144 33.55
4005 33.90
7285 41.58
2693 38.53
3127 37.38
3843 36.22
2643 36.57
3802 35.45
2798 35.61
3809 34.60
2891 34.76
3435 34.37
3642 34.51
3059 34.10
3575 33.58
3495 33.15
3827 32.78
3746 32.72
7065 41.44
2857 37.64
3286 36.59
3461 35.84
3417 34.81
3317 34.86
3073 34.65
3364 34.53
3443 34.14
3788 33.90
2634 34.18
3525 34.44
3335 34.64
3210 34.47
3943 34.23
3204 34.01
7344 42.02
2330 38.78
3842 37.25
3392 36.38
3219 36.09
3046 35.30
3408 35.01
3048 35.01
3544 34.23
3431 33.65
4055 33.45
3156 33.43
3171 33.47
3310 33.85
3360 33.63
3215 33.43
7231 41.03
2937 37.63
4107 36.50
2496 36.44
3475 35.40
3041 35.12
3290 34.54
3684 34.28
3513 33.48
3520 33.44
3216 34.22
3249 34.02
3177 33.51
3601 33.67
3623 33.27
3919 32.77
7097 41.56
2419 38.46
3736 37.08
3375 36.49
3469 35.56
3212 35.03
3231 34.82
3337 33.96
3487 34.02
3063 33.97
3204 33.51
3650 32.98
3507 32.67
3760 31.99
5361 33.22
4226 32.42
7384 40.18
2261 38.27
2833 38.20
2469 37.92
4242 36.14
2329 36.34
3740 35.32
3433 35.13
3689 34.45
3228 34.43
3250 34.10
3138 33.97
3560 33.05
3536 33.52
3638 33.50
3412 33.35
7479 40.29
2292 36.70
3728 36.26
3656 36.31
3484 36.07
3228 35.31
