6709 43.62
3681 39.39
4820 37.56
5110 36.61
5176 35.87
3080 35.92
3490 35.02
4578 33.48
4880 33.43
4498 33.94
3911 33.05
4299 32.96
5507 33.47
3562 33.17
4588 32.74
4660 32.71
9275 40.67
3967 36.93
5385 35.83
3671 36.20
3754 35.34
5087 34.00
3992 33.86
3796 33.81
4362 33.76
4887 32.78
5029 32.25
3880 32.29
4822 32.23
4311 32.46
4469 32.27
5377 31.85
9500 39.37
3223 36.23
4589 34.79
4543 34.10
4331 33.42
4762 33.79
4382 33.66
4205 33.09
4627 32.83
4434 32.61
4734 32.03
4039 32.19
4244 32.15
4868 31.68
4606 31.37
5434 32.15
9247 40.05
3811 37.06
5159 35.21
3711 34.50
4903 34.16
3923 33.79
4568 33.29
4522 32.92
4514 32.66
4454 32.37
4672 32.43
4197 31.99
4186 31.78
4914 31.24
5061 30.99
4999 30.76
9893 39.23
3069 36.00
4749 34.37
4837 33.64
4156 32.89
4784 32.70
4150 32.43
4091 33.06
4319 32.59
5130 32.12
3649 32.06
5135 32.27
4288 32.73
4192 32.43
4812 32.44
4031 32.60
9734 40.21
3976 36.56
5203 35.51
4203 34.21
4092 33.96
4425 33.03
4594 32.92
4029 32.85
4277 32.26
4434 32.30
5190 31.64
3867 31.98
5054 31.47
4363 31.72
4294 31.57
4391 31.48
9402 39.36
3727 35.98
5192 34.80
3866 34.26
4376 33.59
3803 33.45
4449 32.85
5258 32.17
3441 32.13
4778 31.67
4712 32.39
3857 32.51
4451 31.77
4991 31.70
4712 31.44
4460 31.28
9263 39.82
3654 36.67
4391 35.33
4905 34.41
4188 33.70
4065 33.21
4129 33.17
4999 32.22
4442 32.32
3924 32.23
4331 31.43
4791 31.34
4359 30.93
4340 30.65
6681 31.89
3469 31.78
9572 38.39
2875 37.14
4805 36.02
4056 35.32
4487 34.15
4500 33.53
4482 33.24
4026 33.08
4306 32.81
4786 32.50
4140 32.31
4524 31.69
4112 31.59
4834 31.63
5404 31.43
4241 31.69
9727 38.49
3581 34.72
5352 33.87
4904 34.14
4568 34.13
3548 33.60
