7817 42.61
4139 38.31
5209 36.54
3845 36.66
4656 35.87
4697 34.86
4605 33.79
4706 32.89
5055 32.97
5214 33.02
4256 32.53
5059 32.27
5498 33.05
4110 32.61
5282 31.86
5162 31.62
10451 39.87
4502 36.18
5765 35.14
3397 35.81
4841 34.33
5184 33.22
4666 33.00
5088 32.70
4893 32.43
5054 31.94
5499 31.53
5040 31.33
4693 31.75
5275 31.50
5101 31.59
5607 31.24
10896 38.43
3069 36.42
4968 34.27
5929 33.03
4443 32.72
5136 33.01
4697 32.82
5137 32.25
4699 32.34
5223 31.69
5301 31.40
5266 31.28
4464 31.35
4999 31.08
4777 31.09
6326 31.33
10667 39.01
3527 36.54
4930 34.85
5331 33.61
5088 33.59
4564 32.73
4816 32.73
5030 32.18
4612 32.02
5022 31.66
5413 31.90
5265 31.19
5092 30.85
4979 30.85
5360 30.59
4702 30.76
10545 38.81
4201 34.95
5343 33.52
4575 33.21
4356 32.53
5283 32.16
4749 31.97
5624 31.86
4432 31.98
5084 31.77
3548 31.87
5203 32.22
4757 32.33
5631 31.68
5935 31.61
6062 31.05
10752 39.57
3256 36.53
5138 34.92
5094 33.84
5107 33.35
4412 32.84
4749 32.58
4885 32.17
4485 31.62
5232 31.32
5356 31.04
4902 31.02
5512 30.79
5518 30.58
4361 30.86
5267 30.63
10655 38.55
3642 35.54
4921 34.31
5307 33.39
4425 33.09
5278 32.32
4084 32.37
5050 31.91
4337 31.43
5882 30.79
7154 31.03
5734 30.85
4021 31.21
4901 31.19
5113 30.74
4861 30.66
11031 38.69
3193 36.09
5571 34.44
5331 33.46
4559 33.00
4981 32.32
4710 32.07
4760 31.60
4961 31.59
4595 31.62
4768 30.66
5453 30.53
4803 30.29
5100 29.72
7640 31.10
5307 30.62
11107 37.35
2657 36.52
4895 35.41
5558 34.04
5749 32.85
4564 32.72
3927 32.84
4731 32.46
5765 31.82
5217 31.62
4233 31.55
4731 31.47
5421 30.50
5288 30.87
5230 30.93
5174 30.81
10897 37.63
3396 34.12
5108 33.72
5563 33.95
4518 34.04
4584 32.99
