7671 32.22
3636 31.12
5130 29.97
5198 29.00
5400 27.63
5400 27.57
5581 26.50
5732 26.26
6192 26.76
5748 26.16
6217 25.79
5577 25.89
5992 26.26
5840 25.59
5912 25.20
6043 24.87
9593 27.54
5166 25.65
5681 24.24
5839 23.58
5802 23.87
5883 24.12
5908 24.12
6127 23.63
5875 23.91
5764 23.85
5801 23.50
5947 23.23
6218 22.96
6654 23.47
6916 22.85
6760 23.10
9972 26.75
4307 26.22
5785 24.94
5898 24.20
5297 24.24
5895 23.02
6060 23.13
6018 22.90
5700 23.33
5320 23.43
6064 22.76
5757 23.33
5658 23.12
5811 22.87
5947 23.02
5685 22.74
10494 26.18
4601 25.45
6655 23.34
5494 23.54
5764 23.58
5827 23.17
5702 23.80
6470 22.99
6754 22.94
7210 22.69
5956 24.12
6978 23.38
7178 22.86
6977 22.99
6713 23.05
7098 22.63
10478 27.10
4568 26.15
6089 24.32
6205 23.59
5852 24.13
6255 23.72
5926 24.35
6250 23.93
5810 23.96
6022 24.18
6167 24.28
7127 24.19
7140 23.60
7259 23.88
7591 23.61
7239 24.42
10720 27.28
5202 27.03
6504 25.09
6259 25.16
6120 25.18
5856 25.44
5895 26.03
6295 25.50
6052 25.53
6031 25.58
6074 25.38
5617 25.62
6039 25.98
6865 25.90
7023 25.88
7043 26.02
11129 27.26
5402 27.92
5928 28.23
6145 27.99
6732 27.85
6287 27.46
5780 28.07
5775 27.50
6026 27.70
5835 27.37
6185 26.48
5658 26.93
5949 26.83
6492 26.77
6001 26.94
6053 27.28
11619 27.55
5059 28.39
6348 28.35
6512 28.12
6220 28.53
5960 29.00
5971 29.01
5744 29.01
