8363 31.30
3912 31.33
5431 28.91
6236 27.52
5901 27.21
6093 26.19
5894 26.17
6094 25.74
6885 25.67
6249 25.39
6308 25.69
6297 25.39
6416 25.75
6552 24.70
6195 24.80
6345 24.24
11194 26.19
4506 25.97
6560 23.89
6229 23.35
6395 23.09
6584 22.94
6340 23.30
6968 22.74
6047 23.41
6554 22.82
6427 22.57
6743 22.52
7480 22.16
7638 22.11
7809 21.81
7606 22.03
11334 25.72
4630 26.22
6469 23.81
6589 23.07
5781 23.48
6567 22.85
6072 22.43
6413 22.59
6095 22.32
6218 22.34
6287 22.16
6521 22.16
6713 22.22
6279 22.14
6492 22.33
6334 22.43
11612 25.45
5186 25.50
6600 23.35
6614 22.56
6475 22.56
6509 22.53
6204 22.95
6407 22.96
6563 22.80
6520 22.94
6472 23.18
6953 23.31
6864 23.62
7376 22.99
7282 22.52
8021 22.12
11761 26.14
5120 24.89
6447 23.55
6606 22.79
6513 23.11
6764 23.06
6538 23.54
6764 23.47
6303 23.27
6727 23.47
6746 23.49
7794 23.00
7527 23.17
7686 23.24
8389 22.92
8228 23.22
12001 26.41
5528 26.42
6849 24.91
7200 24.17
6775 24.52
6475 24.74
6787 24.50
6544 25.31
6660 24.68
6743 24.73
6813 24.67
6303 25.00
6617 25.37
7389 24.87
7516 25.15
7897 25.28
12245 26.50
5808 26.96
6430 27.18
6789 26.80
6943 27.28
6630 27.39
6554 27.61
6644 26.60
6528 26.99
6464 26.49
6672 26.25
6225 26.46
6384 26.41
6641 26.73
6746 26.28
6947 26.48
12744 26.80
5666 27.78
6634 28.01
6977 27.76
6627 28.16
6788 27.76
6736 28.19
6320 27.78
