9719 29.86
4687 29.16
6679 27.86
7414 26.39
7310 25.31
6769 25.51
7185 24.33
7553 24.15
7901 24.37
7667 24.14
7755 23.81
7501 24.12
7431 24.31
7128 23.86
8089 23.27
7356 22.98
12990 25.11
6173 23.86
7818 22.09
7436 22.13
7387 21.96
7997 21.62
8342 21.87
7478 22.03
7211 21.96
7831 21.89
7495 21.55
8049 21.09
9341 20.55
9110 20.93
8866 20.95
6836 22.20
13146 24.65
6023 23.91
7534 22.93
7479 22.03
7491 21.45
7255 21.38
7210 21.40
7245 21.49
7625 21.10
7545 20.94
7281 21.07
7704 20.99
7852 20.96
7510 20.92
7979 20.91
7688 20.87
13320 24.39
6535 23.52
7916 21.66
7415 21.57
7897 21.32
7622 21.66
7472 22.12
7372 21.84
7498 21.93
7862 21.90
7674 22.01
7971 22.32
7877 22.42
8951 21.58
8652 21.37
9073 21.23
13474 25.14
5826 23.86
8125 22.42
7788 21.52
7937 21.55
7659 22.12
7479 22.37
8135 22.18
7781 21.82
8193 21.80
7869 22.58
9329 22.14
8685 22.10
9375 21.88
9757 21.72
9580 22.05
14148 25.05
6649 24.84
7807 23.51
7780 23.58
7571 23.15
8131 23.02
7771 23.49
8227 23.49
7434 23.59
7494 23.65
8036 23.35
7877 23.40
8874 22.82
9071 23.41
9180 23.42
9157 23.75
14297 25.31
6433 26.54
8057 25.90
8005 25.94
8227 25.87
7929 25.80
7789 25.54
7724 25.92
7706 25.55
7614 25.74
7523 25.43
7584 24.80
7908 24.68
8795 24.53
7903 24.96
7784 25.51
14346 25.90
6911 26.63
8173 26.06
7923 26.65
8088 26.39
7718 26.66
7623 26.95
7405 26.99
