10331 29.19
5428 27.66
6882 27.23
8008 25.41
7819 24.92
7336 24.40
7778 23.63
7969 23.58
8732 23.73
8159 23.74
8432 23.42
9462 22.80
9411 22.87
7603 23.58
7622 23.34
8006 22.71
14312 24.48
6461 23.63
8534 21.67
7820 21.44
7805 21.44
8499 21.11
8479 21.51
8528 21.27
8184 21.55
7831 21.47
7770 21.31
8444 20.76
9594 20.48
9972 20.19
9917 20.24
9401 20.27
14324 24.06
6602 23.36
8193 22.08
8180 21.34
8368 20.78
7347 21.17
7903 20.70
8349 20.68
8089 20.69
7508 20.83
7791 20.67
8570 20.38
8291 20.72
8007 20.27
8389 20.52
7867 20.84
14813 23.65
6414 23.55
8336 21.53
8365 20.92
8311 20.78
7868 21.10
8061 21.08
8642 20.79
8226 21.27
8311 21.38
8244 21.70
8823 21.67
9668 21.22
9667 20.81
9871 20.68
9747 20.58
15008 24.37
6220 23.55
8341 21.66
7961 21.18
8616 21.28
8495 21.45
7861 21.96
8168 21.84
8561 21.40
8620 21.57
8699 21.61
10283 21.54
9758 21.59
9733 21.52
10353 21.56
10177 21.64
15048 24.60
6821 24.78
8651 22.84
8561 22.89
8144 22.95
8450 22.56
8803 22.75
8387 22.95
8203 22.92
7863 23.16
8316 23.02
8081 23.48
9230 22.75
9588 23.12
10090 22.85
9841 23.49
15504 24.71
6861 25.43
8419 25.37
8737 25.01
8853 24.99
8609 25.21
8914 24.88
8436 24.80
8348 24.89
7909 25.02
8161 24.80
7877 24.54
8740 24.26
9493 24.10
9615 23.57
9648 23.90
16167 25.01
7304 25.69
8967 25.89
8865 25.63
8800 25.60
8664 26.12
8615 26.15
8060 26.09
