11197 28.62
5758 27.86
7898 26.03
8508 25.05
8114 24.51
8114 23.88
8476 23.36
8873 22.78
9729 22.98
8514 23.22
8486 23.40
8560 23.03
8482 22.85
8670 22.90
9187 22.29
8708 22.01
15418 23.89
6898 23.17
7977 21.93
8712 21.15
8286 21.23
9173 20.51
9705 20.70
8392 20.87
8439 21.29
8786 20.83
9098 20.36
8857 20.35
9714 20.00
10559 20.01
9991 20.07
9324 20.48
15476 23.49
7111 23.03
9100 21.30
8878 20.97
8515 20.60
8264 20.49
8325 20.55
8185 20.41
8884 20.07
8491 20.01
8561 19.93
8873 19.97
9069 19.99
8631 19.98
9210 19.88
9079 19.80
15369 23.30
7053 22.48
9418 20.77
8796 20.52
8814 20.43
8483 20.62
8437 21.04
8503 20.70
8808 20.83
8750 20.88
9040 20.84
10820 20.76
10383 20.55
10764 20.11
10518 20.07
10737 19.99
15517 24.14
7260 22.64
9134 21.06
8214 21.00
9007 20.85
8556 21.34
8956 21.17
8861 21.25
8953 20.94
9261 21.11
9174 21.34
10782 21.14
10276 21.01
10628 21.01
11198 20.92
11034 21.21
16160 24.04
7797 23.83
9301 22.18
9402 22.26
8837 22.42
8800 22.26
9079 22.41
9304 22.31
8584 22.50
8361 22.73
8875 22.63
9117 22.37
10030 22.21
10428 22.33
10631 22.41
10522 23.02
16508 24.26
7427 25.06
8914 24.72
9409 24.79
9431 24.76
9178 24.88
8741 25.07
8392 25.08
8915 24.51
8359 24.85
9245 23.82
9142 23.48
8595 24.01
9710 24.07
8301 24.57
9248 24.24
16572 24.83
7827 25.00
8667 25.72
9181 25.62
8829 25.54
9027 25.47
9059 25.69
8696 25.53
