11561 28.31
6141 27.36
7978 25.78
8918 24.71
8479 24.43
9009 23.33
8573 23.08
8650 22.93
9439 23.26
8942 23.04
9468 22.71
9880 22.29
10668 21.92
8611 22.52
8632 22.31
8573 22.16
16416 23.44
6849 23.23
9001 21.07
8975 20.84
8843 20.65
9521 20.26
9636 20.66
9065 20.72
8252 21.08
9589 20.50
9048 20.38
9312 20.07
9971 19.85
10908 19.87
10395 20.12
10246 20.09
16620 22.92
6941 23.15
8857 21.40
9191 20.68
8211 20.55
9035 20.06
9339 20.00
8900 20.17
8961 19.85
8352 20.00
8874 19.61
8918 19.91
9378 19.83
8993 19.70
9381 19.76
8596 20.02
16283 22.91
7169 22.64
9337 20.69
9240 20.36
8800 20.37
8887 20.25
8994 20.64
9713 20.17
10086 20.12
9420 20.70
9069 20.72
10782 20.49
10904 20.35
10868 19.99
10865 20.04
11013 19.99
16536 23.64
7080 22.71
9457 20.89
9003 20.56
9508 20.46
8881 21.00
9172 20.75
9339 20.93
9443 20.78
9385 20.89
9515 21.08
10878 20.94
10652 20.85
11026 20.79
11462 20.69
11655 20.98
16731 23.76
7954 23.60
9490 22.17
8805 22.15
9366 21.90
9674 21.56
9888 21.63
9109 22.21
9108 22.21
9582 22.01
9527 22.29
8993 22.46
10019 21.91
10413 22.39
10904 22.05
10955 22.71
17056 24.00
7640 25.05
9549 24.36
9905 24.14
10121 24.39
9503 24.20
9019 24.66
8583 24.79
9356 24.41
8816 24.27
8761 24.33
9538 23.71
9720 23.75
10927 23.10
10693 22.86
10956 22.90
16976 24.63
8394 24.66
8892 25.61
9505 25.18
9483 25.18
9075 25.31
9217 25.48
8524 25.78
