11943 28.05
6318 27.06
8384 25.62
9147 24.63
9213 23.71
8640 23.55
8620 22.88
9176 22.63
9599 22.96
9030 22.95
9617 22.61
9679 22.30
9707 22.26
9243 22.04
9204 22.07
9440 21.48
16504 23.35
7207 22.63
8893 21.20
9344 20.58
8701 20.61
9336 20.25
8967 21.05
9727 20.37
9019 20.67
9397 20.33
9310 20.18
9639 19.81
10775 19.56
11436 19.27
11066 19.41
11055 19.31
16436 23.01
7330 22.60
9556 20.77
9077 20.53
9582 20.00
9543 19.79
9266 19.87
8663 20.14
9076 19.68
8854 19.99
8694 19.77
9380 19.77
9570 19.59
9367 19.53
9587 19.74
9152 19.76
16974 22.59
7587 22.38
9145 20.71
9902 20.14
9795 19.96
9211 20.06
9448 20.40
9397 20.26
9200 20.42
9799 20.38
9137 20.74
9708 20.74
9424 21.03
9667 20.47
9036 20.91
10867 20.12
17162 23.30
7146 22.23
10132 20.63
9068 20.37
10209 20.08
10129 20.24
9236 20.74
9319 20.93
9556 20.42
9974 20.53
9749 20.85
11135 20.84
11264 20.64
11336 20.53
12067 20.43
11521 20.90
17887 23.21
8044 23.40
9625 21.77
9554 21.87
9391 21.94
9663 21.43
9809 21.65
10144 21.60
8970 22.22
9121 22.16
9951 21.83
9772 22.10
10837 21.60
11068 21.92
10978 21.92
11499 22.22
17673 23.74
7952 24.59
9461 24.46
9887 24.20
10022 24.42
9845 24.26
10040 23.93
9755 24.11
9424 24.08
9076 23.99
9105 23.94
9778 23.38
9467 23.38
11037 23.35
10912 22.74
11199 22.84
18508 23.97
8578 24.68
9286 25.23
9583 24.82
9964 24.82
9281 25.21
9607 25.31
9205 25.30
