12729 27.46
6725 26.54
9091 24.86
10083 23.77
9424 23.35
9593 22.76
9297 22.56
9298 22.39
10148 22.77
10040 22.33
9938 22.20
9475 22.46
9701 22.39
10096 21.61
10351 21.39
9589 21.18
18501 22.44
7418 22.70
10099 20.41
9860 20.09
9854 19.91
10123 19.78
9762 20.37
9743 20.06
10223 20.05
9688 20.30
10205 19.71
9984 19.58
11008 19.36
11882 19.21
11475 19.25
11623 19.18
18301 22.12
7816 22.42
9908 20.48
9949 19.96
9722 19.64
9433 19.60
9374 19.83
9259 19.70
9805 19.25
10143 19.10
9333 19.22
9454 19.60
9216 19.70
10319 19.16
10489 19.25
10109 19.21
17926 22.18
8197 21.80
10266 20.18
10449 19.68
9992 19.74
9379 19.91
10045 19.82
10254 19.88
9752 20.14
10157 20.09
9913 20.46
10338 20.71
9841 20.65
10329 20.06
10271 20.20
11882 19.78
18060 22.94
7844 21.99
10332 20.32
10086 19.76
10140 19.99
9835 20.28
9807 20.26
10298 20.32
10505 20.11
10029 20.32
10775 20.39
11807 20.31
11925 20.04
12191 20.05
12847 20.07
12302 20.40
18347 23.07
8693 22.75
10003 21.56
10144 21.40
9822 21.40
10192 21.07
10381 21.32
10763 21.35
9629 21.63
9581 22.01
10225 21.72
10107 21.69
11240 21.25
11791 21.66
11919 21.55
12010 21.76
18721 23.32
8474 24.23
9908 23.92
10587 23.75
10584 23.97
10315 23.83
9994 24.08
9499 24.19
10423 23.28
9832 23.50
10365 22.93
9721 23.33
10278 22.79
11466 22.66
11861 22.29
11772 22.54
18633 23.96
9202 24.14
9721 24.80
10247 24.68
9884 24.96
10165 24.80
10019 24.80
9871 24.81
