13061 27.22
6965 26.04
9243 24.66
9850 23.94
9698 23.25
9429 22.77
9949 22.01
10151 21.88
11762 21.62
9598 22.29
10082 22.10
9291 22.25
10266 21.78
10377 21.44
10428 21.37
10258 20.88
19165 22.19
7392 22.65
10332 20.45
9818 19.97
10408 19.67
10014 19.73
9939 20.10
10359 19.80
10338 19.87
10472 19.74
10230 19.79
10234 19.53
11501 19.24
11677 19.12
11991 19.07
11732 18.94
18890 21.91
8079 21.99
10244 20.08
10332 19.69
9740 19.58
9851 19.35
10015 19.44
9744 19.42
9986 19.23
9971 19.13
9971 18.98
10232 18.92
10668 18.91
10268 19.10
10409 19.19
9550 19.39
18497 21.95
8239 21.45
10787 19.92
10145 19.68
10280 19.52
9926 19.67
9838 19.95
9964 19.73
10021 19.90
10521 19.92
10128 20.13
10724 20.32
10850 20.28
11691 19.59
11962 19.26
12962 19.26
18505 22.74
8095 21.65
10339 20.26
10427 19.66
9778 20.04
10884 19.77
10201 20.03
10725 20.17
10430 20.01
10619 20.14
10751 20.20
12079 20.10
12242 19.94
12643 19.81
13034 19.87
12479 20.45
18750 22.88
8948 22.58
10285 21.36
10592 21.16
10240 21.15
10307 21.05
10937 21.12
10660 21.19
10031 21.28
9907 21.57
10562 21.44
10521 21.60
11707 21.19
12067 21.41
12373 21.37
12250 21.73
19302 23.06
9083 23.87
9650 24.23
10341 23.92
11293 23.24
10181 23.57
10018 23.97
9897 23.81
10279 23.52
10275 23.15
10564 22.84
10039 23.03
10843 22.71
12020 22.45
12083 22.27
11861 22.48
19232 23.72
9516 24.18
9911 24.79
10539 24.34
10699 24.09
10283 24.34
10705 24.40
10607 24.23
