1589 51.00
708 50.92
758 50.74
735 49.88
747 47.56
717 46.09
720 46.45
917 44.52
992 44.32
922 43.02
1027 42.57
954 41.64
1087 41.09
1016 41.41
929 41.10
1102 39.73
1277 51.00
1038 41.01
852 41.27
866 39.71
943 40.63
983 39.87
1018 39.22
983 39.95
1006 39.22
1036 39.06
1154 38.32
974 38.51
1106 38.85
1147 38.96
1079 39.56
889 39.62
1268 50.76
777 43.18
1033 41.23
780 42.38
1030 39.32
891 40.24
1009 39.55
969 40.73
986 38.71
1034 39.04
1040 37.61
1084 38.29
1078 39.55
1022 38.65
1049 38.91
1120 37.96
1416 48.00
1134 40.05
1051 40.68
1039 40.71
993 39.39
1020 39.55
1023 40.77
1078 40.10
1100 39.23
1203 39.72
1097 40.22
1132 39.98
1114 38.88
1100 39.83
1056 38.93
1196 37.59
1640 46.79
1125 40.71
965 41.63
1045 40.77
1106 39.06
1056 41.44
1007 40.98
1150 40.49
1063 39.87
1074 39.38
1211 39.87
1195 39.11
1153 40.33
1149 41.69
1099 40.34
1324 38.92
1885 45.80
968 44.00
1128 41.85
1151 41.63
1130 41.64
1060 41.62
1118 41.36
1183 41.53
1082 41.86
1107 40.65
1137 40.76
1072 41.61
1077 41.20
1253 41.07
1274 40.62
1360 40.56
1988 45.72
996 43.95
1214 43.64
1163 43.05
1233 43.44
1138 42.27
1171 42.77
1108 42.86
1051 42.23
902 42.35
1035 41.58
1171 41.65
1087 41.03
1152 42.31
1100 42.51
1143 41.00
2135 45.42
911 46.26
1216 44.93
1150 43.86
1087 44.97
1030 44.83
1181 44.05
1132 44.64
