15826 25.59
9000 24.47
11530 22.92
12155 22.32
11735 21.75
11283 21.48
11271 21.02
12007 20.69
14092 20.52
11907 20.97
12893 20.53
14025 20.11
14396 19.78
12268 20.14
11591 20.20
11349 19.98
22649 21.08
9860 20.86
11887 19.27
12300 18.74
11866 18.73
12780 18.55
12594 18.74
12216 18.80
13061 18.79
12550 18.73
12873 18.50
12181 18.41
14296 18.13
14031 18.20
14292 18.26
14557 18.09
23383 20.52
9936 20.34
11986 19.16
12472 18.59
11316 18.58
12170 18.18
12316 18.35
12146 18.27
12125 18.32
11079 18.41
12190 17.88
12292 17.90
12837 18.04
12150 18.27
12723 18.31
12419 18.38
22233 20.80
9953 20.20
12684 18.91
12730 18.60
12172 18.72
11264 18.94
12842 18.63
12235 18.82
12253 18.88
12052 18.99
12629 19.02
14931 18.86
13882 19.04
14989 18.48
14659 18.53
15439 18.53
22288 21.45
9161 20.43
12914 19.01
12524 18.68
12094 18.91
12229 18.88
11939 19.25
12727 19.07
12678 18.90
12468 19.05
12915 19.02
14418 19.20
14559 18.97
15099 18.86
15878 18.89
15151 19.25
23100 21.35
11148 21.03
12117 20.20
12591 19.92
12240 19.82
12410 19.64
13114 19.78
12839 19.93
11987 20.26
11858 20.41
12819 20.09
13130 20.06
14491 19.63
14442 20.02
14755 20.23
14691 20.53
23336 21.80
11158 22.25
11870 22.53
12634 22.30
13014 22.22
12630 22.32
12645 22.12
12286 22.16
12703 22.08
11773 22.09
12002 21.84
12401 21.72
12618 21.41
14088 21.29
14512 20.94
14595 21.14
23999 22.08
11708 22.50
11592 23.27
12731 23.09
12683 23.04
12231 23.15
12330 23.22
11427 23.84
