16193 25.42
9347 24.02
11824 22.75
12795 21.84
11883 21.61
11965 21.01
11954 20.65
12392 20.44
14234 20.45
12023 20.76
12358 20.53
12065 20.58
12142 20.75
12641 20.07
12748 19.93
12496 19.69
23818 20.74
10035 20.74
12248 19.17
12337 18.62
12573 18.49
12412 18.54
11795 18.94
12177 18.67
13394 18.66
12714 18.55
13558 18.27
12122 18.50
14832 17.90
14419 18.02
14770 18.00
14495 18.03
23768 20.36
10201 20.28
12161 18.99
12356 18.62
12014 18.38
12161 18.20
12981 18.11
12247 18.25
12568 18.02
12338 17.87
11659 18.05
12057 18.26
12776 18.10
12897 17.98
13024 18.26
12810 18.14
22850 20.60
10248 20.04
12944 18.82
13230 18.46
11933 18.68
12203 18.61
12836 18.55
12666 18.61
12167 18.92
12862 18.80
12397 19.09
12664 19.16
12737 19.39
12938 19.03
12666 19.06
15006 18.48
22931 21.24
10156 20.10
12392 19.09
13284 18.33
12391 18.68
12688 18.81
12127 19.04
13738 18.72
12274 18.99
12455 19.10
13002 19.08
14788 18.96
15085 18.77
15210 18.74
16341 18.85
15681 19.22
23700 21.18
11324 21.05
12275 20.17
12496 19.84
12636 19.69
12812 19.52
12847 19.89
13291 19.77
12351 20.13
12187 20.33
13084 19.99
13428 19.89
14548 19.48
15081 19.87
15120 20.05
14856 20.43
23975 21.56
11471 22.16
12091 22.48
12669 22.17
13449 21.89
12841 22.05
12637 22.13
12614 22.18
12814 21.83
12197 21.93
13333 21.38
11965 21.69
12206 21.74
14468 21.22
12964 21.49
12611 22.00
24607 21.90
11506 22.66
11972 23.07
13098 22.93
12883 22.75
12811 22.73
13472 22.74
12813 22.72
