16940 25.04
10131 23.69
14194 22.13
14238 21.12
12342 21.19
12168 20.71
12474 20.34
13018 20.12
14795 20.19
12750 20.49
14087 20.04
14187 19.69
15674 19.25
12557 19.95
12568 19.85
12365 19.57
24500 20.50
10830 20.06
13198 18.66
12774 18.41
13557 18.21
12825 18.34
12662 18.54
13172 18.46
13149 18.50
14064 18.28
12685 18.43
14214 17.88
14854 17.74
16185 17.75
15025 18.03
15529 17.73
24919 20.04
10949 19.53
12695 18.68
13290 18.18
12146 18.26
13188 17.92
13277 17.89
13079 18.04
12629 17.93
12071 17.91
13170 17.54
12781 17.92
12942 17.97
13601 17.80
16232 17.61
15085 17.67
24248 20.15
10971 19.63
13017 18.60
13805 18.16
13067 18.38
12434 18.47
12830 18.56
13861 18.26
12491 18.71
13294 18.60
13206 18.80
13462 19.00
13687 18.95
14945 18.32
15550 18.27
16668 18.00
23816 20.99
10858 19.72
12972 18.83
13269 18.28
13430 18.35
12689 18.68
13246 18.56
13389 18.77
13016 18.68
14057 18.63
12963 19.04
15611 18.78
15659 18.66
15571 18.87
16565 18.73
16483 19.05
24895 20.82
11871 20.76
12767 19.83
12759 19.69
13137 19.41
13202 19.31
14027 19.35
13614 19.49
12764 19.80
12934 19.93
13919 19.69
13992 19.58
15237 19.24
15464 19.51
15913 19.75
15822 19.97
25050 21.29
12018 21.84
12448 22.23
13485 21.77
13860 21.61
13814 21.77
13330 21.78
12902 21.91
13628 21.63
12769 21.49
13628 21.20
12826 21.38
12811 21.21
15193 20.70
13575 21.07
13220 21.62
25808 21.59
12136 22.30
12377 22.96
13519 22.37
13290 22.56
13503 22.45
13526 22.64
12725 22.88
