18158 24.45
10929 23.13
15335 21.45
15823 20.52
13021 20.65
13344 20.11
13124 19.95
14064 19.64
15782 19.74
13284 20.07
13486 20.05
12848 20.02
14274 19.71
13846 19.49
13936 19.22
14263 19.00
26807 19.85
11797 19.55
13923 18.35
14506 17.86
13260 18.02
13465 18.15
14083 18.16
13866 18.15
14768 18.04
14469 18.11
14531 17.89
14173 17.73
16679 17.47
17262 17.47
16169 17.63
16096 17.63
26714 19.53
11577 19.21
14343 18.16
13343 18.10
13723 17.73
13368 17.80
12969 17.86
13640 17.82
13394 17.66
13059 17.60
13580 17.36
14129 17.44
14160 17.63
14341 17.65
16931 17.42
17089 17.42
26986 19.34
12123 19.08
14056 18.17
14184 18.03
13903 18.04
13297 18.17
14170 18.16
14153 18.11
13679 18.27
14115 18.30
13653 18.62
14370 18.71
14440 18.67
16650 18.11
15564 18.19
17978 17.76
26414 20.18
11022 19.34
14338 18.21
13571 18.02
14212 18.05
14084 18.21
13659 18.28
14820 18.34
14454 18.27
14168 18.41
14720 18.43
16797 18.48
16741 18.46
16608 18.50
17312 18.58
17097 18.73
26294 20.42
12171 20.46
14392 19.30
13652 19.25
14427 18.86
14201 18.84
15606 18.79
14140 19.33
13576 19.51
13527 19.66
14504 19.35
15121 19.26
16483 18.88
16384 19.22
17082 19.27
16751 19.83
26744 20.78
12765 21.33
13131 21.77
14343 21.25
14521 21.22
13833 21.46
13964 21.38
14171 21.26
14468 21.25
13662 21.14
14592 20.67
13367 21.07
13532 21.02
15492 20.79
14678 20.72
13967 21.20
27555 21.13
13670 21.54
13700 21.90
13885 22.34
14319 22.13
14291 22.12
14976 21.81
14343 21.98
