2338 49.79
927 45.30
1160 42.93
1198 41.38
1241 40.83
1289 40.30
1141 39.61
1263 40.52
1431 39.98
1284 39.40
1386 39.76
1337 38.82
1346 38.30
1281 38.39
1389 38.84
1385 36.65
1752 45.77
1336 39.32
1208 38.64
1185 38.85
1251 37.98
1205 37.81
1261 38.18
1259 37.22
1297 37.12
1256 36.66
1285 36.59
1372 35.00
1463 35.31
1489 36.33
1430 36.91
1225 36.98
1890 43.37
1459 39.20
1216 39.21
1214 37.71
1191 37.24
1249 37.25
1280 36.55
1162 37.69
1407 35.53
1364 37.17
1288 35.30
1490 36.90
1386 37.38
1259 35.45
1326 35.81
1256 36.43
2053 41.59
1459 38.20
1298 38.76
1372 36.62
1253 37.97
1318 37.53
1258 36.55
1427 37.28
1377 37.37
1372 36.79
1480 37.45
1518 38.14
1451 37.99
1323 36.58
1472 36.66
1696 36.22
2346 41.65
1181 38.94
1377 37.56
1318 38.51
1322 38.20
1250 39.02
1335 38.15
1415 37.64
1397 37.64
1437 37.36
1514 36.76
1545 38.12
1399 36.91
1505 37.93
1641 37.77
1707 37.18
2416 41.83
1258 40.57
1460 39.53
1401 39.58
1378 39.84
1421 38.50
1404 40.20
1441 39.33
1452 39.35
1410 39.44
1404 38.87
1323 40.35
1436 39.26
1549 38.09
1650 37.07
1736 38.57
2493 42.26
1288 41.57
1440 41.53
1437 41.02
1397 41.07
1464 40.90
1460 40.67
1383 40.23
1300 40.02
1277 40.32
1331 39.48
1460 39.65
1319 38.73
1460 39.89
1513 39.80
1470 38.78
2691 42.55
1083 43.78
1491 42.13
1531 42.11
1372 42.28
1361 41.70
1444 41.81
1383 41.61
