18509 24.27
11243 22.91
15414 21.31
16209 20.35
12869 20.75
13667 20.00
13424 19.89
13514 19.79
16248 19.61
13587 20.04
14075 19.70
13712 19.75
14267 19.66
14117 19.31
14138 19.18
13947 18.94
27481 19.69
12407 19.33
13347 18.53
15389 17.62
13434 17.99
14086 17.99
13890 18.12
14410 18.08
15057 17.96
14926 17.85
14801 17.75
14513 17.61
17096 17.37
17698 17.44
16069 17.58
15516 17.85
27343 19.35
11860 19.06
14180 18.17
14153 17.82
13642 17.70
13807 17.56
14728 17.50
15031 17.46
13750 17.52
12853 17.74
13916 17.40
14330 17.43
14434 17.53
14794 17.50
17018 17.44
17337 17.34
26090 19.60
11922 19.19
14645 18.05
14557 17.88
14218 17.95
13909 17.92
14208 18.10
14541 18.01
13967 18.11
14670 18.14
13986 18.61
15041 18.59
14284 18.70
14389 18.47
13586 18.61
17468 18.04
26991 20.05
10858 19.55
14658 18.11
14549 17.81
14106 18.03
14711 18.09
13716 18.26
13936 18.47
15157 18.07
14804 18.30
14900 18.29
17325 18.31
16941 18.30
17020 18.40
18094 18.46
17728 18.54
27051 20.22
13361 19.90
13907 19.39
14037 19.15
14086 18.99
14387 18.71
14668 18.97
15799 18.78
15058 18.92
14630 19.10
14248 19.50
13910 19.62
16117 19.10
16943 19.29
17171 19.39
17131 19.56
27374 20.62
12975 21.19
13464 21.54
14829 21.14
14981 21.16
14733 21.18
14860 21.07
14651 20.93
14415 21.07
13901 20.99
15221 20.48
13340 21.12
14043 20.68
15776 20.67
15037 20.49
14273 21.10
28012 21.02
13389 21.66
13369 22.30
14924 21.81
14887 21.77
14206 22.08
14254 22.31
13424 22.60
