19740 23.74
12317 22.36
16493 20.77
16413 20.20
14185 20.23
14357 19.67
14265 19.43
15817 19.02
17781 19.04
15377 19.32
17228 18.93
17259 18.65
17825 18.53
14459 19.13
14371 19.10
14351 18.81
28907 19.32
12685 19.26
13552 18.58
15846 17.53
15037 17.48
15804 17.43
14871 17.72
14587 17.76
15639 17.77
16113 17.61
15722 17.54
15206 17.55
17585 17.10
18332 17.12
18122 17.20
17274 17.37
28862 18.97
12626 18.67
14486 17.99
15285 17.46
14552 17.53
14800 17.35
15626 17.09
15137 17.28
14853 17.20
13681 17.33
14827 16.98
15496 17.12
15540 17.27
15442 17.31
18345 17.17
18169 17.16
27958 19.14
12775 18.71
14693 18.03
16004 17.45
14766 17.69
14420 17.79
15595 17.64
15191 17.81
14757 17.98
15289 17.97
15173 18.09
18658 17.91
18398 17.93
18546 17.74
17316 17.74
18516 17.66
27385 19.96
12351 18.85
14510 18.12
15219 17.53
15773 17.63
15329 17.88
14296 18.19
14949 18.27
15336 18.04
15723 18.06
15770 18.09
17723 18.13
18330 17.91
18145 18.00
19817 18.06
18690 18.40
28634 19.79
13662 19.75
14031 19.25
15385 18.68
15106 18.60
15348 18.43
15911 18.65
15700 18.70
14884 18.97
14495 19.27
15100 19.16
15409 19.19
17152 18.72
17822 18.95
18058 19.07
18276 19.23
28769 20.30
13957 20.71
13981 21.26
15095 20.99
16379 20.58
15510 20.81
15105 20.89
14107 21.18
15673 20.63
14943 20.65
15804 20.22
14328 20.62
14656 20.47
16638 20.21
15065 20.47
14731 20.97
29722 20.55
14763 20.88
15059 21.52
15911 21.39
15282 21.62
15345 21.49
15348 21.75
14978 21.85
