20193 23.57
12836 22.19
16849 20.54
16996 20.02
13830 20.23
14995 19.58
14650 19.34
15870 18.96
18146 18.95
15434 19.20
16267 19.08
18011 18.80
18359 18.40
14944 18.89
14329 19.03
14722 18.76
29785 19.13
12696 19.13
13988 18.43
16187 17.37
15326 17.39
15241 17.57
14658 17.85
14422 17.89
16313 17.55
16378 17.48
16225 17.44
15308 17.50
18073 17.06
18928 17.03
18310 17.11
17848 17.12
29559 18.85
12955 18.60
15341 17.81
14915 17.45
15004 17.42
14972 17.15
15616 17.17
15523 17.15
15369 17.13
15535 16.90
14941 17.04
16059 16.96
15674 17.26
16307 17.09
18288 17.10
19080 17.03
29569 18.75
13615 18.41
15017 17.80
15051 17.70
15423 17.60
14981 17.55
15747 17.66
15337 17.71
15102 17.79
15443 17.84
15469 18.03
18872 17.76
18599 17.88
18848 17.62
18480 17.52
18389 17.68
29200 19.48
11712 18.89
16571 17.65
14242 17.76
14820 17.79
15536 17.82
15690 17.89
15850 18.00
15842 17.81
15756 18.02
16034 18.09
18862 17.95
17941 17.89
18296 17.96
19502 17.98
19139 18.21
28633 19.82
14351 19.61
14515 19.00
15029 18.88
15434 18.56
15743 18.32
15976 18.54
16122 18.52
15224 18.79
14821 19.08
15355 19.03
15656 19.13
17307 18.60
17719 18.80
18433 18.90
18911 19.08
29423 20.12
14208 20.64
14246 21.19
15318 20.89
16677 20.40
15698 20.62
15400 20.72
14523 21.14
15800 20.50
15468 20.32
15732 20.08
15026 20.43
15107 20.18
17932 19.68
18139 19.55
18406 19.62
30247 20.45
14997 20.90
15211 21.36
15513 21.68
15070 21.61
15836 21.41
16286 21.22
14762 21.81
