20540 23.43
12871 22.04
17309 20.45
17402 19.89
15036 19.98
14576 19.65
15016 19.22
16286 18.87
18574 18.86
15709 19.29
16607 18.96
17783 18.57
18080 18.62
15477 18.85
14419 18.96
15161 18.67
30440 18.99
13891 18.68
14158 18.18
16122 17.42
15677 17.30
16391 17.24
16067 17.43
15772 17.47
16711 17.39
16051 17.54
16764 17.25
14920 17.59
17643 17.20
18848 17.14
18283 17.19
19456 16.90
30222 18.71
14154 18.22
14897 17.94
15194 17.32
14981 17.41
15445 17.13
16265 16.99
15959 17.17
15298 17.16
14334 17.20
15381 16.92
16689 16.82
15827 17.19
16641 17.03
18809 16.95
19066 16.98
30432 18.57
13716 18.31
14207 18.04
16058 17.47
15304 17.58
15423 17.46
16115 17.50
15699 17.71
15998 17.58
15646 17.81
15706 17.93
19160 17.72
18787 17.79
18919 17.62
19299 17.44
18896 17.47
29725 19.39
12266 18.69
16417 17.56
14772 17.56
15439 17.71
15876 17.78
15356 17.80
16703 17.68
16254 17.77
15796 17.99
16520 17.92
19100 17.99
18827 17.87
18149 17.99
19469 18.01
19308 18.32
30556 19.34
14900 19.31
14545 18.91
14678 18.80
16512 18.24
16151 18.13
17232 18.17
15783 18.66
15496 18.76
15251 18.98
16302 18.76
17448 18.57
18191 18.38
18482 18.57
19091 18.67
18732 19.11
29755 20.07
14475 20.54
14584 21.09
16113 20.54
16459 20.47
16202 20.53
16240 20.42
15792 20.49
16485 20.31
15256 20.30
16484 19.98
14997 20.31
15293 20.20
17042 20.06
15641 20.28
15667 20.56
30643 20.37
15442 20.68
15471 21.35
16088 21.37
16259 21.15
15670 21.46
15792 21.67
14716 21.94
