20949 23.26
13242 21.93
17226 20.42
17858 19.78
15165 19.84
15217 19.45
15978 18.93
15988 18.87
19352 18.71
18537 18.71
19034 18.50
18931 18.33
19070 18.27
14917 19.04
14051 19.25
15532 18.58
30337 19.03
13678 18.82
15224 17.83
16986 17.12
15314 17.30
15382 17.49
15763 17.55
15808 17.45
17329 17.29
16615 17.44
16959 17.22
15252 17.48
18426 17.00
18750 17.04
18934 17.10
18906 17.07
31125 18.54
14162 18.16
16020 17.55
15406 17.27
15215 17.26
15462 17.12
16808 16.88
15937 17.09
15964 16.97
15844 16.81
14391 17.08
16057 16.95
15838 17.15
16656 17.04
19724 16.85
19077 16.86
31095 18.46
13976 18.23
14763 17.85
16370 17.34
15811 17.48
15464 17.42
16252 17.47
16488 17.48
18396 17.14
19449 17.28
19908 17.28
19193 17.53
19079 17.57
20419 17.25
18595 17.39
19574 17.30
30134 19.29
13318 18.39
15837 17.66
15757 17.32
16707 17.38
15776 17.68
15469 17.78
17159 17.66
16334 17.71
16278 17.83
16826 17.90
19361 17.92
18518 17.82
18893 17.87
19995 17.97
19765 18.12
31175 19.20
15270 19.15
14807 18.93
14845 18.72
16659 18.13
16332 18.10
17482 18.07
16285 18.48
15960 18.50
16789 18.52
16662 18.61
16578 18.78
17674 18.54
18999 18.68
19004 18.77
19844 18.84
30425 19.90
15481 20.07
15355 20.69
15150 20.93
15933 20.65
15153 21.00
15937 20.76
16261 20.41
16566 20.22
15590 20.32
16642 19.85
15350 20.27
15532 20.06
17597 19.84
16279 20.09
16076 20.17
31219 20.25
15941 20.51
16324 20.94
16227 21.14
16583 21.03
15895 21.29
16225 21.22
15849 21.33
