21269 23.13
13614 21.72
17730 20.25
17865 19.67
13867 20.34
15532 19.33
15635 19.12
16822 18.74
18938 18.69
16676 19.04
19268 18.41
18188 18.33
19283 18.29
14587 19.03
14664 19.03
16074 18.36
31736 18.72
14593 18.59
14526 17.91
16014 17.36
16237 17.16
16204 17.37
15534 17.59
15444 17.54
17297 17.27
15995 17.54
16915 17.22
16323 17.22
19127 16.88
19316 16.91
19330 16.98
19528 16.97
31931 18.37
14568 18.07
15071 17.76
14554 17.59
14523 17.48
16174 16.91
16880 16.78
16288 17.01
16264 16.83
15775 16.82
15300 16.89
17610 16.61
15821 17.15
15154 17.37
16427 17.29
15864 17.41
31652 18.33
14172 18.18
16102 17.58
17163 17.15
16556 17.23
15517 17.41
16747 17.30
16400 17.50
19297 17.03
19620 17.15
20237 17.22
20545 17.40
18947 17.59
20519 17.27
18568 17.41
20149 17.27
30308 19.22
13516 18.35
16340 17.61
15939 17.25
16540 17.40
16604 17.61
15776 17.70
17102 17.61
16644 17.69
16681 17.71
16807 17.86
19326 17.82
18751 17.75
20185 17.48
20964 17.74
20755 17.89
30312 19.42
15133 19.30
15477 18.72
15921 18.47
16259 18.23
16015 18.15
17356 18.09
17155 18.31
16030 18.53
15735 18.77
16548 18.62
17121 18.69
19090 18.33
18648 18.59
19323 18.72
19294 18.94
30828 19.80
15876 19.96
15487 20.62
15552 20.78
16384 20.60
16437 20.32
17196 20.16
16522 20.28
16497 20.22
15945 20.14
16264 20.05
16263 19.99
16207 19.85
18976 19.28
19067 19.20
19472 19.32
31720 20.09
15978 20.54
15698 21.25
16547 21.10
16678 20.98
16367 21.09
16695 21.15
15710 21.31
