21663 22.99
13945 21.52
18210 20.08
18070 19.59
14875 19.92
16205 19.04
15935 18.93
16648 18.74
19863 18.58
18371 18.62
19795 18.27
20002 17.96
19557 18.12
17591 18.31
15733 18.68
14923 18.50
32766 18.51
14591 18.50
15176 17.80
17164 17.01
15313 17.33
16551 17.25
16705 17.30
17951 16.96
16813 17.38
16605 17.40
16417 17.32
16027 17.32
18609 17.10
19832 16.90
20270 16.72
20383 16.74
32796 18.21
14953 18.01
15032 17.77
15024 17.36
15555 17.25
15974 17.04
16416 17.04
17012 16.88
16591 16.72
15952 16.75
15682 16.76
17500 16.59
16587 17.01
17710 16.73
19864 16.83
20302 16.72
32179 18.23
14796 18.05
13454 18.20
17291 17.18
17762 16.95
16509 17.15
16348 17.46
16893 17.38
16075 17.53
16474 17.64
16514 17.78
17472 17.86
17123 17.96
20351 17.27
19630 17.30
20720 17.24
30868 19.10
13194 18.41
16586 17.51
16106 17.17
17636 17.14
16321 17.60
16073 17.60
17293 17.61
16407 17.67
17481 17.58
16530 17.94
20361 17.61
19382 17.67
19340 17.70
20392 17.80
21133 17.85
31096 19.24
15234 19.17
15650 18.69
16369 18.30
16976 18.05
16868 17.89
18462 17.81
16707 18.39
16268 18.45
16021 18.70
17356 18.49
18162 18.35
19618 18.14
19057 18.45
20373 18.42
19910 18.72
31411 19.65
16085 19.94
15746 20.47
15562 20.61
16913 20.32
16524 20.38
17784 19.97
16530 20.19
16960 20.17
16384 19.99
17169 19.65
15855 20.03
16024 19.80
18199 19.60
16381 19.95
16435 20.12
32092 20.01
16661 20.17
16840 20.68
16836 21.05
17152 20.79
16404 21.00
16639 21.05
15395 21.52
