22801 22.63
14701 21.19
19173 19.78
18874 19.41
16229 19.44
16170 19.01
16346 18.81
17932 18.32
21025 18.36
19377 18.41
20170 18.11
20396 17.91
21017 17.80
15281 18.69
15386 18.69
16915 18.08
33864 18.31
14965 18.32
15635 17.63
17858 16.89
16598 16.93
17968 16.77
17612 17.01
17859 16.87
17513 17.18
16876 17.37
17407 17.19
16680 17.17
19049 16.93
21499 16.46
20971 16.55
20590 16.61
33337 18.10
15330 17.82
15839 17.44
15180 17.33
16395 16.91
17813 16.48
17027 16.74
18458 16.51
18031 16.45
17177 16.46
16565 16.58
17737 16.55
17368 16.79
17809 16.74
20251 16.69
20525 16.66
33293 18.02
15470 17.88
14403 17.85
18561 16.86
18100 16.87
16774 17.11
17165 17.23
16983 17.34
17071 17.27
17149 17.52
16605 17.77
18404 17.63
17781 17.82
20903 17.12
19999 17.13
21325 17.19
31841 18.89
14015 18.14
17540 17.33
17175 16.89
17713 17.03
17052 17.41
17026 17.35
17658 17.47
17955 17.29
17677 17.53
17043 17.74
21025 17.53
20646 17.50
20111 17.59
20990 17.65
21233 17.80
31998 19.03
15435 19.15
16400 18.32
17136 18.12
17067 17.88
16444 18.05
18199 17.98
17431 18.15
17216 18.17
18066 18.14
17582 18.29
18136 18.37
19770 18.14
19595 18.31
20854 18.32
20740 18.50
32337 19.44
16838 19.62
16106 20.28
17377 20.04
17794 19.94
16567 20.39
16762 20.31
16745 20.15
18156 19.69
16774 19.99
18162 19.43
16050 19.95
16594 19.56
18831 19.47
16950 19.80
17545 19.72
33498 19.69
16948 20.12
17532 20.47
17373 20.77
17815 20.57
16981 20.77
17152 20.83
15952 21.32
