25462 21.80
16809 20.41
20391 19.24
20802 18.79
17568 19.00
18250 18.41
17904 18.24
19578 17.90
22948 17.73
22464 17.86
21774 17.61
22514 17.39
23341 17.27
22807 17.21
22821 17.12
18395 17.64
38105 17.56
18083 17.56
16972 17.24
16776 17.09
18516 16.51
18858 16.64
18286 16.81
19063 16.62
20717 16.48
18953 16.85
20084 16.48
18679 16.64
21994 16.29
22679 16.24
22787 16.33
22529 16.33
37567 17.35
17824 17.20
16501 17.31
17476 16.86
17914 16.50
19292 16.17
19149 16.26
18807 16.42
19127 16.27
18416 16.25
18019 16.26
19316 16.18
19209 16.34
19416 16.49
22445 16.20
23034 16.21
36708 17.40
16653 17.47
17517 17.02
19175 16.65
18491 16.79
18788 16.66
18753 16.85
19293 16.80
22369 16.39
22959 16.45
23426 16.57
23586 16.73
23297 16.91
23024 16.75
23222 16.66
23295 16.65
35348 18.23
14603 17.88
19643 16.74
17752 16.78
18148 16.97
18833 16.99
18531 17.08
19605 17.14
19394 17.00
19106 17.18
19683 17.26
22464 17.20
23124 16.99
22393 17.18
23630 17.22
22816 17.41
34912 18.44
17444 18.56
17829 17.99
18426 17.73
18972 17.39
19112 17.32
19741 17.48
20247 17.58
18335 17.86
18225 18.14
19866 17.74
20881 17.74
21491 17.63
22358 17.75
22666 17.98
22838 18.05
35858 18.76
18527 19.16
17433 19.84
18886 19.60
18358 19.84
17773 19.98
18919 19.47
18444 19.63
19954 19.25
18311 19.31
19602 18.96
18000 19.22
18360 19.12
20865 18.89
19096 19.13
19419 19.22
36681 19.06
18872 19.47
18971 19.97
19319 20.00
19191 19.92
18971 20.01
20229 19.86
19349 19.94
