25906 21.66
17066 20.20
21136 19.05
21606 18.59
21945 18.15
16290 18.88
18643 18.14
18483 18.14
22573 17.98
22526 17.77
22352 17.70
22820 17.38
23930 17.28
23578 17.07
23256 17.09
18595 17.61
38340 17.48
18239 17.51
17380 17.11
17311 16.98
18256 16.57
19335 16.52
19526 16.63
18958 16.64
20788 16.50
19318 16.80
19237 16.66
19280 16.48
21898 16.24
23042 16.23
23176 16.28
23231 16.12
38025 17.26
18069 17.06
17080 17.17
17243 16.71
17343 16.71
18644 16.33
20494 16.05
20165 16.12
18529 16.41
17545 16.39
18118 16.32
19325 16.24
19547 16.27
19848 16.35
22747 16.23
23265 16.12
37465 17.27
18658 17.07
16056 17.41
18384 16.81
18462 16.85
19534 16.58
20100 16.58
19340 16.73
21934 16.47
23014 16.47
23813 16.56
24466 16.64
23506 16.85
23192 16.70
23174 16.61
24060 16.67
35673 18.16
15478 17.68
19190 16.84
18243 16.61
18597 16.80
19232 16.92
18447 17.08
19895 16.92
19715 16.94
18820 17.22
21036 16.95
22878 17.11
23169 16.97
22872 17.16
24362 17.09
22872 17.36
35711 18.27
18527 18.29
17584 17.99
17348 17.91
20205 17.24
19470 17.22
20331 17.31
20218 17.57
18580 17.78
18565 17.97
20348 17.72
21085 17.70
22234 17.57
22834 17.74
23598 17.73
22944 17.96
36422 18.65
18755 19.07
17667 19.80
19264 19.45
20119 19.36
19548 19.30
19032 19.42
18269 19.65
19138 19.31
18283 19.30
19938 18.87
18616 19.16
19356 18.85
22235 18.43
22466 18.46
22835 18.41
37101 18.98
19200 19.49
18085 20.30
18397 20.43
18145 20.40
19538 20.05
19448 20.01
18892 20.07
