3051 43.54
1266 40.91
1864 39.68
1818 37.73
1670 37.33
1631 37.48
1648 37.09
1818 36.23
1984 37.06
1867 36.01
2060 34.99
1773 34.98
1941 35.56
1808 35.46
1952 34.82
1870 34.09
2806 39.21
1918 35.28
1776 34.51
1759 33.58
1794 34.40
1748 34.61
1912 33.70
1850 33.31
1794 33.20
1857 32.93
1828 32.73
1744 31.64
1982 31.93
2176 32.53
1884 33.73
1775 33.12
3070 37.76
1555 36.43
1750 35.33
1814 34.88
1691 34.90
1934 32.87
1785 33.18
1845 34.07
1858 33.22
1839 32.74
1804 33.54
1976 34.51
1951 33.59
1814 32.56
1907 32.46
1768 32.43
3125 36.98
1793 35.03
1909 34.74
1857 33.45
1834 32.93
1868 32.74
1977 33.90
1926 33.73
2010 34.02
2056 33.36
1905 34.87
2047 34.44
1934 34.28
2038 33.05
1964 34.03
2177 33.70
3318 37.51
1687 35.48
1947 34.27
1994 34.02
1861 33.94
1860 34.74
1952 34.36
1993 34.65
1973 33.99
2078 33.93
2184 33.71
2337 34.18
2246 34.56
2291 34.63
2446 32.93
2445 33.60
3402 37.88
1710 37.25
2064 35.63
2049 35.69
1985 35.88
1970 35.44
1981 36.09
2091 36.76
2002 35.98
2054 35.49
1992 35.27
1772 36.94
1965 35.80
2174 35.91
2278 34.54
2425 35.89
3474 38.55
1679 37.89
2101 37.58
2049 37.57
2136 38.04
2097 37.49
2028 37.10
1926 37.27
1864 36.82
1805 37.54
1766 36.40
2116 35.76
1976 35.42
2142 36.50
2040 37.26
1975 35.97
3785 38.58
1668 39.55
2210 38.12
2194 37.97
2010 38.25
1889 38.45
1993 38.84
1889 38.57
