27728 21.08
18932 19.65
23495 18.54
23388 18.16
23515 17.80
18707 18.12
19859 17.81
19268 17.86
23960 17.66
23354 17.66
24620 17.32
25718 16.88
25248 16.96
24742 16.86
22938 17.05
19328 17.36
40704 17.09
19887 17.16
19667 16.61
18198 16.79
19312 16.39
20911 16.20
20758 16.30
21924 16.11
21652 16.37
21057 16.48
21788 16.19
19672 16.35
23104 16.00
24418 15.85
24641 15.94
25222 15.75
41033 16.69
20149 16.63
17266 17.08
19195 16.33
19552 16.21
21419 15.81
19413 16.26
19908 16.25
20864 16.03
19810 16.03
18707 16.07
20134 16.12
20564 16.15
21741 16.06
23824 15.96
24890 15.89
40320 16.69
20283 16.77
17151 17.07
19513 16.62
19957 16.54
22593 16.05
20868 16.40
21065 16.40
23597 16.09
24250 16.15
25265 16.23
25827 16.36
25249 16.52
25288 16.32
24478 16.35
25853 16.35
39148 17.55
16911 17.26
20420 16.53
19620 16.36
19718 16.52
20939 16.59
20435 16.65
20837 16.79
19708 16.97
21665 16.62
20202 17.05
24471 16.82
24120 16.80
24370 16.88
26102 16.76
25551 16.98
39491 17.56
21319 17.65
18498 17.68
18784 17.66
19451 17.39
19356 17.36
20865 17.27
22086 17.07
22168 16.93
21821 17.21
24219 16.89
25538 16.94
24979 17.07
24882 17.23
24910 17.41
24862 17.64
38933 18.22
21464 18.40
19712 19.10
20018 19.20
19741 19.38
20326 19.17
20819 19.01
21367 18.82
20551 18.92
20105 18.85
21029 18.59
20203 18.64
20365 18.56
23923 18.09
24215 18.01
24337 18.08
40341 18.40
22090 18.73
22891 18.90
20235 19.52
20570 19.57
20414 19.54
20653 19.58
20376 19.68
