29294 20.66
19629 19.35
24142 18.31
24760 17.84
25827 17.27
18707 18.08
20866 17.56
20518 17.54
25015 17.38
24899 17.37
26014 17.03
26243 16.85
26483 16.71
26102 16.63
25474 16.65
20822 16.98
43897 16.47
22640 16.55
20305 16.46
20270 16.27
20690 16.13
20367 16.29
21698 16.18
22274 16.09
20641 16.47
22332 16.32
21014 16.29
21156 16.18
24694 15.75
26223 15.53
26398 15.58
25905 15.63
40971 16.75
19384 16.84
18167 16.80
20660 16.05
20741 16.03
21966 15.79
20665 16.02
20842 15.98
20067 16.07
20106 15.95
20574 15.88
21119 15.91
22517 15.82
21578 16.02
24778 15.87
25747 15.73
42160 16.37
21032 16.58
18222 16.82
20775 16.48
19308 16.64
23184 16.02
21761 16.22
21990 16.24
24427 15.92
25239 15.99
26188 16.07
26737 16.22
26158 16.36
26328 16.14
25986 16.09
27275 16.09
40940 17.25
18245 17.15
18305 16.90
20706 16.19
21493 16.19
21437 16.45
20611 16.48
22376 16.45
21601 16.48
21779 16.61
22683 16.53
25921 16.52
25129 16.51
25313 16.66
26402 16.63
26865 16.72
41405 17.21
22107 17.39
19279 17.45
19934 17.34
19610 17.36
22063 16.76
21062 17.20
22298 17.06
20629 17.32
20810 17.44
22627 17.18
23272 17.20
25238 16.91
25406 17.16
26071 17.18
26185 17.37
40574 17.93
23243 18.17
22143 18.56
21336 18.77
21539 18.96
20232 19.14
21440 18.81
21677 18.64
22062 18.55
21285 18.59
22556 18.16
20549 18.62
20822 18.46
23661 18.26
21604 18.47
21809 18.51
41683 18.16
21673 18.80
21469 19.23
21774 19.21
22045 19.28
21363 19.27
21479 19.44
21037 19.58
