30057 20.44
20613 19.14
24731 18.12
25203 17.81
25838 17.37
19652 17.85
20907 17.41
22396 17.21
25628 17.29
25104 17.22
26168 17.03
26614 16.65
26837 16.63
27341 16.43
26226 16.51
21602 16.88
43737 16.57
21219 16.81
20188 16.47
20474 16.26
21523 16.04
21257 16.06
22558 16.07
21982 16.15
21674 16.30
22701 16.25
21723 16.22
21068 16.12
25450 15.64
26715 15.47
26925 15.46
26791 15.52
43917 16.16
22086 16.27
19545 16.47
19759 16.20
20361 16.17
21792 15.85
21897 15.95
22179 15.79
21395 15.82
21193 15.80
20041 15.95
22787 15.77
25955 15.39
21444 15.98
25247 15.84
25682 15.74
43423 16.16
21212 16.46
18930 16.70
21114 16.33
20974 16.45
19927 16.51
22112 16.32
20562 16.48
19822 16.65
22906 16.40
21537 16.70
25973 16.34
25905 16.51
27310 16.00
26755 15.97
28486 15.84
41755 17.11
18757 16.93
22064 16.23
20688 16.13
21251 16.23
22002 16.33
21351 16.38
22628 16.43
22657 16.32
22291 16.52
23190 16.51
26723 16.37
26331 16.33
26257 16.47
26821 16.62
27145 16.67
42642 16.95
22710 17.23
19591 17.39
20318 17.29
21920 16.73
23008 16.53
22126 16.93
22508 17.03
21003 17.24
21529 17.27
22960 17.07
24135 17.07
25801 16.80
26216 17.07
26658 17.08
26977 17.17
41929 17.70
23594 18.02
22870 18.37
22044 18.60
22068 18.80
21189 19.00
21563 18.77
22596 18.48
22380 18.46
21767 18.35
23124 18.08
21166 18.39
21352 18.28
24231 18.02
22617 18.22
21911 18.45
42788 17.98
22284 18.62
21921 19.13
22396 19.17
22710 19.09
23090 18.88
22975 19.03
21037 19.48
