30457 20.33
20425 19.21
25722 17.96
25494 17.66
26642 17.13
19691 17.76
21643 17.39
21573 17.35
26249 17.17
25921 17.11
26317 16.96
27174 16.61
27278 16.63
27598 16.44
26591 16.46
21813 16.85
44123 16.46
21806 16.77
20148 16.43
20666 16.22
21738 16.00
21857 16.03
21955 16.11
22889 15.98
21604 16.30
21931 16.25
23267 15.94
21598 16.04
25770 15.61
27131 15.37
27410 15.37
27640 15.34
44418 16.06
21823 16.19
19344 16.49
20195 16.13
20572 16.07
22572 15.77
22489 15.76
21919 15.84
23550 15.59
20393 15.83
22000 15.66
22300 15.80
22532 15.78
24101 15.68
25840 15.68
26595 15.61
43977 16.05
22829 16.14
20002 16.42
21648 16.26
20895 16.31
22045 16.12
21081 16.42
22839 16.20
25563 15.80
26874 15.83
27028 16.00
28152 16.04
27974 16.14
27854 15.89
27541 15.84
28382 15.83
42345 17.02
18463 16.94
19723 16.68
20776 16.16
22953 16.02
23351 16.18
21313 16.45
22430 16.46
22842 16.37
21309 16.64
21003 16.88
25646 16.71
26148 16.53
27162 16.35
27690 16.57
28224 16.58
42878 16.98
23205 17.15
19650 17.38
20351 17.25
22329 16.73
23506 16.36
22377 16.86
24201 16.71
23744 16.67
23003 16.95
23969 16.85
25168 16.86
26151 16.72
26316 16.97
26619 17.10
26895 17.28
42471 17.60
23846 17.95
23317 18.28
22303 18.57
22208 18.71
21156 18.91
22332 18.65
22296 18.52
23079 18.28
22134 18.30
22481 18.15
21785 18.24
22224 18.09
25945 17.63
26501 17.60
26798 17.54
43396 17.87
24017 18.22
24893 18.48
24338 18.60
22586 19.05
21363 19.21
22453 19.16
21022 19.50
