30822 20.21
20820 18.95
26064 17.83
25732 17.63
26503 17.10
19825 17.79
22159 17.32
22812 17.11
27404 16.95
27214 16.87
26335 16.86
27640 16.51
27202 16.65
25371 16.74
20435 17.34
20769 17.07
44935 16.32
22955 16.55
21242 16.28
20865 16.19
21510 15.98
23589 15.81
22826 15.92
23726 15.79
22209 16.16
22321 16.25
23491 15.89
21738 16.09
25611 15.65
26945 15.46
27895 15.33
27664 15.34
43561 16.28
20311 16.53
19172 16.58
21387 15.85
22517 15.72
21992 15.73
24319 15.56
21311 15.92
24230 15.52
20324 15.85
20545 15.91
23031 15.78
21375 15.97
23718 15.76
26990 15.49
27084 15.49
44761 15.94
23578 16.04
21597 16.10
21053 16.22
23726 15.91
20723 16.23
23902 16.06
26036 15.74
26065 15.75
27169 15.79
27737 15.87
28899 15.89
28820 15.96
28328 15.83
28153 15.74
29686 15.70
44809 16.53
19525 16.73
20505 16.44
20999 16.16
23099 16.00
23326 16.13
20967 16.41
22632 16.39
23008 16.37
21513 16.57
21751 16.72
26253 16.55
26902 16.32
27660 16.27
28101 16.46
29122 16.32
43253 16.90
23433 17.10
19745 17.31
20898 17.19
21237 17.00
22828 16.54
22146 16.93
23473 16.80
21752 17.11
23920 16.83
23359 17.01
22640 17.36
26270 16.78
26716 16.91
27188 16.99
27311 17.17
42971 17.52
24564 17.81
25034 17.97
21749 18.64
22726 18.63
21388 18.77
22613 18.60
22819 18.39
23036 18.30
22691 18.15
23289 18.01
21809 18.21
22500 18.05
25859 17.58
23724 17.96
22477 18.31
43908 17.79
25181 17.94
25782 18.26
25006 18.50
24859 18.51
24599 18.48
24798 18.59
22562 19.07
