3432 41.61
1387 40.22
2018 38.25
2136 37.19
1899 36.67
1984 36.17
1963 35.57
2035 35.40
2271 35.85
2082 34.78
2172 34.57
2050 35.39
2360 34.79
2107 33.81
2141 33.52
2116 32.32
3291 37.58
2119 33.80
2126 33.25
1932 32.94
2073 32.63
2220 32.52
2163 33.76
2058 32.27
2149 31.80
1966 31.25
2239 30.46
2149 30.23
2308 30.82
2439 32.42
2329 32.79
2005 32.15
3526 36.17
1708 35.06
2197 32.99
2082 33.00
2132 32.83
2122 31.43
1950 31.86
2070 33.41
2163 31.88
2098 31.72
2055 31.32
2247 31.98
2292 32.04
2185 31.26
2190 32.84
1979 32.20
3684 35.37
1865 33.27
2264 31.90
2144 33.15
2055 31.52
2208 31.39
2188 32.86
2302 31.81
2290 31.12
2349 33.08
2165 32.39
2447 32.93
2439 33.13
2485 31.38
2585 31.37
2768 30.96
3872 35.96
1887 34.32
2197 32.71
2195 32.72
2293 32.11
2161 34.68
2287 32.92
2284 33.77
2243 33.00
2273 33.37
2559 32.52
2788 32.34
2611 31.71
2703 32.17
2817 31.83
2868 32.92
3918 36.35
1846 36.12
2300 34.37
2411 33.82
2168 34.99
2301 34.15
2370 34.52
2320 35.34
2255 35.25
2271 35.22
2223 34.51
2108 34.97
2295 35.27
2497 34.49
2625 33.78
2724 33.81
4000 37.03
1953 36.40
2503 36.30
2358 36.61
2348 36.63
2179 37.09
2267 35.59
2158 36.36
2170 34.75
2154 35.75
2269 34.87
2200 35.24
2312 34.33
2295 35.73
2307 35.23
2359 35.45
4434 36.72
1889 37.48
2470 36.46
2514 37.00
2338 37.54
2078 37.45
2275 37.07
2279 37.12
