5483 35.90
2301 34.86
3384 33.16
3749 32.12
3546 31.18
3522 30.65
3621 30.20
3447 30.75
3966 30.75
3682 30.11
3967 29.63
3866 29.32
4036 28.91
3794 28.86
3900 28.69
3908 27.56
5925 31.53
3404 29.03
3911 27.43
3653 27.39
3659 27.61
3940 27.20
3812 27.82
3841 26.85
3667 27.48
3943 26.79
3683 26.55
3863 26.17
4286 25.93
4354 26.40
4601 26.13
3804 27.65
6434 30.03
2890 29.37
3810 27.77
4010 27.27
3560 27.57
3966 26.44
3793 26.58
3737 26.63
3884 26.72
3996 25.87
3820 26.58
3943 26.52
4143 26.62
3713 26.48
3901 26.39
3768 26.48
6785 29.59
3414 28.36
3929 27.30
3833 26.86
3763 26.55
3990 26.48
4321 26.63
3872 26.85
3760 27.71
4094 26.97
4004 27.48
4598 28.00
4810 26.60
4633 26.33
4543 26.57
4716 25.93
6731 30.49
2927 29.34
3929 27.65
3935 26.55
4253 27.34
3804 27.82
4182 27.59
4008 28.51
3896 27.15
4186 27.24
4034 27.57
4805 27.07
4602 27.49
4815 27.33
4983 26.97
5001 27.24
7041 30.73
3419 30.57
4186 29.21
4372 28.55
3869 29.78
4005 29.11
4229 29.36
4081 29.84
3973 29.37
4226 28.73
4121 28.76
3638 29.83
3890 29.64
4467 29.49
4692 28.92
4638 29.47
7085 31.10
3404 31.93
4269 31.21
3969 31.26
3982 31.62
3842 31.48
4139 30.97
3973 31.36
3890 30.55
3676 30.98
3987 30.60
3986 30.31
3916 30.03
4206 30.33
3964 30.95
4042 30.38
7719 31.11
3351 31.63
4444 31.98
4469 31.32
4197 32.13
3985 31.80
3965 32.28
3834 32.50
