6102 34.65
2678 33.51
3811 32.37
4024 31.45
4225 30.37
3867 30.10
3976 29.57
4173 29.20
4599 29.59
4270 28.50
4669 28.02
4287 27.84
4675 28.17
4292 27.61
4427 27.70
4432 26.80
7214 29.73
3735 27.41
4543 26.40
4160 26.27
4265 26.37
4490 25.83
4469 26.11
4490 25.76
4492 25.71
4434 25.80
4545 25.01
4595 24.81
4636 25.11
4887 25.39
4280 26.33
4334 26.21
7417 28.88
3308 28.72
4377 27.28
4501 26.31
4456 25.74
4139 25.39
4159 25.76
4272 25.52
4423 25.14
4715 24.73
4521 24.90
4381 25.69
4513 25.16
4471 24.67
4458 24.90
4195 25.21
7842 28.43
3624 28.20
4716 26.01
4454 25.16
4386 25.32
4703 25.01
4742 25.55
4510 26.00
4517 25.89
4576 25.89
4574 26.31
4797 27.10
4677 26.74
5008 26.27
5387 25.29
5441 25.19
7921 29.22
3355 28.69
4624 26.69
4484 26.08
4609 25.97
4692 26.66
4462 26.91
4753 26.64
4510 26.26
4849 25.94
4801 26.26
5391 26.07
5320 25.82
5431 25.94
5646 25.87
5517 26.66
8075 29.52
3720 29.57
4906 27.52
5026 27.28
4718 27.89
4375 28.66
4563 28.58
4587 28.10
4438 28.33
4839 27.34
4637 27.44
4331 28.19
4568 27.66
5160 28.32
5390 27.87
5363 28.02
8442 29.50
4016 30.18
4657 30.44
4731 30.16
4889 30.32
4439 30.18
4735 29.84
4662 29.63
4393 29.17
4554 29.54
4539 28.95
4753 28.60
4421 29.16
4459 29.73
4754 29.22
4688 29.23
8916 29.70
3797 31.18
4827 31.21
4709 31.00
4696 30.96
4437 31.16
4448 31.48
4396 31.27
