6760 33.58
2972 33.68
4048 31.57
4395 30.92
4694 29.45
4712 28.49
4593 28.01
4855 27.29
5151 28.25
5021 27.10
5083 27.34
4785 27.48
5083 27.29
5041 26.50
4948 26.60
5198 25.67
8229 28.60
4329 26.91
4812 25.99
4817 25.29
4728 25.37
5159 25.04
5350 25.00
4909 25.00
4935 24.84
4668 25.40
5000 24.53
4963 24.29
5305 24.06
5790 24.52
6033 24.39
5872 24.03
8487 27.89
3414 27.85
4923 25.97
5138 25.00
4398 25.90
5172 24.27
4925 24.54
4784 24.84
4994 24.13
5078 23.93
4784 24.12
4640 24.71
5042 24.51
4739 24.44
5158 23.91
4723 24.48
8805 27.43
4141 27.22
5264 24.88
5003 24.56
5119 24.07
4956 24.31
5116 25.23
5066 24.74
5260 25.13
5026 25.43
5286 25.00
6246 24.96
6209 24.39
5791 24.16
5833 24.24
5964 23.83
8884 28.23
3872 27.84
5229 25.42
5070 25.19
5064 25.45
5180 25.27
5226 25.70
5238 25.76
5176 25.39
5603 25.02
5259 25.83
6171 25.05
6314 24.62
6066 25.00
6603 24.68
6192 25.63
9090 28.64
4477 28.40
5405 26.67
5414 26.87
5126 26.61
5201 26.59
5459 26.63
5363 27.36
4984 27.19
4912 27.08
5022 27.21
4690 27.54
5197 27.02
5853 27.42
5966 27.08
6058 26.81
9459 28.59
4518 29.34
5189 29.62
5544 28.90
5591 29.00
5343 28.83
5048 28.99
4966 29.34
4990 28.79
5053 28.52
5235 27.85
5030 28.17
5088 27.97
5558 27.92
4950 28.40
5396 28.11
10187 28.52
4358 29.61
5476 29.78
5824 29.36
5414 29.58
5403 29.96
5278 29.93
5027 29.86
