8279 42.15
452 41.29
2406 39.01
3693 37.49
4660 35.96
3118 36.20
2415 36.20
3681 35.41
3237 35.16
3136 34.80
3320 34.42
3281 34.07
3045 33.41
3525 33.08
3283 32.67
3460 32.85
3536 32.66
3699 32.92
3752 32.86
3111 32.81
3171 32.72
3239 32.39
3174 32.34
3732 32.71
3963 32.86
3519 32.19
2922 32.28
3032 32.15
3258 32.07
3411 32.11
3750 32.09
3295 32.27
11063 39.43
1536 37.94
2024 37.42
2247 36.63
3469 35.80
3444 35.29
3188 35.34
4018 34.04
3550 34.06
4517 33.18
3551 33.09
3146 33.09
3298 33.04
3119 33.07
3958 32.46
3626 32.59
3265 32.61
3275 32.42
3865 31.90
3292 32.24
3514 31.87
3123 31.87
3582 31.61
3416 31.78
4213 31.66
4242 31.89
3447 31.92
3528 31.68
3551 31.60
4270 31.35
3292 31.51
3542 31.37
11611 37.94
1588 36.53
1965 36.04
1973 35.76
3524 34.30
3219 34.13
3100 33.90
4116 32.91
3631 32.57
4077 32.39
3787 32.71
3314 32.77
3190 32.67
3396 32.24
3704 32.25
4097 31.62
4016 31.94
3025 32.02
3476 31.75
3623 31.67
3852 31.23
3969 31.37
3311 31.41
3336 31.42
3130 31.73
3289 31.87
2946 31.73
3550 31.45
4310 30.91
4176 31.09
4894 31.31
3290 31.46
11428 38.56
1144 37.70
2430 36.69
2565 36.25
3452 35.06
3841 34.00
3591 33.40
3008 33.33
4194 33.39
3577 32.96
3676 32.43
3065 32.19
2990 32.63
3468 32.52
3219 32.29
3720 31.73
3790 31.51
3738 32.10
3644 31.76
3189 31.79
3467 32.22
3494 31.72
3697 31.32
3521 31.27
2988 31.80
3916 31.03
3166 31.37
3051 31.29
3568 31.24
3652 30.65
4361 30.39
4194 30.78
11478 38.22
1369 36.65
2461 35.86
2358 34.97
3247 34.04
2885 33.95
3616 33.09
3663 32.79
3444 31.90
4440 31.63
3455 31.76
3340 31.99
3567 31.62
3545 31.98
3762 31.91
3508 31.88
3247 32.13
4634 32.20
2585 32.09
3246 31.73
3109 32.07
3889 32.09
3093 32.56
4345 32.23
3164 32.45
2699 32.38
4098 31.92
2898 32.22
3430 32.20
2815 32.27
4116 31.85
3433 31.91
11908 38.90
1612 37.31
2144 36.61
2296 36.02
2523 35.56
3475 33.91
3862 33.64
3524 33.32
3499 33.13
3709 32.93
3806 32.39
3043 32.70
2927 32.62
3503 32.35
3734 32.03
2843 32.09
3709 31.39
3453 31.66
3103 31.64
4338 30.96
3184 31.34
3296 31.63
3463 31.20
3718 31.05
3796 30.96
3179 31.40
3261 31.35
3076 31.55
3433 31.19
3524 31.08
3186 31.26
3696 30.98
11038 38.38
2014 36.52
2403 35.65
2453 35.93
3588 34.17
2833 33.77
3337 33.37
3882 33.19
2865 33.02
2789 33.28
3301 32.55
3602 32.20
3289 31.96
3504 31.97
3493 31.35
3053 31.66
3305 30.79
3151 30.58
3500 30.95
3984 31.35
3306 31.86
3028 32.18
3311 31.85
4298 30.61
3599 30.56
3706 31.18
3408 31.49
2936 31.67
4491 30.78
4101 30.97
3390 31.03
3507 31.04
11556 38.30
1294 37.74
2268 36.46
2377 35.67
3005 34.96
3283 34.68
2817 34.25
3669 33.35
3331 33.22
3948 32.44
3904 32.30
3413 32.06
2655 32.19
2856 32.41
3543 31.76
3069 32.08
3174 31.92
3567 31.67
3224 31.54
4066 31.18
2660 31.29
3224 31.51
2858 31.29
3244 31.16
3256 30.26
2909 30.40
3519 29.78
4453 30.69
5423 31.10
3082 30.58
2790 31.06
3095 30.54
11592 37.03
1285 36.84
2452 36.11
2789 35.93
2953 35.64
3273 34.82
3330 34.15
3267 33.64
3627 33.11
3027 33.05
4174 32.22
3102 32.58
3213 32.72
3691 32.07
3037 32.11
4015 31.38
3603 31.84
2940 32.27
3153 32.01
2862 32.46
3520 31.67
3755 31.42
3010 31.84
3550 31.13
3784 30.79
3596 30.90
3747 31.10
4048 31.38
3275 31.23
2962 31.78
3109 31.83
3574 30.98
11480 37.20
1093 36.73
2258 34.96
2616 34.52
2669 34.06
3555 34.66
3400 34.09
3751 33.80
3251 33.71
3495 32.94
4053 32.26
4074 32.27
