8838 41.71
438 40.95
2215 38.74
3829 37.29
3551 36.35
5023 35.54
2822 35.61
3835 35.05
2806 34.89
3668 34.41
3529 33.92
3353 33.62
3272 33.09
3576 32.66
3441 32.31
3631 32.52
3672 32.26
3817 32.45
4366 32.45
3431 32.33
2808 32.72
3153 32.45
3289 32.21
5283 31.85
4024 32.43
2532 32.61
3321 32.01
2970 32.27
4196 31.67
3328 31.85
3196 32.09
3216 32.54
11814 39.07
1951 37.44
2138 36.73
2840 35.93
3135 35.40
3633 34.95
3564 34.84
3767 33.78
4211 33.53
4196 32.92
2929 33.19
3238 33.06
3641 32.58
3782 32.23
4158 31.91
3669 32.36
3496 32.26
4063 31.67
3375 31.81
3579 31.87
3147 32.15
3164 31.78
3739 31.58
4536 31.22
3937 31.63
4638 31.57
3353 31.55
3218 31.75
3959 31.42
3556 31.58
3854 31.29
4609 30.62
11867 37.79
1667 36.44
2624 35.44
2485 34.97
2864 34.40
3978 33.42
3820 32.76
4336 32.18
3331 32.15
3991 32.12
4316 32.45
3530 32.20
3960 31.90
3635 31.86
3263 32.00
3655 31.69
3997 31.68
3790 31.58
3468 31.62
3924 31.39
3981 30.99
4360 30.95
3053 31.46
3703 31.06
3601 31.34
3539 31.39
4329 30.82
3798 30.76
3663 30.87
3986 31.11
4338 31.48
3365 31.53
11983 38.21
1456 37.40
2334 36.29
3020 35.71
3477 34.62
4544 33.21
4940 32.30
3671 32.34
4546 32.41
3174 32.46
3050 32.32
3247 31.94
3826 31.90
3804 31.79
4195 31.50
3693 31.37
3411 31.62
3961 31.77
3308 31.71
3359 31.96
3419 32.12
3534 31.55
3568 31.50
4377 30.88
3554 30.99
3516 30.94
3879 30.64
3513 30.62
3526 30.66
4066 30.14
3543 30.66
3859 30.84
12272 37.72
1889 35.62
1967 35.60
2198 34.58
3082 33.98
3763 33.53
2992 33.32
3809 32.60
3745 32.06
4493 31.49
4124 31.35
3496 31.30
3397 31.36
3471 31.77
4036 31.58
3920 31.55
3244 31.96
4924 32.08
3191 31.43
3081 31.55
3349 31.71
3657 32.02
3459 32.29
3797 32.28
4439 31.64
3290 31.64
3354 31.87
3332 31.80
3674 31.94
3111 31.93
3662 31.77
3594 31.70
12682 38.45
1758 36.66
2239 35.85
2185 35.64
2538 35.09
3830 33.40
3586 33.46
3879 33.19
2956 33.11
3409 33.07
3990 32.23
4082 32.13
3637 32.08
3023 32.39
3333 32.18
3619 31.60
4316 30.94
4044 31.03
3471 31.06
3647 31.00
3716 31.02
3674 30.91
3489 31.05
3569 30.91
3900 30.95
3709 30.78
3351 31.38
3160 31.35
3510 31.02
3908 30.76
3533 30.78
3562 30.79
11483 38.04
1739 36.24
2250 35.73
2268 35.34
3618 34.29
3445 33.90
4096 32.96
3486 33.22
3823 32.47
4090 32.06
3779 31.63
3313 31.83
3351 31.46
3614 31.42
3358 31.27
3394 31.47
3208 30.72
3720 30.17
3807 30.43
4396 30.64
4013 31.06
3291 31.43
3294 31.26
3490 30.54
4008 30.30
4417 30.71
4150 30.64
3304 31.29
3747 30.83
3932 30.75
3017 31.04
3241 31.33
12223 37.99
1539 36.52
2347 36.03
2448 35.70
2821 34.66
3835 34.06
3134 33.76
3933 32.90
3740 32.61
4382 32.05
4409 31.61
3603 31.59
2970 31.82
3114 31.84
3404 31.47
3562 31.40
3682 31.42
3222 31.50
3571 31.11
3789 30.94
2943 31.19
3255 31.13
3148 31.01
3312 30.73
3772 29.85
3102 29.97
3457 29.74
3975 30.88
5220 31.23
2819 30.86
3734 30.33
3168 30.66
12081 36.69
1366 36.62
2555 35.78
2931 35.72
3835 35.14
3354 34.49
3492 33.68
3483 33.29
4529 32.54
3934 32.23
3636 32.08
3461 32.20
3123 32.22
3318 32.20
3386 31.99
4428 31.06
3318 31.70
3341 31.71
3194 31.73
3275 31.80
3951 31.21
3638 31.05
3547 31.24
3827 30.79
3963 30.49
3717 30.62
3373 31.09
3539 31.72
3618 31.35
3326 31.73
3643 31.26
3407 31.04
12029 36.92
1390 36.26
2224 34.61
2395 34.59
3274 33.65
3531 34.48
3126 34.21
4225 33.50
3202 33.30
4011 32.62
3322 32.36
2944 32.71
