9508 41.26
396 41.63
2420 38.22
3876 36.96
3288 36.24
4485 35.58
3120 35.38
4672 34.48
2334 34.98
4174 33.89
3317 33.79
3774 33.22
3373 32.80
3705 32.41
3614 32.07
3802 32.21
3834 31.88
4039 32.27
4555 32.03
3513 32.10
3121 32.36
3159 32.38
3552 31.83
5438 31.66
4433 32.17
2714 32.29
3526 31.79
3195 31.82
3865 31.57
3760 31.46
3499 31.67
4097 31.44
12254 38.79
1965 37.47
2329 36.36
2827 35.46
2906 35.43
3755 34.78
3791 34.70
3595 33.77
4212 33.60
3261 33.35
5108 32.19
4295 32.31
3912 32.10
3858 31.97
3613 31.98
4041 31.89
3887 31.76
3829 31.47
3619 31.56
3816 31.38
3460 31.70
3627 31.32
3989 31.03
4371 31.00
4173 31.31
4749 31.34
3681 31.28
4053 30.97
3906 31.17
3677 31.32
3624 31.26
4060 30.99
12694 37.32
1902 35.68
2312 35.05
2277 35.48
3090 34.15
4009 33.61
3561 32.81
5123 32.07
4512 31.52
4608 31.65
4683 31.69
3633 31.89
3521 32.05
4061 31.30
3442 31.51
3991 31.33
3276 32.00
4848 30.93
3269 31.47
3546 31.46
3469 31.07
3764 31.34
4800 30.64
3795 30.87
3780 30.97
3555 31.22
4586 30.56
3781 30.70
3467 30.87
4193 31.02
4218 31.53
3845 31.26
12616 37.90
1431 36.73
2406 35.93
2701 35.78
3333 34.48
4778 33.03
4555 32.31
4801 31.83
4746 32.06
3636 31.99
3066 32.20
3438 31.63
3708 31.63
4222 31.52
3234 31.73
4388 30.97
3500 31.26
4527 31.41
3545 31.42
3735 31.40
3712 31.57
4342 30.97
3482 31.11
3607 30.91
3541 31.09
3975 30.57
3579 30.71
4529 30.06
3901 30.37
4290 29.80
4356 30.26
4421 30.22
12871 37.38
1448 35.73
2447 35.13
2573 34.23
3194 33.77
3824 33.04
3513 32.81
4003 32.06
3705 31.60
4307 31.33
4226 31.11
3499 31.18
4296 30.85
3938 31.40
4010 31.48
3204 31.68
3601 31.57
4645 32.10
2434 32.11
3417 31.68
3870 31.22
4235 31.47
3770 31.57
3741 32.06
3305 32.23
3797 31.60
3744 31.76
3576 31.77
4721 31.46
3183 31.70
3781 31.61
4162 31.22
12540 38.50
1996 36.54
2792 35.66
2753 35.08
2906 34.62
3845 33.10
3978 32.99
3627 32.89
4732 32.27
4562 31.97
3442 31.87
3360 32.06
3287 31.90
3393 32.17
3813 31.59
3703 31.35
3853 30.97
3840 30.97
4203 30.49
4098 30.56
4114 30.56
3617 30.66
3691 30.70
3730 30.60
4253 30.50
3574 30.83
3976 30.62
3267 30.85
3572 30.89
4201 30.43
4299 30.20
3652 30.55
12181 37.65
1854 35.89
2304 35.74
2286 35.20
3782 33.85
3464 33.36
3706 32.89
4418 32.75
4214 32.00
3625 32.01
3985 31.46
3808 31.54
3102 31.49
3996 31.18
3698 30.85
3574 31.27
3660 30.34
3904 29.74
3438 30.43
4941 30.45
4574 30.74
3866 30.94
3351 31.06
3661 30.50
4207 30.21
4527 30.51
3795 30.78
3811 30.89
3685 30.66
3793 30.80
3438 30.87
4070 30.63
12791 37.67
1618 36.84
2353 35.62
2861 35.10
2862 34.35
3966 33.81
3078 33.60
3900 32.75
4705 32.12
3047 32.23
3599 32.05
3620 31.72
3643 31.53
3630 31.45
4085 31.09
3533 31.24
3245 31.64
3219 31.53
3728 31.03
3859 31.03
3106 31.08
3611 30.98
3632 30.34
3434 30.40
3511 29.81
3328 30.01
3853 29.25
5553 30.14
5547 30.82
3006 30.39
3361 30.04
3621 30.36
12646 36.30
1547 35.94
2652 35.32
2938 35.43
2932 35.14
3718 34.25
3595 33.73
3823 33.06
4385 32.26
3596 32.33
3540 32.12
4967 31.46
3708 31.80
3763 31.47
3300 31.75
4298 30.80
4289 30.94
3659 31.22
3704 31.31
3142 31.42
3640 31.18
3889 30.86
3916 30.79
3687 30.76
3458 31.00
4035 30.53
4097 30.72
3906 31.12
3924 30.96
3589 31.25
3246 31.17
3856 30.51
12613 36.56
1213 36.21
3174 33.99
3477 33.06
3253 33.01
3570 33.83
3303 33.47
3435 33.60
3833 33.05
4177 32.37
3041 32.38
4252 32.00
