11643 39.73
503 40.77
2111 37.65
4500 35.94
4221 34.87
5036 34.54
4512 33.85
4956 33.32
3522 33.51
4454 32.86
4461 32.38
4240 32.03
4163 31.55
4239 31.42
4463 31.05
4906 31.02
4450 30.93
4750 31.27
5124 31.05
3772 31.36
4294 31.16
4269 30.72
3906 30.78
5404 30.98
4375 31.68
3418 31.48
4452 30.93
4444 30.53
4330 30.92
5443 30.14
4348 30.49
5406 30.27
14645 37.50
2318 36.27
2803 35.09
3303 34.66
4714 33.80
3846 33.48
4684 33.24
5093 32.02
5085 32.10
4786 31.51
3753 31.63
4770 31.11
4475 31.20
4208 31.29
4931 30.68
5255 30.69
4406 30.78
4402 30.63
4332 30.67
4383 30.53
4539 30.28
4167 30.24
5716 29.57
5495 29.76
5630 29.82
5805 30.10
4718 29.99
4836 29.90
5072 29.85
4240 30.08
4160 30.34
4250 30.18
15166 36.05
1985 35.34
2826 34.15
2659 33.96
3924 32.82
4204 32.55
5173 31.37
4912 31.14
4857 30.42
5221 30.68
5095 31.10
4163 31.13
5438 30.66
4647 30.57
4434 30.39
4391 30.35
4064 30.80
5470 30.16
4375 30.36
4618 30.24
4310 29.92
4611 30.19
4207 30.15
5198 29.73
5223 29.66
4560 30.00
5152 29.55
4596 29.88
4545 29.53
5121 29.89
5248 30.33
3972 30.18
14777 36.70
1702 35.75
2848 34.66
3092 34.88
3673 33.41
5364 32.20
4761 31.69
3843 31.57
5463 31.63
4731 31.07
4690 30.88
4323 30.32
4944 30.45
4450 30.49
4328 30.70
5293 29.98
4810 30.08
4768 30.63
3944 30.56
4252 30.66
4366 30.92
4054 30.54
5292 29.97
5115 29.56
4641 29.73
4085 30.06
4996 29.48
4127 29.54
4593 29.56
4893 29.17
4448 29.60
5420 29.26
15270 36.09
1798 34.80
2650 34.00
3523 32.62
3165 32.73
4599 31.86
4230 31.47
4613 30.90
5148 30.15
4509 30.40
4482 30.21
5260 29.75
4720 29.88
4807 30.14
4466 30.39
4103 30.46
4324 30.74
5402 31.19
3849 30.45
4500 30.04
4268 30.24
4815 30.56
4904 30.52
5158 30.82
4505 30.77
3870 30.84
3919 31.09
4130 31.04
5069 30.77
3879 30.67
3761 31.06
4512 30.66
15171 37.20
1978 36.06
2908 34.92
2889 34.46
3777 33.56
4670 31.86
5382 31.65
3981 31.86
4435 31.69
5439 30.90
3592 31.05
4397 31.00
3681 31.18
4196 31.17
4564 30.76
4921 30.29
4051 30.18
4155 30.38
4404 29.92
5480 29.35
5180 29.59
4782 29.73
4903 29.44
4493 29.64
4043 29.91
4098 29.92
4181 30.17
4682 29.96
4981 29.60
4378 29.81
3898 29.89
4642 29.73
15345 36.00
1539 35.94
2806 34.27
2758 33.91
3946 32.88
4180 32.24
4907 31.60
4584 31.73
4518 31.03
5035 30.47
4940 30.24
5243 30.12
4170 29.89
4718 29.74
3865 29.98
3985 30.15
3790 29.69
4637 28.66
4731 29.18
5754 29.38
5392 29.83
4641 30.00
4185 30.10
4421 29.42
4413 29.39
4952 29.79
4297 30.28
4687 30.11
4508 29.67
4748 29.94
5037 29.38
5023 29.46
15091 36.46
1736 35.36
2884 34.27
3577 33.93
3422 33.20
4900 32.38
3521 32.40
4577 31.59
4513 31.30
3543 31.49
4371 31.11
4560 30.78
4209 30.65
4961 30.21
4455 29.93
4355 30.24
3787 30.40
4270 30.14
4496 29.94
4238 30.16
3998 29.72
4333 29.90
4286 29.39
3939 29.31
4074 28.81
4160 28.72
4324 28.58
6142 29.42
7418 29.62
3591 29.66
4124 29.23
3984 29.56
14843 35.15
1684 34.79
3003 34.51
3644 34.38
3866 33.88
4428 33.01
4221 32.65
4753 31.92
3873 31.66
5036 31.13
4026 31.16
4736 30.86
4678 30.76
4724 30.44
5239 30.14
4390 30.03
4133 30.41
4124 30.53
4074 30.84
4202 30.45
4252 30.58
5552 29.75
3988 30.13
4637 29.80
4146 29.58
4527 29.51
4469 29.89
4747 30.38
4237 30.24
3999 30.69
4915 29.91
4385 29.86
14756 35.34
1633 34.03
2796 32.97
3059 32.60
4375 31.91
4617 32.71
4056 32.39
5866 31.79
4108 31.77
4995 31.17
4687 30.58
3967 31.28
