14886 37.87
692 38.73
2585 36.06
5863 34.13
6025 32.79
6596 32.42
5070 32.13
5245 32.03
5522 31.60
5068 31.25
5494 30.98
5496 30.55
4675 30.34
5722 29.94
5862 29.61
5956 29.62
5055 29.72
6537 29.70
7050 29.65
5676 29.79
5309 29.78
4734 29.57
4800 29.35
6966 29.72
5981 30.31
4459 30.03
4710 29.97
5500 29.34
7410 28.85
5744 28.96
6046 29.07
5528 29.39
18227 35.82
1842 35.00
3347 33.65
3413 33.70
6736 32.01
4922 32.15
4852 32.20
6602 30.72
6312 30.72
5766 30.29
5753 29.90
5388 30.09
5703 29.99
5847 29.64
5682 29.54
6508 29.38
5619 29.41
5339 29.47
5634 29.40
5098 29.52
5373 29.34
4970 29.37
6133 29.01
5804 28.99
6996 28.87
7040 29.26
5683 29.16
6062 28.75
6162 28.92
5425 29.08
5334 29.07
6338 28.42
18731 34.48
2442 33.40
3229 32.91
3192 32.93
5038 31.32
5145 31.00
6144 30.12
6593 29.48
4974 29.51
6525 29.32
6478 29.68
5400 29.67
6139 29.46
5447 29.31
6197 28.97
5747 28.91
5972 29.16
5662 29.21
6513 28.60
6535 28.65
5441 28.80
5744 28.79
4770 29.25
5333 29.17
6620 28.79
6087 28.86
5764 28.73
5188 28.77
4797 29.08
6027 29.15
6794 29.36
4696 29.79
18353 35.01
2699 33.08
3422 33.22
3617 33.29
4093 32.62
5723 31.06
5291 30.62
5391 30.36
6607 30.56
6096 29.76
5297 29.82
5597 29.08
6107 29.21
5648 29.40
6006 29.08
6372 28.81
5583 28.87
6505 29.29
6510 28.81
5191 29.34
5742 29.40
5015 29.18
5048 29.17
5666 28.92
7059 28.32
5975 28.52
5316 28.63
4737 28.64
5292 28.84
6024 28.26
5702 28.26
6732 28.37
18836 34.47
1710 33.71
3330 33.00
4277 31.35
4079 31.35
5585 30.57
5365 30.11
5980 29.31
5836 28.93
6319 28.74
5658 28.71
5962 28.57
5469 28.83
6031 29.12
5956 29.19
5275 29.16
5565 29.55
7116 29.72
4727 29.14
4980 29.08
5163 29.15
5850 29.74
5665 29.72
6936 29.56
5492 29.74
4339 29.84
5342 29.77
4979 29.89
5997 29.59
6610 29.11
5754 29.38
5677 29.36
18589 35.64
2642 34.01
3647 33.54
3793 32.88
3986 32.19
5469 30.74
6168 30.50
5700 30.25
5993 30.00
6542 29.55
4406 29.71
5402 29.62
4681 29.97
4933 30.04
5356 29.60
5799 29.26
5849 28.80
5764 28.77
4718 29.04
4844 29.21
5690 28.85
5610 28.94
5812 28.63
5960 28.54
6149 28.52
5979 28.56
6464 28.53
6313 28.45
4957 28.65
5391 28.74
5369 28.75
5661 28.65
18890 34.42
1620 34.50
3422 32.70
4014 32.10
3903 32.15
5818 30.69
4705 30.72
7607 29.99
4898 29.84
5246 29.62
4570 29.60
5601 29.33
6048 28.70
5825 28.81
6041 28.37
5463 28.54
4515 28.36
5251 28.05
5703 28.17
5911 28.91
5881 29.14
6552 28.84
5064 29.02
6328 28.18
5989 28.19
6445 28.60
5787 28.79
4893 29.30
5268 29.04
6500 28.71
4574 29.06
5491 29.02
18589 34.91
2148 34.10
3308 33.44
3456 33.03
5156 31.80
4969 31.79
5926 30.75
5449 30.18
7034 29.37
5559 29.51
5213 29.53
4381 29.89
4964 29.67
5433 29.31
5079 29.29
5465 29.19
5722 28.97
6471 28.63
4663 28.88
4703 29.25
4778 29.22
5583 28.96
5257 28.22
5331 27.94
5104 27.59
4926 27.71
5805 27.13
8310 27.99
8856 28.66
4743 28.56
4837 28.39
5138 28.45
18140 33.55
2164 33.30
3640 33.23
4529 33.18
4660 32.63
5198 31.94
5758 30.99
6306 30.40
6224 29.74
5709 29.66
5640 29.67
5561 29.63
5671 29.46
5159 29.48
4907 29.70
5610 29.07
5468 29.24
5423 29.28
6042 29.12
5472 29.11
5461 29.19
5010 29.24
5348 29.02
6388 28.49
5323 28.40
5513 28.56
5681 28.72
6381 28.94
6019 28.85
5890 29.02
5520 28.66
5353 28.87
18177 33.74
1798 32.96
3334 31.73
3679 31.27
5980 30.32
6583 30.86
4635 30.83
4766 31.21
5795 30.51
5588 30.08
6450 29.30
6563 29.45
