15654 37.54
633 38.43
2599 35.45
6177 33.64
5803 32.78
6559 32.31
4835 32.23
6869 31.46
4577 31.71
5558 31.05
5572 30.79
5785 30.30
5027 29.99
5679 29.80
6175 29.32
6282 29.38
5803 29.32
6782 29.44
6583 29.66
5408 29.72
5341 29.66
5151 29.53
5117 29.43
8254 29.28
7123 29.65
5203 29.37
4864 29.50
4739 29.62
5357 29.51
5712 29.25
7531 28.76
7136 28.80
18522 35.78
1929 34.56
3229 33.98
3588 33.45
5445 32.39
5752 32.02
5776 31.83
6571 30.65
5713 30.69
5870 30.18
5584 29.88
6592 29.57
5647 29.77
5785 29.60
6062 29.32
6614 29.31
5775 29.33
5341 29.29
5903 29.10
5322 29.34
5257 29.30
5460 29.04
5587 28.96
6137 28.81
7426 28.68
7248 29.05
6056 28.98
5892 28.77
6837 28.61
6175 28.64
5598 28.82
7044 28.08
19697 34.09
1772 33.73
3593 32.83
3746 32.24
4766 31.07
5851 30.64
5411 30.00
7020 29.32
6421 28.84
5646 29.35
5919 29.82
5918 29.55
6577 29.16
5420 29.32
6696 28.66
5324 28.97
6134 29.16
6181 28.82
6509 28.60
5785 28.92
5977 28.63
5913 28.83
4866 29.06
5569 29.03
5561 28.85
6169 28.80
7279 28.28
6117 28.34
6098 28.24
5932 28.82
5914 29.55
5706 29.25
19360 34.62
2244 33.31
3226 33.34
3543 33.32
5379 31.93
6635 30.56
5606 30.08
6650 29.50
7396 29.70
6122 29.33
5040 29.37
4651 29.32
5701 29.19
5436 29.58
5976 29.24
6301 28.80
6825 28.58
6418 29.09
6445 28.72
5745 28.96
5716 29.35
6608 28.66
5862 28.60
6804 28.28
7080 28.17
5807 28.32
5556 28.39
5004 28.50
6073 28.42
6551 27.90
6447 27.97
6792 27.97
19315 34.28
1827 33.61
4142 31.79
3922 31.25
3989 31.18
5963 30.16
5286 29.85
5910 29.31
5964 28.79
7067 28.45
6159 28.44
5250 28.84
6503 28.34
6619 28.70
6287 28.91
6185 28.79
6240 28.91
8450 29.01
5700 28.37
5907 28.35
5801 28.58
6799 28.93
5756 29.28
6031 29.69
5060 29.79
4854 29.82
6306 29.34
4993 29.53
5333 29.78
4861 29.74
5792 29.58
6205 29.18
19293 35.38
2446 33.93
3763 33.07
3717 32.66
5507 31.55
6298 30.05
6674 29.83
5524 29.99
4755 30.26
5164 30.02
5560 29.48
6020 29.45
6384 29.17
5990 29.29
4935 29.37
6848 28.75
5776 28.46
5962 28.58
4868 28.79
5627 28.65
6926 28.23
5536 28.71
5377 28.61
5714 28.47
6162 28.51
4768 29.07
5193 28.95
5688 28.83
5756 28.80
7065 28.26
5767 28.25
5704 28.51
19295 34.26
1579 34.52
3733 32.52
3681 32.11
5072 31.38
5460 30.64
6761 29.84
5177 30.33
5548 29.64
5148 29.52
5616 29.11
6397 28.98
5657 28.58
5115 29.00
5775 28.53
5560 28.55
5595 27.89
6245 27.43
6555 27.80
7524 28.02
6890 28.55
5991 28.68
4941 28.91
5922 28.18
5507 28.37
6304 28.66
5142 29.18
5085 29.41
7323 28.27
6119 28.61
4685 29.03
5436 28.83
19231 34.63
2466 33.89
3344 33.08
3816 32.65
4950 31.53
5730 31.21
4552 31.03
6596 29.74
5460 29.71
6402 29.27
6982 28.90
6325 28.78
5533 28.91
4936 29.05
4727 29.13
5446 29.25
5507 28.99
6234 28.68
4862 28.82
6097 28.60
4879 28.50
6008 28.55
4489 28.47
5103 28.31
5341 27.73
5262 27.36
5774 27.04
8988 27.82
11229 27.90
5154 28.23
4441 28.34
4680 28.61
18613 33.38
2312 32.99
3723 32.95
4197 33.14
4615 32.96
5701 31.66
5399 30.95
5413 30.64
6459 29.86
5599 29.88
6628 29.36
6137 29.43
5643 29.49
5200 29.39
5844 29.04
5696 29.02
5243 29.43
5342 29.27
6986 28.76
6600 28.55
5833 28.74
5723 28.79
5025 28.94
5079 29.02
5575 28.50
6405 28.19
6336 28.29
6773 28.74
5748 28.76
4694 29.28
4872 29.26
5786 28.71
18644 33.50
2128 32.84
3382 31.43
3887 31.08
5708 30.25
6622 30.84
4514 30.94
5771 30.70
6066 30.31
6314 29.77
7582 28.82
7099 29.07
