16771 36.99
713 38.28
2564 35.61
5949 33.58
6148 32.36
6542 32.27
6379 31.60
6178 31.20
6259 30.92
5019 31.02
6264 30.26
5917 30.09
5714 29.47
6512 29.40
6567 28.98
5930 29.24
6160 29.05
7598 29.02
6116 29.66
5893 29.39
5364 29.52
5907 29.06
5630 28.90
6823 29.54
6546 29.87
5482 29.41
5845 29.14
6492 28.77
6540 28.72
6610 28.53
6805 28.59
7417 28.50
19776 35.21
2284 33.87
3759 33.25
4001 32.58
5546 31.97
7128 31.25
5899 31.37
7734 29.89
7376 29.85
5871 29.70
5432 29.67
6517 29.48
7366 29.06
5167 29.69
6166 29.06
5647 29.56
7525 28.62
5313 29.12
6385 28.83
5383 29.21
5184 29.24
5742 28.82
6510 28.48
6633 28.46
7504 28.45
7850 28.64
6389 28.71
6558 28.43
6684 28.47
7166 28.24
5881 28.20
7549 27.74
20696 33.68
1740 33.58
3973 32.01
3625 32.21
5430 30.74
5492 30.57
6662 29.52
7324 28.87
5331 28.76
6081 29.18
6330 29.54
6797 29.09
6451 29.16
6143 28.77
6659 28.64
6154 28.50
5906 29.02
7262 28.27
5834 28.56
7550 28.16
6662 28.15
6328 28.45
5653 28.46
5831 28.62
6411 28.33
7924 28.04
7422 27.86
6895 27.83
6034 28.04
6192 28.55
6636 29.08
5292 29.33
20087 34.31
2209 33.34
3464 32.95
3819 32.86
5975 31.47
5809 30.66
6589 29.63
6525 29.36
6795 29.72
6465 29.16
6259 28.90
6062 28.55
5593 29.15
5955 29.14
6004 29.01
7127 28.32
6657 28.33
7840 28.58
6831 28.40
5848 28.68
6013 29.14
5999 28.63
6849 28.25
7122 28.05
6253 28.27
5374 28.58
6108 28.07
5887 28.10
6318 28.00
7743 27.20
6508 27.66
7270 27.62
20623 33.78
1665 33.53
3594 31.90
4275 30.83
5794 30.13
6423 29.54
5229 29.58
6970 28.61
5986 28.29
6181 28.43
6574 28.11
6899 28.03
6496 28.02
6869 28.44
6909 28.44
6089 28.41
6322 28.80
8497 28.96
4943 28.55
5401 28.45
5646 28.75
6339 29.23
6524 29.06
7620 29.08
6444 29.08
4766 29.16
5416 29.46
5764 29.16
6114 29.29
7324 28.73
6400 28.89
5896 28.95
20315 34.98
2392 34.23
3577 33.06
3753 32.47
5737 31.40
5886 30.20
7199 29.66
6759 29.53
6349 29.65
5404 29.55
5622 29.19
6247 29.12
6795 28.81
6397 28.94
5245 28.92
7659 28.31
5592 28.46
5983 28.41
5069 28.80
6277 28.19
6454 28.26
7502 27.94
5975 28.07
5664 28.29
5480 28.50
5373 28.69
5550 29.00
7206 28.17
5204 28.58
5877 28.50
6896 28.03
6659 28.11
20690 33.68
2107 32.90
3379 32.63
3603 31.94
5782 30.78
5424 30.37
7809 29.28
6244 29.67
6193 29.01
4919 29.10
5699 28.85
5649 29.02
7242 28.00
5753 28.42
6241 28.17
5992 28.14
5339 27.80
5978 27.41
6459 27.64
6731 28.25
6892 28.49
6275 28.59
5145 28.94
7113 27.69
6819 27.55
6791 28.32
6304 28.51
5661 28.80
5395 28.70
5500 28.94
6285 28.19
7146 28.08
20245 34.22
2629 33.24
3768 32.66
3943 32.29
5168 31.28
6289 30.54
4958 30.63
5978 29.82
6351 29.32
5634 29.30
6805 28.89
6066 28.73
6464 28.58
6155 28.47
5409 28.51
5509 28.83
5744 28.84
6151 28.62
5460 28.64
6511 28.27
5559 28.12
5950 28.32
5894 27.75
5477 27.72
5662 27.25
6220 26.71
5967 26.75
9474 27.54
11783 27.68
5183 28.01
5824 27.71
5836 27.83
18161 33.54
2159 33.41
4125 32.89
4848 32.96
4980 32.56
5673 31.57
5807 30.75
6401 30.05
6184 29.65
6467 29.31
8010 28.81
5559 29.13
5511 29.26
5369 29.16
5524 29.28
7471 28.20
6593 28.55
6039 28.69
5682 29.13
5277 29.12
5484 29.16
7788 28.18
6216 28.22
7131 27.76
5967 27.87
5614 28.29
5771 28.57
5913 28.98
7537 28.24
6054 28.58
5342 28.67
5980 28.47
19937 32.97
2454 31.75
3061 31.35
3969 30.81
6676 29.49
7740 30.17
5167 30.18
5925 30.18
7287 29.58
5748 29.32
6387 28.87
6130 29.31
