19260 35.86
831 36.89
2147 35.89
7195 32.55
6910 31.34
8258 31.01
7937 30.21
5848 30.52
6977 30.10
6434 29.88
6876 29.53
6833 29.14
6623 28.71
7379 28.60
6996 28.56
7697 28.32
7202 28.24
7794 28.49
7897 28.69
7170 28.54
6239 28.88
6031 28.56
5834 28.69
9184 28.54
8059 28.98
6091 28.75
5926 28.79
6391 28.58
6542 28.67
8702 27.81
7249 28.18
9049 27.75
22072 34.32
3487 32.62
3859 32.70
5614 31.29
5211 31.38
6830 30.87
7450 30.44
8985 29.02
8775 28.88
6779 28.89
5940 29.01
7689 28.71
7212 28.80
7097 28.56
7151 28.28
8185 28.14
6706 28.37
7058 28.09
6687 28.25
6900 28.08
7847 27.67
8347 27.26
7046 27.50
6817 27.82
9070 27.55
8406 28.05
7151 28.01
8091 27.62
7121 27.92
7164 27.83
6643 28.06
6805 27.71
23489 32.64
2629 31.95
3752 31.79
4503 31.03
6852 29.54
6455 29.35
6986 28.74
7752 28.30
7913 27.64
7565 27.97
8282 28.50
6789 28.30
7550 28.13
7148 27.96
7536 27.84
7249 27.83
7698 27.97
6868 28.07
8726 27.43
8472 27.54
7392 27.41
7292 27.70
6491 28.02
6513 28.03
7417 27.84
7475 27.79
8168 27.45
6808 27.63
6118 27.92
7103 28.18
7502 28.78
5518 28.87
23005 33.24
2515 32.35
3901 32.22
4262 32.35
7893 30.29
9774 28.70
7683 28.29
7485 28.20
7719 28.61
7072 28.23
6592 28.32
7007 27.84
6882 28.22
6583 28.41
8103 27.84
7684 27.67
7574 27.73
7348 28.34
7425 27.98
6886 28.20
7479 28.19
6231 28.28
6412 28.20
7667 27.78
7674 27.66
7046 27.41
6901 27.58
6928 27.32
7594 27.33
8052 26.69
7954 26.91
8359 27.07
23563 32.69
1846 32.78
4068 30.90
6276 29.42
5237 29.73
6461 29.27
6950 28.64
7445 28.01
7255 27.44
8094 27.34
7132 27.45
7583 27.25
7985 27.23
7453 27.78
8468 27.68
8122 27.48
8205 27.67
10984 27.68
6370 27.44
6935 27.41
7387 27.49
8070 27.98
7434 28.22
7146 28.72
7308 28.57
5725 28.67
6326 28.71
6636 28.59
8399 28.19
7146 28.26
7189 28.23
6687 28.28
23515 33.85
2582 33.26
5449 31.58
4608 31.18
5354 30.73
7404 29.07
6561 29.10
6599 29.09
7745 28.78
5841 29.08
7389 28.27
8596 27.99
6432 28.41
6836 28.33
6014 28.55
7764 27.93
6927 27.77
7809 27.51
7653 27.34
8538 27.03
8521 27.09
8464 27.10
7653 27.20
7705 27.19
7426 27.46
6154 27.91
6499 28.09
5873 28.12
7410 27.69
7211 27.70
6851 27.58
7731 27.41
23633 32.65
2312 32.16
4128 31.41
3766 31.55
6852 29.97
6146 29.65
9014 28.33
7213 28.90
7043 28.21
7319 27.99
6763 27.83
8890 27.40
6800 27.53
6920 27.58
5678 27.88
6454 28.01
6549 27.29
7172 26.62
7546 27.03
8435 27.29
7286 28.04
6087 28.50
6758 28.00
6515 27.76
6736 27.52
7080 28.12
6780 28.31
7617 28.13
6606 27.90
7366 27.99
7755 27.42
7912 27.55
23184 33.20
2816 32.48
3905 32.27
4288 31.95
6664 30.33
7253 29.57
5579 29.81
7296 28.71
6344 28.71
7507 28.36
6802 28.43
6769 28.24
7058 28.10
6924 27.98
8119 27.54
6669 27.99
6095 28.17
6022 28.40
6401 28.18
7689 27.72
5673 27.75
6416 28.11
6066 27.65
6943 26.89
6444 26.51
5914 26.59
6539 26.44
10421 27.09
11669 27.51
6334 27.59
6245 27.25
6155 27.50
22577 31.81
2312 31.99
4461 31.98
5524 31.94
5518 31.70
6655 30.55
7487 29.49
6689 29.29
9224 28.13
7421 28.41
7801 28.31
7058 28.28
6038 28.59
7360 28.14
6297 28.39
6046 28.41
6607 28.49
7464 28.27
7978 27.97
8809 27.38
6846 27.81
7116 27.87
5678 28.15
5962 28.22
6967 27.66
6950 27.47
9075 27.13
9519 27.36
8107 27.42
7540 27.64
5705 27.95
6927 27.84
22572 31.97
2827 30.69
4035 29.75
4033 29.99
6662 29.13
7489 29.87
6326 29.62
8123 29.12
6849 29.12
7374 28.57
7623 28.11
6416 28.71
