20557 35.35
894 36.73
3254 33.73
6582 32.15
7263 30.98
8558 30.52
8906 29.74
7413 29.72
6543 29.84
6126 29.88
8047 28.99
6403 29.09
7125 28.43
7993 28.33
8272 27.93
7965 27.88
7299 28.11
8267 28.26
7403 28.70
7472 28.46
7252 28.29
7631 27.79
6323 28.04
7883 28.85
7351 29.07
8837 27.96
7708 27.90
8104 27.58
7655 27.87
6261 28.05
6896 28.26
7654 28.11
23869 33.70
4445 31.82
3968 31.96
4494 31.43
6395 30.82
7900 30.12
6677 30.26
9192 28.76
8389 28.82
7067 28.80
7125 28.46
8746 28.24
8653 28.14
7938 27.87
7493 28.04
7686 28.07
6975 28.13
7229 28.06
7436 27.89
6851 27.93
6718 28.06
7551 27.72
7855 27.35
8749 27.25
8678 27.44
9128 27.84
7782 27.78
7832 27.48
8185 27.54
8488 27.35
7612 27.35
8046 27.10
23828 32.54
2968 31.71
4074 31.27
4605 30.73
7796 29.07
6870 29.06
9677 27.64
8444 27.54
6971 27.45
7636 27.84
7998 28.32
8718 27.73
7783 27.92
7321 27.70
7917 27.59
7873 27.51
7748 27.83
7303 27.85
7479 27.71
7648 27.80
7072 27.63
7533 27.77
7976 27.58
8328 27.32
8215 27.40
7307 27.71
8464 27.29
7112 27.49
6781 27.54
7992 27.80
8057 28.32
6714 28.31
24849 32.62
2434 31.87
3935 31.80
4481 31.96
7145 30.40
9068 28.77
7427 28.39
7027 28.34
9135 28.39
8457 27.85
7655 27.76
6408 27.74
6890 28.13
6756 28.35
7755 27.98
7952 27.62
8669 27.31
8760 27.81
7187 27.67
7273 27.86
7930 28.08
6227 28.25
7056 27.80
7951 27.50
7834 27.57
7890 27.18
7828 27.17
7473 26.94
8552 26.74
8799 26.49
7739 26.75
7363 27.36
24811 32.26
1920 32.54
4248 30.67
4412 30.42
7511 28.98
6551 28.99
8963 27.78
8826 27.27
7310 27.13
7717 27.21
6956 27.32
7742 27.15
7908 27.03
8666 27.34
8055 27.56
7753 27.43
8680 27.50
11692 27.43
7018 27.14
7537 27.10
7417 27.31
8748 27.65
7278 28.08
7770 28.34
6540 28.78
6403 28.62
7887 28.19
6857 28.33
8138 28.12
7649 28.00
7667 28.01
9049 27.60
24260 33.60
2550 32.94
5788 31.30
4804 30.95
5462 30.43
7174 28.95
6535 29.17
7795 28.70
8751 28.31
7417 28.23
7776 27.86
7586 28.04
6997 28.11
6700 28.39
6616 28.24
9500 27.33
7970 27.20
7793 27.29
6346 27.65
6388 27.77
7182 27.63
7780 27.44
8788 27.06
8546 26.95
8202 27.15
8405 27.06
8971 26.94
7773 27.09
6933 27.43
6884 27.55
6950 27.40
7710 27.36
24692 32.29
2583 31.92
4000 31.37
4740 30.48
6561 29.64
6914 29.11
7419 28.68
7806 28.70
7197 28.06
7096 27.97
7181 27.72
8310 27.46
7179 27.52
7896 27.33
7670 27.13
6801 27.32
7248 26.87
7859 26.32
8625 26.60
9163 26.99
9146 27.38
8289 27.43
7636 27.49
8037 26.96
7520 27.00
9043 27.35
7293 27.60
7618 27.68
6329 27.83
7277 27.88
6217 27.91
7705 27.67
24345 32.78
2605 32.80
4269 31.85
4330 31.27
6992 30.09
6742 29.61
7604 29.00
8393 28.17
7950 28.00
7891 27.94
6658 28.10
6291 28.23
6831 28.02
6296 28.23
7329 27.77
8491 27.48
6563 27.91
6194 28.09
6232 28.16
7560 27.56
7311 27.11
7412 27.38
5705 27.37
6460 26.92
7681 26.11
6910 25.98
7606 25.86
13028 26.25
14993 26.46
8199 26.59
5981 27.07
6648 27.13
18754 33.30
3196 32.69
4824 32.28
6042 31.89
5936 31.58
6923 30.45
8204 29.38
6294 29.34
8828 28.29
8000 28.28
8306 28.07
7164 28.26
6566 28.47
7708 27.88
6440 28.20
6704 28.02
7972 27.86
8793 27.48
7832 27.67
6065 28.16
6291 28.15
6656 28.22
7121 27.86
10201 26.91
7518 27.05
8657 26.81
8252 27.16
9387 27.28
8122 27.34
7819 27.50
6729 27.56
7308 27.47
24579 31.21
2018 31.13
4258 29.48
4883 29.35
7012 28.74
7851 29.41
5876 29.42
7337 29.31
7979 28.81
7293 28.47
8367 27.76
9032 27.91
