21661 34.96
883 36.52
3545 33.65
6771 31.93
7266 30.73
9635 30.10
8802 29.43
8113 29.46
6785 29.57
7494 29.00
7237 28.97
7979 28.47
6879 28.30
8704 27.93
8251 27.78
9209 27.63
7713 27.72
8188 28.12
8674 28.28
8115 28.06
6835 28.35
7609 27.77
6515 28.03
7882 28.66
7730 29.04
8116 28.07
8731 27.65
8009 27.48
8673 27.54
7195 27.77
7420 28.04
7145 28.17
24927 33.32
2929 32.46
4041 31.83
4419 31.55
8642 30.12
7063 30.05
7977 29.86
9758 28.41
10033 28.28
7933 28.21
6227 28.61
8629 28.06
8106 28.31
8611 27.62
8329 27.61
7832 27.97
8729 27.49
8128 27.53
7443 27.70
6903 27.88
7473 27.62
7435 27.54
7841 27.27
9168 27.21
9664 27.17
9621 27.55
8140 27.46
8037 27.35
8852 27.25
8589 27.22
8334 27.18
9524 26.68
24746 32.23
2739 31.74
4472 31.16
7222 29.54
5919 29.17
6982 28.91
7266 28.31
9564 27.47
8018 27.17
8919 27.38
8768 27.90
7422 27.93
8809 27.65
7477 27.65
8555 27.34
7776 27.48
8948 27.36
8318 27.35
7812 27.35
7274 27.73
7047 27.62
7834 27.64
9058 27.19
8872 27.15
8260 27.22
9395 26.91
9414 26.84
7383 27.29
7275 27.18
7909 27.58
9014 27.99
6529 28.09
25404 32.43
2204 31.97
4379 31.53
5254 31.32
7749 29.89
10074 28.32
8738 27.73
8397 27.64
8416 28.29
8120 27.69
6811 27.90
6853 27.63
8031 27.69
7379 28.12
8728 27.55
8576 27.27
7996 27.41
8506 27.89
9103 27.21
8029 27.48
8318 27.69
7496 27.51
7857 27.34
6990 27.68
7617 27.62
8445 27.12
8216 27.00
7952 26.71
7518 27.06
9608 26.31
8218 26.56
9256 26.60
25891 31.96
1960 32.31
4388 30.51
5402 29.32
7894 28.53
6787 28.55
7955 27.79
8806 27.14
7233 27.10
8060 27.06
7905 26.91
9008 26.61
8230 26.86
8567 27.21
9074 27.23
7866 27.40
9191 27.28
12301 27.22
7367 26.92
7902 26.88
7788 27.23
8953 27.51
7976 27.84
8335 28.29
7581 28.27
6386 28.23
6815 28.41
7352 28.10
8151 28.04
8699 27.69
7895 27.78
7742 27.80
25622 33.14
3347 32.01
4127 31.76
4765 30.87
8296 29.60
9323 28.01
9214 27.86
8488 27.88
7476 28.10
6674 28.41
6930 28.04
8202 27.73
7291 27.88
7632 27.91
7216 27.88
7729 27.65
7242 27.47
8261 27.24
7754 27.14
7827 27.03
9421 26.80
8494 26.90
8156 26.96
7663 27.01
7305 27.38
6552 27.59
7363 27.73
7260 27.56
9646 26.91
7930 27.15
7394 27.10
8488 27.06
26110 31.85
2139 31.95
5098 30.55
4209 30.53
7054 29.40
7379 28.79
8587 28.00
8444 28.22
8196 27.59
9000 27.17
7651 27.28
6759 27.82
7063 27.44
7493 27.39
6563 27.48
7341 27.43
8149 26.50
7789 26.27
8130 26.65
9536 26.89
8476 27.36
8234 27.52
7373 27.51
8295 26.88
7099 27.12
7951 27.69
7349 27.72
6752 28.03
7117 27.74
9352 27.22
7055 27.48
7317 27.62
25660 32.37
3073 31.86
4117 31.95
4547 31.24
7261 29.78
7142 29.37
8040 28.68
8624 27.92
8489 27.74
8441 27.53
6922 28.03
7416 27.65
6753 27.87
8042 27.44
9504 26.96
8492 27.07
7281 27.25
6930 27.60
6236 27.75
7981 27.36
6812 27.23
7193 27.67
7198 26.79
7207 26.42
7061 26.13
7044 25.88
7225 25.94
11286 26.73
12937 27.04
7297 27.03
6141 27.28
7284 26.98
24631 31.05
2860 31.16
4786 31.51
5448 31.70
6839 30.69
6706 30.35
7716 29.16
8873 28.39
7138 28.39
8928 27.93
9090 27.66
8099 27.84
7481 27.95
8201 27.65
7269 27.84
7866 27.55
7888 27.64
8915 27.27
8936 27.37
7017 27.69
7501 27.60
6757 27.79
6878 27.85
9207 26.95
8203 26.77
7436 27.00
7808 27.28
8408 27.57
7210 27.73
6485 28.01
6731 27.90
8333 27.23
26094 30.71
1846 31.21
4393 29.23
4673 29.25
7467 28.45
8128 29.28
7085 28.97
9393 28.42
9321 28.04
9322 27.55
9013 27.27
9810 27.39
