22685 34.56
985 36.13
4019 33.14
6834 31.51
7557 30.32
8652 30.22
9311 29.38
9620 28.98
7781 29.03
7715 28.74
8209 28.52
7255 28.47
8182 27.82
8350 27.89
9578 27.40
8197 27.66
8649 27.46
9816 27.55
8939 27.95
7881 27.95
7783 27.94
7527 27.68
7904 27.23
11007 27.57
10176 27.95
7658 27.79
6726 28.05
6790 28.04
7279 28.18
8903 27.38
10787 27.04
9245 27.24
25444 33.15
3534 31.99
4623 31.63
6296 30.50
7020 30.23
8877 29.44
8842 29.31
8468 28.47
9335 28.28
7095 28.37
7875 28.07
10474 27.51
9783 27.60
8258 27.53
8280 27.53
8771 27.60
8484 27.46
7856 27.58
7644 27.68
7091 27.84
8773 27.12
9218 26.77
9437 26.55
9727 26.59
10516 26.73
11123 27.03
9185 27.02
8686 27.02
7824 27.33
8846 27.08
8033 27.10
8283 26.88
26934 31.57
2547 31.38
4227 30.62
4657 30.52
8113 28.86
7782 28.50
9048 27.55
10425 26.86
8018 26.85
8843 27.13
9353 27.64
8113 27.60
8786 27.52
8428 27.39
8226 27.31
7654 27.42
7669 27.77
8567 27.33
9705 26.94
8738 27.18
8947 26.87
8943 27.16
8095 27.14
7392 27.38
8107 27.31
9035 27.19
9050 26.86
9711 26.62
8385 26.62
9935 26.93
10791 27.24
8569 27.31
26622 32.04
1870 32.29
4248 31.80
5085 31.46
8931 29.43
10862 27.93
8257 27.64
8124 27.57
8615 28.14
7964 27.70
8410 27.43
7019 27.38
9022 27.34
8886 27.34
8205 27.42
9107 26.88
8766 27.03
9991 27.23
9340 26.88
9460 26.96
8869 27.41
8406 27.18
7303 27.50
7244 27.59
8083 27.40
10192 26.45
8769 26.66
7154 26.68
7800 26.98
8187 26.57
9810 26.17
9482 26.46
27151 31.52
2012 32.21
5539 29.70
6395 28.83
7097 28.45
7787 27.98
7783 27.62
9912 26.66
7471 26.85
8405 26.80
8252 26.63
9689 26.32
7632 26.78
8713 27.12
8722 27.32
9374 26.93
10438 26.84
12544 26.95
7728 26.72
6668 27.07
7719 27.15
8706 27.73
7596 28.16
9823 27.82
9784 27.50
8452 27.40
7334 27.91
7441 27.82
8198 27.75
7753 27.79
8177 27.68
8946 27.44
26969 32.71
2957 31.83
4329 31.66
6190 30.36
8804 29.09
10039 27.57
7165 28.12
7311 28.23
7690 28.23
6816 28.49
8143 27.72
9423 27.46
7234 27.75
7435 27.89
7140 27.76
9015 27.33
9646 26.64
9694 26.65
7926 26.90
7116 27.08
7734 27.15
7310 27.46
8039 27.03
9455 26.73
8292 27.05
7750 27.11
7773 27.33
7075 27.54
7841 27.29
8686 27.12
9389 26.70
8464 26.98
27149 31.53
2193 31.72
5576 30.21
4580 30.26
7149 29.07
7685 28.47
7576 28.30
8347 28.30
8594 27.52
10108 26.92
9567 26.69
9232 26.86
8437 26.83
8471 26.84
7857 26.75
7893 26.88
6646 26.93
8160 26.01
8178 26.60
10640 26.52
10351 26.84
9375 27.03
8453 27.03
9694 26.31
9051 26.28
9723 26.84
7934 27.32
8234 27.29
7090 27.37
7830 27.48
6809 27.59
8439 27.14
26971 32.02
3076 31.55
4793 31.58
5080 30.75
6991 29.55
7439 29.00
7154 28.96
7923 28.10
9922 27.44
9150 27.42
8527 27.40
6789 27.58
7141 27.68
7561 27.49
8386 27.17
7589 27.51
9515 26.88
7406 27.35
7639 27.05
7608 27.29
7154 27.08
7612 27.23
8184 26.40
9825 25.47
7009 25.95
6878 25.76
6885 25.96
10980 26.66
11525 27.36
7294 27.22
7787 26.65
7917 26.66
25673 30.68
3136 30.78
4980 31.23
5710 31.42
7300 30.36
6804 30.09
9193 28.65
6366 28.95
7934 28.08
8807 27.84
9222 27.64
9357 27.39
9113 27.45
8574 27.41
7815 27.48
8429 27.11
7490 27.55
7629 27.70
9077 27.34
7541 27.50
9893 26.89
8763 27.13
8005 27.03
8160 26.90
7143 27.05
7293 27.25
8067 27.29
9959 27.16
8685 27.21
8212 27.28
8411 27.16
8405 26.98
27191 30.35
1677 31.31
5117 28.94
6464 28.21
7335 27.74
9515 28.54
6572 28.60
7401 28.81
9448 28.05
8363 27.80
10664 26.91
10323 27.15
