23222 34.34
1023 35.90
4069 33.07
8117 30.96
8842 29.66
9524 29.47
9039 29.01
7653 29.30
7919 29.04
8089 28.57
9006 28.20
8309 28.13
7227 27.96
9540 27.54
8437 27.61
8342 27.61
9396 27.19
9793 27.51
8958 27.83
8320 27.85
7879 27.85
8543 27.23
7238 27.48
8794 28.22
7896 28.68
8691 27.65
9970 27.14
9947 26.77
8534 27.19
7997 27.26
8373 27.44
8079 27.65
26727 32.76
3628 31.62
4190 31.71
6531 30.29
6468 30.20
7649 29.91
9294 29.38
9981 28.18
9244 28.17
8244 27.93
9388 27.48
9114 27.72
9895 27.51
8363 27.51
8788 27.32
8362 27.65
9632 27.10
8349 27.22
8302 27.26
7128 27.66
7218 27.54
8178 27.17
9288 26.73
9546 26.75
10227 26.88
10289 27.24
8564 27.17
9127 27.01
8969 27.06
9484 26.91
8568 26.93
8786 26.79
26655 31.61
3145 30.95
6050 29.88
5004 29.92
7038 28.89
7656 28.56
7562 28.03
10513 27.03
9221 26.71
9869 26.85
10961 27.13
8507 27.17
8502 27.50
7173 27.56
9013 27.05
9337 26.80
10035 26.94
9249 26.84
9077 26.79
7978 27.30
7720 27.14
7630 27.40
8365 27.28
10122 26.63
9058 26.97
8038 27.28
8267 27.12
6853 27.48
7486 27.17
10178 27.04
10468 27.43
8468 27.46
27898 31.67
1738 32.04
4314 31.49
5254 31.19
9002 29.29
9666 28.19
9556 27.41
7837 27.62
9410 27.90
8697 27.41
8882 27.17
7437 27.14
8517 27.30
8547 27.38
8205 27.48
10282 26.63
9936 26.66
10971 26.88
8775 26.89
7931 27.39
8421 27.62
7506 27.41
7333 27.62
7521 27.50
9995 26.83
7759 27.03
9769 26.43
8808 26.23
9957 26.13
9479 26.03
10044 25.80
10758 25.98
26475 31.72
2238 32.20
4773 30.06
6947 28.66
7295 28.42
8016 27.95
8078 27.55
9742 26.74
7553 26.81
8683 26.69
8301 26.60
8098 26.72
9804 26.40
8885 26.98
9815 26.96
10123 26.61
11055 26.63
13613 26.53
7115 26.72
6350 27.06
7970 27.24
9033 27.60
7391 28.12
10026 27.75
8373 27.90
6504 28.05
7461 28.13
7662 27.94
10044 27.43
8556 27.38
8508 27.62
7920 27.60
27581 32.53
3864 31.39
4328 31.22
4870 30.63
7288 29.59
7535 28.62
9442 28.04
8006 28.09
9609 27.72
8844 27.66
8068 27.41
7830 27.68
6839 28.05
7543 27.93
8217 27.61
9378 27.13
7485 27.23
8471 27.03
8583 26.74
9430 26.45
9702 26.54
8914 26.66
8961 26.62
9712 26.30
9221 26.65
7683 26.87
7621 27.16
7352 27.40
7230 27.42
8309 27.16
9193 26.82
7387 27.23
27683 31.37
3026 30.99
5151 30.11
5957 29.39
5615 29.27
8270 28.43
8485 27.84
8265 28.09
7004 27.92
7781 27.48
9600 26.90
9376 26.99
9418 26.58
8280 26.84
8142 26.65
8118 26.81
7605 26.44
8214 26.00
7872 26.74
9942 26.71
9413 27.15
8765 27.26
8148 27.26
8740 26.66
7554 26.76
8644 27.35
7784 27.61
7369 27.82
7270 27.63
7400 27.82
8897 27.08
8663 27.08
27465 31.85
2314 31.97
5270 31.47
5288 30.60
7613 29.31
7738 28.95
9073 28.05
9915 27.27
8433 27.42
9170 27.30
7672 27.57
7962 27.43
6946 27.63
7179 27.66
8084 27.26
8447 27.38
8156 27.18
9450 26.83
8730 26.70
9396 26.70
7796 26.58
8471 26.71
6341 26.72
6882 26.57
7947 25.73
7160 25.77
9815 25.10
13580 25.82
14439 26.46
8469 26.53
6344 26.86
6933 27.06
25583 30.73
2987 30.95
4955 31.37
5656 31.38
7799 30.24
6938 30.00
9070 28.52
7623 28.48
8046 28.01
9935 27.55
9713 27.35
10686 27.00
9765 27.14
9273 27.05
7561 27.45
7411 27.34
8112 27.44
8033 27.48
8976 27.24
8012 27.35
9546 26.89
7853 27.27
7214 27.27
7260 27.41
8058 26.89
8773 26.72
8155 27.12
8101 27.65
7979 27.47
9886 26.99
8131 27.07
7484 27.23
27307 30.34
2059 30.69
4876 28.87
5759 28.61
7710 27.90
8871 28.85
6880 28.73
8689 28.45
9523 27.96
10475 27.22
9991 26.90
10553 27.06
