25256 33.66
1229 35.20
3702 32.76
7887 31.08
8875 29.54
9444 29.50
10695 28.59
10457 28.28
9410 28.36
7937 28.32
9856 27.79
8605 27.77
8263 27.51
9827 27.28
9988 27.06
9851 27.01
8403 27.22
10805 27.17
10302 27.43
10750 27.01
10716 26.72
9280 26.67
8625 26.65
11009 27.34
11364 27.47
8366 27.33
7952 27.45
8144 27.29
8654 27.32
9895 26.82
10940 26.66
12412 26.42
28094 32.37
2196 32.30
6345 30.77
5929 30.17
9604 29.08
10161 28.63
9010 28.81
9936 27.77
10061 27.76
8313 27.77
9846 27.23
9323 27.48
8705 27.79
9236 27.34
9246 27.20
8620 27.55
9794 27.04
10444 26.61
9196 26.87
8126 27.06
8875 26.76
8362 26.87
10019 26.30
10796 26.28
10678 26.60
11012 26.92
9709 26.77
11103 26.31
10679 26.36
10211 26.33
9815 26.29
8601 26.45
28960 30.91
3082 30.65
6435 29.31
5936 29.24
7283 28.39
9047 27.84
10153 26.93
9528 26.75
8394 26.62
10627 26.50
10552 27.08
10765 26.62
10800 26.69
9876 26.51
8868 26.72
9545 26.56
9719 26.85
8976 26.97
10391 26.51
9175 26.86
9096 26.68
9391 26.82
9058 26.83
10146 26.44
10066 26.50
10935 26.38
10852 26.25
8598 26.55
8668 26.58
8662 27.11
9447 27.62
7330 27.80
29954 31.01
2996 30.67
4793 30.79
5426 30.79
9348 28.92
9996 27.81
9777 27.16
8541 27.35
9200 27.78
9675 27.11
10126 26.80
9417 26.43
10464 26.61
9487 26.87
9112 26.92
9899 26.39
9911 26.55
11262 26.75
10454 26.45
10505 26.48
9615 26.96
8105 26.96
8578 26.98
8423 27.04
11227 26.41
7990 26.51
9098 26.40
9017 26.11
9530 26.22
10170 25.78
9563 25.89
11184 25.94
29744 30.69
2062 31.86
5122 29.53
7357 28.18
8243 27.81
8175 27.59
8500 27.14
11293 26.08
9503 25.97
8988 26.20
8968 26.20
10934 25.81
10218 25.84
11355 26.08
11101 26.22
10675 26.21
11695 26.25
14745 26.19
7596 26.40
7290 26.71
8021 27.02
9239 27.47
10287 27.05
10096 27.39
10924 26.95
9279 26.95
9745 26.99
9006 27.07
9524 27.12
8810 27.16
8124 27.40
9190 27.11
29999 31.81
3636 30.96
4655 30.91
5268 30.05
9645 28.59
10692 27.20
9696 27.28
9636 27.26
8375 27.56
7306 27.84
8005 27.38
10128 27.13
9002 27.15
9019 27.23
7508 27.50
11757 26.42
10569 26.12
8905 26.54
8075 26.60
8448 26.60
10105 26.31
9577 26.49
9063 26.43
8926 26.56
8695 26.72
9931 26.37
8805 26.71
7949 27.01
8024 27.10
10185 26.49
9329 26.38
8513 26.85
30158 30.61
2528 31.07
4858 30.62
5091 29.62
9386 28.12
7880 28.01
10494 27.01
9979 27.36
9047 26.88
7470 27.11
7780 27.10
9203 26.89
11529 26.06
10940 26.12
9545 26.01
9103 26.29
8378 26.10
8151 25.84
9361 26.03
9901 26.55
10539 26.74
9675 26.86
8664 26.90
11399 25.84
9082 26.10
10366 26.64
9252 26.86
8399 27.22
8723 26.93
11130 26.51
10467 26.29
10441 26.34
29711 31.17
2664 31.49
4692 31.19
5495 30.30
8943 28.74
7480 28.79
11515 27.47
9188 27.14
9286 27.03
8641 27.13
8912 27.12
8809 26.96
8913 26.94
9041 26.85
10156 26.42
8756 26.79
7729 27.13
7791 27.30
7874 27.20
10479 26.55
8590 26.45
8178 26.80
6856 26.63
8584 26.02
9481 25.24
8695 25.07
8702 25.24
13651 25.87
16128 26.07
9303 26.23
7023 26.41
7679 26.56
28024 30.00
4355 29.73
6125 29.92
6967 30.21
6647 30.12
8292 29.14
8950 28.27
9040 27.84
9607 27.27
9297 27.36
8491 27.61
8716 27.40
8605 27.51
11008 26.76
8292 27.16
9820 26.72
11084 26.48
9316 26.82
8742 27.13
7331 27.29
7300 27.56
8868 27.13
10039 26.75
10828 26.21
9717 26.09
9174 26.32
9012 26.56
9564 27.04
8563 27.16
8588 27.06
8160 26.96
9025 26.73
30007 29.48
1871 30.55
6331 27.72
6894 27.68
7881 27.35
10919 27.75
7713 27.93
7754 28.31
10849 27.40
11376 26.73
11164 26.42
11729 26.55
