25947 33.43
1271 35.01
3926 32.45
7588 30.96
8951 29.43
10347 29.24
10518 28.49
10779 28.14
9755 28.16
7640 28.43
8979 28.04
9207 27.67
8582 27.32
9944 27.23
10252 26.93
9917 26.92
9003 27.03
10235 27.20
9511 27.57
8954 27.43
8351 27.71
8780 27.10
7822 27.28
12593 27.11
10447 27.64
8106 27.51
8113 27.41
9653 26.85
10005 26.88
9395 26.76
9193 27.04
10545 26.84
29616 31.88
3782 31.14
4883 30.86
8627 29.23
8567 28.99
8642 28.86
10053 28.51
10568 27.50
9800 27.79
8792 27.56
9642 27.14
9930 27.28
10498 27.22
10658 26.74
8458 27.15
8832 27.43
8718 27.34
9061 26.98
9343 26.98
9625 26.78
10984 26.26
10688 26.06
9276 26.28
9971 26.41
9692 26.65
9980 27.26
9504 26.88
9344 26.79
9421 26.78
10151 26.53
10985 26.17
11682 25.86
28628 31.02
3345 30.52
5774 29.67
6551 29.08
9173 27.81
9052 27.59
9137 26.89
10922 26.39
8835 26.26
9729 26.62
10239 27.22
10228 26.78
10602 26.79
9683 26.61
10081 26.49
8906 26.65
9141 27.03
10300 26.58
9620 26.57
10048 26.67
8741 26.74
8957 27.00
9097 26.86
9551 26.63
11563 26.19
12243 25.98
10449 26.21
8924 26.46
8512 26.50
9220 26.93
10662 27.26
8129 27.42
30762 30.79
2454 31.06
4701 30.91
6291 30.50
8537 28.98
11213 27.56
9580 27.08
10536 26.70
10570 27.19
8505 27.13
9587 26.86
9487 26.38
9678 26.76
9767 26.81
9642 26.78
9932 26.39
10218 26.43
11342 26.71
10759 26.32
10890 26.36
11726 26.37
10223 26.34
8803 26.72
9205 26.71
8603 26.96
8542 26.66
10189 26.23
9494 25.94
10432 25.92
10707 25.53
10946 25.46
11736 25.65
29808 30.68
2081 31.70
5073 29.47
7386 28.13
9744 27.31
10655 26.66
8800 26.73
9397 26.23
9538 25.85
8754 26.19
10410 25.82
9776 25.94
10618 25.73
11675 26.01
11520 26.14
10499 26.20
9962 26.67
14177 26.42
8867 26.22
9344 26.14
8918 26.56
11029 26.64
8899 27.20
9900 27.44
8877 27.35
8006 27.35
10630 26.91
8642 27.16
8082 27.60
9379 27.14
10592 26.90
9018 27.07
30569 31.67
3219 31.35
5368 30.40
5426 30.04
8517 28.83
8456 27.88
9626 27.51
10457 27.25
10298 27.18
9463 27.16
9504 26.81
10066 26.92
7838 27.22
9209 27.20
8528 27.03
10792 26.56
9437 26.43
10845 26.15
8773 26.49
8758 26.47
11030 26.05
10219 26.20
9592 26.19
9455 26.30
9523 26.45
8769 26.53
8842 26.84
10015 26.45
10450 26.27
9311 26.60
7726 26.71
8808 26.84
30624 30.48
2425 31.05
5057 29.94
5126 29.64
9270 28.12
8571 27.80
10754 26.97
10368 27.17
10641 26.49
11221 26.14
10543 26.19
10670 26.29
9446 26.32
9816 26.25
8395 26.22
8278 26.47
8681 26.04
9391 25.56
9793 25.87
10876 26.23
10289 26.80
9584 26.86
8798 26.80
8625 26.62
8765 26.37
11061 26.52
10848 26.51
9625 26.74
9110 26.64
9979 26.66
10914 26.19
10680 26.22
30419 30.96
2729 31.37
5080 30.95
6232 30.01
8616 28.55
7940 28.53
11136 27.38
10805 26.74
10812 26.55
10684 26.60
8678 26.94
9256 26.76
8208 27.00
7694 27.22
9932 26.51
9149 26.73
8252 27.04
7593 27.33
8054 26.99
10488 26.44
8899 26.35
9370 26.33
7178 26.26
7225 26.31
9146 25.35
8260 25.22
8655 25.28
13109 25.97
14854 26.35
8818 26.37
7405 26.60
8195 26.44
29146 29.63
4690 29.41
6201 29.84
7081 30.02
6744 29.92
8373 28.97
9345 27.97
9303 27.64
9855 27.13
11145 26.79
10725 26.84
10057 26.89
8169 27.31
10488 26.67
9532 26.83
10678 26.31
9756 26.65
8931 26.88
8901 27.13
8080 27.12
8165 27.20
8135 27.44
10741 26.45
10544 26.20
9135 26.27
10745 25.91
11020 26.18
11956 26.32
10578 26.39
9832 26.52
9523 26.44
8938 26.51
30642 29.30
1721 30.47
6006 27.82
7939 27.30
8812 26.93
10481 27.75
8116 27.64
8489 27.97
9946 27.55
12109 26.59
8740 26.91
8856 27.31
