26317 33.27
1203 34.90
4237 32.32
7959 30.70
8941 29.38
11853 28.83
11252 28.12
9872 28.14
8169 28.52
9199 27.92
10081 27.67
9322 27.51
8312 27.31
10748 26.97
11456 26.56
10199 26.74
10144 26.69
10899 26.92
10269 27.35
9575 27.20
8736 27.45
9812 26.72
9023 26.65
12350 26.99
11834 27.25
8875 27.14
7966 27.36
8860 27.03
9574 26.97
11538 26.38
10733 26.61
12608 26.24
29480 31.91
2358 31.84
5096 31.16
8939 29.25
8699 28.99
10368 28.47
10928 28.14
10202 27.49
9587 27.72
9632 27.25
9426 27.20
10107 27.24
10894 27.11
8925 27.12
9566 27.02
8988 27.40
8723 27.20
11323 26.45
9122 26.86
9096 26.80
8631 26.80
7850 27.01
9463 26.48
11504 26.21
11960 26.27
11420 26.68
9943 26.66
11909 26.05
11397 26.18
10725 26.15
10566 26.03
10633 25.96
29468 30.75
3040 30.61
6634 29.20
6101 29.12
7594 28.34
9056 27.73
10848 26.68
9832 26.55
8948 26.39
10346 26.49
11522 26.78
10877 26.51
11227 26.46
10263 26.37
9457 26.49
9603 26.50
10607 26.53
10152 26.48
9231 26.62
9417 26.78
8855 26.69
9789 26.67
8760 26.92
11717 26.15
10584 26.28
10485 26.35
9853 26.36
9388 26.49
9219 26.29
10447 26.61
11362 26.98
9217 27.10
31270 30.64
2116 31.44
4421 30.99
6481 30.32
9742 28.65
8840 27.97
9392 27.28
10823 26.74
11323 27.08
10322 26.62
8756 26.84
8347 26.62
8986 26.98
9528 27.01
11392 26.43
11361 25.98
11015 26.13
12676 26.27
9993 26.31
9154 26.83
9090 27.16
7989 27.13
9876 26.49
10482 26.38
9370 26.65
9907 26.22
8459 26.56
8940 26.18
10433 26.01
9293 25.95
10574 25.62
11512 25.76
30669 30.45
2522 30.94
5075 29.50
7883 27.89
7088 28.02
9351 27.25
9335 26.76
10909 26.05
10162 25.72
9459 26.09
9347 26.07
10843 25.70
10315 25.88
10438 26.28
10559 26.41
10025 26.44
10579 26.60
12872 26.70
10222 25.90
9886 25.94
10592 26.02
12737 26.15
9863 26.69
11341 26.87
10217 26.93
8829 26.89
8274 27.42
8495 27.31
9940 27.18
9838 26.91
11456 26.57
10225 26.66
31370 31.43
2348 31.74
5576 30.34
5795 29.88
8927 28.73
8662 27.65
11294 27.10
9437 27.23
9607 27.34
7976 27.51
8601 27.25
9818 27.00
10311 26.76
9968 26.90
8195 27.09
10385 26.57
10276 26.17
10541 26.18
9200 26.30
8538 26.49
8947 26.58
10470 26.31
9431 26.29
10830 26.03
10921 26.08
10462 26.06
10979 26.10
10358 26.07
8851 26.57
8146 26.80
9231 26.40
9215 26.60
31050 30.35
2643 30.75
5109 29.85
5225 29.41
9151 28.23
8558 27.87
10959 26.89
10137 27.20
8181 27.06
9609 26.62
10942 26.19
12025 26.01
10077 26.11
8991 26.45
9727 26.05
10006 26.02
8563 26.03
7982 25.92
8734 26.26
11823 26.09
10575 26.61
9901 26.78
9186 26.66
11590 25.76
9454 26.02
10876 26.54
9365 26.79
8745 27.11
9136 26.69
11217 26.39
9225 26.54
9166 26.68
29772 31.18
5259 30.42
5232 30.34
5579 29.98
7825 28.73
8586 28.23
8644 28.14
9771 27.23
11932 26.52
9867 26.81
8183 27.13
8328 27.14
8097 27.16
9389 26.78
9924 26.54
8576 26.89
7820 27.13
7935 27.27
8818 26.77
9888 26.61
7914 26.61
9062 26.53
10077 25.52
9806 25.16
8749 25.16
7795 25.22
8299 25.36
12312 26.18
13530 26.68
9609 26.20
7551 26.53
8409 26.46
29692 29.49
4009 29.59
5765 30.20
6278 30.56
7800 29.80
8602 28.98
9940 27.93
9300 27.58
9684 27.06
10408 27.03
10144 27.00
10747 26.74
10786 26.72
9944 26.69
9247 26.82
9295 26.70
9117 26.83
8570 27.13
8241 27.45
9069 26.96
9258 26.86
11467 26.41
10271 26.26
10111 26.18
9461 26.11
9298 26.19
8774 26.70
9461 27.04
8772 27.03
11433 26.42
9023 26.62
8522 26.79
31216 29.15
1886 29.94
5372 28.06
7555 27.41
8231 27.09
9960 27.94
9120 27.50
12364 26.97
9836 27.18
11128 26.61
11545 26.26
11980 26.48
