27302 32.98
1347 34.49
4436 32.11
8016 30.44
9953 28.89
11454 28.58
10789 28.07
11845 27.69
10173 27.87
8387 27.91
10832 27.39
9366 27.42
9163 27.19
12197 26.54
9896 26.80
10527 26.66
9635 26.76
10964 26.91
9726 27.45
10025 27.11
9558 27.07
11094 26.27
9597 26.32
13650 26.60
12023 27.01
9512 26.88
9226 26.86
8749 26.96
8796 27.04
8694 27.31
9652 27.13
12733 26.42
30270 31.73
3917 31.08
5568 30.32
6066 29.87
9345 29.02
12165 28.06
9742 28.34
10641 27.36
10958 27.39
10788 26.94
9514 26.93
10085 27.01
9865 27.32
11586 26.50
8982 26.95
9414 27.13
10560 26.63
11066 26.29
10616 26.40
9598 26.48
9770 26.33
9315 26.37
10045 26.09
12180 25.86
10991 26.36
12096 26.57
10389 26.41
10232 26.38
10479 26.33
11306 26.15
10131 26.18
10353 26.08
31160 30.25
3614 30.19
6368 29.01
7957 28.30
10977 26.89
9852 26.87
11105 26.14
10630 26.07
8393 26.34
10307 26.37
11497 26.72
10219 26.66
10138 26.73
10149 26.46
9746 26.47
9531 26.54
10245 26.64
10261 26.47
10793 26.25
11937 26.16
11592 25.87
10158 26.30
9892 26.34
9847 26.23
10064 26.35
11229 26.16
10468 26.18
9758 26.32
9326 26.16
9789 26.83
10829 27.13
8672 27.21
32462 30.32
2611 30.92
4713 30.59
7019 30.00
9930 28.48
10205 27.47
9764 26.94
8877 26.97
13063 26.70
11164 26.32
10630 26.26
10160 26.06
10872 26.35
11055 26.35
10399 26.33
9771 26.29
11312 26.07
11471 26.45
9494 26.52
9896 26.57
9955 26.90
9102 26.81
9377 26.60
9980 26.61
10601 26.38
11230 25.76
11045 25.80
8213 25.98
10779 25.76
11203 25.41
12312 25.09
12583 25.34
30487 30.52
2426 30.90
6571 28.70
6321 28.28
9492 27.42
12605 26.18
10954 26.01
9991 25.92
9190 25.83
10038 25.79
10122 25.70
10880 25.61
11046 25.55
12097 25.79
12121 25.96
10968 25.91
10879 26.33
14456 26.23
9511 25.93
9806 25.82
10180 26.07
10786 26.60
10269 26.65
10568 27.14
9570 27.19
8145 27.24
8684 27.32
9810 26.99
12367 26.58
9262 26.80
9914 26.84
11501 26.35
31832 31.35
2812 31.28
4917 30.77
7695 29.23
7589 28.90
8883 27.72
10650 27.15
10568 27.06
11374 26.82
9807 26.97
10057 26.59
10542 26.72
8667 26.99
9190 26.97
8597 27.08
12149 26.16
9469 26.31
10203 26.22
9042 26.21
8874 26.44
9722 26.39
10573 26.30
9914 26.08
11215 25.85
9751 26.30
9294 26.41
9293 26.57
8350 26.75
9493 26.58
10272 26.32
10665 26.03
10658 26.10
32394 29.99
2327 30.90
5091 30.21
6493 28.88
9600 27.70
8387 27.62
10074 26.98
9914 27.21
8969 26.92
8998 26.73
9347 26.59
11351 26.21
12081 25.74
11743 25.81
9994 25.72
10702 25.73
8421 25.98
8601 25.78
9490 26.09
11474 26.14
11265 26.40
10388 26.54
9377 26.53
10474 26.02
10226 25.78
11407 26.31
9906 26.54
9035 26.98
9603 26.52
11242 26.31
9506 26.32
9641 26.47
30838 30.85
4223 30.39
5037 30.57
5527 30.10
9697 28.47
9101 27.99
10815 27.34
9812 26.80
11360 26.44
10662 26.52
10481 26.49
10425 26.37
10807 26.23
10631 26.15
8644 26.58
8754 26.67
8234 26.94
11720 26.02
9953 26.05
9086 26.60
7832 26.63
9602 26.43
9444 25.60
8317 25.69
10645 24.82
9086 24.76
9521 24.83
14257 25.55
17388 25.69
10334 25.87
7916 26.14
8477 26.32
29811 29.44
4778 29.16
6414 29.66
6655 30.25
6737 29.97
9578 28.67
9203 28.07
10294 27.33
11956 26.51
10673 26.65
9272 27.05
10134 26.86
9150 27.05
11372 26.49
9941 26.64
11399 26.14
10301 26.47
9434 26.76
9346 26.96
8563 26.89
9897 26.60
10044 26.57
10048 26.36
12053 25.84
10048 25.94
10405 25.89
9516 26.36
10305 26.71
9124 26.84
9684 26.74
9686 26.51
9713 26.40
32414 28.81
1778 30.23
5504 27.85
9118 26.81
7820 26.94
10399 27.67
8215 27.68
9651 27.70
11939 26.96
12204 26.40
10064 26.40
9262 27.02
