28897 32.48
1615 33.97
4531 31.82
8645 29.88
11230 28.29
11397 28.26
13075 27.40
11527 27.45
11104 27.45
8776 27.67
11260 27.07
10237 27.00
10961 26.49
11045 26.68
12440 26.11
11392 26.23
10827 26.31
11970 26.50
11528 26.85
12165 26.40
10688 26.61
9814 26.36
9904 26.14
13313 26.60
12869 26.90
9983 26.72
8823 27.06
9537 26.74
10619 26.53
12295 26.01
11932 26.17
12023 26.21
33209 30.91
3243 30.83
5791 29.96
9229 28.56
11047 27.99
10478 27.93
10056 28.07
10868 27.19
13041 26.80
10685 26.71
10547 26.59
10579 26.82
12004 26.67
11543 26.26
10039 26.54
9641 27.01
10964 26.43
12091 26.01
10731 26.28
9205 26.48
10074 26.21
9473 26.28
11221 25.76
12333 25.70
12234 26.04
12928 26.27
10889 26.24
12837 25.75
12166 25.80
12078 25.82
11602 25.70
9854 25.97
34714 29.34
2117 30.95
5624 29.00
7234 28.41
10590 27.03
9645 26.99
10003 26.49
13337 25.55
10902 25.59
10831 26.01
12455 26.33
12363 25.92
12537 25.94
11388 25.93
11440 25.88
11181 25.89
11781 26.12
10645 26.17
10410 26.16
9770 26.49
10508 26.14
11247 26.16
9988 26.31
11297 25.96
11572 25.94
12197 25.84
12343 25.61
10262 25.99
9156 26.08
12345 26.04
13760 26.19
11076 26.33
33296 30.08
2311 30.95
5206 30.43
8421 29.45
9015 28.33
10354 27.42
11354 26.49
11547 26.21
11856 26.65
10025 26.48
9843 26.43
11164 25.80
10557 26.34
9872 26.63
12586 25.93
12208 25.66
11839 25.72
13534 25.97
11425 25.85
11918 25.96
10971 26.38
9259 26.43
10969 26.05
10593 26.14
12510 25.74
10448 25.69
10283 25.84
9304 25.69
11695 25.46
12748 24.89
12175 25.01
12885 25.16
32465 30.00
2686 30.63
6351 28.50
9658 27.03
9801 26.85
11087 26.26
12141 25.64
10295 25.66
9698 25.49
10923 25.42
10646 25.46
11801 25.27
10956 25.43
11526 25.84
11675 26.02
10810 25.98
11596 26.15
13968 26.29
10918 25.58
10942 25.48
11603 25.59
13459 25.77
11146 26.22
12151 26.52
10975 26.58
8725 26.82
9028 26.98
9097 27.01
10796 26.83
11023 26.52
10686 26.61
12269 26.21
34056 30.78
2200 31.68
5234 30.71
8321 28.88
9342 28.13
9517 27.26
11674 26.67
11866 26.48
10741 26.69
11593 26.41
9673 26.49
9879 26.65
9764 26.62
9991 26.78
8913 26.83
12848 25.93
10501 25.98
11480 25.86
10116 25.89
9695 25.94
10341 25.97
12622 25.62
11121 25.69
12074 25.48
11445 25.80
9704 26.07
10490 26.12
9992 26.08
10928 25.99
10656 26.00
9164 26.19
10561 26.15
34050 29.57
2527 30.55
5673 29.28
5751 28.94
10641 27.29
10516 26.80
11881 26.28
12655 26.33
10354 26.17
11595 25.83
11136 25.74
10610 26.07
10569 25.92
10618 25.99
10463 25.67
9586 26.03
8609 25.97
9739 25.46
12056 25.27
13517 25.44
13137 25.80
11955 25.94
11103 25.99
10776 25.81
11648 25.40
12864 25.92
10166 26.36
10712 26.41
11482 25.88
11991 25.90
10996 25.89
10090 26.20
33747 30.06
3192 30.60
4942 30.60
7016 29.29
10301 27.81
9896 27.49
10686 27.06
10988 26.43
11571 26.23
10841 26.37
10185 26.42
9354 26.66
9133 26.66
10548 26.31
12229 25.77
10669 26.12
10813 25.99
11814 25.81
9971 25.90
11485 25.87
9040 26.05
10133 26.01
8963 25.59
9321 25.23
10838 24.59
9881 24.50
10127 24.64
14573 25.44
15533 26.06
9902 26.05
8976 25.83
9040 25.94
32651 28.68
4494 28.84
6904 29.36
7844 29.52
7379 29.34
9644 28.37
10093 27.55
10654 27.03
10751 26.66
12581 26.28
11973 26.32
11292 26.33
9457 26.82
9629 26.75
8961 26.92
10349 26.47
12499 26.00
11667 26.16
11740 26.18
10459 26.14
11756 25.97
11128 26.13
10412 26.08
11807 25.67
10209 25.83
10160 25.89
9876 26.34
10049 26.63
11219 26.31
10667 26.37
10666 26.19
10413 26.14
34090 28.36
1848 30.04
5791 27.61
9630 26.60
9758 26.27
12235 26.92
9114 27.02
9226 27.43
11331 26.86
13392 26.05
10550 26.26
9709 26.92
