29476 32.32
1611 34.05
5925 31.17
8181 29.71
9925 28.48
11053 28.41
10554 27.93
11903 27.57
13112 27.17
10822 27.15
9957 27.27
10764 26.89
10474 26.51
12100 26.40
11936 26.26
9997 26.59
11462 26.16
12465 26.41
11839 26.70
12854 26.23
10607 26.50
10063 26.32
8649 26.42
11431 27.13
11485 27.29
8761 27.13
8896 27.09
10216 26.66
14318 25.77
11226 26.14
10169 26.55
9441 26.86
34612 30.54
2934 30.91
4890 30.60
8527 28.74
11574 27.87
11984 27.59
10757 27.77
11319 26.88
11889 26.95
11654 26.53
10425 26.59
13135 26.27
13363 26.23
10904 26.19
11539 26.23
11516 26.34
10091 26.40
10474 26.29
11352 26.10
9549 26.29
10309 26.15
10710 25.92
12107 25.55
11062 25.82
13455 25.71
12613 26.24
11473 26.20
11109 26.11
11081 26.09
12020 25.85
10872 25.91
11154 25.74
33418 29.67
3542 29.84
5147 29.55
9583 27.80
10603 26.80
10578 26.53
11348 25.97
11060 25.83
9913 25.70
12044 25.72
12049 26.34
10905 26.30
10795 26.42
11062 26.17
10523 26.09
11548 25.85
11206 26.24
12137 25.95
11362 26.01
10284 26.36
11141 25.98
10348 26.34
10909 26.10
11728 25.86
12033 25.89
12308 25.81
12891 25.54
12273 25.43
10073 25.77
10240 26.39
11578 26.70
8906 26.99
34895 29.70
2656 30.38
4956 30.24
8754 29.18
7086 28.78
10315 27.56
10468 26.77
12771 26.06
12923 26.46
12146 25.96
11382 25.98
10152 25.92
10585 26.28
10117 26.42
10720 26.30
12417 25.60
12916 25.54
14139 25.78
11915 25.76
12267 25.77
13282 25.85
11794 25.75
11813 25.72
10464 26.10
10393 26.22
9792 26.06
12558 25.38
9980 25.45
10484 25.68
10651 25.44
11204 25.19
11417 25.60
34494 29.44
2799 30.07
5547 28.68
8569 27.31
8411 27.35
10219 26.77
11524 25.90
10673 25.68
10897 25.34
11770 25.26
10983 25.32
11209 25.31
12082 25.19
11498 25.83
12068 25.91
13652 25.43
14181 25.51
16889 25.44
9557 25.64
10387 25.52
10205 25.99
11224 26.48
10075 26.77
10191 27.23
11877 26.53
9363 26.71
9073 27.04
10192 26.74
11330 26.66
11228 26.43
10907 26.44
12086 26.17
33854 30.81
3588 30.51
5518 30.30
9710 28.40
10601 27.61
12341 26.34
9527 26.78
9731 26.91
9746 27.00
10070 26.88
11992 26.10
10842 26.44
9980 26.54
9490 26.90
9242 26.79
13102 25.84
10352 25.97
10697 25.99
8700 26.32
9810 26.11
12222 25.67
10831 25.96
10592 25.93
11848 25.58
10504 25.97
10335 26.02
9637 26.40
9317 26.50
9931 26.35
11102 26.01
11786 25.72
11331 25.89
34690 29.41
2583 30.42
6322 29.02
6199 28.58
10684 27.23
9314 27.05
9827 26.81
11731 26.65
10338 26.35
11522 25.95
12482 25.55
11261 25.92
10454 25.99
12288 25.62
10520 25.53
10674 25.64
8528 25.88
10069 25.23
10915 25.55
12722 25.63
11777 26.19
11366 26.31
10207 26.26
12743 25.35
10746 25.53
11813 26.10
10656 26.29
9924 26.69
11348 26.07
11323 26.15
10180 26.11
10534 26.20
34472 29.88
3293 30.54
5064 30.27
6276 29.55
10137 28.03
10255 27.52
11018 27.03
12721 26.03
10844 26.30
11346 26.27
10064 26.49
9582 26.53
9089 26.62
9743 26.42
10928 26.10
12245 25.85
10542 26.13
12267 25.79
12408 25.41
11049 25.88
10201 25.67
9974 25.93
7993 25.91
8886 25.60
10608 24.65
9880 24.52
10945 24.43
16583 24.96
17324 25.55
11257 25.52
8500 25.82
8863 26.04
32243 28.78
4538 28.94
7107 29.23
8000 29.40
7339 29.27
9881 28.28
10407 27.37
10573 27.02
11259 26.52
12698 26.27
12309 26.28
11236 26.34
11573 26.31
11072 26.27
10745 26.28
10345 26.25
9927 26.54
9615 26.65
10249 26.62
10030 26.47
12942 25.83
11900 26.03
10936 25.96
11185 25.76
9323 26.05
9166 26.24
9489 26.45
10077 26.92
10977 26.49
12011 26.16
12864 25.70
12102 25.60
34224 28.31
1832 29.74
6871 27.08
9100 26.62
9757 26.29
12493 26.88
9169 26.92
10873 26.99
11534 26.67
12444 26.13
12641 25.81
13372 26.01
