2586 50.84
144 50.80
428 50.10
1109 47.84
1077 46.64
957 46.91
1038 46.47
1012 46.51
916 45.95
1013 45.40
1020 44.97
1007 44.81
988 44.81
1037 44.58
969 43.61
941 43.80
992 43.66
1019 42.97
961 43.07
881 43.03
1027 42.26
920 42.13
949 42.07
975 42.48
949 42.35
1030 41.91
850 42.31
1091 41.52
957 41.66
915 41.23
804 41.87
1195 41.49
2166 50.09
681 46.15
767 45.93
1149 45.12
896 44.88
1026 44.68
1134 44.29
1165 43.90
914 43.52
1114 43.08
949 43.25
1219 42.52
995 41.96
936 42.47
1011 42.20
1020 42.50
1052 41.77
929 41.38
908 41.43
933 41.30
821 41.08
1030 40.86
950 40.81
935 40.74
810 41.00
971 40.75
1006 40.44
1003 40.52
976 40.70
984 40.38
1100 40.19
1085 39.92
2686 47.33
653 45.80
869 45.16
963 44.34
1113 43.30
1063 43.17
994 42.59
1119 42.43
1075 41.96
1100 41.87
1024 42.23
1037 41.68
1080 41.70
1109 41.12
976 41.20
1053 41.28
1135 40.92
932 40.88
892 40.95
982 40.31
1038 40.39
998 40.35
856 40.34
896 40.04
1036 40.46
1014 40.12
1092 39.95
833 40.48
812 40.30
1140 39.91
1318 40.10
1010 40.71
3373 46.42
546 45.34
868 45.14
973 44.65
1114 43.78
1019 43.24
1012 43.12
984 42.77
1062 42.44
1029 42.37
815 41.89
1237 41.39
993 41.61
1099 40.99
922 40.72
808 41.09
997 40.82
784 41.15
1049 40.64
848 40.84
1085 40.87
959 40.52
993 40.20
976 39.71
1283 39.38
1177 38.76
816 39.46
1006 39.07
983 38.71
879 38.63
1154 38.77
1129 38.99
3105 46.56
784 44.37
843 44.15
1040 43.57
1003 42.81
1024 42.62
1055 42.36
944 42.16
1083 40.90
805 41.73
1122 41.17
850 41.12
1116 40.83
1081 40.78
1000 40.87
835 40.57
860 40.41
1058 40.43
953 40.61
864 40.27
941 40.21
975 40.31
923 41.06
1167 40.77
1327 40.18
812 40.37
888 40.34
1057 40.22
922 40.14
927 40.32
1031 39.98
1008 39.85
3424 46.58
341 45.25
962 43.67
973 44.11
1083 43.61
970 42.48
987 42.18
1138 41.93
1197 41.86
991 41.76
1000 41.33
897 41.13
1223 40.83
970 40.57
958 40.93
897 40.85
1127 39.78
836 40.82
853 40.08
1079 39.82
1050 39.81
902 40.47
1031 39.69
1015 39.78
1034 39.68
1051 39.59
1060 39.71
901 39.60
1007 39.37
995 39.52
1095 39.22
1061 38.82
3418 45.60
442 44.54
957 43.30
887 43.12
957 42.63
850 42.49
1077 41.63
986 41.46
1060 41.18
956 41.03
854 41.63
962 41.09
1001 40.58
982 40.63
1196 40.18
1064 40.07
1239 39.08
1047 39.29
826 39.67
1122 39.67
990 39.73
1025 39.87
844 39.96
1071 39.37
861 39.26
935 39.46
1081 39.21
1041 39.21
1296 38.64
1021 38.82
1047 38.97
980 39.21
3264 46.09
769 44.75
916 44.15
945 43.80
1057 43.33
1170 43.00
1018 42.53
930 42.66
1085 42.21
1000 41.95
1086 41.61
1109 41.03
1031 40.71
809 41.30
1038 40.85
867 41.09
932 40.64
1111 40.38
1018 39.82
1167 39.72
855 39.94
787 39.85
843 39.55
825 39.84
902 40.12
963 39.52
991 39.59
1244 39.40
1118 39.43
978 39.17
1044 39.12
769 38.97
3358 45.31
600 46.58
828 46.17
962 46.37
1140 45.26
1154 44.81
1140 44.28
1180 43.87
1112 43.26
1215 42.38
1253 41.88
1005 41.92
870 42.16
924 42.19
964 41.85
952 41.35
970 41.10
901 40.89
1074 40.76
776 41.29
858 41.33
752 41.34
1123 40.48
1291 39.85
1071 39.67
900 40.31
873 40.48
891 40.89
1035 40.06
955 40.56
1145 39.83
951 39.98
3461 45.32
531 45.78
702 45.61
887 44.62
934 44.39
1101 43.43
1119 43.05
1090 43.24
926 42.47
1199 42.03
1019 41.60
971 42.41
