29994 32.19
1674 33.61
4418 31.57
9105 29.74
13471 27.62
11800 27.92
11101 27.60
11337 27.56
10699 27.56
10947 27.16
12250 26.80
11108 26.72
9858 26.66
12533 26.33
11822 26.19
10712 26.42
10858 26.25
11548 26.61
13529 26.41
12866 26.13
11378 26.29
9325 26.35
9314 26.43
11584 27.05
11575 27.24
8913 27.01
9327 27.00
9757 26.74
11285 26.35
10519 26.31
10203 26.68
13148 26.13
34638 30.53
2809 31.01
5317 30.52
10246 28.23
9898 28.10
10991 27.78
12085 27.54
11118 26.94
12714 26.82
10295 26.81
12323 26.24
11749 26.46
12635 26.39
10556 26.37
9957 26.64
10918 26.59
12709 25.99
12236 25.80
10776 26.21
9513 26.45
11655 25.77
12911 25.31
12583 25.27
12529 25.48
13624 25.57
14090 25.87
12327 25.81
12005 25.77
12207 25.79
12085 25.69
11636 25.65
12125 25.46
33370 29.68
3387 29.93
5571 29.14
9209 27.78
9174 27.20
10882 26.66
10824 26.10
12596 25.60
10522 25.60
10838 26.02
11915 26.45
9806 26.50
9970 26.72
13781 25.66
12694 25.64
12305 25.60
13278 25.71
12200 25.73
11993 25.75
10694 26.16
9059 26.38
10150 26.39
11098 26.18
12344 25.70
10180 26.22
10596 26.24
12775 25.68
11672 25.67
10429 25.70
11103 26.23
13043 26.42
10764 26.57
35485 29.54
2223 30.95
5135 30.35
9225 29.02
8238 28.36
11045 27.22
10453 26.64
12137 26.08
12853 26.40
12389 25.93
11358 25.90
10779 25.70
10651 26.20
10334 26.43
10927 26.28
12452 25.57
12876 25.47
14464 25.70
12156 25.71
12437 25.73
11314 26.31
12553 25.70
12294 25.67
12580 25.56
11338 25.92
9151 25.97
11455 25.63
9738 25.55
11773 25.41
13536 24.76
12149 24.88
13427 25.05
34010 29.55
2394 30.83
8202 27.83
8926 26.99
9909 26.69
11485 26.07
10285 25.96
11586 25.38
10603 25.33
10911 25.43
10913 25.32
12359 25.07
11375 25.32
11977 25.73
12200 25.83
11023 25.92
12366 25.96
14271 26.18
11440 25.39
11227 25.42
12025 25.40
14156 25.62
11469 26.06
12595 26.42
11569 26.45
10451 26.36
12348 26.06
10519 26.35
9928 26.75
13101 25.93
11693 26.08
11414 26.25
34360 30.67
3495 30.75
5506 30.21
9569 28.36
10793 27.56
11043 26.55
9431 26.86
9816 26.89
10592 26.85
13170 26.18
11436 26.06
12345 26.04
9883 26.43
10381 26.49
9461 26.58
12500 25.92
9480 26.20
10881 26.00
11238 25.69
11644 25.50
12537 25.41
11803 25.62
11329 25.63
10386 25.76
10002 26.24
10052 26.12
9978 26.37
12146 25.74
11555 25.83
10720 25.93
11140 25.78
11070 25.92
35263 29.24
2686 30.36
5796 29.05
5783 28.87
10737 27.33
9890 27.07
12015 26.24
11999 26.41
10511 26.14
13373 25.49
12839 25.35
12606 25.56
11471 25.60
12121 25.56
10411 25.54
10910 25.60
10618 25.30
9430 25.30
9768 25.79
12955 25.67
11779 26.17
11351 26.26
10316 26.26
13295 25.27
10872 25.53
12083 26.08
10860 26.24
9739 26.59
10358 26.26
12464 25.92
10367 26.07
10399 26.21
33677 30.09
5550 29.56
5986 29.75
6265 29.27
9571 27.88
11440 27.06
10104 27.11
10466 26.53
11735 26.19
12634 25.99
11262 26.08
9601 26.38
9053 26.60
12878 25.65
11198 25.85
10386 26.16
9251 26.34
8952 26.64
10931 25.87
11561 25.93
10204 25.73
9629 26.10
8051 25.94
9982 25.18
10149 24.77
9347 24.71
10723 24.52
15664 25.21
16555 25.74
10800 25.75
8459 25.98
11268 25.34
33454 28.43
4983 28.71
6777 29.23
7118 29.62
7514 29.34
10419 28.14
10195 27.42
11138 26.86
12960 26.09
12097 26.20
12377 26.18
11654 26.25
10031 26.64
11395 26.28
11394 26.15
12264 25.83
11311 26.14
10503 26.34
10103 26.57
9756 26.52
10227 26.36
11446 26.20
10248 26.19
11837 25.72
9894 25.81
10174 25.92
9735 26.29
10525 26.73
11693 26.20
11624 26.17
10926 26.10
10520 26.04
35169 28.05
1955 29.44
6980 27.00
7870 26.84
9644 26.39
12658 26.86
10405 26.74
11290 26.82
12603 26.38
12829 25.95
13025 25.64
13784 25.85
