30489 32.04
1738 33.35
5111 31.19
9473 29.32
11001 28.02
12642 27.81
13509 27.03
12269 27.14
12003 27.13
11176 26.99
11453 26.88
10287 26.89
11524 26.25
11550 26.45
13352 25.86
11909 26.00
11444 26.05
12393 26.34
12230 26.57
13179 26.16
11475 26.27
9630 26.26
9322 26.26
11551 26.98
12355 27.05
8938 27.07
10894 26.59
12112 26.00
12136 26.00
12151 25.86
12975 25.92
12510 26.07
34574 30.51
3915 30.28
7013 29.31
8676 28.41
9794 28.12
11200 27.78
11000 27.85
13256 26.51
13002 26.62
11382 26.51
11078 26.38
11383 26.56
10376 26.99
11270 26.42
12762 26.02
11521 26.32
10722 26.19
12604 25.80
11715 26.01
10713 26.06
10631 25.89
10635 25.92
12925 25.36
13060 25.38
14024 25.52
14563 25.74
12745 25.70
12177 25.68
12358 25.73
12104 25.71
9997 26.01
9707 26.10
34791 29.32
3439 29.54
4829 29.48
9030 27.84
8530 27.50
10764 26.76
14149 25.45
12464 25.53
10998 25.41
12466 25.56
12396 26.10
10613 26.16
10301 26.53
11153 26.09
12062 25.84
13267 25.51
11628 26.09
11776 25.99
12154 25.73
12106 25.83
9967 26.14
10074 26.32
11038 26.04
12799 25.60
12631 25.64
12691 25.65
13241 25.40
12635 25.38
10608 25.49
12814 25.80
14107 26.06
11516 26.18
35000 29.67
2761 30.32
5362 30.11
6583 30.06
12218 27.74
12142 26.76
9459 26.71
12856 25.89
12252 26.48
11117 26.17
11771 25.87
9977 25.99
10814 26.24
11023 26.29
12547 25.88
12803 25.39
12799 25.46
14717 25.64
12096 25.69
12662 25.71
11177 26.24
10092 26.24
11640 25.88
10972 26.03
10809 26.02
10201 25.87
12807 25.27
11251 25.07
11485 25.31
11227 25.14
13345 24.70
13698 24.89
34609 29.41
2418 30.49
6012 28.45
10407 26.72
10746 26.50
11761 25.94
10983 25.76
10634 25.52
10314 25.41
11692 25.22
10993 25.27
12707 24.99
11414 25.19
12086 25.63
12507 25.78
11656 25.72
11994 26.03
14815 26.06
11645 25.34
11618 25.29
11786 25.40
12846 25.93
10674 26.37
11744 26.67
10892 26.73
9296 26.82
10271 26.70
10998 26.38
11395 26.53
11422 26.29
13205 25.94
12329 25.96
34887 30.55
3498 30.55
6437 29.39
9645 28.28
8966 27.91
10818 26.74
10181 26.78
13476 26.19
10876 26.54
8968 26.98
9973 26.43
11388 26.40
9994 26.52
10847 26.50
9904 26.44
12706 25.88
9633 26.20
10958 26.02
11413 25.70
13821 25.04
11652 25.49
10299 25.96
11415 25.63
11808 25.46
12886 25.46
12159 25.43
10797 25.93
9684 26.05
9349 26.44
12407 25.77
11126 25.77
11487 25.89
35994 29.08
2461 30.33
5777 29.01
5918 28.59
10970 27.22
10070 26.94
12249 26.21
11927 26.46
11175 26.01
10829 25.92
11485 25.70
11973 25.77
12775 25.38
12707 25.37
9999 25.62
9848 25.77
9427 25.63
9520 25.43
11692 25.28
13297 25.51
12278 26.00
11610 26.13
13003 25.59
13639 25.07
12641 24.98
15304 25.26
14031 25.32
13929 25.40
12409 25.49
13075 25.42
12258 25.50
10890 25.89
31972 30.57
3137 30.85
5087 30.66
6490 29.69
10590 28.10
10214 27.51
11543 27.00
12927 26.00
12592 25.95
12615 25.83
10365 26.27
9247 26.51
10281 26.32
10019 26.27
10616 26.14
11610 25.94
10663 26.07
11725 25.85
10342 25.93
12913 25.50
9949 25.79
10861 25.74
8463 25.55
8687 25.48
10612 24.67
9803 24.57
10739 24.49
15964 25.10
18370 25.34
11828 25.40
10645 25.26
10315 25.54
30926 29.12
5440 28.85
7311 29.25
8189 29.34
7974 29.19
9977 28.30
11385 27.12
11737 26.67
12049 26.23
12135 26.30
12504 26.15
13793 25.83
13365 25.87
12428 25.85
10323 26.28
9068 26.56
9182 26.69
10058 26.65
13160 26.08
11706 26.00
12079 25.87
11528 26.05
9301 26.22
11062 25.87
9998 25.90
11057 25.66
10730 26.01
10885 26.53
11456 26.19
11488 26.13
11182 26.03
10927 25.94
35706 27.92
1894 29.53
7192 26.94
6764 27.20
10126 26.38
11609 27.22
8551 27.22
10825 27.15
13211 26.40
11413 26.29
12522 25.88
13335 25.98
