30820 31.92
1880 33.14
4780 31.35
9150 29.47
14641 27.20
13310 27.44
12236 27.12
12619 27.11
12165 27.06
10024 27.20
11468 26.85
11374 26.68
11334 26.30
11999 26.33
13348 25.88
12076 25.97
11598 25.95
12620 26.26
12412 26.51
13451 26.04
11733 26.19
9991 26.22
11153 25.81
13257 26.43
11966 27.02
10421 26.58
10471 26.40
12113 25.87
12070 25.99
13064 25.67
14371 25.54
14181 25.62
32818 30.99
3645 30.67
6470 29.76
11339 27.96
8919 28.23
11948 27.65
11051 27.75
11132 26.98
11759 26.91
11377 26.54
10948 26.46
12514 26.35
11343 26.65
11517 26.16
12746 25.93
12096 26.19
12685 25.88
10482 26.13
9931 26.42
9400 26.57
10966 26.02
13818 25.26
13048 25.14
12840 25.33
14357 25.43
14850 25.66
12697 25.62
12318 25.59
12566 25.67
10739 26.02
10242 26.01
10624 25.94
35242 29.20
3692 29.38
5111 29.56
10124 27.44
11934 26.35
11533 26.11
10683 25.83
11357 25.78
11340 25.37
11994 25.65
13637 25.96
11529 25.97
12987 25.84
11246 25.88
12838 25.53
11892 25.67
12744 25.84
11241 26.01
11280 25.92
12079 25.88
12850 25.49
12766 25.53
12324 25.61
13412 25.24
13285 25.40
13482 25.42
12424 25.44
10478 25.83
10414 25.76
10972 26.28
12489 26.58
9491 26.88
36401 29.28
2664 30.18
5670 29.82
8769 28.99
9094 28.15
11131 26.99
11108 26.36
12352 25.92
13383 26.24
12912 25.73
11897 25.73
11269 25.61
12620 25.71
11704 25.92
10949 26.07
12421 25.52
11974 25.69
13117 25.95
13542 25.53
13001 25.58
14060 25.62
12346 25.58
12351 25.55
11162 25.84
12196 25.65
11692 25.41
12449 25.18
9793 25.32
10345 25.59
12427 25.00
11577 25.12
13540 25.06
35876 29.10
2620 30.42
8191 27.59
9322 26.68
8540 26.88
10067 26.48
11554 25.77
12395 25.19
10757 25.24
11128 25.35
11562 25.20
12640 25.00
11667 25.20
12378 25.50
12767 25.63
11804 25.62
12244 25.90
15342 25.89
11745 25.25
11894 25.16
11415 25.55
13487 25.78
12606 25.88
13378 26.17
11921 26.25
10488 26.30
13308 25.83
10706 26.15
11996 26.21
10702 26.33
11396 26.27
12584 25.93
35446 30.40
3698 30.31
5675 29.93
9848 28.16
9438 27.89
10293 26.86
12321 26.35
12856 26.07
11474 26.46
10656 26.58
10599 26.16
11519 26.19
9661 26.57
9937 26.66
10420 26.36
13156 25.80
10715 25.86
11302 25.84
10889 25.72
10875 25.64
12785 25.40
11126 25.83
11029 25.70
12513 25.39
10963 25.79
10731 25.86
10147 26.14
9870 26.22
10441 26.18
11609 25.87
10426 25.95
10969 25.99
36652 28.94
2586 30.38
5642 29.40
8838 27.62
9443 27.16
10154 26.85
11109 26.34
12844 26.23
11764 25.91
12586 25.56
11423 25.55
12139 25.63
12985 25.33
12971 25.30
9959 25.52
10500 25.67
9270 25.77
9824 25.31
11675 25.33
11824 25.82
13193 25.87
12027 25.99
13262 25.49
11803 25.50
11944 25.25
13952 25.55
11590 26.03
11405 26.11
10836 26.02
11625 26.01
11113 25.85
12782 25.59
36119 29.47
3629 30.34
5775 29.94
7504 28.94
10165 27.56
9470 27.46
11554 26.75
10921 26.33
13868 25.69
11718 26.00
10209 26.30
9215 26.54
10104 26.39
12980 25.69
10330 26.00
10640 26.12
12147 25.72
10868 25.96
9545 26.07
10971 25.98
9280 26.02
9797 26.17
11222 25.05
11201 24.67
9692 24.80
9301 24.66
9433 24.97
14086 25.58
15767 26.01
10196 25.98
10967 25.45
10321 25.57
34652 28.10
5429 28.34
7131 28.92
7387 29.45
8215 29.15
10466 28.02
10795 27.15
11305 26.70
11500 26.30
11672 26.33
12343 26.26
13242 25.92
12594 26.02
11974 26.00
10510 26.24
11507 25.92
11571 26.08
9917 26.39
10288 26.46
10957 26.25
13083 25.71
12535 25.78
12609 25.53
11342 25.67
9663 25.86
10022 25.95
9799 26.33
11432 26.38
13743 25.69
11262 26.15
9363 26.37
10269 26.16
36293 27.76
2007 29.37
6141 27.11
8873 26.51
10786 25.94
13692 26.50
10134 26.63
11579 26.77
11610 26.66
14102 25.73
13666 25.49
14748 25.62
