31122 31.82
2042 33.13
5454 30.94
11140 28.73
13473 27.15
13196 27.22
12553 26.99
13063 26.93
12443 26.93
10307 27.08
11478 26.82
11692 26.55
11275 26.27
12445 26.22
12990 25.89
12617 25.87
11704 25.97
13098 26.14
12434 26.50
11509 26.45
10150 26.73
11619 25.95
11205 25.78
13709 26.43
12425 26.88
11887 26.25
10683 26.39
10026 26.34
10073 26.60
11338 26.19
13076 25.99
12465 26.10
36939 29.91
2699 30.85
5654 30.14
10399 28.06
10781 27.79
12598 27.33
11495 27.39
12793 26.48
12092 26.69
10760 26.58
11550 26.28
12223 26.33
12810 26.42
12612 25.90
10766 26.30
12163 26.17
11853 26.00
11986 25.81
13073 25.67
10167 26.07
11542 25.69
10344 25.87
11738 25.47
13717 25.26
13069 25.71
13868 25.96
12450 25.76
13551 25.35
13603 25.39
12947 25.41
12726 25.32
13062 25.15
35306 29.19
3110 29.77
6037 28.77
9821 27.49
11233 26.50
12276 26.08
10877 25.79
11091 25.73
11753 25.27
12097 25.64
13680 25.87
13421 25.60
14012 25.61
12437 25.58
12432 25.51
10588 25.88
10786 26.28
11206 26.06
13780 25.48
11933 25.84
12326 25.59
11852 25.79
11814 25.75
13109 25.38
12243 25.71
13088 25.59
13273 25.35
12723 25.30
12076 25.24
12570 25.71
14402 25.96
11889 26.10
37012 29.15
2394 30.69
5553 30.07
7652 29.52
12035 27.50
14379 26.13
11639 25.88
11885 25.81
13285 26.17
10521 26.17
11292 25.95
11873 25.52
11552 25.97
12053 25.94
11730 25.95
9957 26.02
11347 25.99
12321 26.30
11489 25.99
13045 25.68
13488 25.85
12036 25.81
13513 25.39
13616 25.32
11843 25.66
9715 25.80
11536 25.45
10525 25.25
12317 25.16
12802 24.78
13454 24.57
14213 24.75
35595 29.16
2830 30.31
6833 27.86
8454 27.12
11777 26.25
12450 25.64
11151 25.60
11516 25.24
11529 24.95
11174 25.29
11753 25.10
12769 24.92
11751 25.05
12658 25.46
12915 25.56
12009 25.60
12446 25.86
15459 25.85
11940 25.17
11986 25.16
12414 25.25
12919 25.80
11058 26.22
12300 26.49
11048 26.51
9932 26.46
13511 25.85
11991 26.00
10864 26.44
13693 25.76
12398 25.94
12162 25.92
36221 30.22
3390 30.45
6365 29.44
7949 28.59
11109 27.47
10592 26.69
11962 26.31
14034 25.86
13358 26.01
12306 26.01
11618 25.86
11104 26.17
9206 26.61
10808 26.47
9815 26.39
14261 25.52
11253 25.71
10811 25.84
10118 25.95
10949 25.66
13976 25.16
12674 25.47
12140 25.39
10684 25.63
10336 25.98
9711 26.15
10494 26.25
11768 25.81
11526 25.78
12488 25.56
12689 25.37
11626 25.66
37060 28.79
2580 30.30
5643 29.35
10369 27.23
8106 27.38
10364 26.79
10632 26.43
12415 26.41
9327 26.37
10022 26.23
11701 25.86
12456 25.74
12551 25.40
14245 25.14
12208 25.11
10825 25.50
10998 25.21
9935 25.07
10578 25.66
12929 25.62
13008 25.80
12138 25.97
13287 25.50
12385 25.40
11607 25.30
14515 25.46
13669 25.46
13030 25.61
11794 25.64
12706 25.58
11617 25.64
11614 25.81
35169 29.70
5430 29.39
6030 29.60
6819 29.02
11135 27.36
9553 27.44
11743 26.70
12527 25.93
12206 25.92
12066 25.97
10801 26.18
10364 26.19
11350 26.01
13086 25.54
12068 25.55
10580 26.03
9878 26.15
9181 26.57
11532 25.63
12164 25.70
10475 25.59
10361 25.71
8392 25.67
10863 24.89
11422 24.41
9818 24.46
9275 24.80
14663 25.44
15833 25.95
10382 25.91
10997 25.39
10534 25.47
35175 27.98
5538 28.21
7387 28.81
7656 29.38
7868 29.09
10635 27.94
10904 27.06
11816 26.68
13918 25.84
13202 25.88
13127 25.92
12420 26.02
10507 26.44
11462 26.15
10917 26.20
12495 25.73
13268 25.71
12151 25.93
12937 25.86
9901 26.21
10940 26.18
11107 26.09
10406 26.08
13288 25.37
11103 25.49
11183 25.60
10343 26.06
11549 26.23
10229 26.42
11683 26.18
12802 25.69
11891 25.61
36959 27.60
1835 29.42
8872 26.29
7510 26.60
9818 26.15
13934 26.48
10332 26.57
11441 26.68
11999 26.41
13902 25.77
11641 25.88
11095 26.44
