31799 31.66
1983 33.11
4798 31.26
9393 29.30
12969 27.53
13799 27.40
13983 26.75
13417 26.82
12323 26.89
10804 26.91
11220 26.85
12214 26.39
11261 26.29
12873 26.11
13187 25.77
12786 25.73
11942 25.86
13316 26.09
12908 26.36
13431 25.98
11814 26.17
10974 26.00
10983 25.73
14499 26.19
14685 26.40
11095 26.34
11853 26.01
12431 25.74
11417 26.01
10311 26.29
11137 26.27
10790 26.58
37523 29.79
2849 30.69
6060 29.55
7140 28.85
13408 27.38
13923 27.02
11389 27.35
12695 26.53
12372 26.66
12690 26.13
11647 26.19
13867 25.97
12486 26.37
12262 25.86
11618 26.10
11887 26.20
12142 25.78
12663 25.68
12450 25.72
11328 25.81
12770 25.34
10591 25.72
10002 25.95
12075 25.69
14149 25.54
14099 25.88
12498 25.74
14212 25.27
13845 25.33
13090 25.36
12953 25.22
13275 25.15
35257 29.20
3385 29.53
5695 29.20
9965 27.46
12429 26.18
11652 26.10
11628 25.64
12558 25.38
10699 25.44
12983 25.39
13544 25.84
13490 25.49
14175 25.54
12664 25.52
12156 25.49
10958 25.78
12863 25.75
12787 25.57
13118 25.46
12190 25.77
12644 25.49
11795 25.75
10860 26.01
11000 25.87
14421 25.25
12972 25.51
13520 25.29
11103 25.67
10381 25.72
13724 25.66
15261 25.79
12398 25.96
36387 29.30
2462 30.46
5608 29.91
7140 29.81
11959 27.67
15435 25.96
11775 25.86
12156 25.69
13196 26.12
11470 25.93
12539 25.64
10574 25.78
11167 26.05
11752 26.00
11376 26.04
13321 25.33
13667 25.27
15365 25.41
12797 25.43
13196 25.49
12533 25.90
11326 25.85
12483 25.56
12563 25.53
13916 25.29
13221 25.03
11289 25.36
9068 25.50
11017 25.47
15390 24.32
13250 24.53
14434 24.72
34638 29.41
2854 30.03
7368 27.93
10316 26.60
9100 26.82
10640 26.27
12768 25.49
11338 25.30
11988 24.88
12970 24.85
11903 24.93
11809 25.01
13543 24.75
14225 25.02
14554 25.15
13218 25.18
12624 25.66
16949 25.51
11001 25.23
11838 25.18
11237 25.60
13290 25.87
11200 26.21
12196 26.53
11458 26.46
9591 26.55
11120 26.42
11255 26.26
11937 26.33
11909 26.10
13818 25.72
12693 25.82
36987 30.04
3275 30.45
7920 28.77
6924 28.76
9464 27.91
10974 26.74
13628 26.09
11824 26.24
11314 26.47
10103 26.62
13110 25.74
11913 26.09
10572 26.23
10454 26.46
9967 26.39
14199 25.53
11851 25.60
12776 25.41
11165 25.50
12060 25.32
13864 25.06
12663 25.40
12113 25.35
13177 25.13
12760 25.34
11024 25.68
11124 25.82
9995 25.99
10482 26.08
12453 25.59
12041 25.47
12002 25.59
37569 28.66
2636 29.97
5858 29.23
10616 27.08
9615 26.89
11729 26.19
11254 26.14
14944 25.66
11382 25.72
10835 25.78
11012 25.69
12230 25.66
12571 25.39
12812 25.45
12031 25.15
11064 25.50
10035 25.48
12421 24.49
12958 24.81
14850 25.07
14313 25.41
13299 25.64
12201 25.63
13573 25.08
11063 25.34
13291 25.68
11053 26.06
10533 26.39
10953 25.98
13601 25.58
12783 25.43
11127 25.84
37298 29.19
3555 30.16
5433 30.09
7794 28.71
11064 27.23
9799 27.26
11875 26.59
12838 25.86
12452 25.89
12791 25.77
10396 26.21
10928 26.05
11299 25.94
11292 25.87
12800 25.49
11189 25.92
9500 26.19
9852 26.27
11357 25.72
12482 25.60
10721 25.53
10413 25.82
8493 25.68
11116 24.73
11673 24.32
9876 24.46
9386 24.65
14952 25.37
16244 25.88
10682 25.86
11306 25.25
10253 25.46
35758 27.83
5556 28.11
7359 28.78
7770 29.25
7925 29.02
11042 27.76
10962 27.06
11944 26.53
12029 26.16
14306 25.74
13933 25.79
12837 25.87
12959 25.92
12120 25.88
11069 26.10
11718 25.90
10362 26.27
10710 26.27
12422 26.09
12944 25.75
12591 25.67
12752 25.71
12637 25.44
13969 25.10
11101 25.45
12212 25.21
13219 25.40
14040 25.51
12589 25.65
12291 25.75
10370 25.98
10997 25.87
37418 27.48
1901 29.50
7083 26.78
9780 26.15
11189 25.70
15524 25.90
10878 26.25
12545 26.29
12253 26.20
13341 25.74
13699 25.38
14627 25.58
