34326 30.97
2471 32.37
5344 30.61
11040 28.51
14952 26.61
15612 26.61
14251 26.33
14483 26.37
13668 26.44
12656 26.26
12928 26.27
11604 26.31
11908 26.03
14862 25.61
13887 25.50
13944 25.35
12571 25.54
14812 25.71
13821 26.01
14691 25.58
14182 25.48
12580 25.34
12096 25.37
16673 25.58
17146 25.71
13335 25.66
11516 26.00
13748 25.35
12861 25.62
12381 25.61
12502 25.92
11125 26.26
40361 29.15
3008 30.24
6272 29.15
9037 28.08
13561 27.02
13082 26.94
12979 26.97
14140 26.02
15394 25.87
13506 25.80
13500 25.63
13631 25.84
14384 25.82
12862 25.64
13042 25.69
14221 25.59
13521 25.44
12370 25.56
13966 25.26
11898 25.57
14367 24.96
12875 25.10
14098 24.75
14004 24.92
14106 25.30
14513 25.64
13412 25.49
12588 25.48
13526 25.34
13734 25.27
11195 25.58
15358 24.79
38338 28.42
3840 29.00
6498 28.29
10514 27.06
11850 26.06
12408 25.91
12142 25.49
14452 24.86
12638 24.80
14438 24.88
16705 25.06
13879 25.20
13464 25.54
14221 25.15
13747 25.14
12764 25.36
12682 25.62
12358 25.55
13949 25.28
14128 25.25
12853 25.32
13410 25.36
12829 25.41
12279 25.47
14021 25.17
12407 25.53
11420 25.76
12453 25.46
10976 25.52
15354 25.26
16612 25.39
13689 25.55
38315 28.81
2762 30.01
6158 29.62
10174 28.48
10408 27.54
12565 26.48
13021 25.69
14678 25.17
16058 25.40
13010 25.37
13205 25.25
11468 25.40
11882 25.72
11654 25.96
13126 25.61
13704 25.09
12987 25.31
13009 25.88
14735 25.09
13106 25.45
12757 25.83
14151 25.23
15498 24.89
12994 25.33
12486 25.46
11942 25.25
13487 24.91
13488 24.43
14312 24.45
13304 24.46
14300 24.22
15345 24.46
39594 28.21
2944 29.89
9158 26.98
9975 26.16
11377 25.85
13293 25.25
14180 24.71
12530 24.65
12290 24.56
12535 24.74
12812 24.64
13632 24.54
13960 24.54
13795 25.05
14229 25.17
15371 24.80
16791 24.72
19331 24.72
11453 24.93
12734 24.83
12404 25.22
13061 25.76
12333 25.90
13688 26.08
12214 26.14
10473 26.20
12954 25.89
10791 26.19
10959 26.48
14632 25.55
12511 25.86
12113 25.88
39589 29.42
4235 29.72
6984 28.79
7461 28.41
13343 26.87
12109 26.04
14285 25.63
13251 25.77
11639 26.17
10500 26.44
12824 25.67
14961 25.42
12690 25.65
12440 25.77
11110 25.86
13552 25.48
11784 25.57
13625 25.21
12852 25.10
14758 24.63
15521 24.56
15447 24.68
14376 24.67
14568 24.66
15105 24.71
14450 24.72
12982 25.22
10913 25.59
11198 25.74
12725 25.44
13745 25.06
12334 25.45
40480 27.98
2820 29.61
6381 28.43
10959 26.75
10816 26.46
12178 25.86
10968 26.01
12208 26.16
12111 25.60
14870 25.00
13397 25.09
13761 25.20
12395 25.25
13883 25.03
13296 24.76
11680 25.23
13032 24.69
11174 24.72
12093 25.11
15509 24.96
13850 25.51
12851 25.68
14391 25.17
15379 24.62
13875 24.54
17358 24.72
16488 24.78
15174 25.01
13953 25.04
14746 25.05
14137 25.00
12140 25.42
35252 29.68
5579 29.34
6618 29.27
7113 28.80
11730 27.16
11842 26.83
13213 26.28
14610 25.41
14228 25.34
14414 25.34
14092 25.34
11513 25.64
10983 25.88
12955 25.42
12958 25.31
12898 25.42
11664 25.60
13850 25.15
13436 24.98
13275 25.19
10759 25.49
11416 25.31
9376 25.33
12400 24.31
11958 24.09
11146 24.04
13024 23.78
18694 24.39
19897 24.89
13060 24.97
10145 25.28
10474 25.41
38118 27.24
5746 27.95
7633 28.51
8146 29.01
8749 28.76
11902 27.42
11710 26.71
12957 26.14
15064 25.42
14355 25.52
14383 25.54
15893 25.17
15633 25.21
14549 25.18
12151 25.66
12156 25.57
11170 25.97
11437 26.02
13666 25.72
13402 25.43
13840 25.33
13315 25.45
12113 25.49
12327 25.40
12260 25.20
12475 25.15
13464 25.25
13693 25.59
12525 25.68
12465 25.75
11165 25.85
12561 25.46
40490 26.77
2092 29.07
9524 25.80
9671 25.76
13291 24.94
17613 25.25
13310 25.38
14773 25.53
14237 25.49
11154 25.92
10933 25.94
11434 26.28
