36697 30.32
2961 31.57
4763 30.91
13009 27.82
14772 26.40
16536 26.25
16565 25.79
15702 25.94
15288 25.97
13786 25.95
14706 25.78
13427 25.84
12910 25.68
15310 25.45
14234 25.35
13395 25.44
13411 25.36
16501 25.20
15082 25.66
16297 25.24
13972 25.47
14410 24.94
12249 25.19
15967 25.62
16186 25.83
13311 25.65
12960 25.67
15311 25.00
15259 25.10
13833 25.24
13568 25.48
14011 25.58
43126 28.51
3027 29.73
6825 28.68
9777 27.68
12532 27.01
15483 26.38
13934 26.57
14639 25.79
14643 25.93
14811 25.50
13439 25.56
15638 25.31
14979 25.59
14020 25.35
13606 25.45
13606 25.63
13839 25.31
14818 25.06
14254 25.16
13251 25.21
12487 25.29
11691 25.43
14408 24.74
15324 24.68
15909 24.89
16266 25.19
14437 25.16
14131 25.11
16304 24.71
15535 24.77
15180 24.64
15381 24.53
41304 27.74
4058 28.78
7256 27.93
12963 26.22
13442 25.47
13538 25.33
13870 24.82
12524 25.00
14329 24.40
13667 24.92
14795 25.48
14651 25.12
13143 25.60
14221 25.16
15178 24.86
14381 24.93
15155 25.16
14672 24.93
14131 25.05
15227 24.97
13576 25.07
14585 25.00
13759 25.16
12910 25.19
13625 25.27
14839 25.02
16331 24.54
15792 24.56
12920 24.79
15565 25.02
16847 25.25
14416 25.30
42487 27.90
3132 29.49
6290 29.19
8906 28.61
14909 26.48
16255 25.35
14033 25.05
14003 25.10
15384 25.41
13236 25.27
14712 24.93
12565 25.05
14202 25.16
13863 25.32
16024 24.76
15130 24.56
15960 24.62
17145 24.88
14953 24.84
15460 24.80
16381 24.91
15002 24.88
14813 24.81
15479 24.73
13517 25.09
11775 25.20
13152 24.92
12754 24.51
15859 24.17
13883 24.33
15395 23.99
16295 24.15
42588 27.52
3194 29.43
7944 27.07
9961 26.18
13928 25.28
15006 24.69
13094 24.82
13499 24.49
13768 24.13
15173 24.07
13957 24.25
13646 24.38
15426 24.13
16578 24.26
16685 24.44
15984 24.50
17462 24.49
20399 24.41
12446 24.59
13789 24.49
13187 24.96
13990 25.46
13427 25.50
14721 25.84
13197 25.85
13013 25.55
15803 25.12
13701 25.34
13006 25.75
13023 25.59
13674 25.49
15708 25.11
42423 28.81
3754 29.64
6449 28.96
10027 27.69
11709 26.95
13720 25.70
15240 25.33
14591 25.39
14641 25.52
12090 25.90
13620 25.38
14796 25.29
13968 25.36
13475 25.45
11870 25.61
16862 24.76
13306 25.03
14640 24.87
12979 24.96
14314 24.71
15409 24.61
14722 24.84
13897 24.80
15419 24.44
14585 24.79
12817 25.13
13325 25.28
12569 25.29
11913 25.52
14027 25.16
16650 24.45
15255 24.66
42337 27.57
3071 29.37
7449 27.93
11300 26.51
13727 25.70
12798 25.50
14200 25.12
15734 25.17
12168 25.28
12895 25.23
15144 24.67
14667 24.88
13389 24.97
15112 24.71
13976 24.59
12813 24.93
12134 24.89
12616 24.40
13991 24.61
15311 24.86
14945 25.25
14464 25.32
15252 24.95
16560 24.34
14656 24.36
15942 24.92
13271 25.45
13706 25.43
14896 24.95
15279 25.01
14190 24.99
12847 25.26
43035 27.83
3934 29.53
6463 29.27
8984 27.92
13011 26.48
11137 26.59
13811 25.94
12953 25.52
14596 25.20
15427 25.08
14608 25.08
14013 25.10
14330 25.01
14812 24.90
13766 24.99
12974 25.32
11030 25.64
16858 24.57
14087 24.75
14565 24.88
13375 24.74
13444 24.78
9438 25.04
10729 24.54
12802 23.91
12158 23.71
13147 23.69
18442 24.42
19504 24.99
13037 25.02
12134 24.84
11877 25.00
41339 26.47
6029 27.45
8279 27.99
8719 28.60
9323 28.23
12629 27.00
13113 26.23
15773 25.50
15578 25.10
15433 25.14
15885 25.14
14719 25.26
12790 25.65
15394 25.16
12699 25.53
13428 25.27
12413 25.68
11922 25.87
14788 25.43
14044 25.22
15163 25.05
14588 25.10
12843 25.27
13048 25.09
13336 24.88
11884 25.15
12545 25.46
15471 25.21
14459 25.24
13953 25.37
13242 25.25
13324 25.20
43334 26.14
2138 28.67
10243 25.45
10481 25.41
14229 24.60
18455 24.91
14650 25.01
16086 25.11
15131 25.15
12265 25.60
10256 26.00
12434 26.00
