3009 49.44
216 47.89
1589 45.69
1346 44.60
1554 43.28
1710 42.55
1271 42.71
1494 42.11
1331 41.77
1583 41.29
1430 40.87
1469 40.70
1376 40.50
1581 39.67
1428 39.10
1464 39.23
1561 38.81
1527 38.93
1482 38.74
1431 38.46
1615 38.20
1322 38.37
1336 38.56
1647 38.47
1268 38.72
1534 38.40
1388 37.87
1614 37.61
1562 37.60
1275 37.98
1234 37.95
2055 37.51
4217 45.71
1126 42.75
1114 42.24
1066 42.05
1409 41.56
1677 41.25
1515 40.73
1554 39.83
1785 39.78
1348 39.83
1953 38.76
1682 38.77
1334 38.93
1406 38.72
1751 38.30
1431 38.30
1433 38.13
1494 37.77
1402 38.05
1300 38.11
1414 37.35
1543 37.12
1681 36.90
1635 37.13
1382 37.56
1895 37.38
2014 36.76
1688 36.85
1235 37.24
1316 37.01
1487 37.18
1822 36.47
5261 43.21
431 43.26
1482 41.10
1322 40.41
1318 39.87
1356 39.53
1607 38.94
1431 38.91
1630 38.02
1710 38.45
1748 38.33
1559 38.27
1412 38.19
1675 37.57
1560 37.58
1719 37.55
1634 37.46
1489 37.42
1687 37.06
1491 36.97
1404 37.07
1718 36.68
1530 36.63
1619 36.65
1607 36.70
2038 36.10
1691 36.26
1761 35.79
1310 36.45
1188 36.82
1318 37.33
1702 37.11
4953 44.06
825 42.77
1229 41.94
1519 40.94
1450 40.35
1534 39.66
1468 39.34
1471 39.16
1333 39.71
1516 39.04
1685 38.19
1268 38.40
1543 37.90
1575 37.77
1292 37.48
1595 37.39
1503 37.52
1784 37.37
1633 37.29
1341 37.48
1279 37.57
1678 37.01
1523 36.97
1939 36.20
1181 36.68
1286 36.57
1343 36.61
1387 36.31
1501 35.94
1509 35.80
1684 35.81
1668 36.05
4643 44.15
1146 40.70
1199 40.30
1185 40.55
1337 39.85
1494 39.39
1566 38.96
1626 38.36
1720 37.77
1423 38.06
1515 37.44
1969 37.30
1755 37.12
1650 37.20
1325 37.54
1440 37.39
1204 36.90
1743 37.48
1258 37.46
1590 36.76
1306 36.92
1321 37.79
1382 38.02
1871 37.47
1493 37.36
1240 37.31
1331 37.71
1568 37.34
1434 37.35
1916 36.83
1630 36.97
1466 36.91
5146 44.27
500 42.14
1187 41.21
1555 40.99
1497 39.96
1568 39.28
1377 39.27
1445 38.99
1332 39.12
1510 38.66
1717 38.05
1612 37.78
1571 37.52
1330 38.04
1638 37.54
1773 37.21
1278 37.24
1500 36.85
1543 36.72
1368 36.85
1227 37.50
1471 36.60
1301 37.26
1536 36.59
1510 36.79
1444 36.78
1581 36.50
1485 36.39
1585 36.29
1508 36.36
1377 36.44
1552 36.21
4961 43.43
834 40.85
1284 40.47
1769 40.18
1301 39.83
1598 39.05
1207 38.76
1511 38.69
1561 38.06
1616 37.84
1402 37.43
1764 37.05
1255 37.29
1883 36.79
1278 37.21
1504 37.04
1264 36.46
1293 35.96
1340 36.57
1554 36.31
1519 36.78
1501 37.04
1250 36.57
1501 36.27
1590 36.29
1452 36.64
1552 36.31
1702 36.30
1617 35.99
1721 36.01
1388 36.20
1563 35.86
5056 43.71
888 41.23
1365 40.48
1214 40.72
1304 40.12
1577 39.52
1270 39.51
1607 38.64
1698 38.29
1305 38.42
1493 37.97
1578 37.60
1696 37.27
1171 37.66
1416 37.02
1420 37.04
1345 37.21
1303 37.14
1465 36.76
1416 36.86
1312 36.09
1355 36.39
1402 36.16
1471 35.95
1626 35.70
1340 35.75
1369 35.75
2028 35.55
1876 36.19
1519 35.52
1406 36.01
1399 35.60
4916 42.93
987 41.07
1279 40.72
1339 40.68
1400 40.63
1511 39.67
1514 39.21
1616 38.86
1475 38.64
1497 38.43
1819 37.51
1774 37.60
1460 37.58
1164 37.65
1487 37.42
1407 36.82
1732 36.88
1257 37.25
1426 37.52
1699 36.51
1361 37.19
1531 36.80
1269 37.16
1548 36.70
1528 36.36
1615 36.36
1711 36.58
1576 36.98
1466 36.95
1649 36.70
1470 36.36
1548 36.35
5240 42.79
523 42.37
1210 40.44
1619 39.54
1407 39.33
1653 39.37
1469 39.12
1590 38.85
1458 38.52
1351 38.25
1445 38.10
1273 38.53
