4565 46.13
597 45.68
2139 42.08
2218 41.08
2262 39.96
2089 39.99
2035 39.26
2108 38.90
1990 38.69
2384 38.04
1815 38.21
2397 37.46
2077 36.82
2068 36.73
2108 36.04
2318 36.21
2093 36.08
2571 36.04
1967 36.17
2174 35.91
1945 36.03
2213 35.27
1948 35.38
3257 35.00
2597 35.54
1550 35.67
1498 35.92
1583 35.88
2428 34.97
2347 34.81
2043 35.09
2092 35.15
7337 42.23
878 41.24
1428 39.99
1987 39.13
1833 38.91
2370 38.16
2618 37.96
1773 37.38
2560 37.19
2538 36.34
2243 36.36
2751 35.74
1623 36.25
1906 36.06
2380 35.63
2679 35.16
2017 35.60
2147 35.28
1968 34.89
2336 34.99
1939 35.39
1996 35.01
2058 35.00
2763 34.27
2476 34.60
2525 34.86
2034 34.54
2289 34.61
2523 34.31
2646 34.13
2282 34.09
2146 34.09
7481 40.99
903 39.38
1462 38.69
1635 38.30
1648 38.11
2309 37.02
2343 36.41
2488 36.05
1841 36.10
2774 35.59
2644 35.64
2244 35.57
2568 34.95
1850 35.67
2242 35.13
2256 34.83
2762 34.64
1928 35.03
2393 34.49
2168 34.63
2295 34.11
2693 34.15
2258 33.84
2585 33.73
1984 34.28
2124 34.26
2233 34.08
2072 33.93
1986 34.07
2023 34.58
2140 34.87
2139 34.47
7273 41.58
1010 39.41
1644 39.19
1884 38.72
2055 37.73
2129 37.20
2165 36.93
1896 36.80
2497 36.78
2703 35.86
2570 35.50
2260 34.98
2201 35.14
2062 35.24
1927 34.60
2337 34.62
2495 34.36
2163 34.91
2017 34.79
2245 34.55
2027 35.06
2080 34.71
2203 34.41
2354 33.94
2209 34.09
2134 34.06
2954 33.30
2256 33.40
2086 33.68
2805 32.61
2238 33.43
2066 33.92
7472 41.12
1172 38.86
1446 38.33
1545 37.98
2525 36.82
1942 36.79
2614 35.86
1758 36.06
2133 35.14
2126 35.16
2437 35.00
2083 35.01
2359 34.58
2402 34.74
2649 34.50
2204 34.84
2124 34.75
2992 34.64
2249 34.05
1930 34.26
2084 34.31
2212 34.85
2055 35.18
2384 35.12
2093 35.05
1724 35.08
2230 34.96
2246 34.88
2525 34.79
1789 34.63
2003 34.65
2428 34.22
7452 41.94
931 39.71
1579 39.60
2119 38.27
1898 37.91
2480 36.65
2365 36.46
1708 36.76
1913 36.23
2097 36.17
2442 35.36
2433 35.31
2407 34.96
2039 35.39
1987 35.28
2019 34.82
2333 34.13
1938 34.37
2534 33.92
2105 34.19
2762 33.75
2001 34.05
2678 33.38
2081 33.70
2263 33.73
1778 34.18
1877 34.37
2480 33.81
2175 33.90
1944 33.82
2475 33.64
2114 33.62
7193 41.09
1189 39.02
1513 38.59
1491 38.82
1988 37.39
2154 36.79
2201 36.34
2470 36.13
2301 35.63
2156 35.44
2178 35.16
2172 34.98
2098 34.75
2364 34.66
2392 34.35
2241 34.49
1629 34.10
2404 33.38
2097 33.67
2596 33.86
2280 34.25
1957 34.61
1964 34.50
2229 33.59
2083 33.72
1985 34.41
1952 34.57
2143 34.14
2463 33.64
2374 33.75
2708 33.27
2590 33.15
7571 41.11
1204 39.06
1398 38.89
1560 38.53
1699 37.92
2377 37.32
2153 36.63
2455 36.02
1746 36.22
2684 35.31
2363 35.09
2496 34.65
1643 34.85
2138 34.67
2165 34.35
2193 34.48
2107 34.45
2406 33.94
1858 34.08
2159 34.16
1719 33.70
1873 34.03
1736 34.04
1779 33.96
2106 33.41
1966 32.87
2015 32.99
2658 33.46
2764 34.11
2195 33.42
2269 33.09
2498 32.40
7866 39.83
760 38.99
1676 38.92
1769 38.81
1949 38.30
2081 37.76
2112 36.80
2130 36.29
2476 36.00
2301 35.54
1980 35.64
2242 35.55
2372 35.03
1886 35.39
2005 35.25
2208 34.50
2772 34.51
2200 34.55
1827 34.91
2120 34.53
2584 34.24
2065 34.03
1927 34.36
1951 34.42
2057 33.87
2051 33.96
1992 34.65
1993 34.85
2136 34.75
2394 34.47
2114 33.99
2219 33.71
7442 40.26
730 39.06
1713 37.49
1815 37.29
1892 37.20
2336 37.11
2288 36.77
2319 36.51
2039 36.32
2219 35.86
2729 35.03
2277 35.20
