11816 32.60
4217 31.56
8010 28.84
8451 27.72
8267 30.30
7998 28.00
8490 28.77
8155 27.63
8552 29.84
7635 27.86
8432 28.78
4500 29.86
9129 29.17
7762 27.76
8689 28.54
8152 27.76
11353 32.31
6073 29.75
7422 29.85
5780 30.05
8017 30.57
7882 28.64
8717 29.15
7874 28.23
8603 30.25
7406 28.67
7271 30.03
5903 29.69
9101 29.73
7599 28.36
7237 30.16
7727 28.51
12160 31.48
5509 30.30
7578 29.89
5900 29.68
8094 30.51
7711 28.47
8629 28.95
5360 30.16
8736 30.05
7454 28.45
8404 29.08
7631 28.22
8951 29.62
7564 28.54
8695 28.97
7912 28.15
12366 31.72
5556 30.57
7537 30.15
5531 30.44
8124 30.81
5190 30.82
8053 29.58
5437 30.12
8901 30.05
7754 28.52
6922 30.22
6541 29.29
9251 29.43
7573 28.32
7072 30.01
7848 28.29
12715 31.21
5239 30.29
7592 29.81
5526 30.08
8196 30.52
5854 29.86
7981 29.42
7774 28.17
8770 29.91
7733 28.35
8428 28.95
8063 27.84
8588 29.82
7581 28.16
6846 30.00
5495 29.94
12447 31.22
5274 29.94
7867 29.35
5853 29.64
8116 30.14
7833 28.22
7881 29.28
7765 27.98
9378 29.18
7663 28.05
7131 29.90
5690 29.84
9213 29.55
7707 28.23
7267 30.00
7824 28.19
12944 31.08
5549 30.02
7641 29.90
5756 30.01
8482 30.45
7715 28.55
8607 29.06
7839 28.09
9197 29.71
7580 28.31
7363 29.81
7510 28.28
8662 29.72
7440 28.36
6779 29.99
5658 29.76
12330 31.83
5206 30.40
7463 29.73
6493 29.41
8152 30.25
5702 29.98
8014 29.44
5823 29.77
8907 29.77
7680 28.39
8818 28.69
7813 27.93
9772 29.12
7405 28.27
7335 29.52
5437 29.78
12545 31.52
5251 30.01
7825 29.17
5768 29.20
7989 29.94
7761 28.12
6963 29.63
6037 28.96
8963 29.04
7850 27.53
7013 29.22
5518 29.26
9586 28.45
7535 27.58
7241 28.99
7696 27.50
12921 31.26
5352 29.86
7709 29.20
5449 29.73
8133 30.01
8114 27.95
