1592 50.88
67 48.45
1244 43.54
261 45.64
1166 44.97
344 44.99
1067 43.17
594 43.38
1228 43.18
516 43.19
1120 42.44
586 42.41
1359 42.64
980 41.78
1227 41.90
1003 41.36
948 50.95
895 44.71
449 46.34
1189 43.79
407 47.24
1137 43.89
915 44.81
1174 42.97
994 45.01
1099 43.20
1153 43.69
389 44.08
1252 43.82
943 42.63
836 43.64
633 43.30
989 50.43
1221 43.78
303 46.96
1039 44.17
532 46.58
1092 43.98
971 44.10
1177 42.77
1034 44.87
1067 42.70
1188 43.04
852 42.26
1081 43.89
516 43.70
953 42.86
773 42.20
1299 48.52
449 45.06
709 44.41
1168 42.74
547 45.78
1199 43.11
923 43.90
1248 42.30
997 44.24
1173 42.48
1209 42.81
335 43.89
1281 42.83
991 41.69
746 43.01
794 41.91
1582 47.29
862 43.20
1018 42.84
423 43.32
1227 43.57
656 42.61
1085 42.21
488 42.57
1290 42.39
1049 41.01
1205 41.34
1050 40.59
1035 42.60
1117 40.89
1139 41.22
988 40.63
1580 46.91
838 42.85
1067 42.18
485 43.10
1230 43.03
1046 41.89
887 42.48
518 42.36
1222 42.06
538 42.40
1235 41.33
516 41.95
1386 41.84
956 40.96
833 41.85
627 41.76
1570 47.23
488 43.51
944 43.45
953 41.84
799 44.31
882 42.66
949 42.67
621 42.66
1220 42.81
1075 41.43
1214 41.60
1029 40.49
898 42.62
691 42.05
992 41.54
662 41.09
1666 46.82
764 42.49
420 43.82
982 42.36
568 44.07
1278 41.93
1064 42.69
1180 41.25
1307 42.91
1037 41.57
1144 41.86
999 40.65
878 42.90
1091 41.19
937 42.06
570 41.66
1614 47.14
409 43.49
805 42.64
1141 41.38
505 44.21
1203 41.84
1027 42.30
543 42.21
1294 42.46
1055 41.12
1120 41.45
1112 40.36
962 42.17
1117 40.59
648 41.91
867 40.97
1562 47.29
776 42.91
780 43.39
937 42.16
727 43.83
988 42.29
