3698 43.14
668 41.65
2896 37.46
2612 36.48
2684 38.87
2510 36.90
2804 37.22
2412 36.41
2688 38.22
2251 36.47
1769 38.23
1717 36.81
2763 37.46
2486 36.19
2777 36.66
2532 35.81
3278 42.56
2214 37.96
2201 38.21
1604 38.26
2665 38.51
2546 36.91
2806 37.38
2240 36.55
2752 38.13
2337 36.69
2094 37.81
1861 37.14
2838 37.61
2477 36.42
1995 38.09
1624 37.57
3890 40.97
1570 38.35
2613 37.53
1840 37.14
2194 38.93
2584 36.92
2684 37.16
2602 36.25
2818 37.91
2358 36.36
2697 36.79
2343 36.04
2624 37.59
1333 38.02
2425 37.13
1718 37.12
3562 41.85
2095 38.07
2485 37.96
1467 38.16
2650 38.42
1364 38.34
2713 37.19
1423 37.54
2981 37.63
2475 36.30
2834 36.59
1308 37.27
3146 36.83
2332 36.04
2019 37.08
1744 36.92
3831 41.18
1828 37.87
2409 37.49
1517 37.47
2606 38.16
1856 37.11
2490 37.02
1414 37.36
3035 37.15
2495 35.99
2924 36.16
2468 35.48
2623 37.48
2566 35.76
2694 36.39
2620 35.60
3745 41.14
1656 37.79
2469 37.42
1425 37.46
2774 37.88
2405 36.56
2309 37.23
1316 37.41
2947 37.23
2446 36.02
2032 37.49
1791 36.96
3014 36.89
2413 35.83
1969 37.38
2594 35.88
3876 41.04
1605 38.01
2484 37.63
1550 37.57
2755 38.20
2490 36.53
2915 36.83
2462 35.96
3101 37.27
2223 36.22
1972 37.42
1496 37.11
3222 36.63
2304 35.72
1754 36.91
2108 36.12
3811 41.36
1696 37.69
2434 37.51
1921 36.95
2655 37.98
1477 37.65
2639 36.80
1616 36.84
3109 37.21
2390 35.87
2897 36.16
2467 35.52
3095 36.89
2315 35.99
2063 36.88
1600 36.82
3735 41.45
2000 37.36
2583 37.27
1441 37.23
2649 37.84
2443 36.24
1947 37.37
1840 36.47
2924 36.81
2498 35.43
1845 36.76
1899 36.19
3071 36.15
2368 35.13
1903 36.39
1641 36.00
3657 41.66
1899 37.59
2761 37.22
1146 37.95
2768 37.78
2505 36.17
