5275 40.02
1301 37.99
3945 34.67
3861 33.80
3714 36.37
3658 34.26
4007 34.73
3545 33.78
3834 35.69
3295 33.96
2773 35.70
2225 34.82
4046 35.17
3650 33.59
3979 34.18
3713 33.39
4978 39.37
2825 35.54
3483 35.43
2202 35.73
3794 36.01
3568 34.46
3952 34.92
3584 33.96
3985 35.78
3423 34.33
2873 35.79
2945 34.78
3915 35.57
3459 34.27
3116 35.64
3728 33.97
5391 38.47
2500 35.71
3537 35.45
2276 35.35
3852 36.02
3496 34.24
3979 34.52
1823 35.71
4274 35.18
3386 33.87
4026 34.13
3444 33.57
4014 35.05
1949 35.81
3399 34.84
2560 34.87
5320 38.84
2692 35.77
3721 35.39
2184 35.78
3737 36.20
2079 36.10
3930 34.75
2151 35.46
4341 35.17
3531 33.89
3964 34.35
2303 34.94
4207 34.79
3533 33.51
2964 35.09
2388 34.97
5767 38.06
2300 35.60
3577 35.24
2240 35.28
3721 35.98
2590 35.03
3877 34.60
3597 33.52
4139 35.14
3469 33.94
3982 34.20
3599 33.45
3680 35.41
3442 33.73
2601 35.72
2802 34.70
5301 38.56
2920 35.01
3619 35.07
2109 35.51
3788 35.79
3676 34.03
3260 35.03
2016 35.45
4195 34.94
3626 33.67
2957 35.26
2502 35.00
4529 34.65
3331 33.84
3088 35.15
3664 33.68
5633 38.31
2517 35.55
3464 35.43
2367 35.30
3878 36.15
3594 34.18
4152 34.50
3585 33.62
4480 35.07
3213 34.04
2970 35.19
2268 35.04
4357 34.43
3384 33.41
2787 34.97
2718 34.34
5479 38.71
2515 35.48
3653 35.12
2586 34.94
3786 35.68
2280 35.33
3767 34.64
2374 34.81
4415 34.89
3615 33.69
4292 34.02
3568 33.21
4596 34.54
3350 33.68
2881 35.08
2538 34.66
5748 38.18
2194 35.44
3824 34.63
2183 34.81
3785 35.35
1920 35.33
3876 34.07
2396 34.14
4277 34.34
3614 33.06
2782 34.58
2534 34.19
4440 33.82
3568 32.82
2931 34.29
2122 34.33
5271 38.94
2586 35.40
3825 34.88
1898 35.36
3947 35.42
3539 33.68
