8574 35.66
2663 34.11
5904 31.32
6310 30.20
5965 32.94
5941 30.44
6227 31.23
5891 30.27
6229 32.32
5461 30.50
6112 31.22
2973 32.14
6505 31.78
5653 30.24
6385 30.95
5941 30.17
8221 35.22
4489 32.13
5403 32.19
4049 32.38
5892 32.81
5719 31.18
6317 31.60
5712 30.63
6408 32.52
5434 31.03
5018 32.55
4450 31.82
6645 32.10
5609 30.75
5058 32.58
5690 30.88
8837 34.46
3976 32.56
5531 32.32
4239 31.94
5962 32.93
5757 30.90
6331 31.19
3345 32.77
6584 32.24
3406 32.60
5756 31.76
3622 32.38
6918 31.62
5688 30.62
6646 30.99
5791 30.36
8908 34.69
4059 32.69
5537 32.49
3791 32.80
5898 33.12
3632 33.04
5939 31.88
3703 32.45
6702 32.22
5718 30.80
6393 31.15
3856 31.95
6854 31.74
5583 30.46
5044 32.20
3889 32.19
9240 34.11
3778 32.56
5724 31.93
3844 32.17
5909 32.90
4330 32.01
6100 31.50
5640 30.39
6505 32.08
5586 30.74
6203 31.16
5905 30.14
6165 32.19
5509 30.55
4657 32.46
4159 31.99
9164 34.07
3769 32.29
5767 31.68
4095 32.01
6062 32.49
5772 30.65
5493 31.85
5669 30.47
6735 31.73
5806 30.37
4824 32.49
3936 32.25
6901 31.71
5653 30.49
5190 32.23
5734 30.58
8883 34.55
4171 32.22
5577 32.29
3996 32.30
5991 33.04
5708 31.06
6601 31.33
5674 30.58
7015 31.90
5126 30.94
5076 32.05
3592 32.31
6955 31.46
5505 30.44
4743 32.09
4124 31.64
8811 34.78
4068 32.36
5532 32.08
4408 31.81
5948 32.61
4016 32.20
5857 31.70
4083 31.86
6542 32.13
5666 30.71
6421 31.13
5834 30.32
7226 31.52
5294 30.69
5109 31.90
3886 32.04
9191 34.35
3789 32.30
5784 31.56
4061 31.59
5781 32.47
5677 30.53
4867 32.07
4475 31.21
6507 31.45
5619 30.03
5133 31.44
3624 31.82
6920 30.88
5641 29.72
5141 31.23
5757 29.67
8823 34.70
4152 32.09
5643 31.65
3627 32.13
6022 32.43
5742 30.59
