1600 51.00
12 51.00
54 51.00
544 45.72
633 45.88
220 46.57
638 45.11
444 44.21
634 45.60
267 45.62
617 44.63
528 44.20
672 44.78
214 45.16
656 43.96
277 44.55
668 44.19
352 44.52
674 43.53
492 43.25
665 44.07
435 43.73
627 43.33
480 43.33
809 43.98
379 43.80
613 43.32
621 42.09
729 43.42
520 43.33
630 43.51
447 43.28
945 50.96
191 46.76
658 45.31
567 44.62
723 45.54
422 45.30
570 44.85
596 44.07
644 44.65
515 44.38
595 44.68
380 44.43
674 44.35
515 43.79
591 44.26
287 44.43
704 44.42
527 43.77
676 43.59
395 43.21
709 44.05
540 43.16
618 43.36
399 43.36
719 43.48
450 43.28
654 43.34
484 43.12
729 43.88
441 43.46
766 43.05
358 43.36
917 50.89
355 45.56
575 45.71
647 44.20
636 45.80
543 44.56
658 44.63
476 44.17
694 44.67
417 44.31
674 44.00
393 43.76
699 44.14
441 44.00
643 43.88
338 43.91
761 44.02
422 43.46
663 42.89
380 43.47
668 43.72
584 43.06
594 43.24
421 42.82
662 43.65
531 43.10
677 43.10
423 43.10
674 43.53
420 43.39
713 42.55
521 43.14
1059 49.80
375 45.67
489 46.48
561 44.84
676 45.30
527 44.35
642 44.71
515 44.02
686 44.80
549 44.04
636 43.96
407 44.11
661 44.57
525 43.74
603 43.66
406 43.43
687 44.09
437 43.93
695 43.44
499 42.96
731 43.39
506 42.98
637 42.93
549 42.62
748 43.36
488 42.28
618 42.41
577 42.20
682 43.11
498 42.49
578 42.48
568 42.17
1504 47.51
131 45.43
260 45.39
649 43.52
638 44.60
503 43.33
657 43.36
485 42.67
657 43.53
535 42.95
596 43.14
407 42.83
675 43.56
594 42.53
670 42.61
424 42.77
775 42.87
433 42.86
643 42.60
394 42.79
715 42.90
584 42.55
608 42.46
521 41.78
715 42.77
507 42.41
617 42.46
454 42.29
688 42.76
491 42.22
630 42.35
498 41.76
1578 47.08
110 45.18
302 44.83
575 42.77
633 43.64
547 42.75
611 43.29
610 42.49
663 43.65
589 42.42
727 42.57
398 42.79
696 43.46
545 42.43
662 42.63
501 41.74
736 42.91
501 42.09
617 42.35
420 42.41
701 42.81
583 42.24
632 42.33
503 41.84
814 42.66
418 42.58
594 42.27
526 41.79
683 42.68
583 42.01
643 42.41
511 41.86
1618 47.15
66 46.75
345 44.12
536 43.20
623 44.41
531 43.23
634 42.96
511 42.55
692 43.54
524 42.86
640 43.16
469 42.40
718 43.48
512 42.61
636 42.55
407 42.31
708 43.00
489 42.09
647 41.99
450 42.20
711 42.59
447 42.09
687 41.97
387 41.53
715 42.14
539 41.74
643 41.83
442 41.73
739 41.90
433 41.60
677 41.27
386 41.79
1746 46.51
25 48.00
287 44.06
479 43.11
543 43.42
675 42.29
601 42.82
573 42.08
646 43.23
547 42.45
657 42.85
602 41.83
703 42.95
483 42.20
625 42.34
480 42.11
752 42.66
557 41.76
596 42.28
419 42.03
761 42.38
467 41.88
651 41.63
386 41.92
745 42.23
457 41.59
624 41.66
555 41.19
741 41.81
502 41.60
519 41.63
638 41.06
1656 46.88
52 45.16
301 44.43
504 42.59
673 43.22
519 42.60
570 42.51
595 41.92
620 42.89
566 41.93
616 42.06
428 41.73
744 42.14
469 41.77
683 41.66
437 41.24
795 41.63
414 41.33
657 41.19
481 41.06
782 41.43
451 40.88
630 41.12
621 40.40
721 41.46
475 40.65
681 40.72
380 40.73
739 41.08
480 40.91
660 40.65
457 40.87
1557 47.31
175 44.91
329 45.03
465 43.57
673 43.93
565 42.69
664 42.98
533 41.81
690 43.07
540 42.33
670 42.44
458 41.66
