4302 41.75
392 40.54
2218 37.50
2107 36.36
2361 37.55
2009 36.66
2065 37.17
2158 35.80
2838 36.94
1679 36.40
2203 36.25
1676 36.21
2977 36.07
1283 36.28
2386 35.60
1434 35.41
2745 35.99
1541 35.77
2361 35.11
1902 35.11
2873 35.87
1738 35.45
2165 34.90
1912 35.22
2837 35.66
1843 35.49
2257 35.23
2223 34.70
2932 35.60
1902 35.33
2504 35.35
1569 35.27
5581 38.48
717 37.64
1586 36.51
1857 35.87
2470 36.29
2011 35.62
2456 35.69
2014 35.37
2648 36.08
2209 35.45
2683 35.42
1620 35.57
2742 36.27
2093 35.59
2492 35.73
1555 35.79
2812 36.16
1857 35.67
2379 35.45
1719 35.40
2819 35.89
2006 35.26
2561 35.27
1594 35.41
2856 35.69
1958 35.14
2487 35.35
1827 35.35
2919 35.74
1763 35.92
2278 35.80
1857 35.52
6072 37.56
512 38.89
1642 36.52
1740 36.12
2288 36.84
2168 35.50
2289 35.71
1934 35.35
2613 36.23
1831 35.70
2547 35.47
1719 35.40
2688 36.01
1763 35.50
2480 35.45
1520 35.76
3030 35.72
1713 35.28
2462 35.02
1553 35.47
2879 35.60
1737 35.17
2262 35.26
1724 35.12
2720 35.64
1942 35.18
2497 35.38
1795 35.19
2900 35.68
1877 35.61
2523 35.32
1925 35.14
5803 38.23
583 37.97
1726 36.77
1677 36.13
1975 37.22
1861 36.46
2919 35.64
1655 35.87
2734 36.51
1911 35.88
2340 35.83
1838 35.67
2665 36.15
1983 35.48
2478 35.57
1645 35.82
2751 36.18
1868 35.78
2335 35.69
2076 34.91
2915 35.87
1811 35.16
2358 35.31
1927 35.26
2849 35.61
1760 35.00
2369 35.04
1800 34.74
2877 35.52
1877 35.11
2540 34.90
1707 34.92
6309 37.36
300 39.27
1283 36.69
2004 35.52
2245 36.59
2144 35.44
2526 35.47
1877 35.10
2609 36.24
2036 35.33
2575 35.35
1646 35.33
2644 36.08
2046 35.16
2717 35.00
1529 35.25
3046 35.35
1629 35.46
2308 35.13
1734 34.99
2881 35.45
1892 35.02
2583 35.00
1545 35.03
2806 35.55
1722 35.08
2416 34.89
1638 34.88
2588 35.59
2013 34.76
2692 34.77
1662 34.88
6198 37.33
306 38.08
1658 35.80
1760 35.29
2345 36.05
2166 34.99
2585 35.22
1971 34.87
2684 35.80
2010 35.08
2666 35.03
1651 34.95
2699 35.74
1881 35.04
2511 35.11
1769 35.04
2727 35.73
2006 35.04
2717 35.00
1552 35.11
2904 35.38
1822 35.05
2517 35.10
1624 35.10
3080 35.32
1776 34.97
2541 34.95
1683 34.90
2888 35.54
1772 35.31
2391 35.36
1739 34.98
6500 37.13
213 40.11
1453 36.38
1741 35.53
2284 36.63
2456 35.01
2648 35.39
1778 35.05
2693 36.13
1946 35.23
2448 35.42
1750 35.09
2663 36.05
1938 35.26
2700 35.10
1470 35.15
2731 35.86
1809 35.10
2249 35.32
2040 34.66
2879 35.41
1604 35.27
2356 34.96
1708 34.76
2745 35.32
1608 35.16
2391 34.68
1486 34.87
2802 35.05
1665 34.78
2421 34.82
1812 34.49
6102 37.89
306 38.82
1696 36.07
1691 35.61
2315 36.11
2437 34.85
2435 35.42
1923 34.85
2571 35.88
1597 35.87
2765 34.85
1714 34.71
2840 35.59
1959 34.97
2792 34.88
1520 34.68
3084 35.37
1672 34.84
2504 34.80
1635 34.85
2695 35.52
1896 34.87
2681 34.80
1594 34.84
2917 35.46
1849 34.93
2494 34.83
1588 34.62
2704 35.34
1905 34.80
2231 35.17
1928 34.37
6258 37.58
187 39.47
1626 36.02
1754 35.09
2467 35.76
2062 34.64
2674 34.71
1641 34.54
2645 35.49
1876 34.60
2639 34.44
1458 34.56
2777 35.09
1732 34.58
2375 34.64
1491 34.44
2901 34.76
1599 34.30
2630 33.93
1516 34.12
2780 34.65
1970 33.92
2658 34.12
1695 33.83
2966 34.45
1740 33.92
2584 33.92
1496 33.95
3179 34.15
1494 34.23
2516 33.78
1600 33.91
6403 37.40
177 39.54
1663 35.82
1728 34.86
1937 36.35
2512 34.57
2445 35.26
2238 34.22
2369 36.13
2561 34.29
1957 35.74
2258 34.50
