5783 39.28
654 38.08
2811 35.51
2652 34.29
2731 35.77
2452 34.97
2571 35.49
2967 33.90
3496 35.36
2384 34.56
2823 34.46
2156 34.57
3638 34.53
1833 34.45
3326 33.89
1907 33.83
3537 34.38
2012 34.13
3033 33.54
2543 33.62
3760 34.09
2167 33.99
2659 33.36
2676 33.71
3575 34.19
2476 33.95
2934 33.80
2508 33.40
3716 34.06
2477 33.89
3098 33.91
2182 33.81
7085 36.54
946 36.00
2155 34.99
2422 34.36
2878 35.30
2659 34.10
3246 34.26
2618 33.95
3303 34.87
2903 33.81
3243 34.23
2170 34.38
3623 34.70
2201 34.51
3075 34.22
2149 34.20
3696 34.56
2438 33.95
3112 33.87
2284 33.72
3614 34.48
2055 33.97
3426 33.61
2115 33.84
3748 34.33
2482 33.77
3019 33.93
2207 34.03
3643 34.53
2207 34.38
2876 34.27
2516 33.84
7771 35.58
709 37.33
2041 35.27
2322 34.39
2975 35.02
2814 33.92
3042 34.03
2452 33.65
3206 35.05
2363 34.24
3164 34.05
2366 33.84
3252 34.82
2396 33.94
3211 34.03
1982 34.27
3947 34.20
2194 33.84
3144 33.67
1954 34.03
3697 34.07
2260 33.90
3163 33.71
2009 33.78
3575 34.23
2093 33.98
3205 33.74
2293 33.82
3732 34.19
2452 34.07
3287 33.73
2442 33.57
7493 36.11
622 37.39
2051 35.52
2349 34.70
2819 35.59
2848 34.11
2759 35.02
2430 34.15
3362 35.22
2562 34.24
3204 34.26
2133 34.28
3504 34.80
2526 33.98
3085 34.14
2148 34.26
3593 34.58
2313 34.11
2949 34.26
2547 33.42
3759 34.25
2309 33.70
3245 33.62
2309 33.74
3666 34.10
2217 33.66
3126 33.68
2206 33.44
3671 34.07
2489 33.52
3226 33.56
2187 33.59
8014 35.36
433 38.25
1756 35.12
2593 34.13
2981 35.00
2546 33.89
3250 33.84
2300 33.57
3177 34.93
2585 33.90
3358 33.82
2137 33.87
3735 34.35
2400 33.81
3317 33.53
2040 33.81
3737 34.10
2217 33.99
3001 33.82
2255 33.67
3514 34.16
2413 33.73
3398 33.57
2110 33.68
3715 34.05
2219 33.62
2955 33.61
2145 33.48
3865 33.79
2149 33.43
3158 33.46
2201 33.31
8319 34.82
329 37.51
1850 34.53
2417 33.66
3332 34.28
2563 33.41
3160 33.59
2275 33.38
3428 34.17
2298 33.78
3251 33.54
2492 33.28
3382 34.28
2416 33.75
3485 33.39
2045 33.69
3645 34.19
2415 33.60
3464 33.33
2199 33.36
3681 33.97
2333 33.68
3257 33.65
2082 33.62
3909 33.99
2312 33.57
3201 33.62
2214 33.50
3853 33.97
2151 33.84
3213 33.64
2191 33.71
8301 35.10
246 38.79
2032 34.70
2304 34.19
3114 34.94
2045 34.51
3622 33.57
2206 33.55
3626 34.46
2451 33.64
3379 33.52
2136 33.57
3486 34.38
2373 33.68
3402 33.55
2175 33.50
3626 34.20
2347 33.62
3136 33.67
2203 33.52
3844 33.78
2137 33.68
2811 33.83
2477 33.15
3678 33.88
2021 33.56
2995 33.36
2027 33.55
3755 33.56
2146 33.43
3075 33.23
2298 33.22
7777 35.89
357 37.45
2160 34.52
2253 34.14
3010 34.74
2846 33.49
3356 33.72
2132 33.51
3243 34.56
2669 33.61
3316 33.63
2487 33.40
3467 34.32
2605 33.46
3226 33.69
2170 33.41
3435 34.40
2501 33.64
3432 33.44
1983 33.59
3601 34.21
2384 33.59
3481 33.39
2119 33.40
3602 34.14
2365 33.58
3056 33.74
2117 33.49
3741 33.84
2083 33.55
3164 33.52
2096 33.34
7970 35.58
263 37.42
2061 34.52
2301 33.84
2982 34.44
2726 33.29
3479 33.19
2225 33.00
3578 33.90
2326 33.20
3264 33.14
1975 33.12
3377 33.86
2434 33.19
3224 33.04
1902 33.07
4110 32.96
1865 33.14
3053 32.82
2071 32.73
3913 32.83
2200 32.54
3047 32.90
2242 32.79
3561 33.32
2185 32.69
3090 32.68
2245 32.40
3944 32.96
2135 32.74
3229 32.59
2119 32.58
7787 35.82
333 36.98
2263 34.44
2231 33.63
3159 34.29
2775 33.14
3328 33.32
2298 32.88
3536 33.94
2598 32.97
3079 33.37
2348 33.10
