2872 37.45
239 37.77
1159 33.99
1027 32.99
1418 32.05
1262 31.85
1335 30.69
1295 30.60
1442 29.69
1363 30.15
1445 30.25
1228 30.29
1279 30.34
1362 30.21
1306 30.78
1560 29.95
1359 29.66
1488 29.45
1348 29.35
1468 29.04
1342 28.45
1498 28.12
957 28.48
1534 28.24
1256 28.91
1545 28.17
1283 28.23
1474 27.03
891 28.18
1459 26.94
1095 27.31
1531 26.57
3090 35.68
986 32.93
1006 31.90
1169 32.02
1150 30.67
1441 29.92
1433 29.55
1175 29.50
1410 28.76
1076 28.61
1419 28.30
1533 27.27
937 28.64
1490 27.47
1235 28.44
1456 28.28
1476 28.89
1628 28.44
1224 29.55
1483 28.24
1267 28.53
1457 28.26
1448 29.56
1372 29.65
1562 28.75
1334 28.37
1489 28.71
1347 28.46
1511 28.05
1307 28.35
1559 27.88
1324 28.09
3701 34.36
682 32.56
890 32.72
966 32.55
1293 31.17
1362 29.89
1521 30.10
1345 29.06
1375 28.77
1512 28.78
1415 28.51
1379 28.73
1201 28.75
1462 28.56
1387 29.23
1562 28.81
1407 29.19
1588 29.68
1297 29.52
1312 29.28
1553 29.48
1452 29.91
1525 29.70
1352 29.55
1480 29.22
1643 29.76
1695 29.62
1715 29.95
1620 29.77
1608 29.64
1664 30.30
1180 30.10
2896 35.79
481 33.99
689 32.83
961 31.69
1303 30.63
1354 29.61
1291 28.98
1303 28.49
1506 27.85
1095 28.32
1429 27.58
1454 26.58
688 27.91
1439 26.93
1549 26.51
1026 27.49
1460 27.00
1495 26.04
1201 25.89
1552 25.86
953 26.76
1440 25.98
1237 26.55
1457 26.18
1627 25.80
1061 26.81
1569 26.52
1556 26.76
1574 27.12
1768 27.28
1637 27.87
1704 27.10
2941 36.34
635 34.77
903 34.77
1008 33.73
1126 32.68
1193 32.16
1463 31.27
1386 31.17
1649 30.09
1395 30.32
1437 30.28
1524 30.85
1447 30.93
1528 30.28
1476 30.82
1385 29.88
1409 29.50
1468 29.53
1342 29.00
1422 29.02
1414 29.31
1359 28.14
1363 28.32
1590 28.40
1614 29.34
2035 29.61
2016 30.31
1778 30.62
2017 31.18
1631 31.06
1224 32.54
979 31.94
2367 37.68
550 35.49
783 33.84
891 33.44
1003 32.41
1427 30.74
1311 30.05
1233 29.54
1407 29.16
1084 29.60
1397 29.80
1725 30.22
1818 30.67
1842 30.90
1609 31.78
1522 31.46
1296 31.82
1359 32.39
1275 32.34
1383 31.79
1342 31.61
1317 31.69
1385 31.09
1577 31.67
1550 32.08
1595 32.06
1512 32.35
1479 31.09
1253 31.32
1405 31.05
1289 30.90
1337 31.04
3455 31.40
753 34.55
1003 33.88
1149 33.76
1228 33.20
1018 32.98
1368 31.23
1307 29.73
1445 29.77
1609 29.24
1449 28.70
1298 29.41
1437 28.63
1283 28.82
1407 27.90
1385 27.61
1267 27.97
1541 27.13
1189 29.80
1654 29.60
1527 30.02
1467 30.24
1399 30.20
1488 30.53
1511 30.35
1338 31.42
1521 31.11
1794 31.60
1561 31.76
1204 32.06
1095 31.53
1461 30.02
3519 37.11
722 34.39
910 34.05
836 33.74
1233 32.93
1506 32.93
1537 32.76
1305 32.67
1240 32.58
866 32.70
1495 31.44
1171 31.06
1537 30.38
1259 30.21
874 31.27
1603 30.59
1195 31.37
1488 30.94
1561 30.73
1243 31.31
1097 31.58
1352 30.80
1316 31.10
1464 30.41
1599 29.86
883 30.56
1561 30.15
996 30.51
1413 29.97
1238 29.97
1519 29.83
1046 30.76
3571 38.79
748 36.77
692 36.52
1100 34.60
1396 34.02
1275 33.56
1480 32.60
1407 32.24
1501 31.16
908 31.53
1382 31.21
1571 30.74
823 31.72
1514 31.03
1527 30.54
1015 30.72
1500 29.93
1081 29.82
1545 29.88
1167 30.31
1461 29.58
1021 29.98
1390 29.30
1616 29.32
759 29.67
1599 29.20
1399 29.83
1177 29.68
1629 29.61
1328 29.65
1405 29.94
1626 29.91
3428 39.00
594 37.11
994 35.64
1076 34.70
1175 34.71
1691 32.63
1341 32.51
1368 32.54
997 32.21
1415 31.77
1523 30.97
1450 30.84
