4907 32.04
531 32.56
2108 28.70
2280 27.63
2059 27.59
2117 27.16
2350 26.43
2263 26.32
2457 25.86
2558 26.29
2329 25.84
2521 25.65
2194 26.41
2355 26.42
2332 26.35
2570 26.42
2580 26.34
2417 25.85
2670 25.58
2164 25.51
2417 25.22
2581 24.36
1919 24.76
2465 24.33
2622 24.52
2426 24.96
2507 24.67
2342 23.46
1951 23.96
2492 23.29
1981 23.92
2356 23.81
5834 30.28
1504 27.63
1602 27.41
1711 27.18
1963 26.60
2400 26.16
2516 25.42
2209 25.17
2249 24.95
2174 25.03
2603 24.29
2478 24.17
1994 24.59
2516 24.25
2173 24.27
2392 24.75
2675 25.07
2561 24.85
2465 24.65
2204 24.61
2551 24.10
2083 24.84
2722 25.09
2581 25.47
2394 25.11
2236 24.99
2782 24.96
2179 24.82
2711 24.72
2403 24.86
2502 24.68
2521 24.87
6461 29.49
1078 28.64
1607 28.11
1648 28.29
2111 26.94
2595 25.74
2510 25.25
2182 25.17
2263 25.56
2682 24.91
2222 24.57
2218 24.64
2515 24.74
2474 25.07
2513 25.25
2677 25.06
2517 25.35
2419 25.46
2461 25.32
2177 25.48
2800 25.58
2610 26.09
2388 26.09
2334 25.75
2542 25.81
2678 25.94
2927 26.11
2886 26.27
2771 26.01
2757 26.13
2753 26.19
2114 26.31
5187 30.91
858 29.47
1466 28.39
1930 27.08
1726 26.49
2547 25.35
2073 25.00
2347 24.65
2497 24.02
2280 24.10
2330 23.62
2321 23.32
1652 23.84
2405 23.45
2595 23.20
1974 23.78
2462 23.12
2472 23.28
2580 22.89
2118 23.66
2218 23.42
2581 22.68
1876 23.44
2696 23.24
2230 23.26
2457 23.08
2816 23.49
2753 23.37
2593 23.67
2893 23.96
2937 24.22
2862 24.55
4982 31.83
1283 30.22
1753 28.77
1610 29.22
1876 28.64
1878 28.33
2311 27.67
2644 26.51
2629 26.01
2427 26.23
2561 26.60
2567 26.40
2498 26.76
2694 26.70
2550 26.74
2422 26.33
2494 26.12
2456 25.90
2359 25.70
2328 25.50
2305 25.56
2353 24.62
2497 24.76
2656 24.79
2661 25.43
3293 26.13
3274 26.74
2778 27.10
3122 27.24
2969 27.39
2375 27.88
2029 26.55
4210 32.60
837 30.67
1404 29.79
1885 28.03
2396 26.51
1766 26.32
2264 25.20
2395 25.54
2220 24.96
2079 25.44
2465 25.93
2856 25.91
3074 26.41
3065 26.73
2789 26.84
2418 26.80
2240 27.44
2251 27.61
2140 28.04
2487 27.81
2301 27.44
2373 27.37
2476 27.05
2636 27.41
2648 27.42
2664 27.51
2528 27.23
2553 26.83
2174 26.44
2285 26.44
2360 26.35
2690 26.11
6123 25.73
1228 30.60
1638 29.60
2042 29.10
2002 29.43
1784 27.87
2249 26.88
2260 25.21
2581 25.02
2630 25.19
2563 25.13
2362 24.57
2397 25.11
2235 24.50
2420 24.46
2424 24.38
2248 24.05
2401 23.81
2654 24.61
2947 25.37
3031 25.67
2584 26.07
2095 26.57
2465 26.64
2329 26.97
2477 27.15
3004 27.12
3228 27.53
2801 27.90
2573 27.96
1936 28.12
1650 27.45
5618 33.78
989 31.89
1270 31.05
1490 30.64
2454 29.36
2370 29.44
2786 29.35
2494 29.11
2235 28.61
2108 28.70
1813 28.66
2453 27.55
2392 27.43
2738 27.03
1523 28.60
2627 27.53
2385 27.82
2641 27.96
2352 27.91
2508 27.74
2085 28.39
2242 28.28
2560 27.72
2301 27.84
2769 27.42
1670 28.30
2718 27.53
2073 27.96
2728 26.85
1943 27.34
2732 27.30
2338 27.95
6094 35.53
1155 33.81
1020 33.68
1925 31.72
2267 30.73
2688 30.03
2267 29.68
2282 29.09
2427 28.23
1751 28.29
2346 28.14
2416 28.10
2446 28.08
2756 27.77
2210 27.93
2338 26.99
1724 27.64
2557 27.12
2612 26.67
2238 27.33
2475 26.62
1473 27.30
2709 26.70
2357 26.80
2057 26.29
2615 26.29
2894 26.96
2153 27.37
2499 26.96
2796 27.27
2542 27.45
2268 28.09
5867 35.50
1122 33.20
1427 32.65
1666 31.83
2279 30.38
2484 29.62
2524 28.91
2223 29.18
1994 29.19
2152 28.90
2643 28.24
2254 27.86
