5303 31.37
612 31.48
2513 27.85
1885 27.80
2384 26.81
2632 26.21
2489 25.77
2514 25.58
2770 25.25
2531 25.55
2757 25.17
2464 25.47
2459 25.40
2866 25.94
2594 26.14
2503 25.55
2866 25.46
2622 25.27
2856 25.04
2340 25.00
2659 24.81
2648 23.90
2221 24.36
2693 24.06
2660 24.36
3069 24.14
2264 24.34
2719 23.44
1966 23.97
2606 22.81
2309 23.41
2557 23.47
6397 29.54
1500 26.94
1794 26.60
1846 26.89
2145 26.03
2715 25.40
2810 24.81
2565 24.56
2126 24.18
2600 23.81
2666 23.86
2802 23.68
2202 23.93
2646 23.64
2460 23.69
2566 24.19
2948 24.37
2895 24.33
2478 24.28
2293 24.12
2719 23.78
2344 24.05
3054 24.64
2886 24.77
2532 24.97
2657 24.41
2958 24.39
2341 24.60
2941 24.44
2593 24.21
2860 24.03
2627 24.27
6678 29.27
1287 27.69
1707 28.07
2382 26.37
2580 25.79
2652 25.13
2359 24.85
2569 24.88
2403 24.96
2610 24.86
2439 24.39
2493 24.35
2531 24.38
2655 24.57
2842 24.86
2691 24.84
2733 24.91
2558 25.05
2775 24.81
2411 25.04
2927 25.21
2858 25.34
2509 25.68
2609 25.30
2917 25.20
2962 25.10
3130 25.37
2951 25.58
3097 25.69
2910 25.28
2895 25.92
2442 25.96
5540 30.47
942 29.11
1905 27.36
1513 26.98
2220 25.59
2327 25.17
2580 24.60
2441 24.23
2737 23.83
2311 23.51
2639 23.24
2505 22.65
1757 23.64
2629 22.97
2974 22.83
1959 23.73
2550 22.88
2789 22.68
2590 22.75
2703 22.81
2248 23.20
2529 22.75
2206 22.97
2699 22.70
2925 22.36
2305 22.79
3046 22.78
3053 23.11
2896 23.25
3079 23.68
3119 23.76
3063 24.21
5354 31.24
1307 29.41
1686 28.73
1925 28.30
2197 27.43
2216 27.22
2740 26.41
2317 26.17
2916 25.65
2689 25.61
2817 25.79
2756 25.80
2750 26.04
2863 26.13
2836 25.98
2619 25.54
2722 25.42
2544 25.27
2635 25.06
2348 24.86
2672 24.82
2436 23.95
2749 24.17
2721 24.40
2980 24.65
3525 25.48
3554 26.12
2957 26.71
3410 26.50
3180 26.72
2620 27.38
2178 26.14
4795 31.52
812 29.82
1294 29.01
2219 27.14
2471 25.86
2108 25.64
2300 24.72
2716 24.41
2299 24.13
2451 24.89
2648 25.27
3008 25.45
3292 25.49
3311 26.10
2776 26.96
2387 26.87
2563 26.90
2450 26.95
2491 27.42
2624 27.17
2586 26.94
2854 26.33
2861 25.94
2974 26.23
2969 26.47
3054 26.38
2929 26.13
2819 25.41
2301 25.70
2550 25.56
2629 25.59
2885 25.60
5823 26.20
1352 29.31
1894 28.88
2405 28.29
2314 28.49
1985 27.12
1861 27.37
2628 25.19
2909 24.45
2883 24.53
2730 25.00
2690 24.36
2429 24.14
2362 24.16
2761 23.75
2526 23.68
2567 23.39
2537 23.55
2915 24.11
3244 24.94
3232 25.15
2780 25.46
2666 25.46
2848 25.83
2572 25.81
2569 26.73
3081 26.72
3569 27.06
3163 27.24
2774 27.49
2146 27.55
1829 27.14
5541 33.90
1116 32.02
1352 31.29
1677 30.02
2521 28.90
3317 28.63
2915 28.62
2359 28.84
2247 28.62
2328 28.47
2285 27.82
2626 27.12
2489 26.97
2868 26.68
1887 28.01
2822 27.20
2550 27.48
2934 27.35
2719 27.47
2616 27.58
2291 28.00
2418 28.07
2749 27.39
2604 27.47
2929 27.09
1946 27.91
2840 27.21
2319 27.81
2787 26.24
2071 27.25
3006 27.26
2484 27.55
6662 34.86
1472 32.82
1089 32.76
1740 31.42
2675 30.10
2738 29.51
2503 29.24
2465 28.71
2590 27.56
1886 27.91
2715 27.65
2609 27.51
2769 27.57
2555 27.76
2880 27.17
1903 26.58
2640 26.52
2605 26.57
2816 26.37
2405 27.09
2628 26.28
1768 26.69
2684 26.33
2969 25.99
1446 26.46
2825 26.20
2771 26.84
2526 26.62
2851 26.67
3213 26.72
2821 27.11
3040 27.09
5713 35.70
1361 32.91
1651 32.39
1934 31.41
1934 30.58
2657 29.23
2568 28.62
2818 28.72
2155 28.91
2201 28.50
2756 27.85
2716 27.14
