5715 30.57
718 31.45
2365 27.38
2712 26.16
2593 26.06
2457 25.54
2686 25.53
2924 24.97
2987 24.40
2715 24.92
2989 25.10
2648 24.83
2824 25.42
2884 25.48
2767 25.61
3098 25.06
2806 25.24
2940 24.99
2853 24.63
3002 24.32
2482 24.29
2896 23.55
2328 23.83
2890 23.62
3063 23.60
2793 23.86
2989 23.56
2600 22.50
2574 22.92
2801 22.26
2394 23.09
2942 23.01
7082 28.77
1568 26.67
1829 26.31
1934 25.81
2334 25.66
3065 24.57
2797 24.33
2834 24.18
2434 23.62
2515 23.82
2744 23.53
3024 23.30
2506 23.67
2818 23.47
2515 23.31
2878 23.68
3125 23.78
3119 23.80
2801 23.69
2456 23.95
2805 23.68
2623 23.56
3234 24.02
2944 24.50
2791 24.29
2604 24.32
3386 24.18
2488 23.92
3286 23.79
2926 23.96
3056 23.80
2940 23.80
7158 28.69
1237 28.02
1863 27.35
2115 26.82
2971 25.10
2863 24.63
2566 24.71
2671 24.28
2664 24.16
2895 24.15
2692 23.80
2670 23.57
2766 23.73
2889 24.19
3063 24.35
2982 24.43
2968 24.45
2738 24.65
2779 24.43
2746 24.49
3057 24.75
3129 25.10
2735 25.24
2781 25.16
3191 24.60
3132 24.86
3406 24.79
3271 25.11
3274 25.42
3187 25.06
3146 25.38
2517 25.47
5984 29.76
1012 28.56
1701 26.87
2603 25.42
2053 24.86
2398 24.86
2700 23.93
2731 23.67
2941 23.33
2627 23.16
2683 22.88
2792 22.19
1865 23.13
2866 22.57
3030 22.53
2377 23.11
2796 22.59
2896 22.31
2852 22.18
3073 22.35
2422 22.70
2756 22.20
2412 22.44
2967 22.29
2877 22.17
3180 21.88
3055 22.63
3131 22.77
3127 22.97
3391 23.13
3223 23.26
3237 23.72
6014 30.28
1458 28.20
1890 27.56
2052 27.46
2392 27.04
2271 26.62
2532 26.26
2925 25.63
2765 25.32
3112 25.20
2990 25.30
3020 25.43
2939 25.52
3179 25.84
3016 25.71
2783 25.12
2995 25.07
2846 24.84
2667 24.56
2649 24.34
2836 24.49
2688 23.77
2948 23.72
2925 24.04
3135 24.34
3792 24.99
3779 25.64
3138 26.26
3614 25.99
3407 26.11
2812 27.01
2328 25.85
5309 30.66
895 28.73
1545 28.38
2541 26.11
2470 25.27
2431 24.78
2317 24.42
2879 24.02
2667 23.98
2352 24.18
3084 24.37
3269 24.58
3450 25.49
3591 25.24
3260 25.35
2721 25.75
2866 25.87
2646 26.31
2619 26.80
2846 26.65
2743 26.71
2876 26.30
2867 25.87
2967 26.09
3128 26.24
3078 26.35
2923 25.97
2813 25.51
2383 25.44
2899 24.55
2742 24.87
3151 24.90
6953 24.47
1481 28.20
2017 27.79
2506 27.61
2375 27.75
2672 25.49
2115 26.02
2664 24.34
3028 24.06
3211 24.00
3036 24.03
2812 23.45
2780 23.56
2578 23.41
2737 23.34
2848 23.20
2692 22.97
2700 23.09
3204 23.53
3433 24.42
3542 24.49
3092 24.84
2820 24.93
3032 25.25
2737 25.58
2787 26.02
3483 26.22
3845 26.46
3264 26.95
3186 26.87
2412 27.01
1995 26.58
5791 33.63
1189 31.35
1523 30.74
1594 29.90
2666 28.58
3147 28.59
2779 28.65
2802 28.36
2717 27.96
2815 27.87
1976 28.13
2773 26.83
2609 26.98
3077 26.48
2146 27.56
3141 26.66
2570 27.10
3052 27.00
2982 26.93
2815 27.00
2577 27.44
2595 27.52
2976 27.03
2751 27.14
3225 26.71
2060 27.19
3057 26.68
2234 27.30
3204 25.92
2676 26.72
3222 26.69
2591 27.17
7130 34.44
1577 32.47
1240 32.85
1901 30.51
2681 29.69
3181 28.86
3041 28.50
2183 28.37
2868 27.35
2087 27.72
2771 27.26
2976 27.28
2617 27.60
3096 27.14
2938 26.70
2051 26.31
2991 25.85
2438 26.45
3089 25.87
2675 26.53
2819 25.93
1943 26.15
2945 25.98
3085 25.78
1708 25.79
3157 25.48
3517 25.85
2723 26.31
2613 26.57
2933 26.50
2839 27.02
2821 27.12
6918 34.42
1744 31.77
1810 31.13
2057 30.48
2079 30.08
2753 28.41
2865 28.09
2873 28.11
2498 28.30
2535 28.02
3074 27.33
2428 26.89
