6486 29.37
850 29.70
2856 26.36
2296 25.94
3473 24.78
3026 24.59
3059 24.13
3184 24.22
3190 24.06
3387 23.98
3339 24.02
3126 23.85
3428 24.30
3311 24.49
3228 24.52
3441 24.39
3156 24.48
3347 24.09
3505 23.81
3328 23.75
2868 23.80
3225 22.86
2795 23.01
3316 22.99
3267 23.17
3726 22.74
2941 23.18
3248 22.09
2827 22.28
3095 21.67
2910 22.50
3292 22.47
8124 27.58
1930 25.49
1991 25.04
2191 24.85
2659 24.52
3134 24.07
3362 23.48
3106 23.43
3108 22.85
2960 23.08
3278 22.75
3653 22.43
2888 22.85
3292 22.72
2849 22.49
3316 23.01
3512 23.20
3633 22.93
3138 23.09
2914 23.00
3148 22.58
3079 22.88
3650 23.37
3388 23.89
3278 23.42
3315 23.08
3606 23.20
2972 23.35
3692 23.12
3293 23.21
3448 23.16
3281 23.12
8419 27.30
1229 27.58
2409 25.79
2317 25.36
2903 24.68
3259 24.08
3096 23.49
3028 23.52
3068 23.41
3518 23.36
3074 23.17
3063 22.78
3108 22.89
3418 23.36
3394 23.57
3309 23.59
3378 23.44
3219 23.82
3116 23.54
3120 23.48
3718 23.97
3535 24.27
3182 24.31
3192 24.04
3494 23.93
3639 23.93
3789 24.22
3837 24.30
3814 24.50
3593 24.40
3552 24.61
2929 24.72
6693 28.72
1202 27.37
1965 26.24
2620 24.87
2155 24.40
3115 23.74
3313 23.22
2990 22.88
3586 22.21
2269 22.79
3249 22.20
3072 21.62
2412 22.29
3469 21.76
3500 21.75
2735 22.30
3070 22.09
3500 21.67
3035 21.65
3672 21.63
2855 21.59
3084 21.41
2807 21.56
3321 21.68
3435 21.35
3090 21.72
3797 21.86
3807 21.97
3650 22.15
3839 22.50
3677 22.64
3622 23.01
6866 28.98
1352 27.49
1918 27.22
1955 27.23
3190 25.64
2640 25.52
3321 25.24
3094 24.93
3686 24.11
3291 24.46
3454 24.47
3443 24.53
3437 24.67
3582 24.69
3595 24.54
3078 24.63
3363 24.29
3171 24.22
3062 23.66
3111 23.62
3148 23.69
2940 23.39
3196 23.12
3685 22.53
3457 23.48
4289 24.09
4286 24.57
3558 25.02
4018 25.27
3831 25.27
3191 25.84
2764 24.83
6291 29.27
908 28.07
2017 26.98
2820 25.18
2436 24.83
2952 24.07
2530 23.60
3268 23.31
3211 22.91
2771 23.47
3446 23.61
3768 23.94
4024 24.31
3978 24.43
3272 25.19
3028 25.10
3398 24.88
2981 25.30
3114 25.34
3138 25.78
3262 25.22
3232 25.21
3204 25.08
3496 25.20
3513 25.09
3599 25.12
3300 25.06
3212 24.35
2981 23.94
3204 23.73
3369 23.71
3851 23.30
7914 23.20
1622 26.93
2353 26.69
2882 26.73
2724 26.88
2927 24.68
2433 24.66
3241 23.57
3437 23.34
3659 22.90
3490 23.14
3144 22.42
3159 22.52
2970 22.90
3242 22.60
3263 22.32
2835 22.34
3069 22.39
3641 22.62
4015 23.39
3972 23.60
3633 23.90
2766 24.48
3109 24.82
3116 24.93
3099 25.42
3532 25.71
4354 26.01
3521 26.34
3469 26.27
3015 26.11
2451 25.56
7614 31.49
1247 29.56
2024 28.48
1709 28.36
3128 27.19
3400 27.38
3504 27.53
3397 27.49
2877 27.24
3230 26.88
2514 26.90
3091 25.86
3156 25.74
3609 25.60
2773 26.75
3473 25.91
3239 26.09
3514 26.15
3311 26.47
3250 26.31
3199 26.50
3089 26.75
3223 26.53
3494 26.33
3510 26.07
2570 26.44
3418 26.04
3058 26.34
3331 25.32
2672 26.15
3730 26.20
2937 26.63
8161 33.31
1618 31.84
1418 31.94
2296 29.71
3314 28.68
3224 28.30
3275 27.87
3106 27.24
3189 26.29
2400 26.88
3125 26.48
3533 26.38
2994 26.90
3556 26.64
3257 26.04
2874 25.36
2576 25.77
3623 25.20
3161 25.30
3357 25.32
2953 25.24
2293 25.55
3298 25.39
3641 25.09
1796 25.36
3561 25.04
3627 25.63
3102 25.75
3486 25.63
3332 26.06
3228 26.31
3295 26.44
7880 33.37
1535 31.63
2013 30.73
2276 30.10
2794 28.74
3454 27.33
3130 27.18
3172 27.13
2879 27.36
2939 27.18
3460 26.46
3066 26.04
