12349 32.24
322 34.92
3048 32.72
3940 29.52
4398 28.30
5290 28.44
6005 29.01
4088 29.21
4779 28.51
4214 27.93
4348 27.32
3889 27.31
4586 26.92
3641 27.11
4781 26.27
4228 25.48
4896 25.78
4613 25.52
4931 25.92
4663 26.06
4756 25.36
3734 25.99
4797 25.34
5492 25.97
4649 26.70
5092 26.96
4558 26.34
5341 26.79
4215 26.46
4666 26.52
4357 26.26
4786 26.33
13377 31.38
1544 31.29
2264 30.02
3594 28.66
4959 27.70
5004 27.92
5619 27.99
5200 27.44
4266 27.72
4224 27.04
3773 27.23
4073 27.38
4661 27.23
5321 27.45
3494 27.40
5440 27.41
6875 28.19
4487 28.11
4327 27.41
4929 27.46
5794 28.49
5986 28.58
4732 29.16
3622 28.71
4277 27.13
5081 27.74
5516 28.12
4708 28.30
5377 28.74
5405 28.88
4595 29.55
4267 29.65
9937 34.25
1746 34.75
2585 32.50
3153 31.47
3087 30.45
4306 28.56
5364 27.23
3959 28.87
4504 28.62
3989 27.54
4551 26.25
4269 28.68
5338 28.03
5114 28.58
5729 28.65
4135 28.71
4665 29.03
4004 28.58
6485 28.52
4773 28.54
3914 29.26
3716 28.60
4985 29.06
5467 29.29
5408 29.24
4721 28.58
4893 28.50
5219 28.97
5062 28.95
4135 28.63
4187 28.98
4614 28.82
12979 31.93
1161 32.51
2982 30.82
3355 29.89
4394 29.82
4681 29.13
3770 28.97
3779 27.91
4497 26.93
4800 27.49
4363 28.20
4758 27.27
3775 27.48
4537 26.56
4706 26.45
4630 28.00
4527 26.91
4158 28.43
4821 26.84
4941 26.54
4007 26.63
4442 27.36
5289 27.79
4223 26.97
4750 28.03
4746 27.16
5012 27.87
5132 28.34
5034 28.00
4526 27.25
3948 26.88
5260 27.30
13295 32.52
996 32.42
2729 31.23
3263 30.19
3768 29.46
4621 28.53
4373 27.86
4116 27.28
5046 26.88
3971 27.74
4628 27.46
4941 26.77
5505 28.11
6327 28.86
4515 29.23
3038 29.03
4822 28.33
6361 28.80
5045 28.93
3160 28.52
3922 28.60
5255 28.34
5303 29.14
4906 28.46
5352 28.57
3791 27.94
4799 27.78
4825 27.80
5467 27.66
5520 28.54
4311 28.24
3973 28.24
12702 32.72
1255 33.45
1780 33.31
4374 30.49
3667 30.68
5660 29.44
3754 29.07
4827 29.55
4601 28.83
4365 29.00
5141 28.89
4281 29.33
4504 28.59
4331 28.73
4493 29.47
5754 29.05
3782 29.51
4912 28.73
4331 28.45
4883 28.31
4780 29.36
5055 29.50
4691 29.10
4860 29.03
4204 29.21
4807 28.90
5335 29.65
5568 29.89
4776 30.29
4276 30.21
3629 30.17
4861 29.73
13731 32.88
1134 36.63
2951 34.12
2667 33.63
4382 31.62
4379 30.80
4096 30.72
4668 29.41
4591 29.68
4529 29.26
4138 29.79
4609 29.97
4927 29.45
4499 29.18
4486 28.83
4933 28.01
4178 29.23
5570 29.88
5233 29.54
4361 29.26
4179 29.14
4858 28.77
4481 29.10
5306 29.60
5138 29.51
4812 29.61
5409 29.47
5151 29.70
4950 29.78
4005 30.16
4910 29.38
5232 29.07
11944 34.99
1118 35.82
3948 32.35
3130 32.29
4977 31.82
3991 31.73
3576 31.50
3998 30.80
4963 30.51
4340 30.33
4422 30.16
4693 29.97
4761 29.88
4778 30.67
4989 30.15
4635 30.15
4592 30.36
4861 29.70
4677 29.43
4532 29.05
4477 29.55
5314 29.80
5084 29.67
4480 29.51
4304 29.16
4867 29.18
5520 29.86
4767 29.85
3553 29.48
4654 29.91
5143 29.74
5118 29.17
13162 34.41
693 34.62
2002 34.68
4071 32.59
3428 32.17
4598 31.12
4989 30.40
4504 30.06
4320 29.90
4260 29.47
4485 29.93
5407 29.67
4019 29.94
5125 29.54
4085 29.71
4672 29.62
4878 30.36
4889 30.85
5019 30.68
4944 30.97
4697 30.67
5032 31.18
4781 31.28
4974 30.83
5164 31.27
4909 31.60
4008 31.85
4428 31.51
5043 30.83
4826 30.61
4824 30.62
4653 30.54
12996 35.06
757 36.46
2332 34.81
3646 33.67
4629 32.27
4619 31.30
4140 30.83
4717 29.86
4910 29.98
4223 30.55
4941 30.74
4724 30.64
