1597 50.20
215 51.00
151 51.00
174 50.34
627 45.88
250 47.64
583 44.65
582 44.84
664 43.47
470 44.16
658 42.83
250 43.45
620 41.49
632 41.38
578 40.83
414 42.09
605 39.97
682 39.72
280 41.62
646 38.61
630 39.20
508 39.88
600 39.38
315 40.54
494 40.88
656 39.15
615 39.39
327 41.15
741 39.69
395 39.94
669 39.06
540 39.31
1444 49.07
303 44.22
309 45.72
495 44.48
876 43.95
480 44.15
614 43.97
455 42.40
642 42.05
540 41.30
635 42.21
307 40.88
602 41.12
608 40.23
622 39.94
280 43.43
496 40.88
739 40.66
360 39.59
696 38.73
288 41.60
534 39.98
597 40.76
640 39.89
659 40.06
396 37.69
475 40.07
608 40.69
578 39.20
419 41.85
689 40.38
463 40.59
1522 48.52
338 44.72
350 44.63
351 44.52
801 43.14
712 43.10
523 42.57
544 42.95
467 42.37
630 41.42
646 39.96
243 42.49
644 41.62
381 42.36
488 40.68
739 41.52
658 40.21
317 41.79
532 41.63
656 40.52
636 39.75
529 38.53
486 41.17
487 40.63
509 40.55
689 40.18
491 40.65
749 39.34
452 40.82
750 40.30
381 40.75
650 40.24
1546 48.66
368 47.55
354 45.89
702 44.99
636 44.78
519 44.11
378 44.03
533 43.28
794 42.08
594 42.20
380 41.89
682 42.63
419 42.73
737 41.51
382 42.20
319 42.48
756 40.91
242 42.42
643 40.58
586 40.65
549 40.71
456 41.13
408 41.72
733 40.17
510 41.30
642 40.61
347 41.23
584 40.29
661 40.62
586 39.73
649 39.94
478 40.77
1514 48.77
400 45.12
490 45.91
489 44.99
589 44.45
526 44.57
764 43.62
389 43.58
585 42.79
524 42.44
561 42.56
582 42.07
256 42.43
500 42.79
687 41.76
605 40.13
325 42.73
516 42.62
675 41.44
640 39.38
513 41.58
505 41.57
348 41.05
627 40.67
584 40.60
695 40.67
589 41.30
650 40.39
700 40.08
475 40.94
693 40.71
558 40.66
1446 48.66
509 45.63
475 44.89
451 45.18
674 45.43
643 44.69
672 43.79
654 44.07
442 43.75
513 43.97
505 44.25
544 43.07
660 43.28
547 43.25
468 44.06
645 43.79
640 43.47
518 43.55
692 43.01
530 43.42
590 43.11
497 43.17
693 42.52
472 43.49
642 43.20
616 42.59
531 42.87
417 43.11
655 42.72
691 42.48
719 42.31
595 42.45
1501 49.94
330 49.64
463 47.76
355 47.31
565 45.45
535 46.13
654 45.03
480 45.21
555 44.88
679 44.03
441 44.70
568 43.96
615 43.94
682 43.48
366 44.64
655 42.89
354 44.07
506 43.69
727 43.16
547 42.51
600 42.78
636 42.39
580 42.92
411 43.10
667 41.71
596 42.81
531 42.74
528 42.71
656 42.18
628 42.60
665 41.40
577 42.11
1595 50.23
458 47.45
384 46.72
435 47.04
393 46.31
428 46.37
777 45.10
443 44.98
321 46.23
664 44.52
558 44.39
543 43.97
470 44.27
370 43.81
657 43.84
541 43.26
612 43.51
674 43.26
577 42.83
649 42.16
404 42.79
412 42.76
670 42.86
641 42.53
500 42.12
475 41.88
459 42.82
687 42.09
563 42.15
444 42.13
742 41.74
626 42.18
1561 50.29
308 46.19
531 47.25
471 46.31
429 46.01
489 45.59
661 44.69
531 44.47
496 44.61
693 43.83
379 44.56
664 44.31
567 43.01
561 43.80
614 43.45
371 43.79
412 44.15
542 43.08
677 43.44
356 43.18
719 42.97
417 43.97
660 43.36
576 42.78
393 43.42
574 42.59
648 42.12
644 42.55
641 42.38
451 42.85
669 41.81
445 42.79
1631 50.14
433 46.35
354 47.47
377 47.15
461 46.49
514 45.91
656 45.19
705 44.00
558 44.19
518 44.65
413 43.99
644 43.39
