4320 42.03
72 45.22
547 42.22
1666 37.43
1463 37.25
1471 37.59
1082 37.05
1654 35.57
1801 34.04
1271 35.35
1594 34.75
1579 34.21
1280 35.16
1539 33.30
1834 32.41
856 33.97
1736 33.14
1626 32.71
1411 31.91
1472 33.01
1816 32.34
1652 32.35
1431 33.06
1518 32.42
1227 33.85
1701 33.35
1642 32.13
1483 33.12
1652 33.21
1461 32.31
1821 32.98
1689 32.72
4071 41.26
971 38.60
1023 37.71
1491 36.89
2012 36.25
1526 36.21
1683 35.00
1277 34.76
1378 34.61
1142 35.49
1698 34.47
1355 34.48
1378 34.78
1735 34.10
1642 33.54
985 35.53
1513 35.28
1684 34.60
1657 33.82
1527 33.69
1157 34.79
1863 35.45
1306 35.92
1885 34.09
1533 34.25
1759 33.62
1704 34.44
1609 34.33
1765 34.98
1688 35.43
1636 34.87
1101 34.93
4673 40.46
844 38.98
668 40.28
1009 38.65
1487 36.74
1295 36.54
1725 36.19
1617 36.48
1712 35.35
1241 35.29
1576 34.17
1297 35.14
1653 35.08
1429 34.77
1247 36.07
1698 34.19
1555 35.07
1424 34.43
1234 35.88
1540 35.28
1615 33.84
1915 33.27
1561 35.35
1164 34.62
1759 34.22
1468 34.34
1711 34.37
1780 34.68
1723 34.13
1484 34.63
1542 34.36
1737 34.18
4782 40.65
753 37.71
944 39.61
1232 38.72
1336 37.67
1487 37.01
1097 37.45
1676 35.41
1761 35.38
1314 35.37
1671 35.53
1500 34.84
1590 34.36
1207 34.36
1839 33.27
924 35.49
1675 34.13
778 35.60
1846 33.50
1752 33.63
1460 34.05
1200 34.51
1421 34.55
1650 33.94
1216 34.12
1702 33.48
1438 34.46
1678 34.45
1942 33.70
1489 33.83
1535 33.76
1729 33.98
4547 41.35
986 39.24
1423 38.45
1275 37.54
1252 37.44
1149 36.78
1432 36.18
1403 35.53
1596 35.17
1432 34.81
1771 34.67
1345 34.90
1213 35.90
1237 35.62
1741 35.64
1666 34.87
1369 35.12
1821 35.77
945 35.42
1652 34.99
1775 34.41
1405 35.00
1562 35.13
1801 34.34
1458 34.98
1639 33.59
1723 34.38
1801 34.30
1880 33.84
1757 34.96
1576 34.43
1419 34.54
4665 41.08
402 41.10
614 40.43
1270 38.62
1269 39.44
1721 37.97
1621 36.65
1664 36.74
1580 36.46
1581 36.44
1532 36.14
1386 36.58
1610 36.05
1651 35.84
1245 36.99
1667 36.73
1517 36.26
1851 36.25
1207 36.37
1725 36.46
1449 36.23
1698 36.62
1657 35.98
1664 36.25
1857 35.94
1609 36.40
1544 36.57
1408 36.86
1664 36.63
1763 36.48
1637 35.85
1494 36.28
4718 41.79
420 42.01
893 41.28
1249 39.99
1133 38.84
1985 38.32
1413 38.08
1510 37.53
1441 37.15
1628 36.60
1335 37.26
1394 36.79
1704 36.82
1739 36.55
1161 36.56
1746 36.15
1278 36.71
1579 36.63
1753 36.05
1669 35.79
1566 36.07
1660 35.88
1575 36.16
1306 36.75
2044 35.78
1499 36.27
1568 36.24
1352 36.44
1685 36.20
1974 35.84
1670 35.22
1680 35.23
4359 43.32
663 41.98
800 41.18
1341 41.01
1520 39.77
1440 39.03
1302 37.87
1575 37.46
1569 37.64
1646 36.73
1423 36.55
1732 36.83
1152 37.30
1157 37.28
1768 36.75
1472 36.55
1585 36.25
1829 36.20
1546 36.03
1657 35.27
1577 35.69
1167 36.41
2074 35.90
1496 36.21
1487 35.89
1575 35.83
1407 36.13
1616 35.94
1755 35.06
1281 36.00
2022 35.69
1177 35.93
4802 42.82
767 41.15
944 40.86
1125 40.39
1147 39.39
1453 38.64
1913 38.10
1291 37.70
1536 37.14
1541 36.82
1371 37.16
1793 36.55
1537 36.51
1369 36.35
1402 36.45
1660 36.16
1331 37.01
1328 37.21
1651 36.79
1573 37.43
1687 36.82
1348 37.25
1679 36.72
1804 36.78
1269 37.41
1651 37.34
1637 36.40
1830 36.65
1548 36.57
1467 36.93
1716 36.22
1892 36.25
4388 43.63
857 42.16
862 41.48
1103 40.55
1091 39.61
1524 38.79
1824 38.12
1641 37.61
1739 36.69
1144 37.53
1554 36.79
1830 36.73
