5264 40.10
124 40.12
937 39.54
1721 36.78
2021 36.27
1948 35.35
1640 35.86
1908 34.44
2083 33.89
1911 33.76
2131 32.44
1304 32.99
2023 32.51
1876 31.91
2159 31.80
1236 31.74
2094 32.16
2221 30.91
1550 31.52
2543 31.20
1484 31.44
2260 30.77
2003 31.13
1626 31.31
1655 32.20
2767 31.28
1988 31.63
1906 32.39
2147 32.21
1630 31.49
2027 31.04
2144 31.49
5512 39.17
919 37.04
1212 36.48
1215 35.71
1784 34.81
2326 34.58
1838 34.27
2587 33.06
1535 33.16
1882 33.26
1771 32.60
2026 32.76
1241 32.63
2339 32.65
1536 32.73
1940 33.70
2241 33.94
1983 32.00
2081 32.52
1956 32.89
1906 33.73
2388 34.23
1675 34.59
2143 33.06
2137 32.85
1985 33.06
2247 33.20
2384 33.04
1767 33.68
2131 33.61
2052 33.71
1850 33.90
6031 38.56
1104 38.50
1252 38.07
1310 37.27
1115 35.85
1901 34.31
2096 33.44
1811 34.31
1793 33.71
2119 33.04
2017 32.89
1446 34.55
2293 33.74
1816 34.01
1740 34.08
2111 33.26
1609 33.21
1954 33.51
1926 33.63
2145 33.72
1921 32.74
2192 32.50
2390 33.40
2039 34.29
1531 34.40
2246 33.37
2108 33.71
1937 33.71
2124 33.65
2073 32.81
1791 33.08
2345 32.99
5703 39.18
1120 37.38
1380 37.33
1439 37.04
1670 35.55
1555 35.57
2222 34.12
1720 34.35
1418 34.10
1879 33.64
2318 33.09
1834 33.41
1678 32.76
2334 32.61
1103 33.69
2258 33.06
2094 31.83
1099 34.20
2228 32.72
1950 32.06
2233 32.54
1536 32.72
1781 33.12
2157 32.51
1723 33.18
2045 32.20
1871 32.89
1848 33.55
2476 32.79
1927 32.49
1719 32.50
2169 32.31
5986 39.37
561 37.35
1357 37.33
1149 36.72
1897 35.86
1926 34.94
1638 34.62
2166 33.69
1677 33.63
2210 33.03
1480 33.56
2005 32.65
1857 33.88
2018 34.51
1894 33.12
2099 33.09
1370 33.70
2336 34.08
1676 34.54
2061 33.11
2188 32.83
1989 33.24
1785 34.08
2371 33.53
2201 33.56
1809 33.38
2036 33.54
2660 32.18
2072 33.16
2178 33.70
1812 32.84
1917 32.92
5783 39.43
381 39.83
862 38.84
1083 38.13
2183 37.00
2043 36.64
2185 35.43
2125 35.15
1991 35.26
1804 35.19
1984 34.82
1802 35.01
2058 34.84
2013 34.22
1657 35.57
2169 35.09
1795 34.86
2113 34.77
2056 34.53
2297 33.82
1704 35.29
1860 35.36
2202 34.47
1928 35.01
2059 33.91
2231 34.73
1875 35.39
2187 35.37
1822 35.46
2089 34.97
2113 34.72
2042 34.91
5929 40.11
464 40.64
1024 39.88
1679 38.72
1265 38.33
2101 37.18
2038 36.54
2171 35.76
1618 36.03
2004 35.55
1825 35.76
1570 35.20
2129 35.38
2121 34.85
1725 34.96
2072 34.58
1693 35.41
2001 35.71
2175 34.88
2016 34.56
2179 34.20
1824 34.19
2014 34.43
1771 35.35
2049 35.26
2223 34.54
2224 34.96
2059 35.21
2012 35.03
2073 34.61
1892 34.49
2366 34.21
5448 41.57
1035 39.94
1053 39.43
1805 37.90
1700 37.84
1832 36.92
1590 36.50
2107 36.05
1571 36.38
2354 35.39
1865 35.38
1691 35.41
1927 35.54
1604 35.95
2074 35.45
2171 35.27
1684 35.61
2123 34.86
2062 34.74
2060 34.16
1767 34.46
1880 34.99
2250 34.59
1982 34.34
1904 34.24
1949 34.53
1752 35.27
2161 34.66
2043 34.56
1975 34.65
2370 34.27
1769 34.39
5651 41.39
1385 39.01
1221 39.29
1611 38.13
1273 37.59
1467 37.42
2282 36.35
1655 35.72
2007 35.44
2102 35.29
1752 35.57
1992 35.15
2069 35.09
1750 35.03
2013 34.74
1999 34.54
1649 35.55
1559 35.89
2298 35.36
1751 36.04
1950 35.62
2199 35.73
2028 35.72
2119 35.50
1920 35.99
1787 36.27
2243 35.90
2025 35.70
2115 35.09
1829 35.35
2205 34.88
2126 35.56
5830 41.67
408 41.52
1293 39.69
1370 39.02
1476 38.08
1976 37.63
2159 36.34
1899 35.60
2178 35.32
1874 35.78
1849 35.62
2127 35.58
