6454 38.41
168 41.45
952 38.09
1764 35.02
3090 32.92
2595 33.47
2096 34.21
2043 33.89
2466 32.27
2434 31.66
2230 31.78
2281 31.07
2286 31.23
2138 31.08
2525 30.27
1823 30.87
2615 30.27
2414 30.35
2701 29.48
2308 30.38
2653 29.42
1888 30.12
2683 29.46
2078 31.18
2204 31.20
3167 30.18
2272 30.91
2470 31.38
1995 31.13
2815 30.08
2461 30.50
2708 30.66
6179 37.95
1420 35.79
1449 34.54
1918 34.35
2693 33.08
2263 32.11
2589 32.36
2393 33.27
2314 32.65
1795 32.23
1776 31.82
2431 31.36
2350 31.04
2744 31.49
1987 31.61
2284 31.97
3110 32.14
2028 32.35
2293 32.13
2559 32.01
2623 32.88
2748 33.11
2161 33.64
2556 32.05
2190 31.88
2371 31.56
2721 32.61
2267 33.16
3358 32.02
2178 33.37
2374 32.81
2150 32.94
7088 37.20
1219 37.27
1075 36.20
2025 34.51
1641 34.60
2409 33.26
2312 32.29
2296 32.75
2111 32.95
2280 31.87
2256 30.88
2021 33.30
2576 32.39
2390 33.90
2625 32.40
2403 31.54
2346 32.22
2385 31.95
2356 32.84
2010 32.88
3100 31.47
2518 31.14
2088 32.48
2827 32.71
2171 32.73
2531 32.83
2364 32.37
2433 32.93
2605 32.19
2242 32.49
2320 32.53
2772 31.90
6956 37.46
1207 36.77
1216 35.62
1391 36.04
2300 34.58
1895 34.71
2535 33.09
2268 32.60
2471 32.21
2220 32.15
1889 33.12
2488 32.08
2238 31.93
2201 31.37
2740 30.94
1563 33.35
2528 31.77
2068 32.07
2582 31.45
2302 31.56
2139 30.86
2062 31.48
2524 31.96
2395 31.14
2156 32.02
2453 31.75
2286 31.86
2570 32.41
2703 31.32
2241 31.87
2510 30.62
2591 31.22
7025 37.98
1166 36.79
1436 36.55
2065 35.24
1840 34.64
1582 34.36
2169 32.82
2272 32.19
2508 31.98
1998 32.41
2350 31.92
2450 32.19
2324 32.99
2616 32.11
1679 33.25
2403 32.58
2185 32.67
2743 32.95
2234 33.09
2701 32.31
2303 32.29
2556 32.39
2241 33.08
2441 31.81
2854 32.12
1945 32.16
2657 32.41
2890 31.79
2828 31.64
2533 32.03
2414 31.42
1999 32.46
6960 37.88
475 38.20
817 38.00
2262 36.04
2191 35.86
2728 34.42
1875 34.20
2700 33.47
2511 33.20
2227 33.30
2193 33.35
2380 33.55
2573 32.64
2225 32.71
2199 34.01
2644 34.03
1894 34.23
2570 33.52
2361 32.68
2612 32.55
2183 33.84
2414 33.92
2706 33.20
2375 33.72
2492 33.36
2352 33.55
2455 34.28
2507 34.31
2478 33.69
2582 33.95
2319 33.66
2547 33.31
7154 38.60
513 40.44
1194 39.30
1936 37.55
2504 36.34
1906 35.65
2612 34.38
2329 34.23
2139 34.79
2438 34.04
1934 34.39
2394 34.11
2684 33.64
2601 33.40
1648 34.25
2474 32.79
2074 33.95
2554 34.11
2944 33.92
2151 33.71
2286 33.19
2470 33.14
2369 33.09
2478 33.77
2596 33.57
2659 33.40
2508 34.04
2569 33.96
2570 34.05
2392 33.53
2178 33.66
2705 33.06
6737 39.88
1029 39.22
1286 37.71
1572 36.89
2149 36.76
1962 36.13
2624 35.05
2308 34.62
2258 34.66
2495 34.80
2205 34.13
2658 33.74
1888 34.84
2089 34.93
2628 34.05
2568 33.91
2335 34.26
2599 33.62
2368 33.22
2541 32.68
2043 33.72
2264 33.64
2718 33.74
2422 33.25
2466 33.07
2730 33.03
2005 34.27
2717 33.38
2465 33.20
2263 33.57
2866 33.15
2157 33.30
7089 39.76
870 39.09
1478 38.35
1561 37.17
1673 36.57
2677 35.34
2186 35.42
2366 34.73
2252 34.27
2642 33.88
1864 34.63
2596 33.77
2304 33.58
2455 33.88
2142 33.88
2425 33.33
1931 34.60
2375 34.83
2586 34.39
1846 35.38
2652 34.22
2235 34.96
2786 34.26
2347 34.71
2444 34.61
2509 35.09
2457 34.91
2722 34.31
2173 34.52
2560 34.50
2556 34.18
2493 34.14
7113 40.12
448 40.27
1523 38.57
2068 37.83
1779 37.04
2246 35.86
2933 34.78
1817 35.24
2338 34.47
2124 34.96
2544 34.63
2266 34.59
