8940 35.26
271 35.83
1956 35.65
2388 33.01
3386 31.32
4650 30.11
3196 31.75
3324 31.70
2840 30.39
3249 30.20
3503 28.95
3060 29.00
3421 29.46
2712 28.67
3893 28.05
2158 28.62
3679 27.81
3520 27.64
3650 27.76
3540 28.45
3321 27.58
3473 27.59
3013 27.82
4086 28.04
3827 28.60
3337 28.88
3471 28.77
3618 29.24
3435 28.79
2901 28.86
3828 27.80
3855 28.11
9233 34.79
1654 33.51
1898 32.58
2175 31.57
2906 31.05
4531 30.03
3576 30.47
3471 30.04
3044 30.34
2866 29.46
3128 29.54
2923 28.89
3135 29.37
3922 28.82
2568 29.46
3720 30.30
4808 30.26
3293 30.01
3242 29.68
3506 29.59
4075 29.99
4268 31.05
3450 30.89
2544 30.35
3273 29.65
3554 29.78
4308 29.82
3918 30.04
3681 30.56
3828 31.06
3865 30.87
3735 30.57
7284 36.86
1015 36.69
2335 34.26
3237 32.49
3119 31.41
3329 29.69
2933 30.43
2729 31.35
2948 31.14
3252 29.72
3358 28.78
2943 30.83
3810 30.72
3392 31.68
3962 31.49
2716 30.90
3389 30.58
3147 30.44
4423 31.25
3827 30.95
2475 31.15
4163 29.53
3113 30.83
4203 30.56
3315 31.49
3332 31.19
3610 30.80
3681 30.28
3573 30.70
2989 30.30
3354 30.68
3974 30.52
9852 34.58
1119 34.03
1822 33.59
2612 32.69
3000 31.92
3696 31.16
2970 29.69
3194 29.29
2569 29.91
3353 29.58
3473 29.90
3366 29.51
3617 29.38
2418 29.45
3457 28.66
3625 30.21
3148 29.20
2701 30.20
3549 29.35
3701 29.08
2869 28.86
3915 29.33
3612 30.39
2815 29.54
3173 30.26
3707 29.52
3868 30.04
3417 30.35
3888 29.98
2922 29.57
3468 28.57
3774 29.33
9896 35.02
1342 35.48
1765 34.43
1996 33.04
3078 31.79
3278 31.07
3622 30.08
2780 29.82
2942 29.94
3654 29.53
3736 29.05
3142 29.98
3669 30.10
4239 31.26
2940 31.28
3245 30.26
3284 30.61
4326 30.59
3425 31.44
2882 30.56
3419 30.02
3547 30.02
3605 31.07
3651 29.56
3931 30.39
2905 30.20
3663 29.54
3853 29.69
3722 30.09
3984 30.30
3284 30.32
3104 29.86
9859 34.91
617 36.27
1209 35.04
3218 32.96
3439 32.41
3249 31.99
2772 31.78
3868 30.70
3139 31.18
3538 30.89
3217 31.33
3354 30.82
3254 31.15
3411 30.65
3280 31.29
3892 31.48
2732 31.59
3480 31.22
3400 30.76
3725 30.28
3341 31.48
3699 31.38
3286 31.47
3732 31.19
3116 31.10
3568 30.95
3888 31.59
3727 32.07
3648 32.27
3417 31.55
2945 31.72
3853 31.25
9953 35.77
689 38.52
1806 36.61
2217 35.55
3422 33.69
3477 32.90
3178 32.60
3525 31.98
3111 32.31
3304 31.44
2929 32.03
3397 31.71
3766 31.32
3126 31.26
3479 30.64
3426 30.46
2889 31.75
4192 31.86
3573 31.66
2828 31.51
3520 30.91
3384 31.19
3401 31.05
3973 31.51
3677 31.39
3427 31.51
3912 31.57
3940 31.78
3717 31.78
2790 31.89
3514 31.45
3967 30.46
9270 37.30
746 37.97
2331 35.45
2224 35.02
2975 34.61
3522 33.38
2803 33.03
3412 32.72
3617 32.63
3314 32.24
3464 31.70
2987 31.88
3446 32.20
3017 32.96
3591 32.20
3737 31.97
3506 32.24
3357 31.80
3371 31.36
3682 30.70
3050 31.37
3366 31.82
4252 31.24
3523 31.14
3114 31.16
3745 30.99
3553 31.99
3014 31.81
3574 30.98
3587 31.37
3529 31.63
3647 31.10
9797 37.12
720 37.19
2297 35.04
2202 34.99
2537 34.12
3627 33.25
3576 32.54
2722 32.26
3589 31.76
2893 31.77
3656 31.84
3758 31.70
3083 31.76
3486 31.67
3359 31.27
3129 31.59
3576 32.28
3374 32.84
3545 32.42
3151 32.95
3969 32.09
3352 33.05
3317 33.30
3617 32.42
3886 32.76
3411 33.03
3754 32.92
3093 32.82
3656 32.29
3433 32.58
3761 32.27
3538 32.45
9942 37.49
425 38.69
2286 35.92
3235 35.11
2942 34.39
2491 33.91
3303 33.10
3358 32.32
3828 32.04
2777 32.92
3845 32.60
2973 32.88
