9790 34.59
271 34.44
2213 34.72
3394 31.47
2801 30.38
4674 30.39
3591 30.85
3600 31.40
3286 30.15
3198 29.97
3435 29.08
3061 28.64
4103 28.31
2394 29.40
3903 28.11
3071 27.83
3905 27.55
3829 27.05
3583 28.01
4133 27.80
2864 27.98
3657 27.21
3661 27.03
3751 27.69
4032 28.87
4095 28.38
3294 28.39
4495 28.91
2967 28.51
3724 27.95
3722 27.51
4118 27.42
9949 34.16
1944 32.51
2124 31.66
2612 30.99
3769 30.21
3520 30.29
4389 29.72
3818 29.47
3145 29.65
3570 29.01
2477 29.44
2918 29.19
3663 28.11
5218 28.45
1944 28.54
4109 29.48
4903 30.27
3731 30.08
3109 29.55
3588 29.18
4451 30.03
4520 30.38
3422 30.73
3299 29.59
2861 29.35
4499 28.67
3848 29.66
4087 29.60
4453 29.77
3839 31.15
3854 30.82
3862 30.62
8121 36.06
1050 36.74
2093 34.28
2669 32.49
3695 31.24
2989 30.55
3107 29.99
3598 30.66
3140 30.82
3092 29.22
3856 28.48
2972 30.87
4235 30.13
3596 30.42
4256 31.03
2878 29.99
3845 30.42
3386 30.05
4600 30.45
3543 31.05
3179 30.62
3675 29.46
3695 30.82
4248 30.50
3744 30.66
3576 30.52
3618 30.16
3853 30.59
3868 30.60
2983 30.40
3575 30.13
4152 29.34
10476 33.93
1331 33.53
1917 33.53
2840 31.84
3151 31.97
4093 30.67
2467 31.02
3441 29.40
3633 29.13
2792 29.50
3671 29.42
3779 28.93
3633 28.42
3205 28.55
3627 28.35
3973 29.77
3002 28.93
3735 29.45
3749 28.44
3860 28.37
3252 28.94
3072 28.94
4504 29.22
2392 29.62
3521 29.49
4158 28.03
3432 29.84
4834 29.73
4037 29.33
3054 29.18
2918 29.08
4476 28.92
10187 34.87
825 35.31
2314 33.32
2650 32.60
2928 31.70
3030 30.84
3458 29.79
3763 29.08
3283 29.41
3243 29.56
3940 29.09
3938 29.22
3913 30.48
4227 30.97
2952 30.49
3513 30.09
3638 30.29
4353 30.03
3459 31.28
3425 30.27
3613 29.81
3480 30.30
4136 30.70
3436 30.06
4046 29.87
2739 29.69
3612 30.24
4310 29.50
4442 29.32
4053 30.30
3388 29.64
2964 29.74
10356 34.50
618 36.21
1198 35.53
4145 31.67
2805 32.18
4338 30.98
3019 31.21
3590 30.65
3652 30.66
3626 30.10
3358 30.76
3470 30.45
3777 29.98
3592 29.56
3438 31.54
4242 30.48
2801 31.70
3790 30.86
3235 30.84
4051 29.94
3605 30.71
4177 30.75
3299 31.04
3985 30.76
3347 31.09
4068 30.62
4163 30.72
3957 31.34
3669 32.08
3622 31.32
3374 31.23
3819 31.19
10235 35.53
878 37.79
1840 36.54
2716 34.97
3178 33.69
3706 32.67
4011 31.74
3267 31.73
3103 31.77
3525 31.52
3339 30.97
3395 31.64
3722 31.35
3753 30.82
3335 30.46
3456 30.47
3366 30.61
4127 31.73
3960 31.41
2907 31.39
3833 30.54
3621 30.92
3641 30.71
3794 31.17
3663 31.27
4146 30.53
4052 31.19
3971 31.50
4027 31.29
3239 31.11
3804 30.61
4144 30.55
9642 36.99
909 37.47
1951 35.27
2278 34.71
3423 33.92
3851 33.08
3236 32.65
3528 32.33
3539 32.13
3722 31.77
3595 31.62
3268 31.55
3445 32.22
3646 32.21
3746 31.91
3866 31.20
3697 31.71
3617 31.35
3747 31.08
3356 30.56
3666 30.97
3690 31.34
3989 31.29
3818 30.78
3318 30.97
3567 30.95
4019 31.47
3793 31.31
3291 30.74
4020 30.94
3930 31.17
3329 31.07
10622 36.35
771 36.44
2167 34.82
2647 34.31
2545 33.73
3808 32.75
3571 32.22
3504 31.56
3380 31.50
3800 31.12
3038 31.83
3736 31.47
3959 31.04
3563 31.41
3246 31.03
3989 30.94
3291 32.04
3796 32.30
4077 31.87
3388 32.42
3991 32.11
3185 33.01
4276 32.53
3332 32.63
3887 32.87
3767 32.96
3752 32.95
3615 32.65
3958 31.91
3604 32.30
3898 32.07
3980 32.14
10292 37.22
484 39.11
1892 36.31
2705 35.48
3014 34.64
3581 33.32
3575 32.31
3925 31.47
2920 32.10
3616 32.26
3638 32.30
4120 32.02
