7525 40.66
1616 42.88
7436 36.94
8246 34.66
8627 37.08
7315 34.82
7756 34.99
5376 33.65
6521 35.41
6922 33.35
7306 34.57
3454 35.27
9382 35.85
5384 32.93
6751 34.54
3729 34.19
9942 35.20
5069 32.38
7522 31.95
2956 33.85
8670 35.61
6496 32.05
5308 33.46
7845 31.84
6967 33.70
6892 31.10
6877 31.33
6702 30.92
8600 33.44
7124 32.28
5562 33.62
7223 32.15
11197 36.31
5596 35.01
8043 34.89
6950 33.61
8312 35.50
7295 33.93
7894 34.35
6732 33.31
6091 36.04
3724 35.76
7910 34.40
3942 35.06
7820 34.38
4082 35.08
7338 33.47
5923 32.48
11786 34.19
4104 33.40
7468 33.13
4635 32.80
8434 33.45
5842 30.97
7527 33.51
6518 31.29
7780 32.97
5834 30.78
8149 32.04
5216 30.15
8230 32.55
5782 31.00
8166 32.20
5253 30.67
11571 28.97
4634 31.04
8993 31.55
5296 29.66
9100 31.57
5723 30.23
9033 32.21
5650 30.40
8608 32.63
6573 30.76
9154 32.73
6275 31.52
9343 33.33
6574 33.73
9140 34.24
6281 34.33
10081 35.99
4954 34.80
6862 36.09
5953 34.89
8551 36.18
6148 34.37
7353 34.69
6946 33.44
8159 35.83
6681 34.50
8221 35.38
3907 36.23
8135 35.56
6141 33.74
6972 35.61
4599 35.76
10717 35.20
5734 34.90
6737 34.06
5992 32.92
7236 33.70
4243 34.79
8253 33.59
3590 34.23
9132 34.32
5296 32.41
6152 32.79
3513 32.73
7764 32.20
3078 31.88
5635 31.16
4554 29.02
10408 29.98
4981 30.23
8928 31.89
6429 30.23
8842 33.26
6334 30.63
7684 32.42
6569 30.87
8788 33.59
6450 31.58
7758 32.87
6601 32.42
9205 34.58
6095 34.23
8472 35.04
6854 34.62
11289 33.94
5074 34.16
7160 33.76
4907 33.41
9057 34.72
6315 33.45
5332 35.37
4590 34.80
7345 34.21
4092 34.65
6864 33.46
4608 34.35
8301 33.23
7461 32.31
6216 34.21
5327 33.78
11305 33.64
5267 32.88
7536 31.88
4507 32.54
7533 32.61
4218 33.44
