8913 39.56
1870 40.95
8701 35.90
9846 33.71
9485 36.15
8548 33.82
8825 34.22
6499 32.71
7734 34.56
8248 32.53
8448 34.01
3569 34.66
10823 34.86
5766 32.10
7739 33.57
4452 33.11
11616 34.13
5738 31.37
8327 30.98
3798 32.68
9653 33.85
7808 30.50
6882 31.86
9193 30.57
8469 32.92
6794 30.41
7562 30.67
8062 29.88
10189 32.50
8547 31.34
5482 33.22
4413 33.16
13232 35.28
6210 34.16
9705 33.98
8136 32.77
9720 34.39
8004 33.16
8951 33.17
7890 32.34
6933 34.95
4540 34.81
9011 33.32
4591 33.90
9253 33.50
4688 33.86
9064 32.23
5918 32.24
13754 32.99
4744 32.59
8639 32.12
5420 31.72
9809 32.20
6439 29.80
9131 32.13
7217 30.11
9029 31.73
6721 29.59
9166 31.04
5910 28.98
9513 31.44
6859 29.62
9080 31.13
6140 29.38
13457 27.58
5258 29.79
10514 30.26
6084 28.44
10488 30.40
6546 28.95
10312 31.01
6627 29.26
9877 31.48
7494 29.71
10485 31.55
7327 30.29
10671 32.04
8244 32.28
10760 33.45
7241 33.46
11638 34.96
5407 34.13
8731 35.23
6156 34.40
9994 35.28
7064 33.38
8559 33.44
8251 32.23
9220 34.79
8137 33.25
9528 34.10
4405 35.19
8906 34.09
7359 32.41
7847 34.11
5663 34.12
12530 34.06
7075 34.05
7674 33.47
6929 31.89
8272 32.66
4945 33.68
8730 32.13
4584 32.55
10595 33.17
6010 31.26
7250 31.30
4367 31.41
9086 30.84
3468 30.68
7449 30.04
4709 28.22
12137 28.94
6008 29.25
10429 30.75
7261 29.30
10164 32.59
7149 29.92
8607 31.06
7808 29.87
9444 33.14
7417 30.83
9520 32.51
7855 31.51
11033 33.61
6929 33.14
9978 33.68
7926 33.18
13118 32.89
6163 33.01
8535 32.74
5134 32.77
10429 33.75
7479 32.53
5899 34.37
5118 33.70
8588 33.15
4748 33.69
7897 32.50
5340 33.30
9599 32.23
9055 31.41
9840 31.57
8392 30.80
13098 32.70
5985 32.23
8342 30.98
4830 32.04
8830 31.49
4916 32.57
