12924 37.32
3776 36.71
12133 33.79
11954 31.77
12655 34.16
10232 31.83
11306 32.08
8658 30.77
10961 32.60
10455 30.59
11031 32.09
4824 32.65
14120 32.68
7168 29.96
9248 31.40
6888 30.18
14863 32.30
8326 29.29
11054 30.15
4631 31.53
12855 32.30
9694 28.90
8845 30.33
11524 28.94
11079 31.29
8787 28.71
9564 28.69
10603 28.13
13091 30.68
11568 29.51
7747 31.18
10954 29.58
17843 33.37
7778 32.82
11748 32.34
10628 31.01
12479 32.64
10766 31.12
12059 31.43
9758 30.77
9337 32.89
5824 33.01
11318 31.47
6669 31.44
11849 31.64
6092 32.12
11635 30.66
8367 30.06
17515 31.13
6393 30.20
10578 30.28
8006 29.21
12436 30.14
8316 27.77
10836 29.99
6425 30.44
12166 29.18
8873 27.21
12118 28.57
8246 26.53
12011 29.14
9016 27.17
10707 28.85
5565 29.45
16479 25.69
7984 26.66
13755 28.02
8549 26.08
13635 27.96
8713 26.79
13715 28.64
9276 26.83
13438 28.82
9706 27.45
13758 29.19
9609 28.18
13979 29.93
10990 30.16
14315 31.03
9789 31.32
15702 32.73
7239 32.10
11984 32.95
8163 32.44
13271 33.37
9849 31.46
10539 31.78
10121 30.72
10286 33.13
9814 31.84
10056 33.05
6880 32.44
12446 32.59
9503 30.57
9515 32.61
7151 32.09
16576 32.09
9041 32.67
10424 31.37
9773 30.00
11293 30.73
6171 32.12
12696 30.75
5067 31.44
13711 31.57
7932 29.56
8939 30.03
5789 29.50
11270 28.67
5449 28.25
10548 26.70
6752 25.99
15584 27.27
8824 27.54
13383 28.91
9366 27.71
13424 30.23
9193 28.11
11800 29.35
9719 28.30
13821 30.64
9373 29.02
11979 29.72
10335 29.40
13829 32.04
9382 31.64
12485 32.34
10613 31.67
17728 30.90
8018 31.14
10682 30.97
6801 30.93
13712 32.05
10830 30.43
11902 30.93
8767 30.08
11037 31.61
5479 32.38
10453 30.68
6790 31.48
11593 30.85
11177 29.74
9083 31.73
8044 30.96
17178 30.93
7798 30.25
11452 29.15
6674 29.98
11493 29.64
6237 30.90
