13414 37.01
4051 36.38
12047 33.59
12351 31.66
13142 33.89
11280 31.54
11376 31.75
8882 30.53
11002 32.41
10957 30.51
11593 31.74
4979 32.62
14577 32.32
7787 29.72
10257 31.33
6183 30.53
15387 32.01
8820 29.01
10982 28.74
5769 30.49
12952 32.16
10329 28.63
8867 30.06
11936 28.87
11804 31.05
9123 28.40
9589 28.53
10567 27.97
13398 30.58
11788 29.28
8318 31.06
11037 29.32
18322 33.15
7936 32.53
12422 32.05
11135 30.72
13090 32.28
11122 31.03
12427 31.20
9920 30.50
9675 32.82
6052 32.73
11815 31.28
6450 31.54
11837 31.24
6800 31.50
12450 30.53
8010 30.14
18160 30.86
6724 29.59
10981 29.89
8321 28.90
12819 29.88
8713 27.53
11139 29.69
6631 30.39
12554 28.84
9259 27.01
12591 28.21
8510 26.35
12615 28.79
9330 27.04
13215 28.48
8520 26.55
17086 25.42
7734 26.98
14064 27.85
8374 26.10
14151 27.76
8893 26.64
14340 28.38
9263 26.73
13028 29.12
10185 27.29
13793 28.84
10195 27.78
14487 29.55
11669 29.65
14974 30.81
10204 31.02
17052 32.15
7340 32.03
13015 32.33
7829 32.33
13886 33.10
9649 31.39
11791 31.36
10023 30.58
12710 33.56
10130 31.81
11850 32.58
6267 32.97
11762 32.96
9536 30.85
10367 32.42
7191 32.12
17858 31.50
9517 32.28
10414 31.23
10045 29.87
11910 30.40
6250 32.00
12244 30.40
5799 30.73
14184 31.28
8246 29.25
10291 29.58
5329 29.57
11411 28.66
5639 28.09
11157 26.79
6544 25.99
15782 27.15
9058 27.39
13767 28.82
9723 27.49
13838 29.85
9382 27.92
12135 28.75
10323 27.86
14165 30.75
9480 29.04
11699 29.81
10584 29.15
14267 31.97
9819 31.19
12408 32.04
12038 31.05
18087 30.71
7400 31.50
11558 30.52
7072 30.68
14179 31.87
10804 30.37
12511 30.61
8778 29.95
11009 31.49
6256 31.90
10258 30.76
7311 31.04
12199 30.52
11537 29.48
9450 31.50
8241 30.72
18007 30.64
7980 29.85
11591 29.02
7286 29.39
11472 29.39
6798 29.97
