16097 35.87
4514 35.21
12669 32.62
14008 30.58
14317 32.84
13028 30.46
12999 30.81
11107 29.39
13064 31.43
12046 29.66
13188 30.79
5496 31.71
16495 31.34
8647 28.84
11845 30.25
7145 29.53
16833 31.25
10079 28.11
12556 29.11
5733 30.41
14544 31.15
11439 27.78
10673 29.02
13210 27.89
13214 30.28
10121 27.62
11424 27.58
12070 26.96
15596 29.88
13566 28.59
8491 30.62
13065 28.63
20868 32.25
9268 31.63
13779 31.38
12127 29.98
14514 31.63
12204 30.10
13538 30.37
11979 29.60
10802 31.83
7031 31.82
12806 30.60
7738 30.50
13025 30.61
8174 30.29
14721 29.53
8701 29.42
20175 29.97
7687 28.88
12537 28.70
9463 28.08
14505 28.76
9994 26.47
12699 28.65
7407 29.34
13847 28.02
10488 26.08
13908 27.30
9321 25.43
14021 27.78
10539 26.09
14517 27.57
9905 25.46
19124 24.39
8989 25.62
15846 26.70
9773 25.00
15927 26.85
10162 25.67
15941 27.42
10786 25.62
15404 27.73
11420 26.29
16001 27.82
11525 26.91
16283 28.49
13571 28.61
17266 29.76
12380 29.86
18243 31.56
8697 30.87
14643 31.73
8619 31.77
15832 32.41
11164 30.57
12497 30.75
11730 29.67
13468 32.63
11524 30.96
14044 31.62
6873 32.20
13787 31.79
10940 29.86
11397 31.46
8033 31.29
20286 30.49
11142 31.43
11837 30.31
11789 29.00
13429 29.73
7241 30.94
14234 29.81
5930 30.32
15914 30.36
9172 28.52
10588 28.70
7235 28.11
13015 27.85
6045 27.37
11984 25.65
8524 24.83
17852 26.20
10877 26.49
15378 28.10
9078 27.74
15547 29.39
10851 27.16
13449 27.94
11717 27.15
16227 29.61
11136 28.01
13844 29.00
12071 28.35
16129 30.90
11317 30.13
15054 30.94
12014 30.61
20310 29.88
9416 30.27
12915 29.75
7769 29.93
15626 30.96
12633 29.34
12837 30.00
10854 28.93
11873 30.67
7196 30.89
11959 29.72
7859 30.27
13486 29.89
13085 28.72
10701 30.56
9130 29.86
20646 29.66
8882 29.13
13309 28.14
7905 29.11
13590 28.61
7262 29.73
