16789 35.61
4770 35.16
14152 32.21
13716 30.42
14504 32.60
13201 30.26
13419 30.62
11494 29.16
13519 31.41
12324 29.50
13291 30.65
5609 31.41
16849 31.08
8588 28.70
12127 29.97
7575 29.16
17143 31.07
10639 27.88
12830 29.05
5894 30.17
15427 31.13
11703 27.60
10858 29.05
13928 27.60
13675 30.50
10470 27.64
11307 27.66
12015 27.05
14289 30.26
13970 28.58
9854 30.30
13237 28.58
20325 32.40
10827 31.16
14016 31.35
12695 29.99
14627 31.61
12400 30.20
14257 30.20
11899 29.52
11256 31.77
7443 31.79
13195 30.33
7645 30.57
12837 30.24
8929 29.82
15323 29.26
8745 29.28
20706 29.77
7886 28.72
13051 28.63
9566 27.98
14864 28.55
10161 26.42
13103 28.42
7503 28.99
14151 27.69
10782 25.89
14499 26.93
9776 25.13
14795 27.41
10967 25.84
15167 27.16
10104 25.30
19553 24.21
9378 25.36
16318 26.48
10194 24.72
16392 26.47
10443 25.36
16464 27.14
11068 25.46
16300 27.13
11719 26.09
16474 27.58
11907 26.72
17135 28.15
13631 28.65
17578 29.63
12917 29.56
18718 31.37
9008 30.72
14880 31.56
9132 31.49
16175 32.11
12181 30.21
12932 30.62
12032 29.48
14910 32.51
11726 30.80
13869 31.68
6961 32.29
12920 31.77
11773 29.70
11681 31.26
8785 30.78
20132 30.59
11221 31.39
12205 30.23
12437 28.66
13395 29.63
7505 30.85
12682 29.31
7523 29.06
16531 30.09
9725 28.23
11406 28.34
7113 28.21
13753 28.02
5885 27.54
12120 25.91
8540 24.83
18051 26.04
11071 26.35
15767 28.28
11682 26.60
15838 29.19
10883 27.09
13708 27.80
12029 26.96
16442 29.79
10814 28.11
13878 28.87
12162 28.26
16587 30.87
11191 30.29
14782 30.93
12907 30.16
21067 29.65
9812 29.93
12762 29.60
8571 29.41
16310 30.58
12572 29.08
12759 29.98
11102 28.78
12464 30.31
7054 30.79
12451 29.38
8408 30.02
13902 29.59
13169 28.59
10998 30.27
9706 29.60
21188 29.48
9259 28.92
13416 28.01
8311 28.75
13766 28.30
7472 29.51
