1955 51.00
625 51.00
991 50.52
636 49.98
1103 50.04
805 49.21
1302 48.53
812 48.18
1390 48.31
958 48.24
1449 47.62
791 47.44
1610 47.43
1000 46.07
1278 46.29
1083 45.89
1344 50.99
874 45.26
1161 46.38
764 46.14
1179 47.17
926 45.64
1267 44.73
553 46.27
1299 44.80
1023 45.12
1607 44.34
1338 43.16
1726 45.26
1203 43.84
1315 45.30
1270 43.71
1496 50.90
809 47.11
1253 47.08
966 46.00
1162 47.88
890 46.98
1335 46.15
790 46.20
1515 46.24
1137 44.22
1376 45.04
1063 45.15
1726 45.86
1401 44.31
1605 45.36
1062 45.26
1797 49.04
1107 45.45
1183 46.60
1177 45.56
1474 46.73
1385 44.74
1754 46.57
1436 45.14
1494 46.90
1224 45.14
1446 46.04
1155 44.45
1520 46.05
1254 45.60
1230 45.70
897 45.87
2078 43.33
875 44.65
1457 44.70
995 43.70
1589 44.51
1493 43.51
1728 45.75
1120 44.44
1841 45.89
1338 44.24
1914 46.47
1247 45.41
1897 46.58
1468 47.19
1973 48.21
1254 48.41
1901 49.69
943 49.06
1217 49.58
934 49.27
1261 48.96
791 49.71
1163 48.64
895 48.49
1374 48.00
943 48.38
1327 47.64
1017 47.40
1609 47.36
1303 46.16
1704 48.10
1287 47.00
1812 48.34
890 47.52
1160 47.12
799 47.77
1555 47.89
1193 46.57
1523 47.92
1117 45.61
1668 47.93
1091 46.53
1396 47.10
914 45.15
1234 46.11
797 46.10
1108 44.18
808 42.26
1431 42.53
412 44.41
512 42.94
914 41.01
1099 41.48
1121 40.09
1136 40.95
1030 41.08
1455 41.07
1657 40.07
1371 42.14
1577 42.30
1900 43.19
1319 44.84
1584 45.92
1401 45.94
1720 48.48
916 48.87
1107 48.07
970 47.49
1186 48.23
1142 46.69
1331 47.20
1242 45.05
1381 47.87
1166 45.04
1345 46.96
1120 45.45
1598 46.30
1346 45.76
1491 47.12
1244 45.15
2142 45.95
897 46.76
1392 44.60
963 45.25
1458 45.06
860 45.49
