19145 34.69
5568 34.17
14825 31.65
15960 29.55
16354 31.75
14971 29.42
15148 29.72
12502 28.54
15316 30.64
13901 28.66
14643 29.96
6299 30.65
18698 30.34
9786 27.92
12191 28.91
10043 27.73
18924 30.29
11666 27.16
13605 26.82
9138 28.31
16948 29.83
13208 26.72
12479 28.04
15348 26.96
14456 29.39
12236 26.47
12720 26.70
14151 26.11
17167 28.79
15859 27.50
10219 29.36
14948 27.49
23763 31.33
10331 30.79
15625 30.35
15088 28.84
16451 30.55
14272 29.17
15982 29.38
13219 28.76
12208 30.91
8475 30.89
14460 29.74
9336 29.57
14933 29.84
9195 29.56
16359 28.93
9998 28.67
22835 28.97
8914 28.05
14475 28.09
10494 27.38
16243 27.90
11053 25.70
14992 27.67
8115 28.44
15719 26.81
11948 25.06
15981 26.02
6672 26.92
16686 26.27
12429 24.83
17304 26.06
11156 24.33
21151 23.56
11205 24.31
18125 25.58
11333 24.03
18215 25.59
11553 24.70
18227 26.31
12067 24.77
18130 26.26
13447 25.13
18272 26.47
13778 25.68
19036 27.32
15767 27.70
19628 28.76
14134 28.85
19367 31.09
9977 30.23
15621 31.22
10248 30.89
17765 31.62
13112 29.62
13937 30.10
13387 28.85
15274 31.89
13276 30.06
15591 30.86
8013 31.19
15428 30.84
12968 28.89
12865 30.71
9292 30.15
23541 29.34
14496 30.07
13370 29.53
13708 28.12
15145 29.00
8197 30.23
14407 28.74
7944 28.53
18286 29.37
11284 27.37
12306 27.90
8122 27.47
15178 27.46
6339 27.11
13836 25.46
8804 24.49
20049 25.35
12865 25.59
17537 27.38
10050 27.14
17856 28.41
12293 26.34
15418 27.02
13631 26.13
18435 28.82
12399 27.31
15605 27.95
14099 27.23
18419 30.01
12566 29.33
16728 30.09
14227 29.36
23113 28.90
10979 29.19
14722 28.77
8802 28.84
18225 30.02
13445 28.66
15017 29.09
12677 28.00
13642 30.01
7975 29.99
13583 28.87
9167 29.50
15369 29.20
15037 27.88
11631 29.87
10980 29.01
23724 28.72
9865 28.35
15013 27.32
9616 27.84
14824 27.73
8692 28.60
