19954 34.37
6379 33.68
15994 31.20
15710 29.35
17833 31.36
14606 29.30
15610 29.47
13846 27.97
15818 30.25
14991 28.35
15344 29.58
6663 30.30
19707 30.29
9969 27.63
12663 28.86
10110 27.45
20048 29.83
12318 26.84
14405 26.46
9211 28.08
17873 29.74
14049 26.43
12540 27.75
15993 26.61
16352 29.10
12487 26.43
13646 26.83
14646 25.94
18433 28.54
15968 27.38
10919 29.11
15146 27.32
24990 30.95
11068 30.46
16116 30.04
15225 28.64
17490 30.12
14889 28.84
16928 28.99
13907 28.45
12978 30.57
8845 30.59
15456 29.34
9290 29.36
16086 29.34
9736 29.30
17727 28.37
10392 28.27
23887 28.63
9195 27.69
14989 27.57
11197 26.94
17065 27.44
11953 25.32
15863 27.15
8368 28.07
16456 26.42
12692 24.67
16944 25.61
7130 26.42
17523 25.82
13187 24.40
16782 25.80
12140 23.94
22393 23.11
11863 23.84
19058 25.16
11972 23.59
19103 25.24
12381 24.23
18753 25.99
13063 24.34
18966 25.90
14472 24.64
19303 26.34
14104 25.46
19839 26.98
16726 27.28
19530 28.91
14109 28.85
23325 29.69
10890 29.33
18276 30.09
10175 30.43
19760 30.92
12792 29.45
15173 29.51
13930 28.39
15805 30.95
14071 29.53
16748 30.28
8477 30.69
15375 30.30
14251 28.30
14367 30.07
9228 29.95
24429 29.06
14244 30.09
13748 29.38
14746 27.69
15751 28.71
8812 29.87
14563 28.31
8953 27.81
19163 29.09
11791 27.15
13966 27.58
12657 25.48
14738 26.80
7456 26.42
14523 24.77
9668 23.99
21084 25.13
13335 25.43
18397 27.14
10714 26.78
18643 28.16
12797 26.13
16063 26.73
14325 25.83
19271 28.80
12739 27.11
16257 27.82
14491 27.17
19290 29.80
13447 28.89
17370 29.76
15145 29.12
24888 28.46
11230 28.81
15304 28.68
9768 28.50
18738 29.45
14227 28.25
15120 28.91
13333 27.63
14663 29.34
8288 29.78
14306 28.47
9890 28.87
15855 28.72
15565 27.60
12501 29.25
11690 28.57
25140 28.28
10369 28.08
15789 27.04
9645 27.58
16126 27.29
8913 28.46
