22278 33.65
6753 33.14
16360 30.74
18011 28.68
17851 30.88
17606 28.34
17325 28.75
14683 27.69
17418 29.73
15695 27.98
16187 29.04
7442 29.68
20818 29.45
10891 27.10
15428 28.24
9476 27.39
21028 29.45
13423 26.28
15403 25.85
10346 27.48
19639 29.80
15078 26.15
12467 27.84
17655 26.33
16661 28.86
13268 26.07
14039 26.37
15014 25.57
19050 28.10
17479 26.77
12515 28.45
16137 26.80
26843 30.42
12041 29.87
16909 29.58
7605 30.59
17122 29.90
16955 28.31
17701 28.76
16286 27.86
18597 28.99
16148 28.00
12138 29.51
11286 28.56
19359 28.24
15557 27.15
17845 28.23
10546 28.30
25305 28.12
9953 27.29
15856 27.08
12570 26.42
18002 27.01
12681 24.83
15885 26.84
9411 27.19
17508 25.98
13435 24.27
18132 25.10
7807 25.95
18620 25.35
14330 23.91
18222 25.21
12922 23.44
23454 22.74
13157 23.35
20417 24.62
13026 23.11
20429 24.71
13348 23.74
20019 25.46
13917 23.89
20442 25.32
15292 24.26
20348 25.54
15773 24.71
21182 26.46
18332 26.67
20855 28.33
15598 28.31
24454 29.31
11479 28.99
20829 29.73
15098 28.94
21120 30.50
13587 29.08
16176 29.13
14226 28.11
16714 30.49
14980 29.06
17722 29.86
9360 30.09
16260 29.86
15127 27.87
14887 29.43
10377 29.25
25679 28.63
17192 29.19
14168 29.09
15779 27.42
16442 28.36
9712 29.33
16395 28.00
8974 27.71
20353 28.66
12522 26.67
14106 27.05
9238 26.74
16699 26.01
8476 25.63
16031 24.38
9771 23.63
23304 24.23
14631 24.93
19353 26.83
14457 25.25
19693 27.59
13734 25.65
17941 26.46
14804 25.53
20561 28.20
14147 26.61
17927 27.16
14980 26.91
20819 29.33
14141 28.63
18139 29.53
16998 28.64
26232 28.04
11716 28.75
16289 28.21
10114 27.97
20503 29.08
15687 27.87
17083 28.28
14013 27.22
15331 29.11
9451 29.10
15304 28.11
10087 28.57
17111 28.30
16730 27.12
13382 28.73
12345 28.06
26459 27.90
11556 27.53
16686 26.58
10983 27.02
16667 26.98
9853 27.48
