22536 33.54
6981 32.92
16706 30.56
18464 28.55
18725 30.69
17335 28.30
17429 28.64
15184 27.46
17989 29.46
15787 27.76
16176 28.78
8065 29.22
21076 29.23
11844 26.78
13797 27.53
11524 26.49
21618 29.20
14215 25.99
15203 25.87
11337 27.22
19581 29.21
15161 25.83
13745 27.27
17716 26.13
16959 28.33
13772 25.71
14396 25.90
16147 25.18
19733 27.80
18213 26.55
12247 28.50
17094 26.58
27530 30.20
12412 29.79
17508 29.46
16670 28.01
18806 29.50
16632 28.17
18892 28.36
15520 27.82
13945 30.03
9380 29.95
16845 28.70
10566 28.67
18068 28.82
10089 28.86
19360 27.81
11364 27.79
25888 27.90
10682 26.81
16134 26.94
12622 26.29
18247 26.83
13093 24.61
16970 26.58
9023 27.40
17707 25.76
13781 24.04
18522 24.95
7799 25.74
19080 25.14
14509 23.72
18514 24.92
13347 23.16
24001 22.56
13407 23.12
20889 24.43
13383 22.97
20892 24.53
13600 23.65
20387 25.29
14440 23.72
20894 25.15
15404 24.23
21366 25.45
15853 24.71
21535 26.30
18633 26.59
22681 27.75
16528 27.84
23313 29.70
11372 29.27
18913 29.92
11775 29.93
20765 30.59
14876 28.76
16066 29.03
15394 27.78
17502 30.75
15614 28.99
18340 29.75
9087 30.36
16955 29.86
15050 27.83
15619 29.38
9978 29.30
26942 28.24
16528 29.24
15736 28.45
16481 27.25
16560 28.29
10013 29.25
17453 28.12
8517 28.08
19832 28.59
13190 26.43
14766 26.87
9457 26.68
17245 25.92
8320 25.59
15644 24.19
10976 23.24
23114 24.30
15537 24.73
19704 26.73
14772 25.15
20238 27.48
14051 25.52
18484 26.45
14811 25.49
20932 27.95
14571 26.38
18439 27.07
15476 26.53
21178 28.99
14904 28.12
19254 28.83
16467 28.60
27045 27.83
12745 28.27
16510 28.05
10592 27.88
20933 28.93
15143 27.81
17196 28.15
14403 27.03
15682 28.87
9585 28.96
15757 27.88
10491 28.47
17312 28.16
16935 26.96
13788 28.54
12982 27.97
27361 27.62
11543 27.38
17215 26.37
10932 26.94
17373 26.77
10062 27.37
