23509 33.23
8018 32.43
16963 30.40
18521 28.41
19388 30.32
17875 28.01
17947 28.35
16633 27.06
21577 28.78
15913 27.50
17524 28.67
7726 29.39
22505 28.80
11563 26.58
15908 27.82
10522 26.85
22745 28.82
14335 25.83
16387 26.10
10772 27.33
20816 29.21
15627 25.77
13465 27.31
18282 25.87
19224 28.69
14030 25.86
14719 26.06
16201 25.18
20873 28.31
17987 26.75
13123 28.39
17607 26.54
28350 29.93
12646 29.67
18518 29.11
16784 27.84
19333 29.29
17153 27.92
18862 28.17
16535 27.48
14417 29.69
10377 29.51
17332 28.44
11340 28.35
17149 28.47
12247 28.06
21022 27.50
16951 26.14
27096 27.53
10737 26.66
16716 26.81
12909 26.17
19123 26.40
13505 24.44
17398 26.14
9935 26.75
18728 25.33
9420 26.13
19870 24.33
8719 25.18
20233 24.70
15269 23.40
19711 24.70
13887 22.97
25053 22.24
14251 22.83
21803 24.09
14102 22.64
21727 24.22
14767 23.20
21186 24.95
14942 23.38
21791 24.76
16350 23.82
22196 25.09
16562 24.40
23793 25.48
20250 26.01
21719 28.05
15549 28.26
25348 28.99
12447 28.59
22233 29.31
16037 28.49
22424 30.05
14602 28.67
16850 28.66
15455 27.68
20230 30.29
15800 28.81
18872 29.52
9607 29.93
19146 29.53
15206 27.74
15144 29.26
10826 28.89
28045 27.89
17081 29.06
15536 28.46
16972 27.02
17606 27.84
10357 28.88
17158 27.55
9636 27.24
21490 28.14
13350 26.22
15367 26.68
9715 26.45
18475 26.10
7825 25.78
15737 23.95
11575 22.87
24226 23.92
16016 24.44
20800 26.40
15159 24.94
20899 27.20
14769 25.17
18564 25.89
15938 25.00
22019 27.51
14963 25.97
19247 26.66
16552 26.11
22242 28.72
15466 27.83
19746 28.58
17338 28.14
27773 27.60
13731 27.88
17580 27.74
10704 27.53
21102 28.78
17250 27.27
18113 27.90
15246 26.76
16766 28.63
9295 29.02
16392 27.67
11232 28.17
18239 27.91
17413 26.71
14485 28.22
13133 27.68
28401 27.33
12141 27.26
18236 26.02
11216 26.75
18166 26.41
10652 27.20
