2328 50.66
570 50.32
1132 48.64
862 47.08
1426 47.83
1167 46.05
1638 45.84
1151 45.21
1796 45.78
1662 43.52
1873 44.80
1474 43.14
2107 45.27
1258 43.35
1712 44.08
1382 43.90
1669 49.20
1195 43.47
1488 43.64
764 43.81
1579 44.62
1491 42.69
1655 43.04
1330 41.19
1741 43.27
1602 41.61
1985 42.51
1679 41.54
2079 43.37
1395 42.14
1652 42.78
1613 41.82
1702 49.06
1231 44.89
1672 45.42
1122 45.13
1471 46.29
1178 45.04
1638 44.57
1018 44.36
1928 44.21
1495 42.43
1710 44.12
1242 43.87
2191 44.53
1768 42.19
2101 43.41
1851 42.01
2403 45.90
1154 44.21
1573 44.98
1390 43.68
1910 44.53
1672 42.28
2140 44.59
1758 43.07
1944 44.78
1552 42.79
1923 43.55
1405 42.72
1929 43.98
1560 43.30
1645 43.64
1060 44.29
2635 41.34
1147 42.84
1864 43.18
1181 43.26
1967 42.69
1730 41.97
2207 43.78
1516 42.51
2294 44.06
1661 42.73
2308 44.67
1456 43.34
2287 45.30
1710 45.74
2308 46.14
1458 46.06
2370 46.99
1157 46.68
1514 46.71
1224 46.37
1595 46.40
1208 46.98
1569 46.30
1196 45.44
1731 46.23
1399 44.84
1769 45.88
1331 45.61
2020 45.87
1604 44.42
2096 45.70
1811 44.26
2467 45.57
1077 44.88
1440 45.16
1374 43.08
1939 45.10
1431 43.98
1990 45.27
1402 43.60
2018 45.08
1369 43.92
1603 44.49
1324 41.71
1646 42.70
1031 42.79
1517 41.16
1243 39.39
2126 39.87
661 42.04
997 40.81
1648 39.28
1585 40.57
1336 39.31
1612 39.58
1181 40.17
1958 39.79
2079 38.96
2175 39.99
2058 40.29
2242 41.91
1900 42.55
2214 43.63
1824 43.77
2268 46.26
1189 46.53
1345 45.17
1333 43.25
1467 45.49
1626 43.05
1603 45.68
1465 43.68
1843 44.52
1533 43.02
1683 44.67
1538 42.75
2044 43.94
1715 43.33
2075 43.89
1682 42.60
2625 43.81
1227 44.18
1646 42.84
1259 43.40
1840 43.05
1131 43.90
