25172 32.74
8254 31.99
18245 29.91
19622 27.92
20167 29.86
18136 27.73
19499 27.95
16916 26.81
22978 28.13
16513 27.20
17454 28.28
8536 28.80
23414 28.49
12015 26.36
15137 26.74
13067 25.68
23333 28.62
14953 25.49
17354 25.92
11012 27.16
21586 28.83
16349 25.41
14393 26.89
19031 25.55
19861 28.21
14748 25.45
15721 25.69
17031 24.82
21605 27.37
19205 26.14
13858 27.87
17544 26.18
30106 29.46
13453 29.16
18650 28.97
9422 29.52
18854 29.21
19279 27.55
19866 28.04
17759 27.26
21388 28.17
17047 27.42
14261 28.73
11705 28.08
19609 27.40
12208 27.85
23575 26.84
16828 25.92
27737 27.27
11201 26.40
17791 26.64
12858 26.07
19927 26.02
13995 24.08
18410 25.84
10343 26.47
19404 24.97
9910 25.91
20455 23.98
9261 24.61
20892 24.38
16007 23.07
20043 24.33
14754 22.54
25868 21.98
15324 22.45
21700 23.80
15015 22.32
22587 23.84
15153 22.97
22070 24.63
15808 23.05
22785 24.39
17275 23.49
22726 24.75
17547 24.10
24424 25.21
21880 25.53
22260 27.86
16529 27.83
26261 28.69
13125 28.16
22862 29.12
17241 28.13
23328 29.78
15050 28.42
17705 28.32
16215 27.35
18716 30.25
16877 28.47
19991 29.21
10012 29.61
17861 29.33
17397 27.17
15871 28.94
11638 28.52
29110 27.61
19215 28.39
16831 28.02
17807 26.91
17811 27.84
10907 28.58
17879 27.43
9830 27.16
20121 27.94
10539 27.19
16702 25.82
11187 25.70
18420 25.44
9329 24.83
17304 23.42
12400 22.60
25230 23.58
16801 24.25
21410 26.10
16375 24.48
22086 27.11
15242 24.97
18999 25.66
16555 24.73
22725 27.68
15787 25.94
19006 26.80
16963 26.04
22978 28.65
15732 27.64
20466 28.65
18036 27.97
29123 27.23
13894 27.73
18810 27.43
10711 27.66
22253 28.38
17240 27.15
18131 27.72
16404 26.45
17040 28.21
10008 28.45
17324 27.29
11918 27.90
18577 27.63
18433 26.43
15107 28.00
13645 27.40
29277 27.16
13124 26.78
18523 25.99
11907 26.50
19009 26.17
10587 27.03
