26099 32.45
8365 31.70
18818 29.59
20498 27.66
20982 29.72
19934 27.33
19930 27.70
17789 26.53
23756 28.03
16908 26.98
18809 28.10
8504 28.85
24357 28.12
12649 26.09
15886 26.64
13452 25.51
24303 28.25
15611 25.26
17689 25.34
11669 26.73
21981 28.25
16939 24.98
15794 26.50
19940 25.25
18801 27.35
16350 24.79
17470 25.12
17769 24.42
21858 26.92
20969 25.68
14444 27.52
18940 25.84
30985 29.26
14177 28.91
19648 28.69
18892 27.18
21157 28.67
19109 27.25
21175 27.48
17741 27.05
15363 29.25
11704 28.99
18753 27.96
11956 27.88
21039 28.02
18416 26.36
19862 27.75
12505 27.47
29069 26.90
11932 26.26
18923 26.10
13471 25.71
20720 25.73
14770 23.79
18630 25.65
11093 26.07
20318 24.71
10067 25.71
21237 23.74
9830 24.30
21376 24.16
16888 22.77
21142 24.01
15284 22.34
26462 21.78
15900 22.17
23333 23.54
15188 22.10
23444 23.55
15647 22.77
22985 24.34
16330 22.82
23621 24.08
18028 23.17
23896 24.49
17889 23.94
25257 25.00
23166 25.13
22763 27.73
17230 27.61
27281 28.35
13553 27.98
23929 28.75
17412 27.91
24290 29.44
16153 28.01
18700 28.05
16937 27.05
23265 30.25
16592 28.67
19802 29.36
10059 29.63
18650 29.33
17632 27.17
16415 28.95
11828 28.37
30668 27.21
19337 28.27
16881 27.85
18438 26.68
18881 27.50
11196 28.47
19624 27.42
9341 27.42
21680 27.36
10824 26.82
17927 25.74
11045 25.64
18936 25.00
10462 24.37
18095 23.13
12834 22.40
26282 23.26
17629 23.93
22263 25.91
16833 24.36
22714 27.18
15551 24.92
19004 25.62
17346 24.59
23273 27.51
16576 25.56
20061 26.60
17720 25.86
24001 28.32
15880 27.56
21329 28.16
18967 27.49
30371 26.91
14674 27.40
18500 27.46
12266 26.97
23764 28.16
17533 27.00
19269 27.27
16484 26.26
17448 28.07
11395 28.08
17010 27.22
12468 27.59
19480 27.36
19392 26.21
15293 27.82
14672 27.10
30717 26.79
14089 26.43
18428 25.88
12969 26.17
19425 26.07
11271 26.95
