26455 32.36
9566 31.49
18995 29.52
20923 27.57
21144 29.50
20215 27.20
20182 27.66
18288 26.44
24320 27.95
17038 26.87
18872 27.90
8736 28.56
24849 27.70
13830 25.75
17340 26.73
12415 25.90
24984 28.05
15687 25.09
17861 25.51
12139 26.67
22289 27.84
16919 24.80
16551 25.98
20155 24.94
19323 26.92
16713 24.47
17870 24.71
18985 24.01
22305 26.18
21151 25.41
15076 27.14
19927 25.48
31822 29.08
15568 28.61
18954 28.72
19267 27.09
21600 28.57
19140 27.21
21211 27.51
18445 26.83
15770 29.08
11532 28.94
19417 27.82
11863 27.91
19394 27.86
13431 27.58
23100 26.96
18853 25.48
29300 26.82
12363 26.03
18133 26.46
13697 25.78
20796 25.71
14945 23.75
19260 25.55
10904 26.10
20621 24.58
10543 25.56
21556 23.61
10251 24.12
21610 24.08
16871 22.79
21307 23.87
15618 22.20
26998 21.65
16361 22.07
23737 23.38
15499 21.98
23837 23.42
16202 22.57
23127 24.28
16707 22.75
23986 23.98
18165 23.15
24295 24.37
18487 23.72
25490 24.79
22761 25.18
24890 27.15
18540 27.08
26514 28.61
13109 28.14
23179 29.03
17921 27.92
23676 29.54
17350 27.74
18946 28.02
17309 27.02
23245 29.81
17180 28.34
20164 29.04
10340 29.40
18893 29.12
11496 29.04
18278 28.15
12619 27.94
31187 27.09
19978 28.08
17688 27.64
19083 26.44
19092 27.41
11451 28.30
18767 27.11
10800 26.62
23149 27.61
14823 25.57
17031 25.94
11247 25.66
20228 25.50
8798 25.04
17521 23.19
13419 22.18
26690 23.15
17742 23.85
22719 25.84
13738 25.39
23366 26.44
16475 24.57
20097 25.23
17434 24.43
23729 27.08
16622 25.50
20760 26.20
18275 25.56
24582 28.03
16474 27.43
21776 28.43
19119 27.59
30727 26.80
14535 27.23
19737 26.97
11894 26.98
23409 27.95
18445 26.75
19481 27.28
17228 26.07
17865 28.04
11312 27.99
17637 27.04
12283 27.53
19892 27.19
19518 26.11
15943 27.68
14842 27.01
31113 26.68
13866 26.50
19326 25.66
13039 26.15
19905 25.89
11865 26.64
