27030 32.20
9861 31.29
19119 29.36
20857 27.53
21711 29.36
20755 27.04
20616 27.40
19092 26.17
24348 27.68
18076 26.59
19566 27.79
8981 28.54
25341 27.86
13378 25.72
17739 27.00
12156 25.98
25463 27.88
15533 25.10
18547 25.37
11908 26.65
23283 28.14
17581 24.82
15500 26.32
20547 25.03
20389 27.21
16616 24.68
17815 24.90
18554 24.20
23315 26.52
21651 25.45
14777 27.36
20100 25.56
32248 28.95
14782 28.67
20206 28.54
19722 26.94
22335 28.35
19361 27.06
21471 27.30
18589 26.71
16544 28.87
11479 28.86
19561 27.64
12128 27.72
20246 27.54
13417 27.41
23313 26.82
13181 26.94
29781 26.68
12956 25.76
19786 25.89
13925 25.49
21391 25.47
15562 23.47
19700 25.29
10963 25.90
20894 24.44
10925 25.25
21909 23.47
10397 23.93
22411 23.84
17159 22.62
22700 23.77
15638 22.13
27763 21.44
16378 22.03
24122 23.22
15740 21.89
24404 23.22
16427 22.40
23827 24.01
17120 22.55
24421 23.83
18478 22.99
24998 24.09
19251 23.44
26294 24.68
23493 24.96
24551 27.23
17864 27.33
27765 28.21
14307 27.68
24633 28.55
19262 27.50
25056 29.33
16798 27.75
19140 27.76
17370 26.88
22094 29.72
17950 28.04
21263 28.81
10772 29.18
19491 28.75
18197 26.86
17188 28.35
12226 27.98
31096 27.09
20360 28.03
17724 27.61
19809 26.22
19375 27.34
11685 28.14
18571 26.78
11442 26.31
22964 27.75
15695 25.35
16877 25.86
11827 25.50
19798 25.41
9201 24.89
17790 23.12
13808 22.11
27130 23.09
18187 23.74
23142 25.66
17400 24.15
23620 26.43
16815 24.49
20554 25.11
17775 24.31
24608 26.92
16493 25.47
20674 26.07
18668 25.48
24916 27.95
17323 27.07
21770 28.17
19997 27.32
31011 26.74
15054 27.12
19991 26.80
12321 26.79
23822 27.99
18944 26.59
19706 27.24
17539 25.95
18341 27.96
11221 28.09
17728 27.01
12920 27.33
19947 27.19
20254 25.96
15862 27.61
15389 26.87
31710 26.52
15034 26.15
19775 25.61
12614 26.15
20753 25.73
11391 26.77
