33242 30.54
12669 29.67
22702 28.10
24617 26.18
25185 28.00
24862 25.67
26302 25.78
23956 24.80
29619 26.50
21309 25.54
22694 26.58
11202 27.05
30492 26.75
15697 24.56
20297 25.37
15458 24.39
30150 26.42
19515 23.67
21899 24.09
16199 25.13
30149 27.76
20807 24.01
25375 24.06
23891 23.52
22928 26.27
20106 23.70
21311 23.96
22208 23.14
27286 25.35
25115 24.26
19246 25.89
23310 24.38
38889 27.37
18039 27.26
24623 27.02
23205 25.68
26306 26.90
23354 25.78
26222 25.96
23086 25.48
19612 27.72
14632 27.63
22988 26.51
16487 26.32
26815 26.55
23452 24.88
25253 26.22
15585 26.09
35378 25.08
15099 24.72
23750 24.48
17148 24.24
25452 23.94
11623 24.79
24262 23.62
14441 23.97
24864 22.97
13685 23.75
25881 22.19
13203 22.58
25923 22.64
20914 21.36
26551 22.51
19162 20.94
31689 20.36
20926 20.58
26318 21.84
14297 22.26
29696 21.63
20965 20.93
28223 22.63
21134 21.21
29552 22.29
22632 21.67
29979 22.68
23032 22.30
30922 23.30
28759 23.64
29551 25.80
21710 25.94
35430 26.23
17734 26.18
29615 27.13
22997 26.26
30572 27.82
20699 26.46
23556 26.46
21927 25.46
28318 28.22
21681 26.73
25848 27.46
13210 27.94
24442 27.45
21852 25.59
20647 27.26
14524 26.91
38560 25.27
24376 26.79
21501 26.37
23944 25.26
22665 26.24
14794 26.83
22427 25.79
13354 25.34
26933 26.47
12935 25.87
22429 24.42
14083 24.41
22867 24.00
13452 23.10
22006 21.88
16377 21.03
32735 21.72
22899 22.49
28345 24.39
20287 23.13
28089 25.17
20420 23.18
24957 23.78
22074 22.98
29486 25.36
21312 23.93
26123 24.67
22228 24.16
29983 26.47
20486 25.88
27056 26.61
23285 26.02
38339 25.09
19013 25.65
23310 25.69
15210 25.57
29406 26.41
22916 25.45
24879 25.71
21058 24.79
23119 26.42
13411 26.89
21366 25.76
15751 26.19
24058 25.93
23651 24.80
19405 26.33
18355 25.65
38209 25.06
18134 24.97
23215 24.49
15911 24.80
24913 24.55
24303 23.36
