33819 30.38
13236 29.49
22654 27.98
26201 25.97
26163 27.91
24364 25.68
26441 25.77
24145 24.73
30373 26.31
21858 25.31
22985 26.51
11646 26.75
30875 26.16
16204 24.36
21804 25.13
15491 24.32
30443 26.30
19802 23.57
22349 23.72
16241 25.06
30275 26.75
20358 23.69
19127 25.11
24978 23.66
25332 25.99
20895 23.40
21555 23.84
22671 22.97
28251 25.22
25166 24.21
19599 25.82
23871 24.29
39504 27.23
18534 27.12
24749 26.96
23360 25.55
26791 26.75
23784 25.71
26394 25.92
23198 25.40
19992 27.56
14863 27.47
23324 26.34
16622 26.25
23875 26.39
17401 26.21
28027 25.61
16035 25.71
36202 24.91
15788 24.34
24158 24.29
17594 24.05
26018 23.75
19387 22.09
22717 23.78
14803 23.96
25552 22.75
13943 23.65
26547 22.02
13216 22.52
26563 22.39
21618 21.17
26100 22.37
19900 20.69
33023 20.07
21291 20.52
29016 21.77
20249 20.51
29084 21.82
20812 20.98
28776 22.50
21106 21.22
29495 22.28
23563 21.46
30360 22.57
23865 22.06
31108 23.24
29703 23.40
29434 25.79
22010 25.87
36345 25.97
17931 26.14
30003 27.02
23326 26.16
30761 27.84
21341 26.39
24375 26.44
22018 25.36
26800 27.08
22629 26.08
27775 26.70
13765 27.45
25970 26.74
22712 25.25
20922 27.04
15450 26.52
39008 25.11
25200 26.60
22074 26.20
24362 25.14
22763 26.20
15077 26.78
23134 25.77
13394 25.33
27279 26.46
12789 25.88
23415 24.67
20632 22.44
22544 24.19
12268 23.39
22037 22.10
16208 21.09
33239 21.59
23058 22.38
29037 24.26
21064 22.95
28626 25.27
20694 23.16
24834 23.81
22144 22.97
28952 25.61
20552 24.06
25806 24.73
22509 24.19
30370 26.47
20895 25.80
27255 26.55
23426 25.93
38707 25.03
19514 25.52
23490 25.53
16738 25.20
29759 26.24
22362 25.39
24157 25.66
21427 24.67
23042 26.21
13973 26.57
21309 25.60
17083 25.78
24600 25.71
23939 24.65
19909 26.09
18379 25.52
38834 24.95
18806 24.79
23571 24.44
16220 24.73
25111 24.45
25046 23.25
