35171 30.08
14434 29.09
24388 27.60
26753 25.74
27090 27.50
26810 25.24
27467 25.52
25028 24.52
31646 25.78
22792 25.04
24830 25.94
11852 26.60
32207 25.82
17296 23.97
23085 24.90
15862 24.15
31835 25.87
20297 23.33
23620 23.34
16904 24.69
31149 26.19
21796 23.20
19905 24.63
25660 23.29
25682 25.26
22295 22.91
23517 23.27
23699 22.54
28956 24.63
27467 23.61
20849 25.38
25311 23.86
41272 26.84
19937 26.78
25343 26.73
25026 25.24
28237 26.43
25340 25.30
27784 25.59
24561 25.05
20565 27.36
15749 27.26
24389 26.05
17451 26.00
28788 26.21
24862 24.42
26350 25.82
16350 25.72
37683 24.52
16981 23.94
24616 24.15
18190 23.87
26782 23.53
12746 24.31
24837 23.25
16059 23.42
25935 22.63
15130 23.17
27273 21.72
14492 22.12
27195 22.24
22524 20.91
26865 22.03
20644 20.47
33721 19.88
22882 20.19
30161 21.46
21158 20.23
30332 21.49
21950 20.70
29670 22.18
22456 20.77
30826 21.97
23814 21.33
31732 22.21
25109 21.71
32399 22.90
31023 23.10
30723 25.42
23318 25.46
37853 25.56
19613 25.57
30893 26.68
23239 26.07
32140 27.44
22871 25.92
25252 26.14
22945 25.11
27606 26.99
24816 25.60
29129 26.44
14221 27.28
26623 26.55
23966 24.97
21628 26.82
16227 26.27
39371 25.00
26727 26.26
24218 25.66
26471 24.72
29882 24.21
22778 24.28
26846 24.87
12286 25.42
31930 24.87
19295 23.72
23097 23.84
15890 23.82
26261 23.31
12700 23.09
22823 21.65
17338 20.59
34822 21.16
24209 22.11
29936 24.04
21830 22.72
29954 25.27
21159 23.06
25282 23.71
23257 22.72
29283 25.58
22379 23.74
26344 24.64
23732 23.88
31828 26.14
21504 25.50
27318 26.17
25727 25.46
40171 24.71
20780 25.21
24714 25.48
16606 25.12
31095 25.93
23442 25.14
25565 25.34
22793 24.31
23985 25.97
15005 26.28
22475 25.37
17390 25.66
25840 25.40
25304 24.35
20220 25.93
20281 25.16
40215 24.62
19696 24.60
25555 23.98
16577 24.61
25887 24.26
25883 23.03
