37967 29.43
16204 28.41
25579 27.15
28294 25.29
29256 26.90
28206 24.78
28822 25.00
27732 23.90
33487 25.50
24916 24.40
25045 25.69
14037 25.82
34766 25.55
18562 23.54
22629 24.18
18939 23.21
33815 25.30
22688 22.73
25695 23.30
17343 24.57
31959 25.65
23590 22.65
22047 23.93
27889 22.72
27654 24.92
23982 22.60
25224 22.92
25911 22.10
31201 24.33
29158 23.27
22485 25.00
26994 23.52
43852 26.28
21393 26.32
26437 26.30
26933 24.75
29815 25.99
27315 24.82
30020 25.11
26882 24.52
22083 26.88
17111 26.74
26302 25.55
19257 25.61
27564 25.78
18417 25.73
30749 24.86
18488 24.89
40304 23.89
18866 23.41
24893 23.58
21662 23.03
29213 22.83
14102 23.79
26337 22.70
17294 22.93
28031 21.92
16445 22.62
29378 21.15
15996 21.60
29555 21.54
24670 20.37
29367 21.66
22109 20.05
35469 19.49
25119 19.64
31878 21.01
22965 19.73
32316 20.95
23557 20.20
31664 21.75
23657 20.51
32916 21.42
25759 20.90
33954 21.63
27432 21.14
35451 22.11
32840 22.71
32763 24.95
25442 24.88
39741 25.16
20450 25.24
32831 26.39
25314 25.57
34193 27.13
24235 25.54
27060 25.66
24716 24.63
28844 27.14
26081 25.44
29046 26.45
16561 26.66
29299 26.65
24709 24.74
22520 26.56
17097 25.91
43568 24.22
28643 25.71
25309 25.31
28590 24.24
31938 23.74
24338 23.82
28251 24.44
13528 24.92
33809 24.76
21021 23.37
24731 23.73
16363 23.68
27379 23.10
13916 22.71
24322 21.29
18550 20.28
36892 20.71
26586 21.56
31963 23.61
22536 22.38
32022 24.24
23096 22.35
27907 22.93
25296 22.12
31932 24.65
24068 23.11
29338 23.78
25454 23.36
34163 25.62
23566 24.97
29531 25.87
26852 25.15
43460 24.08
21791 24.69
26204 24.77
18604 24.45
33577 25.28
25364 24.48
27613 24.74
24435 23.79
27348 25.20
15070 25.93
24444 24.74
19022 25.14
27404 24.85
27143 23.79
22350 25.31
21271 24.75
43014 24.07
21539 24.08
27017 23.66
18248 24.17
28550 23.76
27289 22.72
