38212 29.35
16659 28.24
25795 27.08
28730 25.20
29409 26.83
28554 24.71
29954 24.85
27901 23.82
33444 25.31
25381 24.34
26393 25.53
13574 25.96
35351 25.51
18572 23.54
23017 24.02
18964 23.15
34304 25.17
22381 22.67
26442 23.17
17786 24.43
32574 25.32
23711 22.57
22381 23.74
28053 22.67
29119 24.69
24239 22.46
25373 22.84
26273 22.00
32360 24.28
29082 23.27
22721 24.98
27279 23.45
44669 26.13
21713 26.20
28494 25.93
26717 24.64
30445 25.90
27498 24.77
29820 25.10
26963 24.46
22914 26.76
17040 26.70
26878 25.46
19289 25.52
27734 25.75
19041 25.66
31414 24.82
18353 24.92
40843 23.79
19369 23.31
25237 23.51
21745 23.01
29613 22.73
14207 23.68
26569 22.60
17633 22.79
28411 21.85
16725 22.53
29474 21.12
15917 21.56
30159 21.38
25043 20.28
30141 21.45
22445 19.96
36017 19.38
25493 19.55
32014 20.91
23252 19.62
32848 20.83
23974 20.08
32226 21.56
24317 20.33
33550 21.25
25902 20.77
34409 21.57
27433 21.09
36036 21.97
33550 22.54
32858 24.94
25464 24.83
40878 24.93
21352 24.92
35786 25.78
25251 25.35
33731 27.17
25118 25.42
27377 25.65
25539 24.50
31649 27.29
25990 25.54
29767 26.54
16145 26.94
26927 26.66
25062 24.74
23601 26.33
17122 25.85
44057 24.14
28379 25.77
25743 25.22
29178 24.11
32116 23.68
25046 23.70
27565 24.41
14311 24.68
34516 24.49
21280 23.26
24548 23.33
17824 23.30
27629 22.68
15117 22.36
24916 20.94
18854 20.19
37513 20.57
26940 21.50
32195 23.48
23492 22.19
32422 24.22
23438 22.30
28317 22.93
25497 22.07
34050 24.54
24238 23.04
29914 23.80
26177 23.23
34476 25.61
23471 24.88
31161 25.53
27238 25.02
44203 23.96
21945 24.64
26842 24.77
18245 24.46
34407 25.18
25536 24.45
27809 24.62
24686 23.74
27498 25.03
15524 25.72
24357 24.67
20082 24.91
27528 24.82
27399 23.74
22584 25.24
21562 24.73
43393 24.01
22033 24.03
27287 23.63
18582 24.10
28824 23.68
27402 22.65
