38606 29.25
17066 28.14
25830 27.01
29396 25.10
30247 26.59
28670 24.62
29805 24.77
28786 23.69
34740 25.09
25255 24.43
26825 25.35
13725 25.81
35713 25.36
19035 23.41
22683 23.70
20195 22.76
34935 25.01
22859 22.55
25671 22.33
20174 23.75
33499 25.37
24545 22.44
22204 23.76
28445 22.58
27915 24.56
25384 22.25
26629 22.59
26745 21.85
31896 23.89
29142 23.16
24258 24.61
27785 23.22
45107 26.02
22637 26.01
28150 25.96
27286 24.57
31124 25.75
27462 24.70
30659 24.91
27436 24.38
22378 26.78
17718 26.49
26873 25.44
20091 25.42
27176 25.67
19951 25.42
32078 24.68
18565 24.86
41137 23.70
19870 23.18
27187 23.44
20496 23.17
29961 22.61
14272 23.63
27700 22.48
17410 22.82
29010 21.80
16981 22.47
29598 21.11
16039 21.53
30618 21.29
25150 20.25
29251 21.38
23017 19.90
36041 19.35
25413 19.51
32818 20.78
23723 19.54
33069 20.78
23948 20.09
32512 21.50
24436 20.22
34018 21.12
26360 20.70
34957 21.35
28010 20.99
36873 21.77
33620 22.48
33500 24.79
25631 24.80
41778 24.79
21397 24.88
35628 25.71
26049 25.18
34351 27.95
25084 25.62
27800 25.67
24918 24.60
29506 27.21
26277 25.46
29659 26.47
16946 26.65
27490 26.60
25330 24.64
24154 26.25
17148 25.76
44614 24.05
28977 25.62
26418 25.04
29167 24.13
32480 23.58
25360 23.60
28023 24.31
14518 24.57
34586 24.01
21698 22.94
26076 22.86
17961 23.20
29784 22.54
14256 22.41
26703 21.11
18053 20.37
38520 20.36
27031 21.54
32374 23.52
23437 22.21
32660 24.14
23805 22.20
28594 22.79
25944 21.96
32840 24.43
25016 22.85
30245 23.63
26273 23.18
35127 25.30
23951 24.75
30629 25.40
28183 24.78
44449 23.91
22514 24.50
27365 24.57
18792 24.31
34611 25.22
25629 24.39
27501 24.68
25624 23.60
26947 25.26
16450 25.62
24408 24.70
20006 24.95
27798 24.82
27970 23.68
23406 25.11
21379 24.72
44103 23.86
22254 23.93
27361 23.52
19026 23.96
28427 23.69
27603 22.63
