40819 28.78
17533 27.87
26713 26.70
30538 24.73
30862 26.32
30155 24.22
31015 24.44
30517 23.32
36091 24.74
26390 24.09
27301 25.00
14787 25.43
36987 24.99
20145 23.03
24055 23.53
21031 22.55
35854 24.78
23469 22.38
27000 22.43
19948 23.78
36174 26.11
25205 22.62
30401 22.64
29500 22.10
29565 25.52
25367 22.60
25684 22.98
26535 22.04
33193 24.82
29994 23.35
24315 24.93
27692 23.43
47003 25.63
23764 25.66
28689 25.72
27624 24.44
32783 25.29
27781 24.51
20045 26.61
21335 25.75
28760 25.52
17823 26.16
28950 24.84
20391 25.01
31557 24.81
29869 23.44
31171 24.82
19010 24.80
43072 23.33
20833 22.95
27171 23.38
21225 22.97
31057 22.35
15126 23.31
28801 22.23
18054 22.52
29746 21.54
18034 22.08
30626 20.78
17330 21.11
31313 21.11
26148 19.98
30527 21.18
23707 19.68
37089 19.11
21635 20.41
34516 20.34
24716 19.24
34580 20.45
25693 19.65
33520 21.20
25667 19.95
35408 20.79
27555 20.40
36325 21.06
29686 20.61
38935 21.43
35449 22.10
33328 24.82
26267 24.69
44120 24.35
23106 24.45
36690 25.41
26577 25.04
35323 26.66
26978 24.90
28999 25.10
27014 24.12
34091 26.71
27445 25.13
31818 25.95
17169 26.49
29789 26.35
26018 24.39
23776 26.10
18348 25.37
45167 23.94
30997 25.20
28467 24.55
30685 23.82
33885 23.32
26440 23.31
30069 24.06
14897 24.51
36081 24.27
22389 22.90
26790 23.30
16815 23.42
29502 22.69
14945 22.24
25716 20.71
20413 19.77
39578 20.18
28827 21.16
33375 23.22
24628 21.96
33974 23.72
24632 21.91
30092 22.38
26733 21.71
34996 24.25
25768 22.68
31169 23.35
27386 22.91
36410 25.21
25052 24.47
32477 25.24
28941 24.57
45997 23.62
23468 24.28
27995 24.25
20026 23.98
35328 24.98
27290 24.06
28941 24.45
27349 23.27
27444 25.07
16712 25.46
25717 24.43
20810 24.70
28867 24.57
28385 23.47
24079 24.89
22487 24.41
47083 23.32
24699 23.43
29133 23.10
19228 23.76
31567 23.09
29035 22.26
