2998 47.44
691 49.15
2423 43.48
4090 40.64
3747 43.34
2680 40.79
3346 40.89
2721 39.48
3183 41.84
2875 39.67
2892 41.07
1895 40.71
3879 41.43
2361 38.65
2906 39.64
2287 38.91
4010 41.56
1995 38.46
3485 37.80
1031 39.74
2859 40.78
2200 38.33
3303 37.99
3125 36.78
3066 39.58
3171 36.92
3089 37.37
3169 36.57
4018 39.35
3180 37.88
2505 39.83
3113 37.98
4167 42.23
1735 40.78
3838 40.20
2804 39.21
2450 41.87
2343 40.86
2941 40.56
2075 39.96
3593 40.57
3593 38.71
2720 40.36
1905 40.23
4024 39.52
3160 37.99
3442 39.53
2189 39.59
4729 40.71
2273 38.82
3411 40.03
1982 39.55
3583 39.93
2851 37.24
3894 39.40
2935 37.61
3671 39.33
2690 37.47
3519 38.52
2426 37.09
3788 38.82
2789 37.63
3382 38.79
2722 37.25
4931 36.29
1895 37.94
3748 38.14
1782 38.60
3843 38.39
2929 36.55
3956 38.94
2656 36.63
3742 39.60
3001 37.52
4060 39.61
2540 38.61
4114 40.10
2901 39.96
3952 40.82
2555 40.83
4499 41.67
2101 40.94
2823 41.62
2653 40.44
3410 41.65
2693 40.06
2624 41.92
2198 41.62
3100 41.53
1944 41.98
3306 40.95
2469 40.27
3739 41.03
3006 39.56
3779 40.72
3200 39.28
4568 40.96
2052 40.85
2768 40.37
2360 38.73
3315 39.57
1991 40.48
3935 39.45
2491 37.86
3928 39.84
2506 38.57
3151 38.61
2407 36.45
3281 37.60
1726 37.65
3396 36.05
1737 35.58
4668 35.27
1766 35.66
4058 36.82
1980 37.02
4061 36.71
2697 35.84
3684 36.72
2934 36.10
3846 37.17
3045 36.47
4067 37.28
3141 37.47
4342 38.29
3173 38.89
4073 39.23
3547 39.22
4489 40.43
2226 39.79
3182 39.55
2324 39.09
3386 39.84
2820 38.72
3034 40.28
2976 38.94
3352 40.01
2894 38.54
3125 40.06
2874 38.67
3553 39.74
3145 38.90
2918 40.51
2359 40.37
4821 39.08
2070 39.86
3370 37.69
2086 38.48
3469 38.15
1974 38.84
