3214 46.57
752 48.31
3014 42.49
4628 39.46
3882 42.96
3387 39.92
3827 40.55
2960 38.74
3272 41.10
2959 38.96
3441 40.09
1874 39.84
4468 40.65
2638 38.04
3318 39.44
2295 38.99
4631 40.50
1978 37.56
2601 38.59
2138 37.40
4014 40.46
3470 36.87
2843 38.73
3666 36.70
3197 39.28
3336 36.45
3549 36.89
3312 36.32
4422 38.28
3175 37.14
3058 38.53
3294 37.19
4873 41.33
1813 40.31
4334 39.32
3265 38.41
4007 40.00
3523 38.27
2629 40.98
1990 40.00
4151 39.15
3816 37.74
3319 39.07
2037 39.32
4558 38.38
3380 37.19
3800 38.25
2452 38.22
5252 40.01
2616 37.73
3847 39.17
2170 38.88
4063 39.13
3217 36.31
4323 38.64
3363 36.91
3913 38.69
3149 36.29
3892 37.88
2534 36.26
4070 38.17
3196 36.69
3903 37.89
2900 36.20
5573 35.29
2258 37.05
4219 37.12
2104 37.51
4368 37.35
3298 35.90
4281 38.13
2968 36.02
4194 38.74
3285 36.82
4488 38.71
2933 37.64
4573 39.05
3338 38.93
4383 40.22
3019 39.62
5058 40.86
2145 40.28
3284 41.01
3021 39.54
3777 41.20
3294 39.12
4040 39.81
3465 38.67
4412 40.74
3196 39.60
3988 40.02
2179 40.92
4382 40.29
3212 39.25
3641 40.82
2355 41.27
5113 40.14
2182 39.95
3219 38.82
1715 40.74
3696 38.43
2203 39.61
3956 37.92
2287 38.81
4536 38.79
2753 37.28
3338 37.86
2662 35.24
3824 36.55
1971 36.44
3493 34.71
1947 34.35
5469 34.33
2076 34.88
4555 36.09
2906 34.85
4488 36.36
3222 34.67
4190 36.23
3185 35.55
4169 36.90
3407 35.82
4547 36.95
3327 37.13
4876 37.83
3363 38.08
4630 38.77
3648 38.98
5355 39.37
2476 39.13
3835 38.32
2427 38.59
4071 38.95
3185 38.43
3096 39.95
2352 40.12
4246 39.02
3143 37.51
3118 39.31
2318 39.70
4375 38.30
3411 37.86
3455 39.60
2434 39.49
5504 38.26
2247 39.30
3804 36.64
2296 37.67
4047 37.40
2094 38.98
