3888 45.16
876 47.03
3899 41.08
5586 38.47
4791 41.33
4039 38.88
4757 39.25
3384 37.70
4112 39.94
3562 37.58
4247 39.05
2033 38.70
5427 39.27
2881 36.71
4253 38.03
2311 37.79
5729 38.98
2706 36.45
4323 35.89
1578 37.07
5032 38.87
3867 35.55
3252 36.75
4409 35.08
3781 37.05
4286 34.47
4346 34.92
4180 34.28
5286 36.48
4133 35.49
3462 37.28
4408 35.65
6134 39.94
3000 37.99
4877 38.15
1852 39.98
4442 39.21
2450 39.09
4691 37.71
4311 36.29
5290 37.82
4099 36.86
3640 38.34
2673 38.16
5269 37.16
3958 35.78
4408 36.92
3029 36.51
6566 38.45
2893 36.89
4898 37.83
2189 38.18
5009 37.75
3701 34.74
5156 37.33
3944 35.41
4775 37.21
3618 35.01
4707 36.43
3142 34.44
4912 36.82
3691 35.39
4670 36.62
3620 34.94
6804 33.53
2626 35.57
5346 35.63
3086 34.26
5384 35.66
3601 34.77
5456 36.34
3297 34.99
5250 36.90
3889 35.33
5438 37.34
3643 35.77
5464 37.73
4010 37.42
5127 38.73
3481 38.16
6112 39.46
2702 38.61
3921 39.26
3711 37.86
5085 40.29
3805 37.90
4806 38.65
3910 37.54
5063 39.22
3785 38.11
3936 40.37
3098 39.22
5059 39.04
3729 37.70
4218 39.43
2864 40.10
6089 39.12
2700 39.02
4052 37.56
3178 36.84
4423 37.55
2631 38.34
5104 37.04
3326 35.58
5403 37.60
3084 35.96
3856 36.25
2213 36.20
4362 34.91
2380 34.94
4093 32.65
2620 32.44
6516 33.28
2743 33.40
5476 35.26
3644 33.66
5333 35.68
3723 33.90
4953 35.42
3713 34.56
5163 36.00
3869 34.81
5466 36.01
3720 36.18
5910 36.71
3773 37.27
5521 37.93
4347 37.92
6463 37.92
3103 37.55
5046 37.14
2564 37.90
5374 37.73
3501 36.97
3679 38.64
2835 38.70
4428 37.69
2668 38.26
4294 37.06
2724 38.20
5054 37.00
4310 36.32
4082 38.08
2967 38.34
6547 37.11
2976 37.17
4610 35.52
2729 36.41
4672 36.02
2602 37.43
