5835 42.19
1355 43.29
6572 38.21
6971 35.87
7243 38.57
5666 36.36
6578 36.47
4748 34.95
5477 36.88
5642 34.77
6005 36.30
2991 36.13
7648 36.48
4507 33.83
5800 35.25
3547 34.78
8661 36.21
4137 33.42
6279 32.70
2514 34.48
7323 36.53
5823 33.03
4365 34.70
6854 32.66
5781 34.55
5644 32.28
5726 32.64
6198 31.75
7434 34.07
6079 33.22
4507 34.68
5870 33.34
9359 37.39
4802 35.77
6913 35.83
5835 34.79
7158 36.38
5949 34.93
6929 35.01
5228 34.51
5516 36.71
3330 36.98
6760 35.48
3272 36.15
6453 35.56
3689 35.59
6194 34.54
5078 33.71
9863 35.49
3932 33.90
6221 34.62
3743 34.04
7191 34.72
5016 32.22
6844 34.56
5605 32.58
6778 34.17
4879 32.14
7008 33.36
4260 31.40
7266 33.58
4924 32.42
7218 33.40
4535 31.84
9796 30.37
4138 32.51
7613 32.92
4363 31.29
7734 32.80
4781 32.14
7839 33.35
4899 31.69
7317 34.06
5491 32.26
7643 34.26
5420 32.90
7933 34.53
5887 34.62
7568 35.77
5164 35.48
8604 37.13
4219 36.15
5706 37.06
4914 36.04
7366 37.38
5130 35.51
6167 35.91
5823 34.72
7449 37.27
5375 35.84
6862 36.82
3334 37.40
6801 36.86
5087 35.07
5952 36.64
4001 36.73
8929 36.45
4506 36.54
5902 35.37
4750 34.15
5845 35.11
3825 35.68
6320 34.19
3611 34.40
7799 35.28
4563 33.41
5219 33.92
3175 33.55
5948 33.38
2977 32.45
6236 30.70
3336 30.23
9100 31.09
4107 31.08
7336 32.44
4433 31.94
7577 34.02
5327 31.84
6889 33.23
5717 32.15
7397 34.34
5331 32.84
6889 33.96
5497 33.78
7993 35.25
5156 35.07
7488 35.51
6005 35.27
9693 35.13
4371 35.19
6771 34.63
3631 35.14
7649 35.47
5283 34.48
4683 36.31
4138 35.61
6391 35.33
3493 35.89
5824 34.60
3914 35.56
7180 34.42
6184 33.80
5520 35.40
4179 35.12
9693 34.67
4369 34.71
6655 33.13
3750 33.92
6395 33.69
3799 34.79
