6819 41.26
1484 42.23
7375 37.28
7858 35.17
8290 37.65
6356 35.47
7361 35.44
5225 34.21
6728 35.92
5859 34.21
6947 35.31
3246 35.72
8943 35.57
4542 33.25
5758 33.76
5052 32.85
9698 35.43
4969 32.65
7165 32.19
2727 34.04
8012 35.16
6315 31.92
5896 33.35
7122 32.02
6933 34.50
5598 31.85
6146 31.97
6390 31.34
7631 34.27
7214 32.91
5097 34.34
7090 32.86
10621 36.67
5184 35.16
7718 35.25
6319 34.16
7693 35.59
6498 34.33
4665 36.24
4151 35.40
7676 34.86
7065 33.77
5936 34.85
3992 35.14
7589 33.90
4070 34.96
7738 33.20
4879 33.53
11245 34.60
4203 33.53
6746 33.78
4885 32.52
8078 33.83
5532 31.14
7157 33.90
6172 31.41
7458 33.38
5565 31.17
7586 32.64
5096 30.71
7648 33.15
5901 30.93
7761 32.84
5176 30.97
10912 29.39
4284 31.57
8619 31.90
4942 30.05
8649 31.95
5383 30.69
8739 32.44
5288 30.82
8227 32.99
6074 31.36
8642 33.22
5975 31.98
8880 33.66
6422 33.88
8724 35.15
5691 34.73
9545 36.38
4708 35.28
6813 36.22
5386 35.58
8125 36.80
5793 34.73
7036 35.18
6243 34.08
7265 37.18
6104 35.14
7299 36.21
3920 36.67
7426 36.53
5651 34.51
6558 36.11
4590 35.98
9828 35.85
5271 35.49
6543 34.47
5426 33.40
6555 34.38
4041 35.23
7801 33.76
3586 34.62
8694 34.37
4938 32.72
5887 32.95
3548 32.62
7654 32.28
2806 32.53
7180 30.41
3411 29.95
10017 30.27
4754 30.41
8643 32.45
5672 30.87
8406 33.63
5915 31.20
7468 32.66
5938 31.72
7917 34.10
5745 31.98
7713 33.39
6423 32.84
8959 34.73
5643 34.46
8121 34.75
6500 34.57
10632 34.41
4874 34.50
7433 34.15
3954 34.43
8645 34.80
6051 33.68
4993 35.63
4481 34.90
7253 34.45
3685 35.25
6446 33.96
4541 34.58
7923 33.51
7310 32.65
7645 33.32
4231 34.64
10557 34.10
4942 33.39
7180 32.35
4457 33.05
7034 32.90
4132 33.88
