9625 31.97
376 33.36
2656 29.45
2937 28.41
3933 26.94
4320 26.14
3784 25.78
3631 25.61
3696 25.42
3605 25.02
4136 24.63
3884 24.56
3563 24.49
4027 24.11
3870 23.88
4075 24.16
4355 23.74
4363 23.92
3719 24.26
4081 24.16
3344 24.40
3961 24.12
4577 23.69
4186 24.08
4055 24.45
3637 24.44
4251 24.07
4111 23.93
4500 23.51
4048 23.67
4200 23.56
3918 23.83
10957 29.95
1896 28.44
2158 28.01
2533 27.30
3555 26.47
3939 25.84
4150 25.19
3658 24.89
4046 24.63
3876 24.25
3619 24.47
3734 24.29
3992 23.78
4017 23.66
4429 23.77
3539 24.40
4213 23.73
3400 23.90
4506 23.42
3617 23.85
3876 23.53
4309 22.87
4273 22.64
3610 23.17
3759 23.42
4158 23.57
4407 23.18
3596 23.49
4468 23.16
4016 23.21
4078 22.88
3740 22.97
10954 29.27
1989 27.54
2479 26.95
2988 26.20
4079 24.91
4130 24.39
3577 24.34
3732 23.99
3585 23.89
4273 23.64
3711 24.08
3920 23.80
4196 23.55
4138 23.35
3693 23.61
4141 23.33
4583 23.15
3496 23.51
3984 23.19
4491 22.86
3378 23.55
4307 23.20
4207 22.91
3918 23.11
4208 23.36
4458 23.07
3821 23.44
4564 22.91
3910 23.09
4428 23.30
4184 23.41
3805 23.50
11104 29.10
1367 28.34
2050 27.72
2555 27.20
4195 25.47
4674 24.32
3514 24.18
3701 24.07
4269 23.90
3369 24.02
4065 23.71
3997 23.44
4350 23.35
3962 22.84
3654 22.94
3808 23.19
4664 23.04
3886 23.58
3531 23.70
4218 23.61
4326 23.56
3628 23.49
4094 23.21
3784 22.95
3940 22.85
4118 22.89
3779 23.00
4071 22.70
4547 22.38
3493 22.66
4586 22.36
4326 22.73
11176 28.72
891 28.71
2639 26.66
3392 25.44
3514 24.81
4455 23.71
3253 24.14
3745 23.35
3495 23.27
4325 23.01
4148 22.90
4404 22.67
3817 22.94
3995 23.07
3999 23.28
4308 23.04
3874 23.24
4137 22.85
4025 22.84
4622 22.86
3913 23.33
3791 23.19
4150 23.37
4716 23.26
4038 23.70
3783 23.63
4698 23.12
3976 23.27
3849 23.44
4276 23.15
4018 22.86
3763 23.25
11586 29.12
2272 27.42
2557 26.72
3139 25.96
2934 25.55
3528 24.68
3600 24.59
4184 24.29
3628 24.27
4219 23.76
3425 24.13
4072 23.88
4362 23.51
3645 23.90
4185 23.11
3432 23.56
3975 23.15
4528 22.89
3340 23.19
4461 22.76
3969 23.12
3883 23.00
4390 22.73
3779 23.19
4663 22.75
3609 23.20
4059 22.96
4429 22.58
3755 22.78
4249 22.60
3963 22.49
3755 22.77
11582 28.53
1462 27.77
2154 27.05
2867 25.95
3841 24.86
3871 24.18
3778 24.02
4121 23.86
3427 23.74
4224 23.21
3006 23.35
3997 22.92
4257 23.19
4613 22.70
3370 23.47
4378 22.56
3092 22.81
3158 22.72
4387 22.20
4057 22.88
4320 22.85
4071 23.00
3747 23.33
4275 22.69
3730 23.13
4629 22.83
3660 22.96
4629 22.52
4296 22.67
4146 22.99
3910 23.19
3864 23.05
11352 29.05
1392 28.37
2018 27.76
2148 27.48
3962 25.67
4153 24.75
4191 24.10
4044 23.35
3616 23.48
4475 23.09
3377 23.71
4249 23.15
4045 23.13
3267 23.64
3891 23.29
4534 23.04
3984 22.90
3400 23.26
4029 22.94
4133 22.91
4522 22.44
3943 22.51
4259 22.27
3369 22.66
4547 22.24
3752 22.14
3638 22.29
4991 22.47
4561 22.92
3322 23.26
3559 23.07
4112 22.39
11344 28.60
2156 27.59
2499 27.12
2590 26.90
2685 26.51
3633 25.45
4219 24.57
4352 23.84
3411 23.98
4271 23.41
3607 23.77
4287 23.45
3966 23.42
4058 23.42
3930 23.24
4081 23.11
4638 22.80
3385 23.33
4195 23.15
3731 23.34
4158 22.96
3882 23.18
3910 22.99
3981 23.15
4117 22.69
3891 23.12
4773 22.71
3957 22.98
3971 23.05
4131 23.05
4014 23.01
3649 23.20
11088 29.02
1692 27.92
2026 27.28
2949 26.43
3789 25.34
3582 25.40
4060 24.67
4103 24.32
4238 23.63
3380 23.83
3593 23.95
4311 23.70
