10452 31.21
550 31.87
2622 28.83
3610 27.48
5015 25.69
4228 25.39
4085 25.10
4347 24.70
3834 24.79
4232 24.16
4576 23.94
4415 23.76
4005 23.85
4245 23.55
4229 23.38
4394 23.62
4823 23.03
4800 23.28
4343 23.37
4491 23.53
3574 23.74
4502 23.43
4888 23.29
4757 23.50
4753 23.67
4078 23.84
4104 23.67
4781 23.17
4683 22.96
4274 23.18
4755 22.82
4445 23.09
12057 29.02
2111 27.52
2406 27.29
3470 26.24
3976 25.40
5084 24.48
3627 24.83
4022 24.19
4333 23.91
4488 23.56
3848 23.79
4353 23.53
4364 23.36
4370 23.15
4799 23.05
3994 23.68
4666 23.12
3889 23.37
4719 22.94
4043 23.20
4314 22.89
4547 22.44
4684 22.05
4654 22.24
3950 22.97
4591 23.08
4613 22.64
4035 22.92
4801 22.60
4483 22.65
4591 22.23
4013 22.39
12113 28.32
1768 27.03
2268 26.64
4218 25.05
3376 24.78
3887 24.44
4554 23.63
4539 23.21
3974 23.25
4717 22.95
4230 23.41
4254 23.26
4561 22.96
4904 22.64
3689 23.36
4456 22.92
4740 22.90
4801 22.57
3789 23.00
4620 22.68
4115 22.97
4390 22.94
4785 22.37
4143 22.64
4496 22.86
5212 22.39
4248 22.88
4463 22.67
4566 22.50
5068 22.68
4804 22.76
4309 23.04
11223 29.00
2318 27.19
2533 26.76
3500 25.89
3734 25.17
4870 23.92
3933 23.73
4013 23.61
4666 23.30
3809 23.46
4415 23.17
4282 22.99
4638 22.87
4530 22.26
3888 22.61
4236 22.62
5029 22.46
4162 23.05
4119 23.05
5012 22.73
4296 23.13
4396 22.63
4985 22.33
3558 22.69
4364 22.33
4560 22.26
4207 22.39
4642 22.16
4544 22.05
4581 21.66
4394 22.14
4902 22.15
12684 27.56
974 28.13
2492 26.24
3660 24.79
4029 24.12
4377 23.33
3813 23.43
4115 22.80
4108 22.48
4654 22.40
4870 22.14
4620 22.08
4266 22.38
4419 22.51
4460 22.68
4722 22.33
4256 22.75
4432 22.42
4631 22.18
4886 22.42
4531 22.71
4295 22.43
4528 22.76
5141 22.64
4613 23.01
4346 22.87
4806 22.70
4513 22.64
4269 22.77
4710 22.43
4585 22.25
4222 22.59
12852 28.21
2054 26.83
2616 26.44
2938 25.60
3264 25.22
4193 24.03
4382 23.69
4535 23.55
4248 23.55
4777 23.06
3750 23.58
4217 23.28
4500 22.99
4557 22.96
4611 22.42
3768 23.03
4691 22.42
4331 22.64
4351 22.30
4952 22.02
4046 22.63
4401 22.52
4769 22.10
4217 22.50
5066 22.17
4193 22.55
4701 22.22
4279 22.27
5070 21.81
4248 22.23
4293 21.88
4389 22.22
12726 27.59
1701 27.25
2763 26.16
2729 25.57
3642 24.51
4706 23.44
4184 23.38
4500 23.26
3784 23.14
4637 22.61
3472 22.86
4201 22.44
4721 22.51
4965 22.24
3937 22.63
4610 22.05
3965 21.78
3336 22.30
4829 21.71
4355 22.36
5014 22.21
4388 22.44
4123 22.78
4758 22.18
4131 22.64
4827 22.49
4258 22.46
5065 22.04
4757 22.16
4564 22.37
4619 22.43
4152 22.59
12342 28.31
1456 27.73
2191 27.04
3404 25.89
3691 24.96
4218 24.31
4710 23.51
4434 22.77
3860 22.98
4492 22.74
4179 22.89
4394 22.80
4299 22.61
3901 22.94
4747 22.49
4165 22.83
4824 22.10
3782 22.67
4305 22.42
4734 22.27
4155 22.24
4618 21.94
4306 22.02
4407 21.68
4802 21.68
4729 21.24
3907 21.80
5157 22.11
5221 22.32
3864 22.55
3937 22.40
4372 21.76
12484 27.72
2073 26.91
2647 26.28
2889 26.21
3150 25.69
4345 24.61
4387 23.97
4753 23.22
3908 23.24
4482 22.86
4578 22.77
4737 22.72
3722 23.15
4669 22.73
4356 22.76
4534 22.51
5057 22.25
3771 22.79
4519 22.64
4337 22.67
4966 22.19
3803 22.77
4640 22.17
4125 22.53
4815 22.03
4251 22.43
5137 22.11
4420 22.40
4394 22.38
4528 22.36
4610 22.34
4204 22.50
12988 27.57
1177 27.53
2064 26.85
2576 26.22
4520 24.71
4227 24.61
4357 24.00
5028 23.31
4404 23.00
3876 23.14
4128 23.23
4399 23.17
