1159 50.76
12 46.00
528 44.03
573 43.45
501 42.63
486 41.60
576 40.87
416 40.79
586 39.79
611 39.06
518 39.06
582 38.72
474 38.37
635 38.03
415 38.29
624 37.90
560 37.66
719 37.10
238 38.99
609 37.22
439 37.39
643 36.88
623 36.47
542 36.63
456 37.06
622 36.04
629 35.75
661 35.68
634 35.57
528 36.19
642 35.78
387 36.21
709 47.99
804 42.45
684 40.68
602 40.16
617 39.48
509 39.44
566 38.80
434 38.40
630 37.85
604 37.56
412 37.96
632 37.15
596 36.83
496 37.34
632 36.32
524 36.63
682 36.18
276 37.05
625 36.18
473 35.84
664 35.52
613 35.41
662 34.93
399 35.72
566 35.37
543 35.46
704 34.69
409 35.69
665 35.25
487 35.54
701 34.49
500 35.39
1348 43.91
480 40.40
468 40.03
508 39.21
528 38.75
507 38.23
584 37.59
637 37.15
643 36.81
607 36.98
443 37.30
604 36.27
699 36.01
362 36.71
630 35.58
592 35.67
615 35.67
696 35.13
343 35.92
661 34.96
358 35.86
632 35.50
646 34.84
456 35.49
667 35.19
460 35.03
687 34.58
504 34.96
628 34.21
537 34.90
560 35.07
569 35.09
1641 42.64
251 41.52
346 40.28
381 39.98
832 38.10
471 37.80
578 38.12
542 37.65
644 37.15
584 36.86
591 36.67
605 36.25
500 36.11
685 35.72
396 36.19
591 35.57
682 35.26
378 36.27
596 35.75
526 35.67
704 35.17
362 35.65
621 35.37
675 34.57
479 35.16
588 34.88
602 34.50
685 34.38
453 34.66
624 34.13
591 34.39
669 34.28
1578 42.54
356 39.95
381 39.50
508 38.70
512 38.52
507 38.03
513 37.84
651 36.91
671 36.45
568 36.45
544 36.08
654 35.59
465 35.64
576 35.88
417 36.01
669 35.70
400 36.30
689 35.26
522 35.75
638 35.19
470 35.80
724 35.43
483 36.00
647 35.54
507 35.55
580 35.41
664 34.99
533 35.42
434 35.41
684 34.59
470 34.72
518 34.81
1676 42.76
313 40.13
398 39.53
403 39.19
543 38.68
421 37.70
646 37.53
652 37.12
609 36.86
598 36.48
437 36.44
617 36.23
642 36.01
401 36.56
744 35.69
410 35.67
610 35.24
590 35.21
659 34.83
521 35.04
586 35.20
633 34.77
486 35.13
642 34.31
549 34.51
596 34.32
649 34.36
610 34.29
529 34.41
729 33.94
440 34.42
545 33.84
1748 42.01
343 40.87
356 39.62
407 38.94
548 38.01
526 37.94
482 37.85
613 37.11
622 36.76
670 35.63
479 35.99
520 35.89
529 35.34
702 34.97
400 36.04
715 34.83
497 35.31
498 35.03
688 34.92
401 35.51
637 35.09
565 35.04
367 35.93
693 34.68
447 35.41
697 34.64
463 35.09
670 34.16
569 34.70
477 34.74
662 34.27
638 34.07
1642 42.78
267 40.69
325 40.16
492 39.29
491 39.04
543 38.34
671 37.34
620 36.83
506 36.83
606 36.47
483 36.23
704 35.66
377 35.72
588 35.33
612 35.26
626 35.32
682 34.86
313 35.76
582 34.99
565 34.83
616 34.75
700 33.96
460 35.04
646 34.47
470 34.58
718 34.15
463 34.46
498 34.57
601 34.59
661 34.25
466 34.78
682 33.89
1609 42.42
252 39.97
389 39.38
425 38.99
458 38.55
623 38.26
673 37.55
618 36.67
512 36.85
638 36.18
560 36.58
589 36.06
618 35.89
695 35.64
425 36.13
623 35.77
680 35.21
354 35.81
630 35.43
586 35.03
716 34.62
346 35.57
739 35.35
458 35.51
705 34.73
494 35.27
714 34.94
480 35.31
615 34.98
553 35.25
678 34.71
477 35.46
1588 42.89
405 41.08
435 39.85
411 39.73
492 39.18
477 39.15
602 38.12
632 37.58
592 36.96
720 36.76
388 37.06
539 36.76
