3575 39.80
258 38.65
1355 36.13
1857 34.40
1678 33.33
1491 32.83
1737 32.22
1590 31.94
1430 31.56
1788 30.72
1687 30.54
1811 30.16
1459 30.03
1738 29.65
1613 29.45
1777 29.44
2005 29.05
2007 29.19
1156 30.08
1718 29.51
1572 29.32
1910 28.97
1945 28.91
1589 29.43
1778 29.49
1686 29.33
1800 28.71
1914 28.54
2028 28.42
1620 28.53
1881 28.41
1725 28.70
4897 36.31
759 34.48
912 33.73
1176 33.05
1913 31.93
1596 31.64
2016 30.93
1715 30.44
1668 30.18
1537 29.88
1695 29.57
1862 29.19
1848 29.00
1491 29.02
2075 28.81
1242 29.86
1904 29.02
1500 29.04
1791 28.63
1849 28.48
1870 28.12
2054 27.64
1621 27.71
1996 27.52
1136 28.79
1856 28.36
2069 27.84
1422 28.58
2014 27.96
1625 28.19
2005 27.78
1617 28.00
5310 35.08
502 33.87
796 33.47
1564 31.90
1605 31.18
1576 30.72
1732 30.24
1878 29.65
1843 29.14
1878 29.07
1416 29.51
1793 29.13
1977 28.57
1317 28.97
1900 28.51
1778 28.34
1816 28.37
1785 28.17
1816 28.01
1779 27.98
1427 28.33
1979 28.02
1833 27.47
1901 27.74
1515 28.13
1957 27.96
1665 28.19
1944 27.63
1782 27.83
1878 27.84
1793 28.14
1676 28.25
4987 35.49
1037 32.92
1146 32.39
1225 32.25
1219 31.68
1707 30.88
1829 30.21
1774 29.70
1770 29.50
1531 29.45
1921 28.90
1676 28.88
2095 28.42
1396 28.48
1785 28.03
1449 28.22
2111 27.94
1359 28.90
1736 28.46
2001 28.19
1630 28.57
1795 28.07
1825 27.99
1944 27.45
1358 27.97
2108 27.41
1489 27.86
1862 27.61
1830 27.46
1776 27.21
2051 27.33
1828 27.47
5267 34.68
593 33.30
878 32.74
1088 31.97
1701 30.86
1663 30.31
1778 29.72
1901 28.86
1605 28.84
1555 28.79
1957 28.42
1938 28.10
1480 28.52
2058 27.94
1325 28.92
1911 28.09
1691 28.14
2001 27.68
1429 28.30
1985 28.31
1675 28.55
2011 27.96
1608 28.54
2104 28.21
1509 28.80
1897 28.32
2021 27.98
1730 28.23
1556 28.32
1969 27.57
1796 27.66
1525 28.11
5444 35.15
803 33.46
1033 32.90
1112 32.18
1509 31.32
1479 30.55
1676 30.32
2156 29.37
1486 29.74
1833 29.12
1326 29.54
1894 28.83
2005 28.59
1280 29.09
2044 28.13
1349 28.79
1784 28.17
2015 27.85
1385 28.18
1877 27.80
2007 27.79
1447 28.20
1872 27.81
2008 27.51
1525 28.08
1976 27.54
1565 27.71
1987 27.46
1559 27.64
1962 27.31
1956 27.03
1558 27.58
5232 34.90
719 33.55
1080 32.84
932 32.35
1765 31.20
1518 30.53
2115 29.70
1872 29.40
1318 29.30
1921 28.58
1005 28.85
1936 27.96
1349 28.49
2095 28.21
1276 28.70
1925 27.76
1589 27.62
1168 27.83
1978 27.30
1472 28.05
1908 27.85
1767 27.78
1562 28.22
1841 27.57
1494 27.96
2044 27.55
1648 27.64
2003 27.61
1754 27.56
1770 27.63
1931 27.58
1800 27.65
5157 35.37
698 33.93
869 33.15
1379 32.18
1399 31.39
1974 30.64
1574 30.16
1922 29.07
1677 29.09
1739 28.73
1503 28.92
1698 28.59
1966 28.32
1064 29.08
1855 28.26
1934 28.09
1830 27.66
1202 28.53
1861 27.83
1699 27.95
1802 27.44
1959 27.11
1665 27.35
2029 26.69
1442 27.62
1921 26.91
1489 27.25
2198 27.23
1887 27.68
1626 27.54
1678 27.57
1847 26.95
5175 34.97
841 33.77
1056 33.16
1157 32.68
1311 31.83
2208 30.64
1928 29.97
1736 29.42
1475 29.33
1730 29.03
1849 28.48
1918 28.48
1597 28.60
1998 28.12
1165 29.03
1919 28.05
1857 28.09
1938 27.72
1418 28.24
1908 27.86
1854 27.79
1549 27.97
1970 27.62
1424 28.24
1864 27.68
1900 27.65
2088 27.51
1562 28.12
1858 27.76
1641 27.86
2016 27.32
1467 27.76
4968 35.43
1003 33.55
1083 32.80
1144 32.52
1249 32.35
1873 31.28
1695 30.71
1985 29.89
1693 29.61
1384 29.18
1367 29.44
1801 29.15
