6362 35.44
378 35.58
1944 32.28
2607 30.73
2899 29.42
2348 29.23
2610 28.62
2476 28.33
2651 27.88
2752 27.16
3075 26.82
1932 27.60
2737 26.86
2814 26.57
2499 26.35
2806 26.45
3195 25.92
2961 26.19
2265 26.69
2731 26.62
2345 26.56
3008 26.14
2996 26.17
2809 26.58
2752 26.60
2630 26.42
2788 26.36
2848 26.03
3025 25.79
2873 25.91
2884 25.65
2908 25.85
7661 32.90
1294 31.36
1586 30.49
2006 29.52
2372 28.92
3277 27.92
2379 27.95
2640 27.19
2735 27.06
2703 26.67
2462 26.80
2554 26.42
3198 25.90
1758 26.97
2988 26.29
2786 26.43
3036 25.92
2119 26.41
2971 25.89
2848 25.68
2719 25.53
2777 25.17
2916 24.82
3084 24.79
2214 25.85
3223 25.49
2710 25.51
2549 25.69
3220 25.18
2598 25.56
3017 24.89
2567 25.14
8136 31.78
772 31.08
1395 30.02
2169 29.14
2897 27.58
2295 27.52
2998 26.75
2931 26.39
2518 26.24
2972 25.94
2411 26.43
2649 26.39
2894 25.73
3075 25.54
2008 26.27
2870 25.63
3219 25.55
2302 25.91
2818 25.57
2844 25.48
2358 25.76
2697 25.64
3110 25.12
2771 25.34
2840 25.53
3230 25.17
2437 25.70
3100 25.08
2814 25.28
3049 25.38
2971 25.51
2757 25.74
7745 32.17
1131 30.73
1483 30.17
1610 29.75
2644 28.57
2776 27.60
3188 26.50
2474 26.55
2813 26.44
2482 26.36
2967 25.98
2811 25.77
2663 25.85
3092 25.11
2088 25.77
2634 25.46
3089 25.39
2562 25.91
2726 25.54
3215 25.51
2464 26.11
2771 25.47
2872 25.31
2903 24.94
2286 25.41
2929 25.02
2837 24.94
3205 24.55
2558 25.04
2717 24.60
3033 24.62
3136 24.71
7913 31.56
798 30.87
1377 29.92
2190 28.34
2875 27.19
2939 26.63
2436 26.52
2282 26.27
2535 25.71
3021 25.40
2972 25.28
2855 25.20
2467 25.37
3235 25.18
2399 25.74
2896 25.28
2836 25.40
2869 25.15
2731 25.16
3231 25.08
2647 25.73
2919 25.29
2761 25.67
3021 25.60
2831 25.72
2672 25.62
3214 25.19
2588 25.49
2461 25.64
3073 25.14
2956 24.94
2463 25.34
8243 32.03
1135 31.06
1628 29.81
1648 29.51
2387 28.22
2550 27.28
2921 26.88
2830 26.72
2715 26.45
2883 26.13
2114 26.61
2747 26.26
3109 25.84
2381 26.20
2930 25.58
2307 25.99
2595 25.50
2851 25.45
2937 24.96
2985 24.87
2875 25.08
2643 25.19
3111 24.82
2389 25.35
3277 24.87
2409 25.40
3060 24.88
2637 24.99
2879 24.73
3098 24.64
2439 24.82
2694 24.86
8201 31.52
1097 30.63
1541 29.53
1672 29.03
2236 28.09
2909 27.05
3117 26.43
2796 26.33
2233 26.27
2956 25.62
1990 25.96
2581 25.57
2923 25.34
3056 25.27
2230 25.52
3042 24.95
2354 24.75
1997 25.15
3090 24.56
2445 25.27
3182 24.82
2635 25.28
2652 25.29
2783 25.04
2536 25.36
3134 25.25
2730 25.01
2963 24.82
3211 24.80
2698 25.11
2778 25.22
2809 25.01
7936 32.10
1334 30.13
1656 29.86
1670 29.52
2016 28.46
2861 27.53
3260 26.47
2512 26.04
2416 25.81
2989 25.55
2378 26.07
2700 25.65
2835 25.44
2134 25.92
2786 25.53
2889 25.41
3067 24.80
2124 25.64
2737 25.08
2582 25.15
2971 24.59
2945 24.46
3006 24.42
2358 24.72
2984 24.41
3168 23.78
2293 24.63
3447 24.65
3113 25.04
2519 25.14
2628 24.95
2774 24.47
8503 31.15
1056 30.62
1497 30.10
1682 29.46
2123 28.86
2536 28.21
2787 27.30
3275 26.31
2595 26.23
2531 26.19
3295 25.42
2148 26.25
3134 25.59
2372 25.97
2993 25.32
2510 25.61
3158 25.14
2314 25.48
3112 25.11
2267 25.65
2968 25.08
2533 25.30
3099 24.82
2433 25.51
2874 24.95
2889 25.12
3276 24.70
2710 25.01
2802 25.04
2739 25.19
2895 25.14
2417 25.24
7711 32.12
1459 30.31
1625 29.33
1941 29.04
2156 28.34
2704 28.07
2901 27.33
3023 26.72
2653 26.29
2351 26.22
2302 26.34
2838 26.07
