939 51.00
125 51.00
735 51.00
855 51.00
635 51.00
612 51.00
489 51.00
551 51.00
568 51.00
574 51.00
584 51.00
574 51.00
469 51.00
542 51.00
498 51.00
491 51.00
897 51.00
385 51.00
437 51.00
383 51.00
374 51.00
380 51.00
325 50.99
360 50.36
448 50.14
492 49.84
498 49.25
535 48.99
556 49.71
485 50.10
517 49.81
564 49.07
976 51.00
489 51.00
504 51.00
497 50.94
482 50.83
482 50.93
503 50.90
486 50.68
524 50.56
486 50.30
509 49.65
521 50.17
664 49.76
630 49.82
584 49.94
662 49.60
989 51.00
544 50.58
618 51.00
664 51.00
646 51.00
657 51.00
906 50.82
855 51.00
695 51.00
629 51.00
595 51.00
585 51.00
664 51.00
672 51.00
519 51.00
474 51.00
906 51.00
381 51.00
565 51.00
478 51.00
639 51.00
744 51.00
691 51.00
540 51.00
537 51.00
689 51.00
723 51.00
672 51.00
935 51.00
890 51.00
783 51.00
749 51.00
953 51.00
519 51.00
560 51.00
637 51.00
487 51.00
563 51.00
577 51.00
536 51.00
590 51.00
528 51.00
498 51.00
527 51.00
607 51.00
661 51.00
717 51.00
727 51.00
1057 51.00
471 51.00
560 51.00
553 51.00
645 51.00
576 51.00
691 51.00
602 51.00
620 51.00
633 51.00
519 51.00
567 51.00
515 51.00
453 51.00
387 51.00
376 51.00
534 51.00
239 51.00
173 51.00
215 50.95
260 50.85
260 50.72
256 50.66
381 49.26
429 49.26
493 50.30
586 49.29
680 50.22
686 51.00
791 51.00
733 51.00
753 51.00
814 51.00
581 51.00
572 51.00
530 51.00
638 51.00
653 51.00
695 51.00
602 51.00
600 51.00
632 51.00
679 51.00
697 51.00
681 51.00
800 51.00
759 51.00
682 51.00
1152 51.00
586 51.00
512 51.00
522 51.00
554 51.00
497 51.00
