8474 39.89
5842 36.93
5888 35.66
5613 35.11
5774 34.62
6299 34.07
6040 33.46
5159 33.20
6528 32.74
7518 32.96
6033 32.61
5808 31.80
7047 31.51
4711 31.75
6240 30.72
7257 29.75
12778 33.35
5988 31.51
5844 30.04
6955 30.28
7566 30.57
5120 29.95
7338 29.46
5601 30.39
6136 30.01
4504 29.91
6953 28.31
7937 28.50
8889 29.77
7773 30.01
4863 31.04
7099 30.22
12700 35.49
5523 34.89
7713 33.70
6750 33.43
7427 32.45
6936 32.47
5266 33.13
5605 32.78
5837 32.66
6046 32.65
6534 31.96
6554 31.95
5885 32.32
6662 31.74
7700 31.73
6918 31.27
12883 33.51
5036 32.07
5694 31.48
6631 31.03
6795 30.44
6600 30.51
6883 31.02
6273 31.20
6666 30.24
6227 30.11
5864 29.73
5954 28.59
6296 29.38
6595 29.67
6192 29.49
6119 28.92
12295 28.39
5554 29.59
5835 29.15
6910 27.63
7154 27.72
7821 27.56
6945 28.34
6500 28.64
6163 29.56
7210 29.32
7603 29.28
7785 29.52
7871 29.93
10532 30.58
10546 31.84
8806 32.21
9167 36.70
5365 35.28
6023 35.41
6391 34.52
5845 34.04
6059 33.62
6657 33.36
5300 34.10
5628 34.17
6156 33.85
6749 34.09
6291 33.34
6189 33.26
6463 33.09
6687 33.21
6225 33.18
11574 34.68
6180 34.94
7216 32.69
7805 31.79
7077 32.70
5069 33.63
5238 33.03
5096 32.59
5938 32.30
5829 31.26
6082 30.42
5438 30.07
5404 29.65
5294 28.89
5533 27.91
6347 27.02
11009 29.61
5152 30.12
7921 30.39
5181 30.50
5199 30.42
5784 29.87
5983 30.22
6583 30.16
7056 29.29
7705 29.37
8190 29.68
8090 30.47
8758 30.96
8466 31.50
8967 31.82
9130 32.28
12921 33.10
5618 33.83
5485 33.29
5972 32.06
6836 32.33
5793 32.90
5710 32.72
5920 32.58
5833 32.07
6599 31.83
5899 31.98
6082 31.95
6425 31.97
6828 32.08
6707 31.99
7007 31.91
12369 33.10
5668 32.04
7408 30.81
5653 31.09
6406 30.81
5887 31.39
