1474 51.00
581 51.00
897 51.00
595 51.00
621 51.00
658 51.00
688 50.58
776 50.64
752 50.57
844 50.42
815 49.79
779 49.86
693 49.83
684 49.09
714 47.80
766 49.04
1330 51.00
533 48.25
624 47.38
703 46.55
736 46.41
786 45.41
775 44.53
725 45.07
735 44.80
876 44.97
902 43.27
721 44.73
860 46.16
728 46.43
812 45.53
919 45.25
1366 51.00
627 48.34
736 47.50
706 47.17
662 47.65
829 47.13
704 46.65
776 46.73
793 47.18
698 46.44
698 47.11
789 45.62
975 46.39
986 46.36
942 45.83
977 46.33
1499 51.00
689 48.83
788 47.92
846 47.19
1020 47.41
896 47.98
1200 47.91
1120 48.79
852 47.96
811 47.86
796 47.48
762 47.30
912 48.16
864 47.77
768 47.54
703 47.39
1000 51.00
641 46.75
779 47.49
772 46.12
906 46.59
1049 46.97
910 47.70
792 47.55
810 47.89
913 47.46
1094 47.04
982 47.14
1229 47.41
1388 48.34
1264 48.60
1100 49.45
1383 51.00
729 50.95
806 51.00
719 51.00
597 50.99
686 50.93
781 50.72
720 50.42
789 50.47
728 50.72
723 50.53
697 50.50
960 50.38
899 50.28
1072 50.58
971 50.10
1420 51.00
558 50.99
731 50.71
671 50.66
885 50.45
799 50.60
796 50.30
817 50.17
810 50.58
746 50.21
834 50.31
669 48.75
725 48.35
727 48.74
571 47.37
573 45.63
611 51.00
307 47.00
286 45.92
442 44.09
451 43.93
542 44.00
528 44.01
977 42.98
981 42.07
1025 42.22
1098 43.62
993 44.56
973 46.73
1073 48.49
1076 49.06
1195 48.60
1225 50.95
698 50.82
709 50.74
757 50.35
743 50.27
726 50.70
815 50.55
793 49.68
771 49.63
777 49.76
750 49.68
792 49.32
883 49.24
884 49.89
898 49.55
901 49.85
1463 51.00
664 49.54
696 47.72
712 47.96
838 45.77
736 47.47
