13129 37.16
8002 34.68
8793 33.23
7142 33.06
7663 32.41
8792 31.70
8330 31.12
7556 30.95
10219 30.52
11088 30.57
7129 30.97
8027 29.70
9046 29.60
6637 29.24
8447 28.42
10060 27.58
16803 31.24
7228 29.49
8721 27.82
9859 28.33
10590 28.61
7443 27.90
8758 27.76
8861 28.36
7724 28.32
6368 28.01
9930 26.62
10626 26.81
12709 27.80
11258 27.90
9777 28.08
10399 27.87
17961 33.29
7485 33.04
10013 31.88
7443 31.72
8902 31.01
8696 30.76
7694 30.85
7980 30.85
8462 30.81
8142 30.76
8986 30.03
8861 29.89
7954 30.19
9357 29.71
11151 29.70
9493 29.39
17952 30.92
6655 29.94
7907 29.35
9114 29.18
8751 28.28
8955 28.09
9248 28.57
8087 28.87
8477 28.09
8512 27.65
8155 27.22
7908 26.35
8651 26.97
8843 27.27
8545 26.96
8046 26.39
16601 25.58
8800 25.89
8525 25.85
8875 25.52
9573 25.44
10293 25.31
9394 26.16
9080 26.27
9480 26.46
10919 26.37
10543 26.66
10850 26.96
10679 27.46
14790 28.20
14315 29.66
12429 29.92
12756 34.31
7058 33.37
9343 33.17
8701 32.35
7806 32.02
7654 31.69
8228 31.25
7669 31.59
7845 31.97
8354 31.95
9208 31.99
7596 31.75
8169 31.26
9053 30.81
8785 31.01
7733 31.20
16235 32.22
8331 33.16
9345 30.72
11031 29.93
9164 30.98
6590 31.72
8151 30.16
7079 29.65
8659 29.72
8144 29.18
8042 28.22
8164 27.78
7579 27.64
7303 26.67
7531 26.02
8147 25.06
15516 27.31
7882 28.03
11768 28.29
8131 28.09
7677 28.07
7957 27.70
8241 27.96
8587 28.19
7464 28.29
8183 28.62
9381 28.76
10884 28.72
10981 29.35
10911 29.66
11844 29.99
12535 30.18
17824 30.88
8325 31.28
7450 31.04
8598 29.71
9209 30.47
8523 30.52
6974 30.97
7644 30.50
8737 29.76
9112 29.28
7990 29.77
8399 29.94
8979 29.47
9371 29.78
9180 29.93
9005 29.69
17273 30.90
7641 29.98
9813 28.80
7826 29.09
8640 28.71
8384 29.09
