14241 36.75
7428 34.60
9114 32.80
8136 32.52
7944 32.15
8551 31.45
8402 30.78
8519 30.26
10294 30.22
11738 30.39
7115 30.89
8363 29.52
9215 29.41
7000 29.13
8657 28.20
10493 27.31
16814 31.22
8217 28.94
8235 27.77
10344 27.99
11845 28.25
6811 27.87
9293 27.65
8288 28.45
8090 28.14
7000 27.37
9257 26.67
10814 26.72
12240 27.97
12623 27.61
10809 27.72
10676 27.73
18334 33.18
8076 32.86
10598 31.43
9079 31.04
9873 30.26
7407 31.13
7893 30.82
8585 30.45
8976 30.25
8226 30.42
8758 30.01
8749 29.73
9027 29.69
9797 29.37
11741 29.37
9351 29.46
18517 30.72
6804 29.83
8392 29.05
9573 28.90
9257 28.07
8876 28.01
9570 28.38
8429 28.62
8808 27.88
8798 27.41
8647 26.72
8190 26.19
8966 26.69
8965 27.18
8293 27.15
8575 26.27
17367 25.23
9338 25.49
8497 25.73
9181 25.20
9750 25.30
10684 25.16
9480 26.01
9424 25.99
9797 26.18
11006 26.23
10848 26.47
11198 26.78
11015 27.21
15310 27.99
14753 29.49
12668 29.77
12864 34.26
7097 33.11
9241 33.37
8738 32.33
8300 31.80
7439 31.63
7933 31.47
8089 31.39
8318 31.54
9041 31.48
10161 31.47
7767 31.40
8057 31.22
9362 30.57
8855 30.89
8115 30.87
16843 31.96
8533 32.87
9719 30.50
11366 29.68
10157 30.31
7674 30.67
7108 30.55
7241 29.89
8983 29.56
8386 28.89
8488 27.94
8117 27.72
7836 27.39
7809 26.48
7241 26.15
8374 24.94
15247 27.37
8155 27.82
10780 28.52
7775 28.19
7943 28.08
8067 27.58
9035 27.71
10221 27.55
9767 27.23
8525 28.08
10684 28.04
11269 28.35
11596 28.80
11616 29.27
12149 29.66
12444 30.12
17738 30.82
8653 31.17
7744 30.94
7929 29.96
9778 30.20
8606 30.35
7394 30.52
7814 30.23
9056 29.50
9344 29.17
8479 29.58
8549 29.61
8800 29.60
9571 29.62
9650 29.60
9407 29.48
18250 30.52
7857 29.76
10148 28.59
8016 29.06
9058 28.44
8623 28.51
