18061 35.04
8610 33.23
12001 31.38
9199 31.23
10588 30.36
10193 29.96
10490 29.30
11208 28.80
13622 28.82
15191 28.63
10768 28.25
9645 28.13
11285 28.12
8368 27.80
11218 26.44
12338 25.94
20651 29.58
9428 27.60
10905 26.26
12544 26.80
13711 26.98
9727 26.33
10875 26.41
10898 27.02
9743 26.88
9441 26.27
11148 25.55
13077 25.49
15707 26.54
14318 26.72
12501 26.81
13231 26.60
22894 31.53
9937 31.28
11629 30.28
8819 30.27
9595 29.66
11002 29.56
10341 29.46
10726 29.24
10198 29.33
10673 29.15
11234 28.72
10469 28.51
10879 28.49
11794 28.56
14396 28.40
11397 28.11
22369 29.13
8347 28.37
10086 27.76
11590 27.48
10972 26.74
10938 26.53
11761 26.96
10047 27.15
10709 26.22
10621 25.89
9893 25.60
10545 24.45
11118 25.15
11080 25.50
10781 25.08
10440 24.82
20718 23.74
11948 23.94
10450 24.37
11386 23.85
12021 23.91
12846 23.87
11996 24.60
11318 24.69
11876 24.80
13597 24.85
13172 25.21
13919 25.44
13697 25.73
18669 26.68
19461 27.68
14667 28.56
15523 32.83
9082 31.60
12380 31.60
10580 30.94
9784 30.57
9685 30.13
10234 29.92
10075 29.93
10595 29.89
10774 30.26
11415 30.50
10246 29.87
10856 29.51
11380 29.28
11596 29.19
9691 29.31
20622 30.37
11418 31.32
11570 29.11
14307 28.44
12626 29.08
10656 28.99
8578 29.09
9128 27.99
10685 28.20
10462 27.69
10241 26.73
10651 26.33
9240 26.35
8980 25.40
8898 24.80
10629 23.65
18962 25.78
10621 26.53
13729 27.28
9518 27.07
9370 26.91
9964 26.40
10271 26.69
12529 26.36
12011 25.98
12615 26.19
13758 26.56
13818 27.01
14530 27.51
13840 27.85
14898 28.25
15591 28.70
21997 29.25
10666 29.74
9388 29.61
10307 28.35
12958 28.35
11254 28.64
8819 29.19
10088 28.76
10947 28.08
10128 28.22
11459 27.87
10758 28.27
10728 28.19
11872 28.22
11659 28.41
11376 28.17
21752 29.24
9551 28.56
12940 27.16
9710 27.55
11102 27.20
10737 27.21
