20567 34.16
9510 32.51
13948 30.38
11031 30.10
9395 30.36
11173 29.30
12207 28.47
12731 28.07
15354 28.22
15141 28.44
12462 27.67
10566 27.57
12231 27.45
9053 27.06
12542 25.84
13946 25.14
22650 28.87
10202 27.01
11979 25.66
12696 26.40
14014 26.84
10673 25.87
11476 25.91
14015 26.20
10567 26.28
9739 25.95
13035 24.85
14720 24.65
17745 25.83
16646 25.87
14439 26.05
14642 26.09
25288 30.84
11717 30.63
12429 29.52
11597 29.07
13586 28.32
10977 28.73
11149 28.92
11648 28.66
11512 28.65
11674 28.45
12433 28.09
12031 27.85
12058 27.88
13309 27.82
14955 28.08
12554 27.61
24339 28.44
9201 27.79
11638 27.04
12975 26.67
11812 26.11
11667 26.21
12768 26.22
11226 26.29
11687 25.61
11529 25.08
11452 24.81
11341 23.96
11951 24.49
12404 24.80
11367 24.59
11038 24.28
22798 22.91
13541 23.19
12506 23.31
12610 23.12
12802 23.36
14046 23.37
13206 23.93
12717 24.05
13287 24.06
15222 24.20
14409 24.59
15484 24.75
14916 25.10
20801 25.97
20843 27.08
16823 27.70
17960 31.69
9691 30.98
12834 31.19
12531 30.11
11045 29.88
10987 29.40
12718 28.88
10250 29.47
11505 29.39
11403 29.63
13118 29.67
10740 29.28
11752 28.73
12793 28.63
12715 28.57
10480 28.76
23684 29.28
13541 30.20
11785 28.55
16009 27.89
13907 28.38
12068 28.27
9356 28.36
10247 27.32
11688 27.57
11085 27.09
11553 26.09
11350 25.94
10397 25.73
10114 24.63
10708 23.96
11461 23.03
21136 25.15
11632 26.12
14886 26.74
10324 26.54
11032 26.14
11403 25.67
11845 25.96
13321 25.82
13008 25.42
11993 26.16
14126 26.20
15130 26.44
15943 26.96
15611 27.22
16145 27.74
16940 28.19
24833 28.46
11887 28.94
10146 28.90
10566 28.00
13437 28.25
11594 28.49
9962 28.59
10956 28.11
12417 27.41
12097 27.35
11711 27.42
11732 27.66
11810 27.67
13187 27.54
13041 27.69
12566 27.54
24074 28.56
10534 27.85
13770 26.65
11193 26.89
12213 26.46
11441 26.75
