21785 33.83
8809 32.45
13955 30.38
11014 30.22
11582 29.54
11970 29.05
11420 28.51
12406 28.12
15664 28.05
16177 28.09
12835 27.47
10434 27.48
12787 27.29
9093 27.01
12732 25.68
14120 25.02
22672 28.85
10511 26.86
12444 25.38
14425 25.90
16003 26.14
10261 25.67
12799 25.44
12781 26.25
11436 26.04
9879 25.79
13724 24.65
15158 24.48
18582 25.63
16550 25.79
14852 25.96
14959 26.02
25351 30.85
11261 30.36
13622 29.57
10747 29.29
10623 29.03
11150 28.96
12795 28.49
11512 28.67
12813 28.30
11500 28.46
11956 28.22
13455 27.37
14540 27.10
13349 27.58
15420 27.75
12275 27.74
25044 28.21
9402 27.40
12089 26.76
13380 26.46
12640 25.75
12060 25.82
13001 26.07
11558 26.12
12054 25.43
11956 25.01
11551 24.72
11670 23.77
12374 24.25
12501 24.76
11863 24.46
11662 23.83
23350 22.77
13836 23.14
12750 23.21
12862 23.09
13176 23.24
13819 23.34
13785 23.70
13075 23.88
13530 23.90
15588 23.99
14790 24.34
15754 24.65
15385 24.91
21250 25.81
21569 26.87
17072 27.54
18300 31.53
9904 30.68
13434 30.89
12486 30.03
11122 29.76
10980 29.32
11387 29.16
11162 29.16
12244 29.13
12277 29.37
13258 29.58
10714 29.21
11817 28.80
13377 28.44
13483 28.25
10848 28.43
24204 29.11
14192 30.10
11820 28.42
16406 27.82
13893 28.28
10173 29.03
9416 28.78
9431 28.23
12318 27.55
11835 26.73
11742 25.88
11888 25.66
11189 25.32
10054 24.51
10362 24.07
11856 22.91
21537 24.96
12052 25.96
15350 26.55
10398 26.45
10760 26.20
11581 25.48
12651 25.65
13745 25.58
13350 25.27
12167 26.07
14462 26.09
15557 26.33
16235 26.67
15961 27.02
16545 27.50
17364 27.89
24817 28.38
12440 28.83
9878 28.97
12730 27.21
14075 27.61
11667 28.23
10703 28.24
11096 27.93
12852 27.16
12646 27.06
11594 27.38
12231 27.56
12846 27.24
13061 27.44
12720 27.64
12890 27.47
24770 28.35
10356 28.02
14297 26.44
10603 27.04
13443 26.15
13470 26.12
