24799 32.84
9053 31.78
15769 29.63
12821 29.36
12548 28.91
14180 28.07
13543 27.57
13918 27.58
18231 27.36
18328 27.16
14396 26.48
11469 26.74
13787 26.71
10865 26.11
14084 24.95
15664 24.31
25090 28.00
12599 26.03
13029 24.92
16397 25.12
17139 25.50
12088 24.85
13734 24.94
15406 25.48
12518 25.41
12030 25.02
15012 23.97
17167 23.77
22541 24.61
20679 24.76
16510 25.14
17354 25.12
28529 29.90
13072 29.56
14573 28.62
13017 28.27
15624 27.49
13293 27.83
13032 28.00
12898 28.01
13883 27.90
13166 27.78
14035 27.34
14351 26.77
14991 26.85
15823 26.75
18483 26.80
13932 26.86
27510 27.40
10966 26.67
12962 26.23
14256 26.11
13286 25.27
13389 25.12
14416 25.25
12945 25.41
13508 24.63
14033 23.89
12952 23.81
13078 22.98
14261 23.43
14693 23.61
13813 23.46
12537 23.28
26426 21.82
16459 22.02
14519 22.37
14604 22.24
14111 22.67
15576 22.61
14604 23.33
14862 23.18
15170 23.26
17322 23.27
16629 23.68
17635 23.95
16896 24.16
23439 25.12
24655 25.99
18646 26.90
20746 30.59
10932 29.89
15156 30.16
14231 29.31
11638 29.23
12853 28.52
12579 28.54
12606 28.39
13593 28.44
13623 28.75
16616 28.59
11807 28.47
12337 28.29
15144 27.77
15615 27.27
12645 27.50
27646 28.00
15661 29.39
12742 27.73
18408 27.08
15820 27.56
13766 27.42
10625 27.59
11644 26.52
13873 26.65
13013 25.96
13038 25.28
13368 25.03
12276 24.73
11052 23.98
11638 23.37
13340 22.14
24025 24.00
13869 25.12
17236 25.94
11136 25.87
12335 25.45
12990 24.86
13617 25.06
15408 25.01
15329 24.64
16888 24.45
17500 24.78
17409 25.37
18532 25.77
17870 26.32
18533 26.82
19508 27.15
27911 27.57
13409 28.20
11658 28.04
13795 26.55
15645 26.99
13562 27.41
10995 27.78
12931 27.11
14382 26.43
13461 26.59
14104 26.48
13900 26.69
14315 26.58
14702 26.82
14588 26.88
14555 26.68
28563 27.30
11918 27.18
15258 25.90
11684 26.39
15700 25.49
14645 25.66
