26354 32.38
10301 31.22
16340 29.17
14049 28.82
13377 28.50
15162 27.70
14196 27.32
15618 27.08
19537 26.71
18160 27.06
11285 27.45
14273 26.01
14982 26.14
11287 25.82
14081 24.77
17259 23.83
26566 27.46
13324 25.66
14275 24.35
16100 25.12
17562 25.34
14136 24.40
14891 24.43
17544 24.80
14108 24.79
11715 25.07
15868 23.85
18020 23.60
21713 24.69
20519 24.86
17168 25.07
17870 25.05
30671 29.34
13580 29.11
15570 28.41
13516 28.00
16751 27.11
13714 27.51
14369 27.49
13456 27.66
14265 27.50
14049 27.42
14933 27.04
15276 26.53
14518 26.89
16101 26.90
17836 27.00
15880 26.39
29093 26.88
11571 26.27
14093 25.85
15320 25.54
14674 24.64
14377 24.67
15080 24.91
13561 24.94
14069 24.29
14574 23.71
13994 23.40
13265 22.88
14336 23.34
14894 23.54
14026 23.31
13837 22.71
28536 21.22
17580 21.75
15547 21.97
14980 22.06
15726 22.15
16536 22.29
15377 23.01
15379 22.93
16319 22.82
18505 22.93
17548 23.26
18543 23.55
18176 23.73
24805 24.76
26039 25.57
19892 26.42
22079 30.11
11819 29.44
15966 29.91
15141 28.92
12953 28.73
13225 28.22
15570 27.58
12391 28.26
13635 28.14
14722 28.17
16760 28.28
13354 27.93
13516 27.71
15943 27.28
15328 27.21
13007 27.30
28802 27.69
17647 28.88
14428 27.16
19495 26.83
18440 26.59
15369 26.68
11365 27.00
12070 26.08
14543 26.23
14073 25.46
14763 24.64
14387 24.58
13061 24.40
11646 23.57
12283 23.05
14243 21.77
25123 23.61
14773 24.82
17803 25.68
12356 25.46
12351 25.30
13616 24.63
14960 24.67
16138 24.53
16124 24.29
14070 25.13
17384 25.09
17975 25.32
19086 25.74
19118 25.94
19504 26.49
20140 26.83
30045 26.98
14062 27.63
12370 27.51
13574 26.46
16182 26.88
14234 27.15
12558 27.22
12816 26.87
14302 26.32
13894 26.49
14840 26.25
15026 26.23
14933 26.27
15581 26.47
15241 26.65
15283 26.35
30534 26.80
12618 26.86
16355 25.50
11730 26.14
16488 25.14
14023 25.54
