27307 32.08
10926 30.97
17235 28.94
15123 28.44
13272 28.38
16568 27.30
13840 27.27
15622 26.93
19374 26.93
20192 26.48
15707 25.88
13125 26.11
15782 25.91
12253 25.37
14620 24.47
17363 23.63
27636 27.11
13991 25.36
14748 24.18
17817 24.54
18973 24.83
13879 24.22
15315 24.30
15559 25.11
14390 24.79
13555 24.60
15638 23.86
18698 23.33
22733 24.48
21331 24.62
18214 24.73
18541 24.87
32023 28.92
14513 28.79
15372 28.23
14885 27.62
17433 26.80
14001 27.40
14080 27.48
15388 27.20
15079 27.31
14419 27.26
15824 26.75
15800 26.42
16586 26.37
18018 26.19
19219 26.42
15168 26.55
30275 26.52
11652 26.25
15955 25.20
16358 25.04
15030 24.42
14750 24.42
15962 24.54
13937 24.62
14729 23.93
15041 23.42
14358 23.12
14523 22.36
15206 22.94
15241 23.38
13775 23.36
13945 22.85
29545 20.92
18641 21.36
15977 21.78
15821 21.81
16039 22.00
17233 22.00
16006 22.79
15646 22.75
16792 22.66
18961 22.80
18152 23.06
19631 23.32
18554 23.55
25790 24.46
27240 25.30
20969 26.16
22488 29.96
12480 29.21
15843 29.79
16525 28.54
13148 28.56
13518 28.01
13579 28.01
14750 27.61
14199 27.92
15501 27.99
19168 27.62
13305 27.82
13342 27.71
15692 27.52
16511 26.83
13512 27.08
30356 27.30
18266 28.51
14656 26.96
20603 26.56
19087 26.31
15747 26.54
12379 26.71
12379 25.91
14766 26.10
14886 25.20
14904 24.53
14521 24.53
13353 24.26
12485 23.35
12522 22.83
14478 21.63
26166 23.29
15363 24.56
18487 25.46
13464 25.08
14033 24.73
13947 24.37
15890 24.33
17154 24.34
16367 24.11
14604 24.98
17964 24.96
18705 25.11
19915 25.41
19241 25.84
20521 26.17
21539 26.54
30920 26.76
14661 27.45
12872 27.39
15947 25.79
18357 25.93
15826 26.58
12586 26.97
13077 26.77
14709 26.15
14279 26.26
15598 25.87
15644 26.03
15733 25.98
16515 26.20
16091 26.30
15669 26.12
31605 26.55
13622 26.39
16816 25.35
13994 25.59
15922 25.08
14374 25.52
