29003 31.62
10780 30.63
17751 28.72
14860 28.31
14213 28.00
16101 27.21
16058 26.61
16467 26.70
20885 26.45
19394 26.74
13455 26.62
14212 25.71
15511 25.81
12664 25.13
16180 23.97
18434 23.34
28418 26.88
13461 25.76
15654 23.80
18460 24.32
19837 24.63
12722 24.43
15523 24.22
17809 24.57
13688 24.79
14443 24.28
17232 23.51
19658 23.07
23198 24.25
21645 24.47
18778 24.64
19562 24.65
32744 28.81
15096 28.65
16308 27.88
14842 27.49
17333 26.85
15598 27.00
14806 27.24
14978 27.32
15087 27.18
15288 27.02
16476 26.53
15319 26.39
16364 26.40
18083 26.14
19630 26.44
15817 26.24
31518 26.22
12085 26.01
15532 25.24
16388 25.04
15759 24.15
15103 24.33
16103 24.41
14992 24.37
15142 23.68
15637 23.22
15206 22.86
14804 22.18
15608 22.62
15996 23.05
15344 22.73
14688 22.30
30428 20.73
19553 21.12
16766 21.59
16419 21.63
16227 21.84
18013 21.83
16641 22.57
16272 22.62
17195 22.45
19723 22.55
18815 22.82
20493 23.06
19474 23.32
26388 24.28
28459 24.97
21908 25.82
23710 29.58
13181 28.85
16102 29.59
17029 28.31
13930 28.26
13733 27.90
14742 27.61
14490 27.45
15053 27.61
16235 27.72
19546 27.43
14623 27.34
14446 27.32
16205 27.22
14662 27.27
14003 26.92
31384 26.97
20231 28.02
13942 26.98
20672 26.58
19270 26.24
16351 26.35
13228 26.31
11891 25.92
14740 26.08
15201 25.16
15826 24.29
15853 24.13
13950 23.91
12999 23.07
13601 22.39
15305 21.26
27523 22.98
15695 24.50
19459 25.18
13329 25.05
13531 24.81
14845 24.11
16198 24.21
17564 24.13
17401 23.81
19531 23.58
19961 24.05
20362 24.45
20996 25.01
19796 25.57
21338 25.82
21675 26.22
32223 26.43
16098 26.81
13856 26.71
16759 25.48
19120 25.70
16406 26.35
13058 26.79
13577 26.52
15869 25.83
15446 25.83
15834 25.66
16649 25.68
16024 25.84
17187 25.89
16875 26.05
15984 26.00
32669 26.29
13926 26.34
17578 25.03
14687 25.41
16285 24.85
14622 25.34
