2401 50.55
890 47.41
1415 44.53
1489 43.40
1702 42.85
1725 42.55
1811 42.08
1515 42.57
1587 41.61
1708 41.92
1834 41.88
1667 41.30
1814 40.78
1421 40.98
1766 40.31
1979 40.09
2217 45.86
1488 41.98
1646 40.55
1363 40.66
1681 40.40
1519 39.49
1904 38.64
1116 39.61
1541 38.63
1416 38.91
2110 37.25
2048 37.74
2344 38.19
2057 38.48
1458 39.65
1838 39.32
2378 45.89
1845 43.17
1791 41.98
1590 42.34
1859 41.82
1550 42.40
1471 41.89
1749 41.33
1592 41.80
1791 41.41
1739 41.40
1771 40.48
2126 40.25
1810 40.82
1688 40.66
1943 40.61
2951 44.49
1475 41.79
1682 41.27
1753 40.63
1862 40.98
1805 41.19
2180 40.69
2156 41.01
1718 40.82
2066 40.71
1840 40.03
1627 41.06
1992 40.69
2010 40.32
1866 40.30
1616 40.49
3039 40.02
1380 40.54
1782 39.42
1741 38.82
1927 39.30
1930 40.01
1873 39.83
1669 39.96
1834 40.74
2037 40.33
2037 40.46
1998 40.33
2182 41.60
2471 41.44
2444 42.26
2103 42.55
2823 45.25
1320 44.92
1444 44.90
1509 44.20
1434 43.44
1663 42.75
1543 43.39
1637 43.19
1578 43.27
1631 43.16
1727 43.24
1689 42.93
1927 42.69
1955 42.82
2133 43.05
2131 43.06
2864 44.24
1297 43.94
1550 43.47
1612 41.31
1936 41.51
1738 41.87
1751 41.48
1759 41.45
1669 41.59
1550 41.66
1560 41.55
1487 40.61
1652 39.86
1672 39.22
1595 38.27
1651 38.17
2590 38.61
1289 38.82
1321 39.05
1372 39.33
1326 38.99
1877 38.30
1702 38.41
1765 38.63
2047 38.44
2116 38.39
2264 39.20
2410 39.43
2341 40.40
2382 41.25
2527 41.24
2357 42.06
2708 43.92
1405 43.91
1488 42.82
1578 41.82
1524 42.32
1581 42.23
1728 42.18
1708 42.57
1574 41.87
1665 41.61
1679 41.59
1706 41.77
1809 41.28
2130 41.32
2089 40.90
2099 40.52
3188 42.09
1576 41.86
1716 40.79
1665 40.63
1792 40.78
1484 40.99
