32784 30.70
11232 29.91
19335 28.01
17550 27.48
16430 27.29
17197 26.68
16831 26.18
19348 25.74
23416 25.73
22768 25.65
17912 24.93
14915 25.07
18240 24.88
14251 24.41
17848 23.32
19381 22.85
31187 26.11
14563 25.01
17592 23.13
20364 23.67
21946 23.98
16370 23.35
18314 23.29
22290 23.39
18614 23.39
21532 22.80
17423 22.62
21605 22.36
29947 22.90
27178 23.16
23051 23.43
23688 23.55
34444 28.39
16725 28.18
17705 27.28
17169 26.77
19752 26.01
16556 26.55
17420 26.52
17596 26.44
17142 26.59
17465 26.29
17317 26.04
18233 25.56
17787 25.95
18674 25.89
21653 25.91
18142 25.36
34112 25.44
14267 24.95
16802 24.77
18135 24.44
17397 23.53
16791 23.49
18065 23.66
16503 23.67
16563 23.11
17503 22.52
16878 22.23
15838 21.81
17662 22.00
17570 22.48
15986 22.42
17034 21.59
34124 19.77
21740 20.46
18814 20.91
17968 21.17
17991 21.29
19790 21.19
18619 21.93
17979 21.94
19310 21.75
21590 21.92
21127 22.15
22326 22.42
21672 22.66
29141 23.63
31663 24.21
23779 25.15
25163 29.04
14631 28.21
18725 28.79
17807 27.78
15719 27.56
17187 26.76
18184 26.47
15367 27.00
16103 27.09
17530 27.18
19537 27.22
16238 26.81
16602 26.60
19030 26.33
18195 26.05
15065 26.26
36020 25.82
21828 27.42
15825 26.24
23326 25.86
20805 25.72
17841 25.79
13520 25.96
14415 24.95
17594 25.07
16787 24.40
18324 23.46
17489 23.52
15721 23.25
13533 22.72
15240 21.77
16718 20.86
30178 22.29
18360 23.68
20404 24.78
15334 24.33
16038 23.87
15632 23.67
18802 23.42
19563 23.43
19369 23.15
16537 24.15
20267 24.05
21742 24.23
22623 24.60
22495 24.88
23103 25.28
24086 25.63
35575 25.68
16814 26.45
14784 26.26
15989 25.40
20789 25.46
16445 26.15
15008 26.13
15456 25.82
17170 25.32
17545 25.19
17540 25.03
18304 25.21
17255 25.36
18271 25.61
19092 25.38
18172 25.31
36211 25.44
17043 25.27
18685 24.51
15561 24.83
18840 24.11
19351 24.01
