33020 30.59
12403 29.70
20401 27.55
17261 27.52
16977 27.13
17458 26.50
17619 26.06
19259 25.77
23549 25.65
21511 25.96
15411 25.79
15908 24.96
17777 24.98
14942 24.27
17938 23.29
19999 22.72
31934 25.88
14533 25.01
18104 23.01
20368 23.62
22622 23.79
14990 23.63
18743 23.28
21777 23.56
16993 23.61
21076 22.83
18115 22.57
21484 22.43
28475 23.17
25477 23.47
22526 23.69
22711 23.73
37045 27.78
16562 28.00
18447 27.05
17002 26.67
20550 25.85
16442 26.48
17103 26.63
18126 26.28
17316 26.54
16692 26.46
18129 25.87
19983 25.29
20911 25.22
19061 25.60
21443 25.80
18345 25.46
34849 25.23
14396 24.98
17481 24.60
17875 24.41
16778 23.72
17094 23.51
18618 23.52
16576 23.62
16890 22.95
17675 22.41
17120 22.12
16805 21.47
17867 21.97
17638 22.43
16119 22.37
16294 21.88
34759 19.64
22326 20.32
18996 20.84
18586 20.97
17533 21.39
19619 21.27
19174 21.80
18305 21.90
19647 21.63
22064 21.80
21579 22.04
22814 22.34
21795 22.58
29602 23.53
31779 24.15
25106 24.82
25180 29.06
14762 28.14
20250 28.37
17238 27.82
16378 27.39
16783 26.83
18836 26.34
16305 26.70
16296 27.01
18560 26.93
21399 26.83
16963 26.64
16476 26.59
18950 26.34
18376 25.98
16016 25.89
36500 25.74
22259 27.34
16004 26.17
23213 25.85
21314 25.54
18597 25.62
14466 25.60
13664 25.13
16729 25.27
17238 24.42
17936 23.54
17498 23.52
16215 23.12
14020 22.46
14687 21.89
17350 20.65
30902 22.17
18437 23.64
21093 24.60
15758 24.24
16403 23.77
15725 23.65
17723 23.62
19634 23.46
19049 23.24
17203 23.99
20719 23.94
22014 24.10
23277 24.37
22402 24.79
23943 25.10
25001 25.48
36012 25.57
17101 26.42
14898 26.30
18024 24.99
20915 25.17
19243 25.49
19175 25.17
14277 25.87
16223 25.45
18568 24.91
17940 24.89
18543 25.10
17620 25.21
18350 25.49
19572 25.22
18559 25.19
36963 25.27
17445 25.15
19112 24.40
17336 24.43
17803 24.30
16543 24.59
