33939 30.38
13089 29.42
20598 27.51
17982 27.28
21790 26.10
18953 26.04
16921 26.04
18991 25.79
23993 25.55
22058 25.77
15731 25.55
16620 24.70
18294 24.82
14858 24.20
18345 23.15
20981 22.50
32631 25.61
15822 24.71
18209 22.95
21205 23.43
22840 23.65
15613 23.48
17837 23.38
19400 24.02
17386 23.71
17230 23.57
19626 22.62
22490 22.38
26729 23.47
25214 23.62
22281 23.79
22589 23.81
38730 27.39
17938 27.45
16453 27.30
18124 26.48
22027 25.54
17268 26.23
18261 26.24
17966 26.24
17494 26.41
17912 26.18
18419 25.74
19836 25.16
21864 25.02
19805 25.37
22368 25.54
17603 25.51
35994 24.96
15054 24.62
18006 24.38
18692 24.15
17325 23.51
17544 23.31
19120 23.36
16863 23.40
17518 22.66
16779 22.69
17223 22.15
17328 21.33
18720 21.65
18326 22.21
16467 22.22
16813 21.53
32369 20.25
20235 20.85
18029 21.12
18743 20.89
18931 21.03
20275 21.00
20165 21.53
19550 21.45
20114 21.46
22813 21.57
22321 21.83
23573 22.09
22524 22.36
30477 23.32
32910 23.91
27218 24.30
24993 29.15
15499 27.72
20613 28.20
18150 27.50
16131 27.35
16963 26.76
19659 26.15
16957 26.55
16840 26.82
18485 26.80
21061 26.93
17396 26.46
16987 26.39
18859 26.31
18805 25.80
17066 25.57
37623 25.50
22842 27.10
16719 25.91
24463 25.61
22090 25.31
19208 25.37
14800 25.49
14717 24.85
17802 24.92
18175 24.03
18217 23.39
17556 23.47
16500 23.11
15063 22.14
15525 21.54
16898 20.71
32251 21.86
18800 23.56
22121 24.43
15510 24.11
16290 23.76
17191 23.25
18289 23.43
20268 23.27
20442 22.86
22491 22.73
23421 23.09
23795 23.55
24530 24.03
23190 24.58
24857 24.83
25202 25.31
37539 25.27
18776 25.76
16414 25.78
17415 24.80
21305 25.20
18221 25.68
15267 25.88
16959 25.47
18392 24.87
17683 25.05
18039 24.95
20209 24.82
20566 24.63
22008 24.62
21893 24.62
19990 24.82
37976 25.07
16816 25.28
19831 24.23
18033 24.31
18917 23.97
17896 24.26
