34266 30.27
13109 29.42
20068 27.67
19668 26.98
22085 26.00
18884 26.07
17425 25.85
19071 25.73
24144 25.54
22345 25.72
16322 25.42
17754 24.37
18567 24.68
14806 24.13
18948 22.95
21543 22.28
33345 25.45
15979 24.60
18623 22.81
21762 23.28
22711 23.62
16185 23.33
17755 23.37
20466 23.87
17246 23.72
17304 23.50
19978 22.52
22815 22.31
27552 23.32
25314 23.57
22279 23.74
23220 23.72
39218 27.27
18135 27.35
17030 27.12
18268 26.37
22333 25.44
17208 26.25
18001 26.29
19234 25.96
17955 26.31
17628 26.19
19159 25.66
19824 25.22
22356 24.93
19955 25.34
22365 25.56
18554 25.22
36465 24.84
15126 24.62
19647 23.95
19611 23.83
17716 23.29
18296 23.09
19267 23.27
17086 23.37
17966 22.58
17756 22.37
18462 21.77
17794 21.18
19632 21.40
19937 21.71
18385 21.58
17368 21.29
32776 20.18
20390 20.81
17919 21.09
19191 20.78
19022 20.97
20808 20.93
20114 21.46
19932 21.33
20279 21.35
23333 21.46
22507 21.71
24143 21.98
22763 22.27
30957 23.23
33478 23.79
27626 24.23
25160 29.08
15147 27.97
20734 28.21
18393 27.43
16405 27.25
17390 26.67
20426 25.94
20420 25.64
21633 25.62
18071 26.73
22107 26.59
16692 26.57
17979 26.17
20503 25.85
19515 25.60
16873 25.58
38121 25.33
21726 27.39
17732 25.71
24229 25.59
22576 25.24
19231 25.37
14527 25.56
14832 24.79
17198 25.08
17433 24.29
18579 23.43
18591 23.17
16744 22.87
15258 22.10
16090 21.40
18766 20.28
32387 21.82
19626 23.22
24232 23.82
16768 23.81
17768 23.31
18070 23.02
18322 23.40
20834 23.10
20149 22.89
17788 23.80
21591 23.70
22778 23.87
24832 23.99
23739 24.51
24533 24.92
26198 25.12
38130 25.15
17617 26.38
15641 26.22
17237 24.88
20957 25.34
18205 25.72
15426 25.88
16983 25.46
18907 24.80
18002 24.99
19347 24.65
19195 24.93
18636 24.93
20227 24.97
20038 25.07
19479 25.04
38542 24.92
17963 25.00
19677 24.15
17294 24.31
19299 23.92
17378 24.33
