34892 30.13
13824 29.22
20857 27.29
19537 26.92
22273 25.97
19193 25.91
17741 25.76
19644 25.60
25141 25.21
22637 25.63
16308 25.35
17053 24.54
19780 24.33
16222 23.69
19101 22.83
21117 22.39
33801 25.30
16777 24.41
18067 22.91
19663 23.72
21748 24.01
16643 23.31
19439 23.05
23436 23.20
20214 23.08
23354 22.38
18662 22.33
21842 22.30
30131 22.86
27321 23.08
23698 23.29
24292 23.44
39850 27.16
18179 27.35
20069 26.63
17542 26.41
21965 25.49
18353 25.98
18470 26.12
17969 26.23
18135 26.24
18472 26.01
19342 25.55
20282 25.08
22533 24.84
20438 25.22
22467 25.47
19057 25.06
36753 24.75
15623 24.44
18394 24.27
19416 23.95
17352 23.38
18489 22.97
19521 23.13
17437 23.17
18194 22.49
17780 22.29
18200 21.84
17707 21.22
20279 21.15
19996 21.63
17588 21.77
16954 21.45
33427 19.99
21098 20.62
18440 20.94
19275 20.72
19416 20.91
21034 20.88
20399 21.41
20151 21.29
20372 21.32
23796 21.36
22779 21.63
24249 21.88
23389 22.14
31150 23.12
34368 23.60
27698 24.18
27373 28.36
15583 27.56
20381 28.20
19173 27.24
18230 26.89
17196 26.56
20253 25.97
21205 25.46
22294 25.43
23432 25.48
24866 25.78
17694 26.30
16848 26.35
19713 26.09
17144 26.24
16609 25.74
38728 25.19
23701 26.87
17010 25.83
24566 25.54
22838 25.14
19859 25.10
15406 25.20
14773 24.80
17629 24.99
18289 24.06
19031 23.22
19047 23.08
17899 22.59
14841 22.09
16278 21.37
18589 20.30
32896 21.70
19987 23.19
24409 23.80
16903 23.76
19125 23.06
17059 23.23
18013 23.50
20473 23.19
20572 22.83
18126 23.75
22063 23.49
23209 23.73
24992 23.94
24228 24.36
25576 24.71
25903 25.20
38911 24.98
18273 25.95
15915 25.89
17540 24.78
21645 25.15
18393 25.62
15521 25.80
17562 25.29
19442 24.67
19269 24.63
19043 24.68
19576 24.81
19007 24.88
20453 24.93
20183 24.96
19800 24.90
39318 24.81
18993 24.71
19441 24.20
16494 24.55
19574 23.81
17530 24.31
