37054 29.62
13976 28.91
23209 26.77
21245 26.44
24083 25.43
19295 25.81
19073 25.45
21131 25.29
25661 25.01
23598 25.38
17127 25.03
17857 24.24
20857 24.02
14736 24.03
20395 22.58
22310 22.02
34953 25.00
16393 24.28
19916 22.39
22950 22.92
25133 23.11
16937 23.02
18781 23.02
21822 23.42
18666 23.39
23537 22.39
20325 22.03
24579 21.79
31251 22.61
28909 22.77
24796 23.06
25651 23.15
41284 26.82
19391 26.91
18156 26.77
19207 26.09
23379 25.14
19663 25.73
19032 25.94
18663 26.01
20067 25.87
18981 25.87
19630 25.39
21481 24.83
23591 24.62
21327 24.97
23618 25.20
19306 24.96
38800 24.27
16171 24.22
19353 24.03
20164 23.72
18375 23.07
19468 22.69
20267 22.89
18354 22.87
18790 22.22
18940 21.91
19749 21.35
18157 21.02
19662 21.28
19799 21.72
18190 21.65
19333 20.78
36336 19.32
23718 19.90
22280 20.03
21574 20.10
19913 20.73
21428 20.75
20843 21.24
21146 21.02
21377 21.09
24518 21.17
23672 21.47
25291 21.65
23998 21.95
32727 22.81
35682 23.33
28932 23.84
28569 28.00
16213 27.21
21016 27.95
20516 26.89
18462 26.67
19612 26.01
21276 25.64
21241 25.36
24104 25.03
24212 25.27
25799 25.59
19151 25.91
17073 26.15
20512 25.80
17668 25.96
16505 25.71
40450 24.81
24138 26.73
19091 25.27
27234 24.82
24345 24.58
21469 24.63
15850 25.02
16593 24.29
19396 24.42
19826 23.54
19876 22.88
19868 22.86
17951 22.50
15676 21.78
17282 21.06
18913 20.16
34432 21.31
21089 22.84
25457 23.49
16750 23.70
18203 23.17
19480 22.68
21704 22.54
22415 22.65
22406 22.34
22808 22.61
25287 22.66
25174 23.14
26299 23.55
25980 23.91
26479 24.38
26732 24.84
40240 24.69
20188 25.34
17198 25.22
19429 24.30
24006 24.38
22132 24.78
20678 24.56
18557 24.67
18636 24.52
20381 24.23
20034 24.34
20413 24.49
20363 24.54
20482 24.76
20216 24.91
21306 24.50
41318 24.40
19241 24.60
20892 23.81
19612 23.82
19306 23.75
19554 23.85
