37931 29.43
14365 28.76
23629 26.66
21495 26.30
23214 25.54
21263 25.34
19179 25.31
21868 25.01
27072 24.82
23888 25.22
17307 24.93
18493 24.02
21544 23.80
17134 23.43
20120 22.47
22604 21.94
36090 24.73
17092 24.02
20650 22.20
23708 22.76
25109 23.03
18152 22.77
19212 22.96
25699 22.69
21737 22.65
24742 22.07
20408 21.94
24705 21.69
31541 22.52
29491 22.67
26190 22.89
26309 23.02
42699 26.55
19013 26.84
20841 26.15
20673 25.69
23748 25.00
19331 25.66
21047 25.58
19539 25.71
19576 25.91
20506 25.47
20792 25.16
21749 24.67
24450 24.40
21830 24.82
23803 25.06
20460 24.68
39476 24.09
16925 24.00
19449 23.93
20992 23.50
19844 22.61
19982 22.46
20648 22.75
18972 22.65
19327 22.13
19939 21.72
19862 21.28
18686 20.90
20219 21.12
20469 21.49
19622 21.18
19377 20.71
38810 18.74
26638 19.21
24051 19.49
24120 19.49
23187 19.86
23746 20.07
23488 20.52
23082 20.53
22961 20.64
26082 20.80
24875 21.11
26103 21.40
24801 21.70
34929 22.31
36021 23.26
29254 23.78
29445 27.72
17161 26.90
21147 27.84
21354 26.66
20374 26.19
19282 25.97
21767 25.50
22753 25.03
24388 24.88
24508 25.15
26672 25.34
19834 25.62
17989 25.90
20993 25.66
18964 25.58
17740 25.31
41471 24.61
25987 26.27
19552 25.00
27738 24.73
25194 24.39
21715 24.55
16104 24.89
16329 24.17
18924 24.59
19532 23.62
20042 22.87
20297 22.78
18809 22.28
16592 21.52
17610 20.91
19865 19.96
36196 20.88
21296 22.81
25532 23.51
18617 23.26
19340 22.87
19721 22.55
23210 22.29
23160 22.39
22620 22.23
19737 23.24
23561 23.14
25150 23.22
26190 23.56
25860 23.91
27066 24.25
27697 24.75
41801 24.39
20682 25.00
18326 24.97
19605 24.08
23513 24.47
19769 25.12
18150 25.25
18792 24.81
20499 24.22
20175 24.23
20740 24.15
20866 24.38
20347 24.44
21763 24.48
22056 24.53
21817 24.31
42369 24.18
20009 24.42
21541 23.64
21302 23.42
20123 23.49
20418 23.58
