38211 29.35
15310 28.49
22696 26.61
22007 26.19
24610 25.23
20916 25.41
19515 25.26
22142 25.03
27371 24.74
24776 24.98
17304 24.88
18652 23.94
21410 23.84
17435 23.29
20718 22.42
23016 21.82
36731 24.57
16923 23.88
20679 22.26
24209 22.63
25687 22.96
18340 22.70
20200 22.74
24676 22.84
21816 22.64
26287 21.78
19359 22.06
23845 21.82
33056 22.29
29816 22.60
26152 22.82
26763 22.90
43401 26.42
20143 26.62
19324 26.47
21749 25.51
23787 24.90
19599 25.53
20846 25.55
20519 25.52
20906 25.61
21006 25.36
21738 24.90
21617 24.64
22767 24.72
23329 24.61
25693 24.60
20024 24.71
40209 23.93
16919 23.91
20487 23.68
20954 23.48
18956 22.86
20046 22.52
21159 22.61
19058 22.57
19508 21.99
20916 21.38
20009 21.24
17856 21.14
20378 21.09
20769 21.46
19972 21.11
20010 20.62
39086 18.70
27036 19.13
24561 19.43
24363 19.43
23494 19.79
23935 19.97
24029 20.43
23123 20.49
23298 20.55
26356 20.68
25280 20.99
26389 21.29
25050 21.61
35669 22.15
36281 23.19
28512 23.93
31045 27.30
16971 26.86
21901 27.60
22653 26.44
18488 26.49
18726 26.13
22048 25.46
23469 24.93
24017 25.00
24952 25.16
26631 25.42
20112 25.61
17911 25.89
21180 25.63
19266 25.52
18036 25.23
42094 24.50
28195 25.86
18670 25.10
26911 24.99
24367 24.63
20795 24.89
17039 24.74
16423 24.20
18967 24.56
19430 23.64
20752 22.68
20724 22.63
18725 22.21
16369 21.57
17576 20.97
20375 19.80
36491 20.83
21614 22.72
26027 23.40
17612 23.43
19027 22.90
19780 22.50
22605 22.35
23301 22.38
23356 22.09
24124 22.31
25894 22.52
26147 22.94
27585 23.32
26866 23.68
27131 24.17
28536 24.44
42917 24.19
20834 24.87
19039 24.75
19573 24.04
23876 24.38
20254 25.02
18436 25.10
18618 24.78
19602 24.40
21349 24.09
21092 24.11
21497 24.31
20210 24.47
20960 24.71
21290 24.60
22022 24.27
42743 24.09
20295 24.32
22137 23.52
20445 23.54
21521 23.33
19719 23.68
