40952 28.75
15714 28.15
24617 26.12
24552 25.58
26308 24.73
22765 25.00
22635 24.66
24303 24.49
29700 24.15
26822 24.35
18115 24.54
19904 23.54
22690 23.44
19204 22.83
20529 22.24
24202 21.55
38253 24.19
18055 23.53
21795 21.84
26566 22.17
26013 22.72
19796 22.36
22551 22.24
26777 22.31
23366 22.26
26324 21.75
22306 21.53
26148 21.38
33995 22.08
31353 22.30
28335 22.48
27873 22.71
45817 25.93
22214 26.00
20590 25.90
22556 25.20
25370 24.52
20949 25.22
21563 25.25
20734 25.44
21232 25.44
22313 25.01
22918 24.62
23596 24.24
26063 24.07
23107 24.48
25510 24.61
21944 24.25
42226 23.47
19098 23.30
20815 23.55
22187 23.07
20187 22.46
21212 22.08
22341 22.23
19747 22.29
21061 21.56
20966 21.33
21558 20.75
19929 20.47
21839 20.65
21923 21.12
21351 20.84
20198 20.42
39109 18.70
26481 19.23
22966 19.83
22486 19.80
21563 20.20
23808 20.10
22787 20.75
22568 20.65
23965 20.40
27173 20.54
26261 20.75
28021 20.98
26669 21.26
34997 22.26
39825 22.51
33004 22.93
31071 27.29
18066 26.57
23584 27.28
22363 26.34
19293 26.25
20189 25.75
24085 25.00
24247 24.69
25008 24.65
26770 24.74
28328 25.05
20192 25.63
19250 25.50
22669 25.27
19958 25.20
18101 25.14
43399 24.30
29171 25.64
19474 24.90
28435 24.61
25575 24.28
21878 24.55
16880 24.72
17921 23.74
21482 23.88
20958 23.12
22220 22.23
22629 22.09
20309 21.82
17283 21.29
19472 20.39
20334 19.73
37971 20.47
23943 22.04
28916 22.59
19486 22.85
21202 22.33
21299 22.13
24746 21.91
25364 21.95
23980 21.87
20926 22.89
25466 22.69
26856 22.86
28130 23.16
27488 23.56
28620 23.91
29977 24.23
44709 23.83
22929 24.39
21920 24.09
19984 23.89
25330 23.95
24332 24.22
23419 23.89
20436 24.12
20352 24.03
21503 23.84
23045 23.67
22145 24.03
22607 23.95
22932 24.21
22406 24.33
23315 23.92
44987 23.68
21095 24.12
22885 23.30
20891 23.46
23359 22.89
21298 23.35
