41435 28.64
16153 28.05
25058 26.02
24404 25.55
25346 24.95
23777 24.86
22786 24.60
24785 24.43
30390 24.01
27142 24.29
18296 24.45
20016 23.51
23015 23.36
19319 22.72
21599 22.01
23948 21.53
38813 24.05
18380 23.46
22199 21.70
26593 22.11
26683 22.58
18686 22.53
22100 22.36
26578 22.41
23976 22.18
27306 21.51
22002 21.53
25058 21.61
31545 22.47
30014 22.61
27006 22.71
27398 22.83
46004 25.86
21699 26.13
20047 26.14
23882 24.94
25424 24.43
21574 25.09
21904 25.20
20790 25.38
21590 25.37
22747 24.93
22883 24.58
24216 24.13
26454 23.97
23534 24.40
25696 24.54
22113 24.14
42990 23.34
19545 23.23
21196 23.48
22071 23.06
20513 22.37
21540 21.99
22675 22.14
20241 22.18
20878 21.49
21429 21.20
21931 20.64
20252 20.38
21699 20.77
22076 21.07
19884 21.13
18194 21.07
39472 18.61
27447 19.09
24960 19.32
24154 19.46
22094 20.03
23563 20.13
23037 20.67
22713 20.58
23519 20.56
27721 20.39
26612 20.68
28548 20.89
26975 21.18
35771 22.15
40305 22.42
33035 22.94
31738 27.12
18413 26.38
23870 27.19
22843 26.20
19773 26.12
20981 25.51
23729 24.95
24809 24.52
25445 24.59
28180 24.42
28845 24.89
21108 25.38
19263 25.47
22866 25.14
20068 25.12
18121 25.07
43894 24.15
29739 25.53
19654 24.79
28867 24.49
26312 24.10
23062 24.15
19006 23.99
16989 23.85
20479 24.08
21178 23.11
22094 22.25
22357 22.12
20080 21.82
17675 21.14
19546 20.35
21036 19.52
38425 20.37
24235 22.00
29208 22.51
19981 22.72
21554 22.26
21685 22.04
24822 21.81
25749 21.87
24433 21.77
25420 21.98
27884 22.11
28420 22.42
29477 22.87
27857 23.43
29080 23.72
30007 24.08
45432 23.66
20926 24.89
18787 24.94
20914 23.65
25838 23.89
22817 24.49
23539 24.01
20835 24.00
20457 24.00
22336 23.74
22880 23.71
22565 23.98
22747 23.88
25974 23.65
25163 23.73
24827 23.65
45445 23.57
23360 23.67
20684 23.62
19244 23.74
23325 22.94
22755 23.12
