42779 28.36
16305 27.87
25771 25.94
28053 24.90
26376 24.68
23763 24.75
22494 24.60
24767 24.38
29466 24.24
26659 24.43
20106 24.02
20367 23.33
24215 23.11
17523 23.07
23106 21.73
25398 21.25
40399 23.68
18430 23.30
23777 21.36
27124 21.95
28434 22.24
20486 22.08
23284 21.97
28536 21.94
25029 21.85
28080 21.43
23413 21.30
26949 21.18
35305 21.84
33175 22.00
29171 22.23
29862 22.31
48123 25.41
23337 25.62
21596 25.57
23860 24.81
27929 23.91
22575 24.82
22438 25.04
21964 25.11
23523 24.91
22892 24.85
24603 24.26
23997 24.09
27829 23.74
23894 24.26
26408 24.37
23095 23.88
44790 22.95
20792 22.94
23343 22.93
23469 22.60
21260 22.13
22944 21.63
23215 21.99
21071 21.89
21780 21.29
22231 20.96
22534 20.49
21361 20.09
22198 20.61
22985 20.83
20801 20.89
21387 20.18
42658 17.94
30607 18.41
27745 18.74
26709 18.85
25908 19.18
26904 19.36
26876 19.83
25115 19.97
25633 19.96
29204 20.02
27996 20.33
29572 20.61
27968 20.91
39068 21.49
42078 22.09
32024 23.14
33340 26.75
18684 26.19
25223 26.83
23750 25.91
21101 25.77
23263 25.00
24743 24.69
25851 24.24
26750 24.25
28409 24.36
29779 24.69
22382 25.07
19520 25.37
23989 24.88
20356 25.05
19104 24.83
45602 23.86
30838 25.22
20314 24.59
30242 24.21
26711 23.97
23710 24.10
17768 24.46
18352 23.61
21041 23.95
22057 22.78
22581 22.16
22548 22.07
20590 21.66
18964 20.83
21265 19.97
21731 19.30
40073 20.03
24933 21.86
30308 22.27
20517 22.58
22719 22.02
22341 21.87
26023 21.57
25854 21.73
26636 21.46
28928 21.30
29473 21.74
29350 22.20
30654 22.61
29797 23.03
29876 23.50
30703 23.92
46984 23.43
23317 24.28
20832 24.27
20293 23.79
27088 23.70
26270 23.78
25314 23.48
20568 23.92
21886 23.72
22874 23.51
24159 23.40
23120 23.75
23358 23.71
24551 23.85
24349 23.89
24990 23.55
47602 23.21
23777 23.49
21864 23.37
21050 23.39
25095 22.59
24987 22.66
