3665 45.52
2633 41.95
3698 40.16
3731 38.86
4220 38.15
2808 38.64
2916 38.18
3092 37.09
3149 36.66
3816 36.78
3494 36.41
3435 36.07
3342 35.90
2943 35.80
4011 34.40
3975 33.95
6534 38.07
2863 35.78
3308 34.33
3492 34.33
3849 34.51
3099 33.81
3778 33.41
3134 34.00
3066 33.66
2758 33.25
4001 32.50
3937 33.07
4961 33.41
4188 33.68
2879 35.18
4295 34.18
6205 39.92
3351 38.49
4019 37.10
2730 37.74
2860 37.28
3564 37.27
3549 36.83
3211 36.66
3063 37.04
3533 36.45
3738 36.07
3445 36.04
4041 35.59
3295 36.43
3588 35.77
3751 35.31
6438 38.53
2806 36.63
3397 35.92
3562 35.37
3787 34.92
3648 35.16
4151 35.53
3971 35.61
3530 35.26
3913 34.40
2871 34.64
3058 34.38
3628 34.51
4191 33.97
3386 34.27
3558 33.95
6357 34.18
3162 34.55
3206 34.23
3590 32.91
3748 33.26
3452 34.11
3531 33.77
3531 33.56
3567 34.14
4154 34.15
4190 34.10
4380 34.15
4538 34.52
5469 35.39
5620 36.37
4391 36.89
5439 40.30
2301 39.96
3303 39.05
3429 38.34
3192 38.14
3343 37.78
3283 37.95
3378 38.06
3692 38.04
3088 38.72
3330 38.91
3274 38.10
3518 38.26
3749 37.40
4362 37.03
3946 37.30
6067 39.05
3169 38.26
3683 37.23
3921 35.85
3780 36.81
2907 37.38
3004 37.53
2931 37.02
3058 36.89
3190 35.84
3054 34.84
3001 34.29
3159 33.79
2867 33.20
3293 31.74
3129 31.64
6257 33.59
2610 33.64
3727 33.99
3236 33.72
3240 33.72
3188 33.49
3245 33.84
3477 34.22
3362 34.23
3673 34.26
4032 34.08
3950 35.55
4568 35.63
4741 35.92
4916 36.11
4939 36.44
6684 37.69
3196 37.56
3189 36.96
3202 36.85
3537 36.83
3279 37.13
3277 37.46
3252 37.27
3084 36.72
3324 36.48
3437 36.39
3427 36.34
3832 36.00
4148 36.35
4181 36.00
3539 36.36
6481 37.18
3237 36.63
3928 35.16
3080 35.67
3503 35.76
3282 36.02
