4020 44.78
2892 41.44
4090 39.32
4293 38.34
3846 37.74
3327 37.40
3228 37.53
3145 36.82
3603 36.11
4124 36.25
3973 35.65
3812 35.21
3601 35.40
3013 35.15
4279 33.84
4247 33.71
7097 37.53
3141 35.42
3634 33.85
3274 34.28
4475 33.99
2871 33.59
4496 32.91
2846 33.92
3499 33.45
3141 32.95
4287 32.05
4570 31.92
5410 32.98
4734 33.04
2840 34.92
3099 34.75
6762 39.39
3079 37.91
4791 37.13
3848 36.84
4447 35.83
4248 35.80
3835 35.62
3408 35.89
3430 35.81
3660 35.94
3595 35.66
4050 35.27
3605 35.87
3735 35.61
3852 35.10
4275 34.83
6959 38.03
3189 36.14
3351 35.50
3903 34.93
4109 34.60
3801 34.46
4493 34.84
4350 34.41
3610 34.51
3697 34.31
3291 34.23
3653 32.97
3952 33.61
4389 33.52
3348 34.37
3667 33.64
7104 33.30
3235 34.00
3707 33.31
3876 32.14
4076 32.59
3761 33.47
3872 33.14
3895 33.06
3876 33.58
4468 33.37
4447 33.76
4371 33.83
4747 34.20
5817 34.77
6469 35.13
5202 35.63
5332 40.50
2741 39.46
3312 38.81
3808 38.24
3391 37.87
3561 37.19
3682 37.27
3457 37.68
3562 37.90
3623 37.96
3833 37.97
3651 37.55
3752 37.33
3533 37.44
3853 37.60
3741 37.60
6672 38.48
3584 37.54
4135 36.37
4216 35.34
4358 35.99
3301 36.65
3270 36.44
3265 35.98
3163 36.45
3695 35.21
3348 34.61
3113 34.14
3218 33.49
3217 32.40
3426 31.45
3525 30.75
6787 32.97
2464 33.52
3853 33.74
3642 33.33
3306 33.57
3755 32.93
4364 32.60
4322 32.87
4324 32.51
4589 32.64
4903 32.86
4928 34.00
5167 34.49
4923 35.24
5275 35.49
5257 36.11
7432 36.92
3426 37.12
3546 36.45
3274 36.41
3755 36.44
3633 36.47
3546 36.80
3424 36.55
3543 35.98
3656 35.80
3688 36.08
3712 35.88
4058 35.75
4533 35.42
4498 35.37
3447 35.86
7115 36.58
3531 35.87
4092 34.52
3398 34.82
3938 34.73
3624 35.05
