4398 44.19
3274 40.58
3804 39.23
4935 37.75
4362 37.06
3437 37.18
3453 37.10
3422 36.33
3937 35.61
4804 35.59
3941 35.60
3969 34.69
4009 34.68
3572 34.37
3931 33.82
4799 33.20
7913 36.73
3473 34.60
3806 33.30
3816 33.65
4725 33.66
2958 33.39
4758 32.57
3382 33.31
4205 32.81
2877 32.40
4911 31.11
4696 31.77
5422 32.70
5109 32.58
3216 34.29
4652 33.31
7408 38.82
3633 37.51
5066 36.27
4296 36.08
4962 35.38
4422 35.50
3306 36.94
3433 35.94
3788 35.62
4013 35.30
4139 35.15
4093 34.98
3921 35.18
3940 35.29
4446 34.58
4722 34.04
7757 37.13
3109 36.06
3696 34.58
4159 34.30
4380 33.87
4165 33.53
4964 34.20
4561 34.03
3942 33.86
3922 33.88
3470 33.53
3727 32.51
4333 33.22
4870 32.51
3647 33.50
4109 32.89
7684 32.59
3499 33.19
3821 32.57
4151 31.44
4374 31.90
4286 32.28
4216 32.44
4452 31.99
4473 32.34
5189 32.35
5007 32.48
4959 32.82
5273 33.19
6731 33.88
6381 35.08
5260 35.78
6199 39.40
2887 38.81
3870 37.90
4095 37.39
3699 37.05
3711 36.96
4065 36.44
3960 36.62
4442 36.88
3767 37.39
3839 37.67
3703 37.19
4059 36.67
4052 36.34
4568 36.54
3922 36.77
7144 38.13
3777 37.02
4507 35.79
4652 34.90
4600 35.62
3545 35.93
3462 35.54
3470 35.30
3573 35.78
3788 35.10
3633 33.91
3283 33.32
3367 32.98
3602 31.77
3526 31.04
3581 30.44
7089 32.58
3300 32.14
4944 32.66
3895 32.50
3898 32.52
3751 32.32
3776 32.82
3920 33.13
3607 33.11
4306 32.97
4513 33.40
5376 33.68
5258 34.57
5394 34.78
5850 34.83
5775 35.30
7977 36.43
3727 36.63
3653 36.03
3633 35.62
4069 35.96
4021 35.72
3939 35.84
3719 35.93
3734 35.47
4019 35.16
3876 35.48
3992 35.59
4129 35.48
4470 35.67
5006 34.83
4580 34.69
7818 36.02
3627 35.67
4533 34.20
3613 34.37
3946 34.41
3908 34.56
