8063 27.29
1305 27.11
3292 25.17
3793 23.81
4059 25.83
3353 24.58
4768 23.88
3632 23.85
4760 24.79
3147 24.30
4717 24.07
3165 23.72
4574 24.95
3865 24.30
4409 24.39
3425 24.50
5951 24.75
2949 24.30
4215 24.02
3192 23.80
5173 23.95
2876 23.66
4039 23.60
3607 22.99
4820 23.71
3173 23.77
4277 23.24
3791 21.92
4494 23.59
2981 22.81
4284 22.73
3243 22.78
10320 25.53
1466 24.95
3006 23.89
2500 23.82
3970 24.53
3723 23.30
4242 23.72
3645 23.06
5229 23.37
3329 23.32
4386 23.28
3299 22.79
4730 23.61
3194 22.90
4129 22.72
3436 23.06
5056 23.28
3604 23.23
4361 23.05
2984 23.08
5490 23.12
3094 23.07
4930 23.27
3452 23.85
5622 23.60
3051 23.62
3944 23.97
3167 23.32
5166 23.60
3249 23.62
4415 23.14
3214 22.95
10999 24.96
1225 27.00
3189 24.42
3061 24.12
4343 24.30
3126 23.51
4412 23.42
3432 23.13
4732 23.75
3764 23.04
4432 22.67
3045 22.63
5068 22.81
3514 23.04
4370 23.09
3456 23.16
6354 23.40
3043 23.63
4110 23.71
3441 23.52
5694 24.07
3523 24.13
4454 24.27
3296 24.04
5440 24.60
3594 24.12
4029 24.13
3710 24.09
5385 24.58
3742 24.04
4520 24.79
3434 23.99
9965 25.31
909 26.06
2913 23.83
2783 23.43
4391 23.38
3229 22.87
3753 22.66
3717 22.06
4256 22.65
3433 22.06
4239 21.96
3399 21.40
3936 22.00
3443 22.03
3965 21.56
3969 21.36
4231 21.75
3859 21.20
4554 21.18
3390 21.50
4917 21.49
2904 21.34
3813 21.52
3838 20.85
4954 21.45
3584 21.32
4606 21.77
4072 21.66
6063 21.80
3921 22.21
4405 22.20
3885 22.74
9779 25.91
1033 28.48
3093 25.11
2710 24.98
4311 25.37
3556 24.46
3816 25.20
3151 24.71
4335 25.48
3711 24.55
4306 25.16
4169 24.16
4711 25.60
3733 24.93
5170 24.36
3081 23.88
4890 24.86
3157 23.89
4630 23.43
3187 23.48
5450 23.64
2928 23.19
4100 23.39
3508 23.20
5165 23.57
4262 24.28
5656 24.49
3661 25.00
5791 24.93
3937 25.29
5081 25.58
2827 24.59
8194 26.79
800 27.66
3069 24.71
2637 24.08
4027 24.44
3269 23.46
3958 22.96
3645 22.61
4669 23.11
3320 23.07
4869 23.22
4096 23.51
6551 24.09
4095 24.24
5637 24.21
3468 24.56
6395 25.60
3349 24.97
3482 26.70
3241 26.05
5573 26.98
3257 25.85
3719 26.92
3281 25.88
6130 26.59
3076 26.05
4262 26.34
3496 24.50
5574 25.47
3094 24.24
3825 25.55
3125 24.93
9394 21.63
1455 27.86
3966 25.89
2956 26.22
5303 27.82
3184 24.88
3352 26.81
3486 23.70
3922 27.38
4099 23.32
3651 25.92
3858 23.32
4343 26.20
3285 23.90
4636 23.67
2705 23.58
5071 24.27
2653 24.13
4338 24.19
3825 24.60
6012 25.69
3274 25.07
3479 26.32
3202 25.91
5308 27.16
3371 26.30
4160 27.24
3769 27.23
6960 28.13
3342 27.61
3544 27.57
2407 26.95
10906 28.53
523 30.03
1768 28.06
3478 25.63
3851 27.34
3996 26.70
4559 27.45
3498 27.23
5067 28.09
3108 27.70
3297 27.20
3568 26.12
4117 26.78
3941 26.32
3707 26.66
4060 26.13
4715 27.12
3950 26.65
4416 26.57
3523 26.57
4559 27.34
3460 27.14
3429 26.85
3867 26.17
4402 26.69
2848 26.79
4065 26.18
3120 26.54
4515 26.05
3695 25.88
4048 25.99
3546 26.40
10275 31.60
1820 30.74
1992 30.97
2716 28.98
3906 28.39
4113 27.56
3822 27.30
3796 26.45
4473 27.13
3099 26.78
4006 26.74
3799 26.45
4376 26.64
3771 26.48
4510 26.42
2914 25.78
4447 26.24
3186 25.78
4285 25.63
3569 25.45
4590 25.68
2469 25.29
3795 25.13
4188 24.60
4318 25.34
3529 25.13
4374 25.53
3715 25.53
4144 25.04
4078 25.51
3656 25.74
4548 25.49
9838 31.76
2004 30.12
2402 29.69
3054 28.61
3360 28.93
3983 26.96
4209 27.46
4461 26.71
4099 27.76
3354 27.31
4161 27.14
3626 26.12
