7725 27.68
1147 27.92
3239 25.38
3597 24.28
3777 26.60
3061 24.86
4864 24.17
3167 24.15
4477 25.19
3226 24.66
4023 24.80
3335 24.23
4486 25.19
3562 24.82
4061 25.01
3301 24.87
5221 25.56
2982 24.85
3651 24.74
3518 24.01
4444 24.85
2820 24.03
4013 23.88
3187 23.65
4333 24.33
3169 24.08
4227 23.62
3314 22.52
4076 24.19
3007 23.14
4064 23.13
2948 23.28
9831 25.97
1306 25.65
2916 24.36
2258 24.31
3812 24.87
3717 23.54
3838 24.24
3380 23.43
4595 23.90
3423 23.37
4299 23.38
3103 23.20
4898 23.58
2774 23.07
3918 23.19
3104 23.28
4559 23.91
3561 23.43
4177 23.47
2754 23.33
5418 23.42
2844 23.76
4651 23.74
3364 23.93
5458 23.91
2727 23.98
3599 24.32
3081 23.37
4645 23.97
3302 23.65
3928 23.63
3054 23.49
10590 25.31
1117 26.88
2899 24.97
3505 23.83
3916 24.92
2980 23.80
4239 23.63
3282 23.17
4484 24.13
3609 23.36
4053 23.00
2877 23.16
4745 23.08
3257 23.27
4279 23.38
3338 23.48
6045 23.70
3073 24.10
3872 24.17
3317 23.81
5434 24.61
3232 24.54
4232 24.65
3144 24.42
5261 25.10
3466 24.37
3852 24.44
3582 24.59
5119 24.89
3510 24.52
4297 25.19
3305 24.57
9162 26.03
839 26.79
2733 24.50
2642 24.03
3703 24.25
3279 23.34
3839 22.91
3452 22.49
4096 23.15
3088 22.77
4129 22.04
2886 21.84
4049 22.25
2963 22.40
3803 21.75
3685 21.79
4045 22.06
3423 21.51
4354 21.51
3238 21.80
4616 21.95
2813 21.71
3703 21.74
3603 21.61
4817 21.76
3180 21.72
4352 22.01
3972 21.99
5780 22.02
3711 22.74
4136 22.67
3669 22.95
8885 26.75
1290 27.71
2744 25.97
2377 26.04
3839 26.09
3058 25.17
3696 25.46
3669 24.52
4025 26.12
3974 24.59
4010 25.57
3914 24.59
5049 25.60
3632 25.15
4703 24.70
2891 24.23
4450 25.24
3229 24.33
4190 24.05
3012 23.99
4943 24.36
2841 23.44
3916 23.57
3364 23.36
4852 23.96
4087 24.42
5360 25.15
3377 25.46
5407 25.26
3712 25.78
4892 25.93
2457 24.93
8122 26.87
861 27.64
2920 25.09
2381 24.51
3901 24.62
2933 23.73
3759 23.21
3521 22.91
4561 23.54
3057 23.36
4584 23.48
3814 24.04
6318 24.39
3813 24.62
5444 24.52
3228 24.75
6147 25.97
3185 25.27
3430 27.26
3078 26.21
5178 27.24
3141 25.99
3545 27.49
3173 26.60
5775 27.34
2914 26.58
3847 27.47
3394 25.18
5052 26.35
3035 24.59
3488 26.50
3224 25.03
8973 22.02
1398 28.96
3542 26.44
2673 26.89
5119 27.97
3302 24.65
3321 26.91
3090 24.15
3816 27.03
3732 23.84
3814 25.36
3498 23.69
4682 25.58
2815 24.40
4169 23.90
2520 23.89
4900 24.28
2685 24.32
4093 24.61
3574 24.81
6057 25.62
3005 25.39
3478 26.18
3037 26.11
5363 26.87
2982 26.61
3880 27.41
3757 27.30
6713 27.91
3057 27.80
3268 27.72
2372 27.12
10396 28.93
430 30.83
1793 28.24
3215 26.08
3971 27.81
3802 27.03
4567 27.75
3348 27.58
4728 28.50
2979 27.96
3138 27.60
3469 26.53
3929 27.13
3811 26.64
3528 26.98
3790 26.36
4483 27.48
3398 27.32
3923 27.26
3628 26.88
4519 27.62
2965 27.47
3330 27.11
3557 26.54
4322 27.01
2596 26.98
3865 26.39
2887 26.85
4318 26.30
3332 26.27
3727 26.41
3410 26.67
9680 32.04
1722 31.18
1520 31.81
3144 29.06
3755 28.82
4319 27.80
3564 27.76
3607 26.98
4258 27.63
2956 27.23
3613 27.14
3382 26.83
3862 27.09
3555 26.81
4218 26.77
2887 26.01
4081 26.65
3168 26.05
3991 26.06
3529 25.76
4134 26.22
2793 25.64
3605 25.61
3889 25.10
4191 25.78
3291 25.55
4078 25.93
3589 25.90
4016 25.40
3766 25.79
3294 26.13
4084 25.84
9519 31.99
2231 30.05
2755 29.24
2711 28.72
2691 29.55
3871 27.60
3800 28.12
4132 27.43
3547 28.40
4004 27.28
4224 27.51
2902 26.93
