1045 51.00
422 50.73
691 50.45
251 51.00
763 50.21
200 51.00
374 47.73
527 47.77
753 47.59
333 48.44
543 46.51
394 46.69
707 46.30
506 47.02
610 45.94
268 46.61
1078 51.00
447 43.44
556 46.49
476 46.43
736 45.98
481 46.82
699 46.53
291 48.58
753 47.49
486 46.00
654 46.52
286 45.68
734 46.12
681 45.41
430 47.40
636 45.44
1085 51.00
550 43.49
547 46.06
446 47.82
796 47.37
441 45.09
506 47.33
385 46.97
770 46.51
343 47.56
626 46.70
473 47.08
728 46.78
487 47.65
563 46.05
616 45.72
1058 51.00
534 46.91
551 48.12
452 48.10
793 47.34
356 50.31
661 47.47
323 47.77
784 47.02
295 49.32
697 46.77
272 47.73
753 46.16
474 46.72
657 46.24
649 45.43
1198 51.00
446 46.04
544 44.91
498 46.03
764 47.05
260 48.51
509 47.50
337 47.81
748 46.35
338 49.08
734 45.81
220 48.45
746 47.22
505 47.13
657 47.09
643 44.49
1203 51.00
284 47.66
479 48.37
532 47.27
508 49.95
400 47.56
580 48.96
286 50.52
644 50.33
373 49.92
643 50.10
533 49.32
728 50.64
585 49.16
492 50.98
552 49.17
1195 51.00
269 50.79
579 50.42
293 50.66
699 51.00
336 50.07
467 50.88
382 50.48
728 50.89
375 50.52
570 50.15
343 50.27
736 50.29
303 50.68
535 49.60
343 50.29
1186 51.00
365 50.68
500 50.72
349 50.38
798 50.83
376 50.83
554 50.91
307 50.83
786 50.70
305 50.75
468 50.33
334 50.68
710 50.79
313 49.68
585 50.33
310 50.67
974 51.00
497 50.34
593 50.64
350 50.56
736 50.20
365 49.75
586 50.74
398 50.74
687 50.47
349 50.46
646 50.60
419 50.85
723 50.51
559 50.26
559 50.36
376 50.66
1051 51.00
538 50.40
576 50.70
447 50.63
936 50.41
335 50.71
