10425 32.81
4776 30.06
6474 29.39
7529 27.43
7439 29.20
5471 29.12
6583 27.51
6262 27.79
7435 28.17
6478 26.64
6772 28.13
5350 27.38
7456 29.05
6589 26.65
6907 27.31
6546 27.04
11830 32.00
4829 29.47
6467 29.25
4666 30.12
6320 31.25
6138 29.04
6388 28.87
6164 27.65
7322 29.40
5519 29.63
6658 29.21
6510 28.81
6501 30.23
6803 28.46
7184 29.05
6665 28.18
11795 32.22
5103 30.87
5906 30.36
5415 29.07
5705 32.63
5379 29.36
6695 29.81
6181 29.27
6264 31.94
6449 29.43
6493 29.58
5217 30.42
6745 30.99
6324 28.99
6553 30.64
3822 30.56
11785 32.50
4982 30.43
6127 30.54
5622 29.61
6056 32.63
6815 28.53
6314 30.59
6735 27.63
6386 31.81
6133 28.72
6079 30.62
6023 29.23
6855 30.82
6495 29.00
6028 30.36
6175 29.03
11801 33.47
4521 30.90
5636 31.05
4916 29.11
6397 31.59
5985 29.55
6186 30.89
6435 29.67
6898 31.34
6337 30.43
5716 31.62
6139 29.79
6376 31.49
4560 30.95
5521 31.63
6112 30.56
11852 33.36
3210 33.04
4895 32.97
4979 31.25
6231 33.38
5760 30.85
5756 32.09
5755 30.77
6469 34.37
5847 31.78
5927 33.26
6150 31.32
6671 34.37
6255 31.67
6157 33.77
4608 32.20
11725 34.39
4534 33.51
5729 33.29
4160 32.47
6005 34.37
4844 32.71
6019 33.11
5160 31.49
6210 34.34
6080 32.07
6179 33.30
5757 31.25
6675 34.07
6021 31.76
5612 33.59
4229 32.66
11719 35.17
3598 32.99
6186 32.77
4464 32.51
6053 34.06
4391 32.97
6291 33.19
5789 31.85
6706 33.56
5545 32.18
6357 32.54
6012 31.73
6825 33.65
6004 31.97
6123 33.08
5867 31.99
11637 35.62
3428 33.90
4948 34.25
5334 32.44
5942 34.50
6006 32.12
6142 32.95
5667 31.77
6217 34.46
5697 32.86
5656 33.54
4311 33.80
7078 34.13
5847 32.84
5093 33.73
5206 32.75
11773 35.88
3635 34.13
6075 33.69
4645 32.47
6154 33.73
5749 32.27
