2166 47.62
745 42.93
1377 41.26
1528 41.36
1334 42.83
1308 41.63
1269 41.43
957 41.31
1346 40.69
703 41.78
1376 40.30
763 40.46
1410 40.74
1166 39.65
1347 39.84
1351 39.25
1901 46.84
1256 41.77
1375 42.97
1425 40.68
1346 42.11
1298 41.45
1241 41.68
1393 40.20
1416 41.62
1065 40.54
1276 41.35
1192 40.89
1344 42.62
1267 39.18
1255 40.65
597 41.43
2335 46.03
876 43.29
1370 41.17
1117 41.70
1437 42.10
1104 41.43
1409 40.86
1327 39.89
1140 42.50
870 42.73
1187 41.93
1269 41.10
1357 41.87
1246 40.44
1230 41.32
1151 40.42
2398 45.57
802 43.91
1355 43.20
869 42.22
1451 42.96
1434 40.95
1184 43.02
1316 40.33
1401 42.06
1228 40.81
853 42.18
1013 41.67
1162 42.37
829 42.11
1290 42.00
1181 40.67
2198 46.34
1104 42.48
1067 42.57
948 43.04
1328 41.82
1653 40.63
1603 41.55
1280 40.83
1326 41.55
1463 42.24
1048 43.10
1256 41.24
1178 43.33
994 42.74
1184 42.88
1425 41.23
2309 45.83
605 45.48
715 46.84
1270 43.68
1005 46.25
1079 43.78
1217 44.65
1420 42.36
1121 46.71
1293 43.15
1069 45.37
1305 43.96
1247 46.54
1235 44.19
1005 45.23
980 44.58
2210 47.23
683 45.46
1159 45.90
919 43.78
1077 47.19
879 44.74
1268 45.44
893 43.96
1319 45.82
1425 42.91
1286 44.09
1429 42.72
1530 44.49
1402 43.11
1346 43.31
823 43.53
2146 48.32
982 44.20
1072 45.51
784 44.58
1426 45.62
676 45.02
1255 44.20
683 44.67
1432 44.80
1048 44.53
1271 43.99
1454 42.87
1311 43.75
1377 42.85
1175 43.85
1280 42.48
2235 47.99
882 44.85
1253 45.64
860 44.10
1263 45.44
1314 43.78
1354 44.00
1117 43.14
1389 44.77
1136 43.50
866 45.22
784 44.85
1404 44.86
1213 43.58
1011 44.51
807 44.21
2212 48.25
954 45.45
1354 44.76
836 44.46
1285 45.48
1358 43.36
