3715 42.28
1373 39.07
2459 37.82
2539 36.04
2490 38.02
2140 37.99
2436 36.64
1898 36.27
2693 36.39
2361 35.33
2402 35.41
2023 36.15
2475 36.98
2230 35.15
2335 35.78
2491 35.27
4176 40.93
1747 38.02
2253 37.81
1169 37.61
2554 38.13
2116 37.08
2204 37.07
2223 35.36
2424 38.24
2473 37.12
2128 37.75
2228 36.37
2443 38.73
2331 36.91
2432 36.89
908 38.17
4102 41.04
1991 37.86
2298 37.82
1946 37.50
2374 39.41
2173 37.56
2558 36.76
2282 36.38
2023 38.63
1583 38.70
1844 37.17
2160 37.28
2062 37.99
1955 37.09
1860 37.89
1672 37.25
4162 41.27
1943 38.21
2102 40.65
1450 37.83
2424 39.16
2630 37.13
2383 38.26
2681 35.49
2315 38.40
2433 36.28
1880 38.44
2124 36.83
2050 38.89
1591 38.47
2177 38.39
2154 36.59
4151 41.81
1166 41.34
1626 38.35
2384 37.13
1651 39.73
2455 37.69
2125 38.67
1858 38.33
2279 38.15
2438 37.27
1641 38.73
2029 37.93
2014 38.53
1970 38.71
2257 39.13
2170 37.54
4141 41.68
974 41.04
1636 42.32
1833 39.91
2176 41.38
2048 38.77
2097 38.84
1986 38.59
2385 41.55
2269 38.76
2150 40.30
2111 38.57
2353 42.44
2052 39.54
2107 40.07
1784 39.72
4038 42.92
1277 41.15
2281 40.39
1403 40.12
1669 43.27
1988 40.14
2012 41.10
1725 39.84
2342 41.70
2272 39.45
1722 40.73
1517 40.39
2205 40.84
2165 39.79
1761 41.15
1429 40.29
3904 43.91
1627 40.81
2157 40.82
1093 40.74
2366 41.00
1299 40.62
2185 40.26
1305 39.95
2373 40.79
1748 39.86
2242 39.89
2180 38.83
2335 40.42
2370 38.91
2298 39.87
2600 38.42
4098 43.78
1376 40.89
1180 43.19
2027 40.34
1448 42.64
1776 40.57
2121 41.34
2646 38.82
2422 41.37
2393 39.59
2268 40.39
2220 39.52
2270 41.42
1933 40.28
1787 40.88
1591 39.85
4174 43.91
1330 41.38
2270 41.04
1484 40.15
2298 41.16
2332 39.15
