4766 40.07
2180 36.30
3097 35.21
3133 33.80
3495 36.28
2294 34.87
2675 34.75
2328 34.84
2807 35.18
2565 34.31
3378 33.64
2850 32.93
3618 35.05
2990 33.14
3083 33.57
2737 33.45
5347 38.92
2085 36.52
3048 35.48
1860 35.77
3196 35.93
2645 34.81
2832 34.45
2796 33.59
3082 36.17
2396 35.00
3149 34.66
2772 34.68
2984 35.74
3157 34.02
3078 34.79
2491 34.08
5234 39.22
2470 37.14
3077 36.54
2137 36.02
3111 37.79
2549 36.07
3265 35.45
2273 35.26
2929 36.30
2715 35.39
2765 35.99
1992 36.22
3139 36.85
2283 36.03
2726 36.01
2239 35.11
5307 39.46
2426 37.05
3255 37.28
1535 37.01
3168 37.86
3100 35.53
3322 36.23
3286 33.89
3583 36.64
2488 34.39
2796 35.75
2691 35.21
3430 36.06
3002 34.65
2384 35.98
2774 34.45
5301 40.03
2462 36.72
1572 38.58
2932 36.16
2563 37.84
2982 36.40
2755 37.01
2626 36.56
3075 37.08
2783 36.58
2468 38.03
2397 36.61
2778 37.98
2318 36.95
2561 37.65
2801 35.79
5364 40.01
1330 39.21
1656 40.13
2366 38.11
2201 40.06
2686 37.62
2799 39.01
2663 36.37
2716 40.13
2856 37.48
2689 39.25
2693 37.32
2889 41.06
2974 37.75
2678 38.64
2311 38.05
5350 40.83
1775 38.85
2927 38.01
1900 38.15
2165 41.05
2388 38.89
2432 39.66
2401 37.94
2963 39.72
3203 37.30
2274 38.94
2650 37.80
2973 38.81
2665 37.82
2015 39.54
2398 38.32
5192 41.92
1741 38.95
2958 38.42
1555 38.62
1973 40.82
2759 38.50
2772 39.01
2710 37.68
2917 39.93
2003 38.55
2948 38.35
2881 37.29
2966 39.28
3439 36.91
2347 39.15
2891 37.15
5237 42.06
1595 39.85
2432 40.34
2087 38.54
1747 41.89
2731 38.24
2964 39.90
2658 37.64
3019 40.11
3281 37.86
2985 38.97
2637 37.77
2605 39.94
1863 39.07
2865 38.54
1983 38.19
5372 42.22
1775 39.67
3007 39.08
2198 38.23
2587 40.77
2686 38.03
