5246 39.04
2153 35.27
3469 34.13
3656 33.62
3867 34.68
3130 34.65
3874 32.88
2235 34.43
3559 34.76
3658 32.58
3528 32.54
2116 33.10
3713 34.06
3340 32.18
3777 32.90
2758 33.24
5788 38.29
2186 35.38
3423 34.60
2060 33.27
3401 35.35
3238 34.18
3276 34.33
3574 32.54
3964 34.34
1811 35.62
2947 35.47
3325 33.65
3269 35.52
3583 33.23
3489 33.67
3555 33.30
5954 38.26
2141 36.20
3422 34.74
2944 34.73
4069 35.86
1877 35.64
3888 33.34
2538 34.50
3630 34.93
3592 33.19
3196 35.37
2930 33.64
3270 34.69
2921 34.47
3055 34.86
2491 34.71
5860 38.43
2481 36.38
3462 36.87
1835 35.98
3239 37.68
3405 34.80
3193 36.43
3299 34.03
4002 35.47
3090 33.80
2809 35.78
3246 33.86
3130 36.32
2603 35.51
2778 35.69
3202 33.87
5912 39.18
2412 35.94
2052 36.53
3122 34.80
3298 35.50
3474 34.97
3725 35.21
2992 35.19
3419 36.15
3164 35.37
2844 36.81
3308 34.80
2957 35.83
2858 36.11
2571 35.98
3418 34.86
5975 39.10
1763 37.61
2155 38.82
2313 37.14
2699 39.00
3142 35.96
2406 39.38
3062 36.66
2936 39.84
3301 36.38
2780 39.24
3167 36.63
3234 40.25
3335 36.98
3308 37.87
2246 37.06
5732 40.29
2183 38.44
3119 38.27
2118 37.54
2743 39.94
3019 37.37
3284 37.96
2467 36.84
3581 38.67
3046 36.79
3014 38.07
2938 36.59
3669 37.85
2688 37.16
2406 38.66
2662 37.05
5928 40.89
1943 39.52
2070 39.82
2360 37.43
2207 39.92
2990 37.52
2967 38.58
3097 36.59
3641 38.81
1924 38.03
3292 37.71
3884 35.78
3532 38.11
3843 35.84
2384 38.13
3111 36.38
5702 41.34
1789 40.69
2399 40.16
2292 38.09
1897 41.16
2800 38.37
3008 39.12
4007 36.76
3284 39.32
3702 37.14
3200 38.04
2994 37.08
3471 38.77
3155 36.92
2198 38.55
2513 37.69
5917 41.44
1913 38.93
3421 38.30
2427 37.08
3359 38.74
2936 36.82
