9898 31.68
529 32.54
2370 29.54
3613 27.86
4084 26.53
4481 25.71
3642 25.63
4155 25.18
3688 25.16
4046 24.51
4281 24.29
4284 24.11
3646 24.19
4251 23.78
3980 23.71
4025 24.03
4293 23.69
4833 23.49
4010 23.86
4338 23.87
3427 24.08
4189 23.73
4698 23.49
4499 23.85
4475 23.93
3786 24.17
4151 23.70
4406 23.56
4431 23.42
4426 23.28
4121 23.25
4277 23.41
11634 29.36
1507 28.44
2323 27.67
3695 26.26
3859 25.69
3499 25.67
4293 24.96
4151 24.37
4381 24.10
3939 23.98
3852 24.09
4352 23.67
4207 23.45
4075 23.44
4674 23.24
3610 24.10
4498 23.27
3575 23.62
4642 23.11
3920 23.47
4500 22.95
4291 22.61
4309 22.56
4715 22.18
3603 23.18
4441 23.28
4405 23.00
4068 23.10
4307 23.03
4247 22.97
4351 22.59
4325 22.47
11477 28.79
2217 27.10
2381 26.60
3604 25.56
4368 24.26
3920 24.14
3396 24.26
4503 23.46
3942 23.54
4335 23.24
3867 23.77
4183 23.37
4517 23.26
3998 23.31
4358 23.17
4327 23.04
4619 23.00
3960 23.15
4528 22.77
3657 23.10
4374 22.96
3939 23.25
4359 22.77
4543 22.71
4193 23.13
4847 22.72
4119 23.18
4491 22.78
4050 22.90
4763 22.96
4482 23.14
4091 23.34
11663 28.64
1219 28.20
1905 27.69
3315 26.34
3529 25.76
4210 24.76
4288 23.96
4027 23.82
4863 23.44
3565 23.86
4332 23.31
4009 23.20
4602 22.97
4122 22.59
4031 22.63
3621 23.06
4657 22.85
4170 23.22
3808 23.39
4776 22.99
4193 23.32
4029 23.04
4637 22.66
3834 22.59
4275 22.49
4151 22.63
4261 22.52
4553 22.23
4388 22.21
3735 22.33
4873 22.01
4539 22.47
11565 28.40
1041 28.09
2656 26.42
3081 25.47
4047 24.46
3909 23.91
4295 23.37
3767 23.11
3809 22.77
4387 22.68
4558 22.58
4516 22.45
3971 22.76
4347 22.78
4165 22.97
4635 22.63
3975 23.17
4364 22.68
4041 22.66
4700 22.72
4400 22.92
4002 22.82
4307 23.09
4938 22.93
4415 23.40
4085 23.28
4308 23.20
4398 22.96
4132 23.14
4460 22.86
4443 22.51
3866 23.00
12148 28.71
2313 27.11
2635 26.39
2592 26.20
3154 25.52
4256 24.22
3809 24.22
4452 23.90
3889 23.81
4244 23.58
3723 23.82
3988 23.59
4447 23.35
3762 23.42
4462 22.84
3694 23.22
4063 22.97
4903 22.53
3421 23.09
4443 22.66
4179 22.81
4523 22.50
3950 22.80
4634 22.46
4325 22.71
4134 22.72
4835 22.37
3823 22.69
4236 22.53
4759 22.25
3797 22.28
4009 22.51
12149 28.11
1514 27.39
2751 26.30
3300 25.36
3178 24.89
4493 23.79
3839 23.81
4213 23.56
3535 23.52
4528 22.79
3228 22.96
4134 22.59
4281 22.92
4937 22.55
3698 22.91
4429 22.41
3634 22.23
3162 22.60
4618 22.04
4187 22.68
4788 22.45
4184 22.71
4108 22.93
4271 22.63
4031 22.93
4738 22.74
3763 22.85
4537 22.53
4695 22.41
4313 22.63
4410 22.77
4251 22.79
11165 29.24
2199 27.85
2391 27.06
2487 26.65
3590 25.51
4831 24.17
4015 23.96
3798 23.47
3616 23.41
4761 22.81
3739 23.33
4267 23.06
4753 22.46
3325 23.39
3945 23.11
4734 22.70
4134 22.55
3674 22.98
4170 22.63
4433 22.57
4310 22.29
4498 22.02
4248 22.04
4319 21.72
4493 21.88
4461 21.59
3425 22.22
5330 22.20
4896 22.59
3459 22.92
3825 22.67
4289 21.97
11887 28.16
1961 27.34
2649 26.70
2715 26.47
3469 25.70
3480 25.31
4260 24.29
4713 23.46
3871 23.53
3947 23.37
4333 23.26
4340 23.09
4480 22.92
4142 23.04
4368 22.80
4068 22.98
4399 22.95
4704 22.48
3765 23.03
4200 22.77
4679 22.46
3788 22.98
4385 22.55
3911 22.95
4634 22.19
3884 22.83
4652 22.53
4324 22.67
4176 22.72
4216 22.79
4891 22.26
3679 22.89
11816 28.48
1634 27.78
2034 27.29
3206 26.21
4278 24.78
3839 24.95
3803 24.62
4198 24.11
4541 23.36
3667 23.50
3769 23.73
4339 23.45
