4148 38.76
253 38.09
1810 34.60
1898 33.43
1538 32.76
1901 31.89
1981 31.15
1526 31.02
1954 30.45
1791 29.99
2092 29.57
1800 29.37
1959 28.99
1973 28.66
1601 28.58
2184 28.41
2122 28.17
2137 28.55
1477 29.13
2214 28.38
1201 29.21
2088 28.77
2191 28.21
1795 28.75
2006 28.67
1957 28.32
2281 27.96
1789 28.13
2223 27.79
1781 27.96
2195 27.71
1916 28.00
5472 35.47
1277 33.05
1316 32.53
1419 31.89
1432 31.47
2168 30.60
1570 30.58
2072 29.61
1950 29.31
2093 28.88
1357 29.37
1975 28.78
2029 28.16
1951 28.14
2306 28.08
1343 29.22
2230 28.18
1471 28.39
2065 28.05
1916 27.94
2137 27.67
2015 27.21
2156 26.94
1739 27.34
1583 27.96
2118 27.76
2232 27.44
1602 27.73
2133 27.38
2235 27.07
1792 27.33
2149 26.92
5704 34.45
932 32.68
1214 31.99
1709 30.95
1430 30.40
1662 29.99
2243 29.21
1809 28.92
2067 28.47
2089 28.09
1532 29.06
2035 28.20
2291 27.78
1409 28.49
1986 27.86
2197 27.53
1698 27.95
2164 27.68
1601 27.82
2101 27.41
1622 27.90
2064 27.54
2269 27.08
1873 27.40
2043 27.53
2266 27.16
1787 27.67
2116 27.05
2111 26.94
2142 27.31
2020 27.61
1827 27.80
5594 34.61
1019 32.64
1288 31.98
1330 31.66
1602 30.65
2043 29.79
2301 28.82
1810 28.77
1855 28.91
1668 28.71
2179 28.24
1600 28.36
2010 28.05
2180 27.56
1422 28.01
2064 27.43
2301 27.20
1505 28.11
2029 27.63
2268 27.39
1736 27.91
1967 27.53
2265 27.17
1517 27.46
2253 26.88
1696 27.38
2004 26.90
2165 26.57
2093 26.60
1717 26.87
2349 26.54
1935 26.94
5781 33.97
761 32.76
1104 31.75
1214 31.23
1846 30.21
1730 29.78
2233 28.72
1780 28.32
1733 28.14
2024 27.81
2145 27.70
2186 27.31
1505 27.97
2154 27.44
1717 27.91
2004 27.61
2127 27.31
1969 27.20
2004 27.10
2301 27.16
1722 27.87
2082 27.41
1923 27.83
2346 27.49
1855 27.91
1988 27.70
2251 27.44
1681 27.68
1982 27.43
1954 27.35
2233 26.96
1568 27.59
6076 34.35
826 32.67
1222 32.05
1346 31.57
1745 30.47
1387 29.91
2123 29.15
2200 28.70
1710 28.85
2025 28.36
1460 28.73
1996 28.26
2268 27.78
1487 28.36
2134 27.45
1567 27.99
1921 27.56
2314 27.12
1391 27.74
2121 27.34
2169 27.15
1574 27.56
2058 27.12
2088 27.09
2273 26.82
1575 27.32
2039 26.99
2100 26.87
2151 26.65
2019 26.67
1960 26.54
1627 26.85
5476 34.56
819 33.30
1142 32.14
1231 31.73
1989 30.44
2162 29.45
1682 29.24
2221 28.66
1477 28.77
2325 27.93
1248 28.22
1880 27.46
2171 27.21
2155 27.18
1514 27.94
2129 27.10
1745 26.95
1198 27.47
2193 26.61
1635 27.45
2129 26.95
2265 26.87
1529 27.57
2061 26.85
1659 27.33
2358 26.93
1775 27.04
2121 26.83
2278 26.68
1885 27.14
1856 27.33
2347 26.73
5796 34.56
706 33.35
927 32.77
1057 32.15
2072 30.82
1594 30.37
2171 29.34
2109 28.45
1665 28.52
2300 27.87
1450 28.60
2032 27.97
2114 27.50
1291 28.06
1955 27.56
2135 27.46
2157 27.07
1430 27.60
2075 27.16
1951 27.03
1969 26.88
2102 26.42
2199 26.40
1440 26.88
2091 26.64
2219 26.14
1531 26.86
2410 26.64
2326 26.90
1623 27.12
1879 26.85
2116 26.30
5652 34.33
1017 32.92
1143 32.50
1364 31.98
1383 31.38
2088 30.10
2011 29.77
2058 28.76
1818 28.81
1769 28.45
2219 27.83
1455 28.50
2157 27.91
1884 27.87
1929 27.62
2103 27.40
2143 27.34
1744 27.45
2046 27.28
1836 27.40
2204 27.06
1476 27.89
2132 27.36
1764 27.42
2100 26.92
1880 27.28
2231 26.86
1979 27.12
2059 27.10
1776 27.46
2373 26.76
1535 27.53
5532 34.68
1140 32.77
1235 32.29
1260 31.76
1388 31.03
2132 30.34
2064 29.51
1792 29.23
2193 28.55
1720 28.53
1536 28.56
2095 28.36
