11495 32.05
1713 34.34
2654 32.09
4038 29.76
4011 30.55
5253 30.29
4860 30.54
3759 30.76
4528 30.99
3983 29.85
4196 29.75
4011 28.71
5081 29.53
4240 29.14
4641 29.53
2687 29.20
5110 28.59
3456 29.18
4843 28.53
3255 29.06
5291 29.41
4363 28.37
4605 28.64
3773 28.78
5569 29.56
2953 29.83
4135 29.24
3487 29.48
5937 28.51
3100 29.62
4676 28.89
3216 28.96
12302 31.75
814 32.36
3366 30.90
3388 29.49
4691 30.74
4926 29.88
4705 30.65
3685 30.49
4960 30.89
3848 29.92
4841 29.30
2783 30.19
5585 29.85
3373 29.93
4279 29.66
3655 30.15
5771 30.09
3198 30.45
4640 29.70
3530 29.78
5796 30.83
3970 30.92
5130 30.98
2708 30.77
5765 30.56
4136 30.30
5157 30.53
3396 30.67
5478 30.61
2741 31.74
5071 30.84
3359 31.07
11340 32.88
1127 34.79
3210 31.90
3086 30.95
4974 31.34
4707 29.67
4345 30.28
4068 30.67
5356 31.08
3440 30.55
4033 30.35
3012 30.73
5214 30.72
3775 30.68
5041 31.14
2762 30.35
5113 31.13
2985 31.37
4773 30.72
3512 30.79
4650 30.49
4298 29.52
4835 30.47
4192 30.96
5107 30.98
3100 31.12
4592 29.83
3963 30.99
6295 30.52
2783 30.81
4197 30.31
3473 30.53
12556 32.05
737 34.31
2176 32.31
3909 30.98
3695 32.29
5398 30.37
4304 31.53
4140 29.88
3913 33.02
5562 29.79
4104 32.10
3740 30.38
5099 30.81
4115 30.34
3798 31.08
3622 30.79
5409 30.58
3160 31.10
3806 30.84
3519 29.55
5770 30.10
2915 30.86
4018 31.20
3462 30.09
4900 30.99
2863 30.56
4586 30.50
3150 30.96
5352 30.52
3023 30.35
5903 29.25
3051 29.99
12642 32.85
303 31.85
1879 32.34
3551 31.40
2916 32.29
5651 29.81
4696 31.46
3686 29.83
4400 32.41
4636 29.91
4321 31.19
3787 30.45
5791 31.14
3774 30.98
4717 31.54
2889 30.60
5918 30.99
3654 31.57
4368 31.88
1999 31.32
6030 30.54
3502 30.88
4707 30.73
2992 31.22
5519 30.55
3230 30.21
4999 30.72
2831 30.83
5240 30.90
4059 30.81
5200 30.71
2840 30.36
12469 32.88
502 35.49
1947 33.25
2210 33.37
4341 33.21
4186 32.19
4751 31.22
3873 31.51
5458 32.17
3953 31.03
5110 31.05
3021 31.19
4768 32.73
2348 33.07
4930 31.68
3464 31.39
4993 33.20
3269 32.04
4947 31.60
3109 31.78
5019 33.22
4102 31.84
4903 32.15
3541 32.40
5420 32.95
3917 32.21
4988 32.42
3138 33.19
5251 33.06
3231 32.46
4437 32.16
3467 32.30
12663 33.65
557 38.00
3113 34.77
1906 34.94
5016 33.49
4027 32.16
5004 31.93
3050 31.67
4353 33.27
4076 32.12
4551 32.36
3572 32.40
5369 33.22
3467 31.97
4124 32.32
2927 32.02
5684 32.48
3516 32.88
5320 32.38
2878 32.06
5888 32.43
3558 32.17
4891 31.67
3043 32.71
5441 32.96
3527 32.56
5129 32.31
3289 32.82
5295 33.09
3264 32.50
5144 31.66
3150 32.15
12732 34.48
397 37.34
1902 34.01
3298 32.86
3818 34.17
3500 32.81
4300 32.75
4001 31.74
3727 34.37
3445 33.06
5458 32.08
3365 31.98
4925 33.60
3614 33.14
5311 32.63
3309 32.46
4051 34.37
3457 32.98
3790 33.32
4738 31.34
3897 34.22
4421 32.64
5677 32.59
2205 33.28
5744 33.15
3522 32.56
4465 32.83
3306 32.32
4711 33.44
4169 32.53
4830 32.58
3140 32.35
12580 34.91
438 37.45
1953 34.86
3245 33.38
3371 35.05
4829 32.57
4155 33.68
3990 32.26
4381 34.70
4828 32.40
4013 33.70
3652 32.71
4242 34.50
4858 32.54
5078 32.74
3195 32.71
4329 34.34
3286 33.75
4750 33.50
2549 33.95
4335 34.32
3246 33.71
4968 33.63
2925 33.73
4229 34.76
3842 33.83
5203 33.52
3022 33.54
5412 33.59
3218 33.31
5071 32.67
3538 33.06
12594 35.35
343 38.85
3140 34.83
3284 34.10
5187 34.14
3416 33.23
4156 33.12
3478 32.27
4797 33.31
3994 32.74
5493 32.84
3270 32.71
