2170 47.48
47 49.27
226 47.09
1132 42.25
879 42.65
653 41.56
798 41.43
418 43.68
1006 42.50
763 41.55
1011 40.99
402 42.32
1227 40.89
612 42.10
760 41.72
546 41.38
1051 40.17
838 41.36
676 41.47
771 40.97
1197 40.38
555 41.84
541 39.99
621 40.16
745 40.77
575 40.04
915 39.73
540 41.03
1207 40.06
566 40.56
800 40.63
597 40.78
1903 46.71
520 44.02
650 43.04
839 43.22
1122 43.15
713 42.31
684 42.32
719 42.56
643 42.74
916 41.52
962 41.05
610 42.26
806 41.57
979 41.94
866 41.73
420 42.41
787 42.43
657 40.85
1094 41.45
482 41.37
938 42.04
450 43.26
651 42.06
803 41.53
788 42.59
779 42.23
914 42.07
364 42.70
853 42.30
650 42.41
854 41.39
518 41.71
2378 45.33
205 42.16
616 43.23
506 43.51
891 42.19
886 41.15
725 44.16
816 42.77
845 43.48
944 42.74
1094 42.01
523 42.55
997 42.33
456 43.26
588 42.90
731 41.76
1102 41.94
379 41.78
684 41.09
544 42.09
969 41.24
917 41.06
669 42.02
468 41.99
845 41.62
658 40.83
609 42.04
886 40.82
811 41.43
927 40.55
782 40.22
659 40.83
2315 45.45
253 46.10
652 43.97
779 42.88
881 44.94
1061 42.37
716 44.70
761 42.87
775 44.29
902 42.48
804 43.92
867 42.19
661 44.68
1054 42.29
658 44.18
558 42.98
1217 42.50
425 41.22
532 41.97
546 42.74
832 42.01
669 41.85
694 42.38
647 42.08
631 43.14
624 43.34
599 42.94
682 42.36
818 42.55
676 42.78
593 42.78
745 42.09
2430 45.90
84 47.06
391 43.63
870 42.36
739 43.35
812 42.29
750 43.37
964 41.63
784 42.34
1022 41.39
734 43.47
597 42.33
749 43.60
535 43.69
725 43.55
599 42.13
865 41.77
524 43.09
724 42.97
842 41.94
733 44.13
940 42.63
720 43.34
636 43.26
659 43.68
1015 42.18
755 44.11
618 43.06
707 44.03
862 42.46
902 42.42
737 42.28
2330 45.82
120 47.68
337 46.32
484 46.33
615 47.20
718 44.02
762 45.61
652 44.32
752 46.63
999 44.15
775 45.98
707 44.46
692 46.34
911 44.79
1024 44.30
517 44.84
750 47.43
854 44.96
758 45.27
735 44.99
677 47.19
888 44.61
568 46.63
852 45.02
695 47.49
955 44.80
1122 45.05
411 45.46
683 47.58
659 46.11
714 45.83
865 44.16
2123 47.67
201 49.40
359 48.27
603 46.19
736 47.19
676 43.80
687 45.88
697 44.26
653 46.60
714 45.26
710 45.95
724 44.50
855 46.16
595 44.86
677 45.14
750 44.06
748 45.30
653 45.09
703 45.55
866 44.51
719 45.38
832 44.31
1266 44.19
447 45.23
731 46.15
712 44.07
974 44.14
647 44.35
657 45.91
658 44.73
1039 44.70
703 44.11
2123 48.24
163 48.45
352 47.01
585 45.52
723 44.97
492 45.76
796 45.11
988 44.01
820 45.25
568 45.21
1052 43.99
468 44.86
910 45.66
563 44.84
645 45.41
584 44.77
731 45.12
643 44.08
927 44.12
707 43.34
792 44.67
876 44.10
860 44.28
698 44.27
823 44.87
756 44.25
659 45.20
719 44.23
774 44.97
868 44.27
598 45.89
754 44.13
2443 47.57
152 48.56
364 46.49
598 45.20
433 48.80
756 45.29
641 47.49
836 44.72
742 47.15
682 44.67
715 45.46
883 44.38
679 47.17
847 44.55
903 44.97
505 45.23
723 46.37
592 45.53
770 45.26
531 45.42
689 47.06
655 45.40
776 45.37
665 45.07
901 45.74
596 45.55
844 45.01
708 44.73
653 45.79
681 44.88
697 44.94
866 44.00
2250 48.28
128 48.74
429 46.84
525 46.54
1015 45.20
351 45.76
741 44.31
869 43.57
695 44.97
930 43.66
614 44.70
683 44.43
