6985 36.64
747 35.67
1888 34.36
2391 34.03
2933 33.95
3150 33.96
2803 34.50
2077 33.87
2738 34.00
2845 33.68
3277 33.44
1472 33.20
3432 33.04
1754 33.79
3114 32.83
1183 32.60
3424 32.66
2022 32.15
2740 31.79
2099 32.03
3848 31.50
1991 32.14
2521 32.27
2495 31.80
3387 32.45
1565 33.48
2592 31.57
1659 32.84
4003 31.74
1890 32.64
2950 32.03
1985 31.73
7539 35.96
918 36.28
2043 34.05
2603 33.59
3261 33.66
2390 33.99
2309 33.93
2872 33.03
3095 34.09
2547 33.31
2413 33.55
2644 31.99
2609 33.75
2954 33.89
2627 33.48
2307 33.91
3342 34.67
1647 34.47
2728 33.55
1866 33.17
3346 33.95
1933 35.10
2956 34.24
1487 34.23
3166 33.24
2377 33.31
3520 33.29
1991 34.15
3725 33.07
1828 34.55
2794 34.10
1916 34.00
7705 36.14
730 37.59
1837 35.92
2327 35.02
1943 36.62
3183 33.57
3267 33.50
1973 34.47
3311 34.49
2448 33.92
2971 33.74
1420 34.29
3220 34.41
1967 34.35
2699 34.09
1722 33.95
3827 33.47
1442 34.24
2445 33.61
1904 34.07
2817 33.22
2957 32.49
2796 33.53
2393 33.50
3041 33.76
1952 32.48
2954 32.74
2196 34.03
3260 34.11
2142 33.35
2657 33.32
1813 33.94
7861 36.24
1089 36.95
1415 37.11
2460 34.70
1966 36.86
2608 34.21
2423 35.42
3657 32.78
2101 37.30
2914 33.57
3150 34.93
2159 34.01
2723 36.09
2726 34.06
3013 34.18
1749 34.92
2183 36.54
2539 34.36
2895 33.61
2061 33.88
3005 34.47
2140 34.42
2627 34.98
2081 33.64
2356 35.66
2386 33.14
2879 33.98
1691 34.68
2769 34.89
3237 32.65
3440 33.61
1839 33.78
7390 37.50
217 33.82
968 36.15
2089 35.59
2164 35.50
3153 34.03
2399 35.27
2763 33.79
2312 35.85
3313 33.72
2480 34.93
2642 33.83
2584 36.26
2534 35.08
2320 35.92
2225 34.82
2145 36.20
2421 35.24
2384 35.93
2157 34.75
2881 35.61
3091 34.21
3026 35.20
1736 35.06
3165 35.23
2524 34.20
3088 34.48
1379 34.83
3394 34.90
2118 34.68
2716 34.31
2003 34.18
7899 36.79
271 39.60
1048 37.36
1441 36.98
2317 36.70
2823 35.44
2176 36.59
2635 34.80
2744 36.78
2795 35.13
3128 35.00
1718 35.40
2721 37.07
2095 35.65
2288 36.91
2323 35.83
2975 37.07
2387 35.79
2948 35.93
1647 35.95
2698 37.52
2366 36.25
3562 35.54
1728 36.19
2938 36.90
2623 35.90
3277 36.27
1657 36.77
2549 37.59
2561 36.49
2233 36.81
2663 35.89
7912 37.79
322 41.70
1498 38.31
1916 37.25
1966 38.37
3282 35.60
3396 35.77
1741 36.05
3184 36.61
2208 35.76
2810 35.87
1770 35.78
3076 36.31
2150 35.84
2964 35.26
1719 35.46
3704 35.62
1783 36.02
2545 35.52
1868 34.97
3402 35.52
2512 35.18
3151 35.13
1503 35.95
2989 36.42
2550 35.53
2680 35.96
2286 35.84
2873 36.76
2462 35.79
2247 35.89
2815 34.93
7797 38.74
267 40.03
839 37.90
1526 36.74
2488 36.69
2121 36.57
2331 36.43
2660 35.51
2861 36.34
1978 36.13
2691 35.56
2511 35.23
2506 37.15
2260 35.98
2713 35.95
2342 35.50
2195 37.24
2987 35.97
1744 37.47
3363 35.13
2677 37.08
2564 35.84
2901 35.98
2339 35.22
2547 37.47
3171 35.52
3346 36.11
1253 36.71
2478 37.23
2416 35.93
3513 35.60
1287 35.61
7901 38.82
578 39.33
1080 38.18
2065 36.76
1985 38.47
3481 35.87
1859 38.69
2282 36.56
2053 38.99
3422 35.72
2822 36.88
2644 35.80
2141 39.07
3205 35.82
3122 36.47
1534 36.88
2231 38.65
2322 36.91
2962 36.80
1624 37.54
2281 38.29
2074 37.50
3231 36.73
1764 37.09
3194 37.52
1869 37.34
2484 37.19
2225 36.69
2203 37.63
2216 36.35
3743 35.58
1638 36.50
7883 39.34
303 40.28
2056 37.80
1814 37.38
1487 39.66
3112 36.10
2836 36.95
2919 35.32
2869 37.33
2452 36.31
3021 36.38
1528 36.39
