7608 35.91
618 38.14
2017 34.87
2166 33.85
3296 33.20
3305 32.63
3548 34.04
1872 33.72
3252 33.25
2443 32.71
3679 32.80
1742 31.96
3427 32.68
2571 32.36
2892 32.04
2487 31.53
3810 31.28
1904 32.02
3002 31.05
2599 31.53
3865 31.43
2441 31.32
3229 31.53
1680 32.17
3758 31.78
1898 32.75
2512 32.24
2295 31.64
4017 31.41
1924 32.42
2917 31.92
2087 31.64
8316 35.32
1275 35.65
2578 33.38
2150 33.17
2751 33.50
2946 33.27
2578 33.34
2769 33.32
3025 33.97
3216 31.96
3091 32.69
1990 32.41
3516 32.70
2139 32.82
3036 33.06
2762 33.45
3636 33.55
1826 33.42
3129 32.69
1630 33.59
3748 33.43
2262 34.26
2851 34.03
2265 33.20
3793 33.48
2446 32.57
3455 32.01
2052 33.87
4080 33.03
1507 34.03
2825 33.44
1970 33.55
8405 35.58
947 35.56
1870 35.59
2702 33.78
3144 34.61
2649 32.97
3000 33.03
2203 33.63
3201 33.89
2898 32.97
3514 32.58
1517 33.31
3450 33.51
2306 33.89
2998 33.23
1611 33.20
3417 33.50
2613 32.86
3388 33.51
2011 33.29
3259 32.51
2530 32.66
3196 33.13
2353 34.33
2854 33.34
2202 33.14
3420 32.61
2063 33.62
4170 32.89
1851 33.07
2581 32.98
2382 32.90
8489 35.72
819 36.37
1445 36.94
2031 34.46
3418 34.81
2719 33.01
2291 34.76
3339 32.15
2987 35.25
3406 32.53
3081 33.38
2273 33.52
2458 35.43
3612 32.04
3401 33.03
1772 33.66
2398 35.49
2700 33.68
3957 33.17
1834 32.00
3239 34.41
2286 33.62
3085 33.67
2040 32.91
3209 34.10
2042 33.65
3238 33.65
1712 34.19
3513 33.82
2210 33.30
3255 33.02
2192 32.97
8377 36.40
265 33.37
1252 35.33
1785 34.86
2872 34.10
3007 33.20
3812 33.23
1694 32.84
2537 35.23
3393 32.56
3611 33.38
2295 33.11
3994 33.44
1951 35.21
2359 34.85
1769 34.61
3006 34.35
2162 34.53
2796 34.39
2398 33.37
3454 34.34
2591 33.14
3051 33.72
1443 34.17
3436 34.21
2957 32.09
2869 33.78
2337 32.74
3657 33.63
2398 33.60
2812 33.54
1475 34.54
8436 36.24
317 38.30
1223 36.58
1412 36.21
2553 37.44
2877 34.95
2428 35.51
3264 33.76
2932 35.73
3120 34.24
3090 34.74
2206 34.60
3528 35.41
1608 35.90
3159 35.01
2237 35.29
2870 36.90
2694 34.76
2315 35.83
2568 34.91
3261 36.02
2814 34.89
2740 36.15
2497 35.16
3227 36.92
2943 35.14
3273 35.57
1930 36.06
2947 36.63
2397 35.79
2316 36.58
2899 34.98
8509 37.22
328 38.81
1684 37.82
1139 37.86
2998 36.27
3371 34.28
3303 34.55
1949 35.28
2705 36.48
2881 35.07
3449 34.89
1940 35.38
2646 36.62
2297 35.45
3522 35.00
2152 34.75
3900 35.66
2061 35.96
3160 35.35
2063 35.19
3441 35.93
2728 34.86
3557 34.95
1672 35.96
2973 36.02
2968 34.68
3207 35.72
1968 35.35
3178 36.44
2900 34.85
2186 36.09
3160 34.48
8149 38.39
289 39.07
958 37.28
1707 36.69
2544 36.94
2093 36.08
3585 35.37
2450 34.40
3041 36.33
2953 35.08
2154 35.80
2739 35.02
2611 36.65
2893 35.79
2065 36.99
2650 35.56
2512 36.99
2717 35.88
2044 36.95
2325 35.77
2548 37.32
2991 35.60
2210 37.22
2352 35.50
2743 37.13
3617 35.17
3372 35.87
1672 36.01
3177 36.63
2895 35.56
3437 35.45
1979 35.30
8551 38.22
322 39.57
1464 37.11
2012 36.38
1900 38.52
3483 35.42
2289 37.62
2435 35.81
2708 37.69
2533 35.98
2471 36.78
3039 35.35
2268 38.25
3702 35.10
2497 36.73
2902 35.52
2517 38.11
2351 36.81
2841 36.60
1437 37.46
2421 37.29
2449 36.60
3595 36.32
2285 36.00
2371 38.29
2682 36.82
3383 36.61
1853 36.52
3508 36.58
2036 36.49
3322 35.85
2308 35.73
8436 38.72
191 40.91
1944 37.63
2124 37.09
2534 37.77
3003 36.24
2580 36.37
2828 35.26
3276 36.29
2162 35.76
3197 35.80
1756 35.85
