8540 34.82
925 37.29
2243 34.02
3832 31.65
3318 32.77
3755 32.97
3597 33.51
1989 33.13
3893 32.22
2635 32.49
3089 31.69
3109 31.30
3697 31.60
3173 31.50
3163 31.14
2857 31.01
3670 31.82
2896 31.36
3913 30.78
2322 31.32
3878 31.24
3496 30.20
3636 30.77
2654 30.50
4406 31.69
1964 31.73
3091 31.49
2465 31.73
4544 30.73
2283 31.17
3622 30.80
2257 30.87
9459 34.19
738 33.00
2686 32.97
2475 31.78
3697 32.38
3024 32.33
3531 32.61
2783 31.80
3944 32.37
2814 31.65
3616 31.47
2115 31.38
4492 30.70
2205 32.30
3810 31.13
2177 32.44
3680 32.66
2497 32.32
3268 31.61
2360 31.80
4258 31.68
3067 33.26
3825 32.73
2507 31.92
4777 32.32
2954 32.47
4071 32.09
2653 32.79
4205 32.73
2074 33.27
3539 32.80
2338 32.80
9136 34.74
940 36.80
2556 34.45
2605 32.99
3448 32.57
4121 31.51
3767 31.51
2559 33.21
4118 32.96
2310 32.89
2981 31.88
2190 32.91
4328 32.21
2458 33.15
3592 32.83
1947 32.51
3741 32.80
2361 32.69
3705 32.26
2598 32.80
3861 31.74
2375 31.55
4554 32.22
2572 32.59
3618 32.79
2767 31.99
3321 31.95
2898 32.57
3843 33.18
2653 32.11
3332 32.28
2719 31.86
9638 34.51
729 33.65
2369 34.21
2676 32.60
2386 35.24
3912 32.63
3008 33.76
3986 31.60
2573 35.64
3803 32.36
3561 33.62
3488 32.12
2715 35.32
3951 32.37
3685 32.82
2009 33.55
4216 33.57
2341 33.83
3457 31.81
1979 32.03
3712 32.60
2480 32.83
3444 32.81
2669 32.03
3004 33.72
2762 31.82
3972 32.69
1766 33.24
3499 33.70
3366 32.08
3541 31.99
2422 32.34
9688 35.14
293 36.90
1273 34.44
3040 33.01
2014 34.14
3020 33.16
3099 34.04
3673 31.70
2925 34.19
4077 31.53
3696 32.93
2718 32.78
3449 34.18
2810 33.74
3266 33.79
2117 33.71
3058 34.15
3205 33.53
3391 33.94
2098 33.79
4092 34.01
3070 33.31
3156 34.06
2536 33.01
4776 32.35
1923 33.23
3701 32.77
1654 33.24
3802 33.14
2868 32.80
3816 32.67
2311 32.43
9697 35.05
328 37.61
1342 35.78
1759 35.20
2825 36.06
3065 34.59
3792 33.63
2445 34.09
4594 34.37
2818 33.49
3747 33.46
2089 33.50
3728 34.78
1756 35.10
3758 33.46
2459 34.00
3861 35.58
3038 33.64
3864 33.52
2245 33.60
3221 35.72
3484 34.01
3349 34.95
2818 34.09
4104 35.66
2917 34.07
3710 34.59
2290 34.91
3509 35.55
1923 35.90
2996 35.30
3107 34.13
9628 36.07
412 37.94
2443 35.84
1238 36.45
3222 36.30
3672 33.88
4150 33.70
2211 33.77
4156 34.60
2614 34.17
3570 33.95
2394 34.16
4057 34.52
2466 34.01
3252 33.82
1952 34.01
3706 35.12
2914 34.58
3628 34.26
2396 33.92
3962 35.12
3277 33.74
3734 34.03
2268 34.47
3364 35.58
3029 34.21
3731 34.39
2781 34.30
3084 35.96
3275 34.23
4139 34.14
2442 33.97
9762 36.90
303 41.21
1214 36.20
2413 35.62
2496 35.98
2747 35.04
4161 34.12
2606 33.83
4096 35.18
2789 34.07
2666 34.96
2472 34.49
3754 35.28
2650 34.63
3068 34.94
2432 34.36
3554 35.26
3002 33.99
2858 34.91
2534 33.64
3336 35.29
3672 33.69
3451 34.54
1987 34.42
3699 35.62
3422 33.91
3709 34.42
2654 34.15
4242 34.76
2573 34.43
4011 33.94
1528 34.59
9427 37.29
634 37.94
1902 35.66
2291 35.74
2473 37.13
3899 34.23
3308 36.08
2282 34.59
3516 35.56
4117 34.03
2938 35.53
2939 34.34
4666 35.20
2251 34.87
3370 34.28
1997 34.60
3415 35.51
2620 35.44
2874 35.63
2682 35.36
3670 35.31
2194 35.60
3903 34.93
2419 35.11
3936 35.64
2197 35.30
3517 34.89
2134 35.12
3648 35.34
2590 34.32
3451 34.66
2472 34.66
9433 37.78
324 40.11
2597 36.19
2723 35.26
2323 37.89
3584 35.09
3160 35.60
3450 34.21
3325 36.09
3404 34.61
3709 34.99
2542 34.65
