9210 34.10
1060 35.10
2343 33.74
3162 32.23
3681 31.90
4106 31.92
3735 32.53
2694 32.78
4006 31.28
3576 31.46
3653 31.30
2569 31.01
4313 30.82
2769 30.62
3040 30.96
3012 30.29
4409 30.44
2909 30.61
3813 30.40
2764 30.41
4169 30.44
3771 29.49
3806 30.14
2361 30.89
4651 30.48
2844 31.04
3069 30.45
2617 31.34
5248 29.88
2134 30.93
3742 30.60
2825 30.86
10203 33.48
561 33.03
2881 32.35
3227 30.92
3634 32.07
4223 31.51
3858 32.02
2684 32.25
4138 32.25
3489 30.88
3269 31.57
2851 31.16
4179 31.21
2535 31.78
3010 32.01
3200 31.59
4353 32.56
2201 32.68
3633 31.33
2800 31.21
4931 31.60
2799 32.58
3696 32.52
2742 31.81
5381 31.61
2467 32.13
3827 31.79
2334 32.67
4844 31.45
2455 32.77
3145 31.78
2497 32.10
10183 33.87
931 35.41
2728 33.41
2449 32.47
2428 34.74
3300 31.49
4006 31.38
3654 31.97
4485 31.80
3232 31.75
3875 31.17
2628 32.05
4010 31.80
2650 31.38
3708 32.87
2714 31.80
4571 32.06
2116 32.32
3143 32.21
2844 32.35
4777 31.31
3051 31.75
4166 31.65
2760 32.63
4060 31.89
2493 32.22
4009 31.36
2989 32.10
4632 32.32
2759 31.89
3240 31.92
2952 31.73
10141 33.97
739 35.24
2369 32.77
2688 32.40
3028 33.98
3966 31.98
3275 32.73
3847 31.18
2655 35.14
4729 31.47
4196 33.02
2861 31.60
4371 33.07
2825 32.02
3789 31.57
2740 32.53
3669 33.09
2300 32.41
3192 31.69
2994 31.43
3227 33.82
3040 32.16
3664 32.00
2531 31.72
3531 32.59
2952 31.79
3644 32.35
2972 32.25
4055 33.09
2666 31.84
4743 31.08
2534 31.87
10193 34.84
267 32.61
2474 33.46
1305 34.35
3602 32.96
2986 31.99
4198 31.80
2343 31.52
3957 32.92
3470 31.35
3670 31.84
3039 31.72
4527 32.55
2929 33.19
3663 33.22
1921 33.01
4668 31.80
2280 33.07
3565 32.39
2738 32.21
4548 32.85
3239 31.71
3503 32.93
2907 32.39
4885 31.61
2329 32.46
3687 32.34
2050 32.51
4160 32.54
3419 31.28
4437 31.31
2367 31.35
10036 34.74
382 36.90
1775 34.56
1474 35.41
3137 36.21
2872 33.66
3792 33.18
3375 32.71
4706 33.56
3027 32.48
4262 32.28
2227 32.80
4398 34.33
1874 34.07
3800 33.30
2639 33.11
4161 34.68
1845 34.95
3921 33.15
2149 33.93
4275 34.32
3195 33.58
4600 33.02
2513 33.70
4365 34.23
3093 33.32
4014 33.62
2561 33.79
3890 35.26
2819 34.19
3457 34.30
3105 33.67
10158 35.66
474 39.89
2533 35.56
2649 34.64
2969 35.73
3613 33.87
2964 34.78
3424 33.16
2785 36.25
2995 34.33
4124 33.76
2682 33.89
4919 34.11
2526 33.95
3740 33.35
2220 33.51
3888 34.61
2873 34.31
4142 33.87
2658 33.62
4161 34.21
3479 33.26
4496 33.13
2020 34.13
3811 34.65
2919 33.82
3773 34.07
2500 34.27
4063 35.16
3106 33.92
4527 33.25
2500 33.39
10252 36.36
302 40.31
1165 36.58
2461 34.77
2847 35.71
2842 34.57
4486 33.40
2726 33.38
4455 34.42
2394 34.26
4155 33.22
2517 33.60
3759 34.97
3147 34.10
2972 34.96
2796 33.88
3524 35.15
3225 34.02
2544 35.45
2704 34.12
3418 34.97
3833 33.46
3282 34.61
2889 33.78
3681 35.32
3208 33.84
4328 33.65
2275 33.90
4184 34.58
2540 34.16
4182 33.63
2210 33.80
9954 36.91
594 37.75
2451 35.65
2569 34.53
2283 37.46
4211 34.06
3365 35.87
2359 34.53
3197 36.28
4118 33.97
3635 34.88
2948 34.05
4466 35.10
3075 34.41
4231 33.82
1856 34.66
3411 35.33
2655 35.13
3515 35.16
2319 35.30
4342 34.47
2197 35.05
3581 35.03
2978 34.73
4381 34.92
2273 35.28
3648 34.81
2532 34.48
3846 35.05
2618 34.26
3975 33.92
2852 34.31
10131 37.26
378 39.63
2948 35.64
2669 35.36
2529 37.49
3327 35.25
2898 35.56
4036 33.38
2986 36.03
3986 33.97
4328 34.38
2427 34.76
