6680 25.08
2033 21.39
3909 19.31
4142 17.08
4764 18.93
3947 16.94
4340 16.95
3849 15.24
4365 16.85
3935 15.31
4451 15.03
3741 14.64
4771 15.35
3958 14.73
4521 14.78
3567 15.05
4483 15.14
3687 15.09
4861 14.43
4297 14.24
5430 14.87
3826 14.59
5160 14.13
4165 13.83
5052 14.15
4321 13.63
4862 13.69
4180 14.14
5087 14.76
4368 14.10
4966 14.17
4946 13.37
8962 21.42
2220 18.92
3785 17.87
4189 16.31
4746 18.04
4278 16.47
4846 16.18
3892 15.72
5094 16.33
3999 15.73
4729 15.45
4091 14.47
4727 15.29
4351 14.43
4459 14.40
4328 14.64
5177 14.73
4100 13.95
5104 13.51
4076 13.32
4664 13.73
4084 13.74
4258 14.15
4677 13.31
4983 13.80
4582 12.97
4327 13.56
4017 13.70
5122 13.18
4147 13.49
5179 13.31
4127 13.40
9853 20.46
2263 18.12
2827 18.73
5052 15.62
4530 17.57
4208 16.05
4659 16.35
4568 15.30
5147 16.45
4526 15.25
5160 15.12
4128 14.62
5072 15.29
4329 14.72
4610 15.10
3680 15.54
5499 15.24
3659 14.63
5129 14.43
4161 14.20
4916 14.96
4152 14.61
4906 14.22
4853 13.68
5244 14.46
3942 14.22
4952 13.62
4704 13.51
5611 14.13
3987 13.88
4891 13.55
4456 13.80
10133 20.18
1651 18.82
3431 17.04
4622 15.50
4786 16.34
4138 15.29
4367 15.41
4238 14.63
4704 15.86
4410 15.10
4569 15.03
4566 14.24
4877 15.19
4291 14.60
5135 14.46
4247 13.83
5144 14.72
4318 13.86
4968 13.82
4115 13.58
5432 13.77
3762 13.47
5068 13.12
4340 12.63
4837 13.33
3999 13.27
4500 13.18
4875 12.45
5352 12.92
3957 12.81
4846 12.53
4592 11.79
10191 20.19
2435 18.03
2369 17.89
4979 15.56
4578 16.60
4056 15.48
4475 15.72
4581 15.08
4747 16.45
4408 15.28
4751 15.57
4541 14.23
4771 15.57
4612 14.52
5078 14.58
3917 13.73
5029 14.62
4316 13.89
4790 13.93
4390 13.26
5251 13.93
4217 13.44
4454 13.49
3935 13.55
4983 13.59
3938 13.86
5174 13.33
4097 13.50
5541 13.94
4050 14.03
4716 13.56
4492 13.10
10291 20.16
1991 18.31
2783 17.90
4139 16.00
5030 16.60
4488 15.05
4389 15.16
4390 14.35
4633 15.43
4504 14.57
4653 14.59
4352 13.61
5135 14.48
4151 13.46
4068 13.78
4636 13.11
4648 13.78
4123 13.72
4740 13.60
3724 13.35
5305 13.72
4246 12.85
4955 12.88
4992 12.30
5159 13.11
4369 12.68
4261 12.60
3936 12.75
4955 12.85
4627 12.02
4498 12.76
4703 12.23
10259 20.18
1839 17.84
2968 17.66
5059 14.99
4575 16.17
4746 14.77
4553 15.10
4652 13.96
5043 15.04
4805 14.11
4694 14.26
4024 13.63
5118 14.26
3912 13.57
4275 13.64
3961 13.91
4857 14.08
4007 13.82
5047 13.52
3974 13.94
5105 13.86
3924 14.27
5251 13.48
3617 14.19
5501 14.01
3803 14.38
5047 13.57
4049 14.31
5347 14.27
4073 13.80
4885 13.52
4386 13.22
10015 20.47
2104 18.86
3046 18.52
4978 15.76
4578 17.42
4492 15.51
4657 15.56
4359 14.41
4741 15.75
4183 14.80
4427 14.96
4554 14.18
4888 15.03
4527 14.67
4646 14.82
4728 13.45
4959 14.34
4359 14.17
4896 13.75
4168 13.46
5463 13.98
4379 13.44
4645 13.69
4507 13.23
5446 13.91
4059 13.97
5020 13.27
4219 13.28
5050 13.82
4053 14.31
4930 13.41
4772 12.65
10022 20.46
2323 17.90
2619 18.24
4930 15.72
4567 16.84
4515 15.63
4426 15.86
4452 14.91
5100 15.98
4074 14.90
4476 14.75
4350 13.91
4717 14.93
4206 13.95
4720 13.93
4129 13.51
4920 14.04
4101 13.60
4094 13.85
4128 13.74
5031 13.89
4198 14.12
4917 14.02
4447 14.11
5548 14.01
3923 14.15
4860 14.14
4481 13.38
5254 14.27
4233 14.12
4908 13.56
4847 12.99
10188 20.18
2242 18.26
2511 18.56
5086 15.41
4643 16.72
4180 15.47
4404 15.59
4461 14.55
4740 15.54
4426 14.77
4540 14.53
4111 14.00
