7229 24.20
2392 20.34
4208 18.66
4387 16.42
5211 18.10
4421 16.04
4551 16.01
4395 14.55
4789 15.93
4318 14.79
4721 14.60
4581 13.97
5042 14.82
4678 14.12
4992 14.25
3900 14.20
5005 14.59
4093 14.34
5159 14.08
5238 13.67
5580 14.27
4995 13.74
5460 13.65
4773 13.13
5855 13.91
4351 13.43
5022 13.23
4604 13.31
5850 13.78
4385 13.64
5718 12.97
5030 12.73
9953 20.45
2095 18.94
4554 17.00
4422 15.35
5157 16.77
4796 15.78
5000 15.66
4822 14.96
5569 15.81
4477 14.82
5342 14.69
4647 13.73
5302 14.87
4654 13.87
4842 14.04
4824 13.75
5620 14.05
4853 13.16
5598 13.28
4273 12.68
5205 13.04
4467 13.09
4796 13.35
5064 12.48
5682 12.92
4647 12.55
4882 13.15
4373 12.99
5784 12.65
4623 13.28
6009 12.64
4608 12.48
10876 19.65
2281 17.80
3255 17.96
5544 15.20
4987 16.71
4769 15.36
5152 15.56
5074 14.59
5661 15.96
4604 14.97
5580 14.38
4584 13.95
5549 14.68
4749 14.02
5229 14.66
4298 14.59
6094 14.52
4308 14.23
5482 13.77
4901 13.40
5456 14.06
4511 14.10
5532 13.32
5130 13.34
5752 13.79
4274 13.54
5299 13.53
5281 12.68
5941 13.48
4480 13.56
5234 13.02
5165 13.21
11093 19.54
1876 18.02
3633 16.81
5343 14.48
5100 15.42
4661 14.68
5133 14.68
4701 13.99
5180 14.86
4775 14.33
5291 14.16
4924 13.51
5609 14.23
4881 13.50
5587 13.65
4725 13.23
5594 13.76
4602 13.41
5326 12.97
4943 12.53
5520 13.07
4672 12.49
5353 12.48
4868 12.05
5546 12.59
4568 12.03
4867 12.24
4860 11.81
5758 12.23
4275 11.89
5526 11.68
4885 10.99
10977 19.54
2651 17.67
2771 18.04
5389 15.12
5248 16.34
4644 15.05
4953 15.15
4939 14.50
5243 15.58
4653 15.19
5321 15.13
5165 13.91
5442 14.97
5208 13.59
5531 13.62
4919 12.93
5535 13.69
4874 13.16
5327 13.01
4506 12.89
5504 13.29
4883 12.70
4918 12.76
4338 12.82
5253 13.17
4284 13.01
5863 12.39
4407 12.94
6122 13.05
4492 12.82
5331 12.94
4925 12.16
11379 19.38
2046 17.67
3055 17.71
4963 15.09
4404 16.55
5117 14.58
5202 14.65
4616 14.03
5379 14.97
4784 13.97
5166 14.11
4793 13.29
5562 13.97
4492 13.52
4786 13.31
4600 12.84
5006 13.43
4452 12.85
5508 12.98
4215 12.75
5673 13.03
4840 12.58
5607 12.56
4871 12.01
5781 12.70
4204 12.11
4815 12.09
4416 12.20
5624 12.08
4300 11.81
5217 11.72
5473 11.40
11087 19.52
2017 17.39
3414 16.41
5262 14.73
5187 15.62
4630 14.54
5186 14.56
4840 13.53
5566 14.54
4714 13.70
5081 13.56
4821 12.81
5332 13.70
4609 12.94
4843 13.22
4628 12.98
5633 13.38
4127 13.32
5834 12.81
3782 13.54
5822 13.40
4523 13.28
5440 12.70
4589 13.05
6081 13.70
4341 13.24
5429 12.60
5001 12.63
6200 13.18
4516 13.17
5626 12.38
4978 12.68
11041 19.70
2047 18.27
3572 16.95
5341 15.03
5348 16.03
4796 14.70
5127 14.70
4897 13.45
5164 14.91
4958 13.77
4950 14.19
4882 13.95
5350 14.69
4882 14.16
5140 14.20
4867 13.23
5559 14.00
4725 13.47
5218 13.31
5019 12.64
5856 13.31
4537 13.51
5634 13.02
4232 13.22
6001 13.17
4465 13.68
5395 12.61
4890 12.18
5643 12.92
4708 13.30
5258 12.41
5331 12.23
11023 19.74
2904 17.30
2954 17.82
4639 15.65
5008 16.40
5071 14.96
5281 15.02
4857 14.18
5704 15.14
4513 14.30
4932 14.04
4781 13.38
5404 14.16
4682 13.45
5209 13.46
4486 13.04
5417 13.57
4626 12.87
4780 12.79
4518 12.98
5777 13.34
4399 13.72
5429 13.43
4808 12.92
6111 13.31
4374 13.58
5205 13.10
4966 12.73
5591 13.18
4416 13.21
5368 12.94
5274 12.36
11235 19.43
2699 17.63
2713 17.43
5324 15.09
5107 16.16
4586 14.61
5039 14.72
4767 13.74
5563 14.77
4678 13.92
4927 13.86
4595 13.24
