7846 23.30
2658 19.39
4483 17.88
4895 15.41
5739 17.33
4759 15.38
5073 15.31
4989 13.97
5331 15.24
4950 14.07
5205 14.12
4607 13.31
5622 14.24
5092 13.41
5394 13.56
4659 13.40
5564 14.01
4536 13.69
5383 13.62
5494 13.13
6454 13.61
4475 13.90
5810 13.38
5456 12.25
6010 12.86
5266 12.11
5904 12.24
5039 12.71
6178 13.22
5157 13.01
5991 12.64
5510 11.84
10773 19.74
2512 17.93
4760 16.31
4914 14.69
5599 15.94
5218 14.95
5402 15.07
5202 14.19
6216 15.00
4974 14.17
5848 14.01
4922 13.18
5752 14.08
5339 13.17
5319 13.20
5354 12.72
6368 13.19
4819 12.88
5948 12.71
5018 12.28
5480 12.58
4977 12.22
5341 12.15
5242 12.18
6342 12.40
5109 11.92
5346 12.00
4746 11.88
6348 11.99
4874 12.03
6208 11.96
4982 11.91
11919 18.92
2667 16.77
3464 16.79
5884 14.73
5455 15.83
5307 14.72
5612 14.97
5592 14.03
6550 15.05
4644 14.31
6041 13.70
5070 13.21
6078 13.86
5276 13.54
5911 13.83
4465 14.48
6591 14.04
4870 13.81
6018 13.20
5568 12.35
5805 13.40
5183 13.24
6084 12.87
5330 12.23
6274 13.42
5089 12.57
5836 12.29
5728 11.73
6524 12.67
5100 12.30
6093 12.13
5157 12.25
12082 18.79
2125 17.45
4004 16.30
5384 14.37
5605 15.27
5168 13.99
5683 13.87
5078 13.35
5643 14.51
5329 13.90
5691 13.98
5424 13.04
5789 14.08
5315 13.30
6123 13.13
5194 12.74
6273 13.21
4991 12.79
5716 12.58
5548 12.10
5821 12.63
5333 12.19
5949 11.80
4834 11.77
5925 12.22
5295 11.76
5414 11.75
5296 11.25
6424 11.48
4497 11.57
5529 11.13
5549 10.79
12016 18.83
3077 16.92
3084 17.24
5497 14.72
5541 15.86
5121 14.44
5564 14.40
5821 13.65
5668 14.92
5245 14.38
5950 14.29
5464 13.16
6098 14.05
5308 13.39
5822 13.42
5315 12.64
5927 13.33
5299 12.71
5651 12.84
5326 12.17
6237 12.81
5170 12.19
5368 12.35
4786 12.15
6075 12.49
4643 12.25
6032 11.93
5265 11.90
6639 12.08
4722 12.22
6068 11.71
5077 11.52
12235 18.72
2131 17.90
3779 16.52
5924 14.22
5680 15.69
5094 14.13
5579 13.91
5373 13.13
5887 14.21
5254 13.30
5562 13.39
5115 12.94
6012 13.24
4977 12.55
5034 12.62
5210 12.18
5668 12.72
5119 12.37
5661 12.45
4542 12.46
6080 12.35
5194 11.58
6072 11.94
5284 11.54
6340 11.80
4536 11.53
5137 11.33
4860 11.47
6019 11.73
5341 10.99
5460 11.34
5897 10.94
12312 18.64
2245 16.68
3492 15.86
5971 13.90
5541 15.30
5377 13.89
5748 13.88
5311 12.97
5888 13.92
5457 13.02
5650 13.07
5278 12.64
5900 13.14
5145 12.57
5491 12.68
4989 12.53
6182 13.19
4763 13.07
6103 12.76
4498 12.49
6546 12.74
4504 12.85
5860 12.72
5075 12.31
6452 13.11
5049 12.39
5828 12.33
5462 12.25
6502 12.64
4840 12.18
5586 12.55
5623 11.42
12021 19.00
2416 17.36
3658 16.60
5833 14.55
5498 15.64
5423 14.15
5630 14.24
5331 13.29
5800 14.43
5336 13.40
5410 13.77
5595 13.05
5952 13.83
5195 13.67
5778 13.60
5247 12.47
5934 13.46
5375 12.63
5449 12.68
5508 12.32
6514 12.98
5463 12.97
5542 12.52
5163 12.30
6381 12.79
4822 13.00
5937 12.39
5377 11.72
5969 12.82
5165 12.46
5951 11.73
5929 11.28
12022 18.99
2753 16.84
3167 17.16
5622 14.85
5325 16.23
5082 14.67
5656 14.53
5671 13.58
6220 14.60
4918 13.66
5547 13.48
5717 12.63
5731 13.63
5233 12.74
5828 12.70
4999 12.38
6231 12.88
5024 12.29
5369 12.48
4576 12.71
6233 12.59
5019 12.93
5866 12.93
5296 12.30
6723 13.07
4749 12.76
5724 12.11
5099 12.30
6427 12.39
4976 12.52
5731 12.27
5892 11.29
12042 18.77
2867 16.86
3236 16.52
5694 14.48
5593 15.48
5306 14.06
5619 14.03
5261 13.35
5722 14.38
5332 13.29
5259 13.25
5157 12.68
