2342 39.27
69 41.47
1048 33.63
1144 30.63
1264 32.84
825 30.50
1055 30.35
763 28.95
1197 29.60
786 29.55
1072 28.92
797 27.32
1247 29.36
793 27.80
1039 27.33
478 27.53
1248 27.01
784 27.11
1120 26.85
1047 25.54
1287 26.86
984 25.47
1243 25.20
880 25.49
1308 25.38
820 25.28
1173 24.13
826 25.93
1267 25.63
899 24.96
1200 24.29
1064 23.78
2168 36.14
823 31.01
1005 31.29
1065 29.23
1247 30.92
1065 28.96
1029 29.14
970 28.58
1259 28.86
1003 27.41
1256 27.25
952 26.19
1270 27.26
910 27.31
1084 26.72
792 26.44
1254 26.61
1063 24.94
1275 25.20
696 24.34
1226 25.04
788 24.21
1050 24.24
1081 24.01
1254 24.52
993 23.04
897 24.28
1117 23.10
1111 24.24
1091 22.82
1250 24.42
1038 23.24
2357 35.22
874 31.31
715 31.98
1072 29.21
1272 30.17
1153 28.49
1090 29.18
1085 27.73
1205 29.89
1037 27.44
1292 27.18
856 26.81
1245 27.62
980 26.84
1036 26.72
856 27.19
1301 27.38
969 26.01
1267 25.51
869 25.36
1215 26.14
899 25.66
1253 25.01
983 25.24
1322 25.52
826 25.01
1198 24.17
1024 24.07
1270 25.45
973 24.22
1207 24.53
945 25.09
2505 34.50
489 32.13
878 30.23
980 28.72
1517 28.91
778 28.00
985 28.34
1006 26.12
917 28.74
1023 26.96
1132 26.59
1124 25.19
1227 27.07
950 26.30
1294 25.45
768 25.46
1309 26.55
921 25.56
1115 24.33
928 23.90
1259 24.80
908 23.59
1244 22.93
875 22.29
1218 23.55
914 22.91
939 22.40
1163 21.87
1219 22.64
792 20.84
1077 23.27
1133 21.34
2551 34.21
1065 30.52
871 30.73
878 29.51
978 30.47
1188 28.02
1274 28.42
975 26.94
1332 29.15
921 27.83
1188 27.80
1021 26.47
1182 27.88
1106 26.39
1241 26.27
996 25.33
1183 26.46
1062 25.48
1211 25.09
835 24.96
1306 25.40
909 24.56
1038 24.42
785 24.21
1264 25.11
822 24.16
1249 23.66
954 23.08
1343 24.63
823 23.75
1227 23.81
1013 22.93
2556 34.31
503 31.15
777 30.33
1183 28.42
1246 29.62
1136 27.22
1151 27.70
948 26.53
1228 27.82
955 26.26
1095 26.30
1039 25.27
1196 26.67
869 25.45
1105 24.56
826 24.45
1198 25.06
856 24.82
1150 23.76
852 23.48
1300 24.12
816 23.19
1273 22.86
1014 22.76
1291 23.62
786 21.30
1100 22.42
781 21.70
1219 23.28
1061 21.79
1062 21.90
1221 21.43
2539 34.22
840 29.87
684 31.08
1145 29.05
1095 29.85
1199 27.79
1169 27.74
983 26.40
1201 27.93
979 26.33
1030 26.63
895 25.35
1192 26.30
1022 24.70
1022 25.08
697 25.80
1304 25.76
727 25.46
1267 24.52
834 24.18
1308 25.09
876 24.86
1236 24.79
907 24.08
1358 26.51
884 24.79
1242 23.76
946 23.81
1351 26.20
932 24.44
1113 24.13
1159 23.00
2553 34.44
669 31.68
632 31.40
1172 28.98
1249 30.49
1108 28.41
1182 28.18
911 27.01
1258 27.94
949 26.64
1044 26.68
862 27.01
1250 27.21
950 26.82
1138 26.56
1054 25.17
1226 26.07
843 26.02
1150 24.58
981 24.31
1328 25.56
837 24.10
1258 24.12
871 23.79
1327 25.22
882 23.31
1188 24.06
961 22.31
1168 24.36
954 22.51
1231 23.40
1144 22.71
2542 34.35
832 30.43
807 30.77
966 29.27
1161 29.77
1033 28.81
1196 28.59
1021 26.29
1227 29.35
1017 26.92
1109 26.65
914 25.78
1191 26.59
981 25.29
1154 25.43
733 24.89
1266 25.34
873 24.93
1020 24.91
919 24.02
1361 24.14
780 25.76
1303 24.78
837 24.76
1401 25.39
779 25.15
1231 24.44
842 23.35
1309 25.16
842 24.04
1181 23.94
1204 22.81
2597 33.99
912 29.77
768 30.53
853 28.67
1393 28.73
783 27.62
992 27.27
1149 26.48
1119 27.60
1104 25.79
1050 25.92
1010 24.60
