3296 34.08
50 34.46
1977 27.12
1631 24.88
1950 27.66
1380 25.68
1739 24.83
1375 23.46
1845 24.87
1326 23.20
1815 23.20
1297 22.10
1888 23.46
1534 22.37
1808 22.44
865 22.42
2012 22.80
1271 22.42
1735 21.69
1740 21.25
2069 22.23
1574 21.12
2040 20.87
1361 20.92
2115 20.78
1378 20.57
1964 20.38
1272 21.37
1990 21.84
1642 20.60
1844 21.73
1943 19.75
3453 31.12
1296 27.61
1244 27.90
1796 24.96
2035 26.45
1555 24.40
1691 24.91
1623 22.94
2000 25.26
1525 23.27
1896 23.13
1569 21.52
1938 23.29
1660 21.36
1720 21.63
1260 21.82
2105 21.91
1614 20.69
1991 19.81
1295 19.78
1977 20.30
1190 19.89
1784 19.69
1764 19.18
1937 20.07
1677 19.26
1536 20.12
1652 19.64
2001 20.45
1670 19.79
2171 19.37
1301 19.81
3869 29.62
1186 26.07
1332 26.63
1518 24.43
2011 25.90
1711 23.61
1794 24.01
1675 22.81
2024 24.70
1647 22.68
2032 22.54
1465 21.32
2001 22.37
1539 21.81
1825 22.28
1292 22.19
2139 23.33
1632 21.47
1988 21.14
1534 20.68
1942 22.00
1585 21.27
1953 20.85
1707 20.17
2224 20.70
1260 20.47
1964 20.21
1798 20.18
2112 21.34
1609 20.25
1962 20.20
1622 20.10
4096 29.14
819 26.07
1091 25.86
2086 22.63
1913 23.92
1656 22.89
1755 22.69
1486 21.53
1761 23.70
1692 22.19
1823 22.62
1699 21.12
2020 22.47
1575 21.83
1972 21.24
1248 20.57
2067 21.09
1449 20.45
2019 20.08
1321 20.08
2091 20.39
1462 19.57
1992 19.27
1566 18.62
1929 19.06
1479 19.13
1677 19.41
1777 18.56
2175 19.29
1313 18.72
1875 18.17
1774 17.85
4015 29.05
1356 25.03
1250 26.35
1174 24.71
2047 24.64
1680 22.92
1739 23.28
1768 22.16
1867 23.83
1571 22.21
1916 22.41
1766 21.42
1878 23.13
1810 21.69
1899 21.42
1613 20.58
1946 21.40
1602 20.49
1985 20.36
1377 20.34
2107 20.44
1361 20.28
1729 20.27
1371 19.98
2075 20.25
1346 19.79
2033 19.34
1480 19.42
2179 20.31
1519 19.64
1990 19.61
1560 19.34
4050 29.16
894 25.70
1110 26.17
1946 23.03
1996 24.87
1776 22.39
1894 22.35
1559 21.00
1859 22.82
1613 21.55
1775 21.49
1669 20.59
2048 21.25
1442 20.44
1719 19.92
1545 19.56
1900 20.39
1350 19.93
1837 19.66
1495 19.63
2046 19.76
1513 19.40
2038 18.86
1617 18.76
2042 19.13
1392 18.91
1801 17.96
1340 18.73
2045 18.64
1558 18.41
1750 18.96
2053 17.54
4086 28.97
1226 24.96
1098 25.14
1588 23.43
2294 23.69
1612 21.92
1602 22.43
1664 20.85
1724 22.38
1652 20.87
1706 21.34
1659 20.26
1809 21.24
1605 20.40
1736 20.09
1453 20.22
1833 21.37
1643 20.18
2065 19.87
1459 19.79
1973 20.43
1574 19.92
2003 19.81
1562 19.91
2199 21.82
1475 20.48
1976 20.47
1551 20.18
2177 21.28
1595 19.98
1863 20.22
1846 19.81
4014 29.41
969 26.33
1124 26.36
1915 23.11
1981 25.10
1753 23.28
1874 23.49
1701 21.67
1935 23.56
1558 21.72
1579 21.72
1699 21.08
1896 22.31
1664 21.54
1750 21.43
1734 20.35
1972 21.56
1587 20.06
1697 20.87
1678 19.59
2163 20.49
1447 19.92
1830 19.83
1769 19.48
2137 20.30
1466 20.41
1887 20.14
1628 20.08
1948 21.08
1546 19.75
1951 19.27
1939 18.84
4064 29.21
920 26.49
1296 26.26
1510 24.06
2042 24.85
1594 23.06
1719 22.86
1723 21.43
2078 22.82
1568 21.83
1756 21.73
1609 20.86
1936 21.99
1429 20.48
1909 20.61
1318 19.71
1997 20.61
1539 19.61
1638 19.99
1497 19.68
1985 20.36
1530 20.04
1897 20.28
1638 19.80
2221 20.72
1382 20.32
1990 19.62
1693 19.92
2074 20.45
1622 19.91
1921 19.11
1937 18.90
4085 28.83
1025 26.08
1204 25.84
1411 24.03
2064 24.15
1554 22.47
1785 22.74
1628 21.39
1895 22.82
1704 21.57
1657 21.58
1691 20.18
