4175 30.91
434 28.33
2733 24.40
1979 22.15
2709 24.40
2222 21.82
2207 21.98
1847 20.07
2539 21.68
1945 20.15
2303 19.77
2186 18.67
2488 20.39
2214 19.19
2611 19.01
1363 20.49
2675 19.64
2006 20.12
2538 19.34
2332 18.71
3060 19.12
1837 18.87
2883 17.85
1795 18.01
2969 18.45
1846 17.67
2641 17.93
2004 18.49
2828 18.54
2272 18.35
2767 18.55
2462 17.19
4701 27.62
1305 24.66
2274 23.29
2156 21.37
2703 23.18
2288 21.27
2588 21.41
2424 20.05
2810 21.39
2057 19.89
2546 19.80
2303 18.54
2631 19.77
2227 18.88
2249 19.11
2072 18.58
2822 19.27
2151 18.14
2792 17.70
1818 17.31
2602 17.61
2027 17.68
2373 17.93
2482 16.95
2790 17.77
2244 17.14
2201 17.38
2246 17.59
2779 17.96
2268 17.49
3018 16.87
2007 16.97
5351 26.11
1298 23.45
1593 24.45
2729 20.31
2690 23.09
2227 20.87
2468 21.31
2351 19.95
2751 21.61
2182 19.94
2720 19.60
2198 18.76
2634 19.85
2326 19.51
2439 19.74
2068 19.89
2906 20.71
2292 18.25
2879 18.71
2059 17.89
2644 18.62
2472 18.67
2788 18.47
2232 18.35
3123 18.73
1725 18.32
2641 17.96
2405 17.39
2876 18.75
2137 17.61
2631 18.20
2280 17.11
5622 25.66
998 24.56
1711 23.05
2679 19.95
2804 21.61
1966 20.18
2356 19.82
2247 18.71
2287 20.31
2492 19.57
2552 19.62
2290 18.18
2893 19.17
2241 18.83
2711 18.44
2038 17.95
2806 18.87
2057 18.09
2738 17.46
2103 16.92
2790 17.59
2036 17.17
2772 16.33
2088 16.37
2791 16.69
2170 16.25
2502 16.72
2361 16.40
3006 16.82
1881 15.96
2595 16.53
2411 15.31
5533 25.65
1498 22.74
1525 23.66
2464 20.46
2713 21.81
2254 19.89
2377 20.03
2470 19.37
2482 20.97
2304 20.04
2632 19.89
2271 18.51
2701 19.47
2510 18.36
2675 18.67
2190 17.61
2851 18.64
2002 18.12
2704 17.84
2216 16.89
2792 18.34
2110 17.12
2345 17.19
2129 17.35
2656 18.22
2130 17.44
2712 17.16
2449 16.88
2963 17.46
2370 17.60
2825 17.16
2246 17.42
5626 25.73
1111 23.31
1621 23.11
2624 20.22
2727 22.17
2112 19.63
2446 19.57
2424 18.79
2644 20.03
2308 18.48
2532 18.46
2198 17.94
2923 18.73
1850 17.57
2231 17.43
2320 16.62
2343 17.81
2031 17.84
2591 17.36
2089 17.32
2857 17.51
2187 16.58
2936 16.35
2154 16.39
2945 16.58
1938 16.25
2389 16.29
2056 16.27
2800 16.90
2247 15.98
2539 16.45
2823 15.20
5612 25.57
1034 22.60
1647 22.41
2566 19.90
2705 21.70
2158 19.65
2434 19.65
2380 18.47
2502 19.66
2468 18.64
2503 18.75
2132 17.67
2747 18.50
2296 17.94
2326 17.69
2140 18.12
2493 19.13
2260 17.84
2846 17.89
1954 17.32
2882 18.59
2257 17.56
2717 17.60
2239 17.74
3037 18.91
2101 17.69
2503 18.98
2470 17.63
2903 19.61
2038 18.00
2629 17.56
2385 17.23
5565 25.98
1222 23.69
1617 23.35
2646 20.68
2572 22.75
2299 20.06
2647 19.94
2245 19.10
2749 19.97
2099 18.91
2311 19.16
2180 19.23
2767 19.71
2039 19.26
2548 19.20
2441 17.54
2804 19.00
2381 17.98
2305 17.94
2493 17.40
2892 18.30
2157 18.06
2531 18.28
2427 16.91
2865 18.94
2095 17.97
2643 17.68
2262 16.69
2749 18.17
2190 17.49
2691 16.89
2687 16.69
5535 25.90
1569 23.07
1603 23.20
2242 20.81
2804 21.81
2183 20.57
2443 20.55
2305 19.60
2672 20.70
2119 19.51
2467 19.22
2299 18.66
2551 19.39
2353 17.74
2473 17.81
2099 17.71
2680 17.95
2177 17.69
2268 17.51
2081 17.46
2702 18.96
2306 18.23
2678 18.82
2433 17.73
3033 19.40
1991 17.89
2837 17.39
2018 17.97
2833 18.24
2357 17.82
2751 17.22
2386 16.43
5626 25.49
1347 23.33
1306 23.45
2704 20.08
2739 21.69
2149 19.80
2382 19.93
2362 18.88
2535 20.25
2241 19.02
2368 18.74
2253 18.11
