5643 27.15
1345 23.90
3224 21.25
3091 18.84
3837 20.84
3079 18.84
3419 18.35
2939 16.87
3462 18.59
2988 17.08
3325 16.86
3205 15.77
3843 16.95
3121 16.21
3603 16.18
2774 16.66
3646 16.79
2877 16.67
3812 16.46
3487 16.08
4392 16.65
2957 15.90
4207 15.21
2794 15.60
4318 15.75
3048 14.99
3690 14.97
3489 15.43
4151 15.69
3257 15.64
4233 15.45
3342 15.61
6871 23.78
1782 21.21
2907 19.93
3613 18.28
3828 19.81
3252 18.33
3795 18.30
3387 17.03
3997 18.57
3422 17.24
3737 17.33
3052 16.19
3952 17.40
3142 16.15
3452 16.30
3347 15.77
4238 16.44
3197 15.50
4139 15.20
2867 14.78
3768 15.54
3078 15.19
3668 15.25
3741 14.10
4247 14.90
2866 14.67
3500 14.80
3519 14.56
4067 14.84
3380 14.76
4081 14.70
3512 14.41
7851 22.43
2193 19.64
2243 20.48
3516 17.94
3829 19.30
3315 17.78
3669 18.13
3598 16.91
4133 18.36
3381 16.77
4114 16.48
3034 15.98
3880 16.91
3472 15.92
3726 16.75
3169 16.82
4326 17.17
3089 16.04
4372 15.49
2972 15.70
4033 16.21
3427 15.73
3910 15.43
3627 15.11
4324 16.25
3216 15.41
3862 15.10
3384 14.76
4229 15.93
3303 14.93
4057 15.11
3442 15.32
8249 22.13
1359 20.21
2451 19.29
3834 17.04
3805 18.32
3261 17.05
3599 17.30
3135 16.25
3641 17.74
3531 16.46
3705 16.61
3631 15.85
4010 16.82
3246 16.31
4080 15.94
3294 15.49
4189 16.08
3092 15.43
3860 15.20
3412 14.76
4092 15.52
3314 14.42
4101 14.44
3059 13.91
4015 14.34
3373 14.32
3494 14.67
3731 13.78
4396 14.09
2851 14.00
3845 13.89
3789 13.30
8099 22.12
2157 19.28
1955 19.91
3724 17.20
3283 18.57
3571 16.86
3531 16.92
3574 16.98
4019 18.21
3298 16.59
3781 17.13
3446 15.97
3790 17.30
3539 15.89
3854 16.12
3332 15.19
4031 16.08
3244 15.11
3923 15.12
3266 15.28
4033 15.49
3417 14.71
3668 14.87
2872 15.00
4064 15.40
3171 15.55
4103 14.86
3275 14.80
4425 15.80
3195 15.34
4151 14.80
3164 14.82
8103 22.21
1552 19.88
2421 19.47
3415 17.87
4096 18.44
3354 16.81
3539 16.94
3367 15.86
4064 16.97
3330 15.89
3483 15.89
3586 15.04
3944 15.95
3112 15.43
3310 15.27
3617 14.25
3674 15.40
3174 15.24
3760 14.96
2908 14.79
4048 15.03
3477 14.41
4110 14.39
3401 14.18
4251 14.54
3104 14.19
3651 14.04
3198 14.03
3809 14.26
3750 13.91
3564 14.43
3761 13.21
8292 22.03
1432 19.40
2308 19.08
4107 16.73
2888 18.66
3817 16.46
4000 16.45
3305 16.08
3991 16.76
3369 16.17
3566 16.26
3098 15.43
3913 16.07
2902 15.33
3615 15.39
3401 14.73
3884 15.94
3030 15.35
3979 15.42
3289 14.55
3932 15.60
3231 15.12
4056 15.01
3322 15.21
4418 15.63
3196 15.63
3797 15.63
3682 15.22
4298 16.35
3295 14.99
3600 15.61
3962 14.42
8021 22.34
1773 20.22
2443 19.96
3698 17.34
3903 18.92
3387 17.33
3869 17.24
3485 15.99
3636 17.66
3269 16.18
3492 16.49
3663 15.60
3814 16.71
3347 16.51
3796 16.41
3439 15.34
4112 16.47
3067 15.60
3743 15.41
3567 15.11
4361 15.45
3398 14.85
3656 15.77
3518 14.59
4283 15.89
3172 15.45
4031 15.13
3246 15.07
4237 15.28
3198 14.86
3957 14.85
3855 14.36
8111 22.29
1899 19.72
2038 20.31
3770 17.68
3872 18.68
3450 17.42
3558 17.63
3467 16.44
4023 17.75
3343 16.44
3349 16.40
3296 15.81
3911 16.62
3146 15.77
3534 15.79
3090 15.14
4039 15.69
3100 15.13
3263 15.35
3142 14.93
4241 15.71
3366 15.52
3938 15.34
3275 14.96
4441 15.86
3090 15.32
3946 15.53
3489 14.96
4167 15.37
3471 15.54
3754 15.21
3922 14.40
7984 22.21
1894 20.22
2343 20.01
3645 17.27
3844 18.24
3147 17.22
3529 16.96
3437 16.06
3662 17.36
3481 16.13
3318 16.42
3487 15.09
