11914 21.39
4519 27.37
3973 27.10
2588 24.99
3701 23.80
4433 22.12
8239 23.49
6156 24.23
2123 23.75
3447 23.22
4352 21.88
3719 21.81
3979 21.49
4379 21.33
6308 21.65
5773 22.07
5027 22.17
4160 22.07
5403 21.88
7501 23.47
6457 23.77
4254 24.21
4244 24.22
3584 23.58
4502 22.55
4495 22.28
4299 22.28
4910 22.08
5168 22.05
5162 22.23
4881 22.46
5087 22.48
11747 23.23
2370 24.78
3627 24.49
4058 23.88
4781 22.76
5442 22.74
5355 22.70
4764 22.96
5039 22.63
5141 22.60
4713 22.70
4293 23.11
4694 22.72
5161 22.54
5301 22.78
5362 22.66
5693 22.84
5404 23.01
5352 23.24
5331 23.19
4886 23.58
4369 23.68
4744 23.38
4773 23.49
4600 23.55
4811 23.18
4882 23.09
4620 23.49
9909 25.37
7003 26.64
2584 27.31
3404 27.01
8188 26.71
2182 27.11
3420 26.31
3912 25.57
4217 25.51
4795 24.88
4877 24.45
4850 24.05
4537 24.05
4777 24.17
4746 24.22
4820 24.40
4803 24.11
4900 24.01
4873 24.04
4975 24.11
4886 24.05
4851 24.22
4978 24.07
5146 24.13
4596 24.32
5335 23.81
4981 23.90
8407 25.00
7155 25.61
7161 26.52
6014 27.31
3001 28.33
3699 28.28
4010 27.63
4700 26.68
3846 26.15
10155 26.27
2444 27.84
3393 27.92
5315 28.22
4659 27.80
4298 26.52
5074 26.44
4309 26.53
7250 27.10
6836 27.17
3491 27.36
3773 27.60
6267 28.34
6408 27.98
2786 27.95
3916 26.71
4109 26.65
4214 27.20
4868 26.73
4863 26.44
4661 26.41
4492 26.11
4390 26.12
4416 25.92
4313 25.76
5658 26.23
4680 26.32
4593 26.38
4764 25.88
4478 26.15
4779 25.87
4815 25.72
13268 25.64
2236 28.45
3355 28.09
4380 26.70
4739 26.11
4456 25.83
4384 25.68
4401 25.48
4365 25.30
9993 27.60
7711 28.20
3713 28.99
2952 28.73
3795 28.43
4407 27.11
4536 26.19
8508 28.25
6739 28.07
3436 28.33
3592 28.68
3817 28.83
3315 27.23
9575 28.90
6727 28.40
2135 28.92
3392 27.15
3779 26.81
4270 26.62
3907 26.71
9823 28.22
6767 28.66
4058 28.59
7242 29.03
1928 29.48
3114 28.44
3754 27.29
3789 26.22
3804 25.75
4424 25.85
4215 25.86
5560 26.56
5552 26.72
4164 26.33
4357 26.06
4753 25.95
6950 26.76
5637 27.14
6481 27.09
3400 26.61
4946 26.38
5411 26.30
8325 28.18
5971 27.54
2410 27.77
4157 26.00
3751 25.56
3358 25.17
3590 24.89
5493 25.74
5466 25.76
5631 26.31
3563 26.18
4030 25.50
4531 25.44
11795 23.47
3149 26.45
4847 26.35
4361 26.70
4332 25.82
8344 27.30
5722 27.34
4222 27.43
3389 26.45
3809 25.95
4344 25.41
5316 25.44
5110 25.53
4882 25.65
4362 26.09
4580 25.43
4804 25.34
4970 25.18
4012 25.07
4272 24.71
4041 24.61
4452 23.89
4567 23.65
4234 23.83
4655 23.57
4625 23.86
5184 24.14
5768 24.46
10806 27.32
7325 26.99
3090 28.94
3394 26.88
8360 25.57
1858 27.79
4238 28.59
3608 28.06
3890 26.54
4719 25.26
4389 25.20
4660 25.04
5441 25.39
4968 25.49
4677 25.60
4786 25.34
4949 24.98
4874 25.18
4738 25.24
5542 25.69
5464 25.74
4297 25.68
4441 25.39
4260 25.02
4508 24.95
4185 25.32
4388 25.05
4733 24.72
4957 24.75
4786 25.06
5997 24.90
5529 25.08
4798 25.41
4854 25.21
5695 25.75
5561 25.73
11595 24.64
2602 28.85
3028 28.52
4269 26.30
4671 25.26
4656 25.21
5064 25.05
5004 25.10
5376 24.97
4966 24.96
4817 24.69
4571 24.50
4313 24.34
4499 24.29
5511 24.59
4857 24.68
4635 24.51
4775 24.43
5035 24.54
8707 26.09
6657 26.69
3851 26.30
4380 26.27
8049 27.35
5891 28.76
2797 29.59
3298 28.65
4010 27.72
4372 26.54
4583 25.53
4169 25.36
4760 25.16
11159 22.72
2634 27.76
3349 27.55
4121 26.15
4139 25.24
4347 24.55
3914 24.23
3614 24.03
4038 23.63
4268 23.62
4740 23.38
4524 23.11
