1547 44.75
323 48.59
232 46.96
207 44.59
505 40.38
485 39.63
930 40.97
635 41.92
184 42.06
497 38.88
437 37.96
428 37.51
443 37.13
397 36.85
570 36.74
587 36.67
430 36.85
459 37.38
455 36.38
1199 38.73
794 39.07
387 38.28
516 38.65
392 39.78
496 38.99
447 37.90
501 38.17
490 37.13
486 37.02
580 36.92
560 37.41
511 36.61
1193 43.88
254 41.62
421 41.25
468 39.91
649 38.79
566 37.02
527 37.05
490 38.14
567 38.16
433 37.94
553 37.22
528 37.24
491 37.72
553 37.32
526 37.16
576 36.64
620 37.33
705 36.49
690 37.21
668 37.40
583 37.32
596 37.68
666 37.84
559 37.80
583 37.60
617 36.97
631 36.91
536 37.57
1369 41.40
863 42.38
400 40.94
508 40.69
958 45.43
290 43.04
444 42.48
396 42.58
451 42.07
483 41.66
632 40.28
619 39.99
512 40.11
534 39.90
531 40.04
535 39.73
518 39.93
510 39.76
534 39.51
458 39.29
586 38.49
465 39.55
704 38.92
554 39.34
612 39.08
574 38.59
510 38.77
1336 39.43
878 40.54
779 42.59
632 43.58
362 44.21
511 44.10
454 43.54
479 42.65
566 41.28
1303 44.04
245 43.62
398 43.76
720 43.82
426 43.42
512 42.86
601 42.04
484 42.10
1165 42.42
854 42.42
392 43.22
503 43.76
849 44.12
742 43.75
351 44.44
403 43.56
529 42.38
519 42.41
490 42.49
574 42.12
502 41.93
524 41.42
531 41.68
514 41.40
572 40.97
673 42.07
527 41.97
609 41.41
570 41.53
508 42.00
540 41.23
534 41.23
1534 44.35
279 43.65
415 43.73
410 43.51
529 42.47
508 41.93
566 41.63
575 40.78
492 41.36
1291 45.24
859 45.33
483 45.51
496 44.68
502 44.42
497 43.49
565 41.88
1109 44.69
846 44.72
398 45.89
415 45.58
449 45.15
394 43.97
1156 47.11
759 45.82
333 44.95
387 45.45
524 44.28
539 43.43
509 43.46
1231 47.10
761 46.75
499 47.31
1059 46.14
198 47.07
320 47.09
436 44.68
336 44.28
532 43.30
483 43.03
460 42.95
734 43.60
612 43.57
467 44.43
545 43.28
458 43.76
995 43.09
647 44.18
874 44.28
446 44.06
580 44.03
568 43.65
1124 46.17
716 46.56
384 46.07
508 44.64
503 44.24
450 43.17
425 43.06
551 43.77
600 43.21
528 43.54
519 43.39
522 42.64
553 42.81
1630 41.38
263 45.19
461 44.90
556 43.83
499 43.02
1131 44.77
677 44.85
524 44.38
480 44.43
506 43.68
550 43.29
654 43.53
509 44.00
643 43.25
549 43.07
533 43.14
589 42.52
505 42.73
504 42.32
541 42.67
522 41.70
511 41.53
513 41.38
571 41.34
565 40.81
544 41.11
599 41.67
576 41.55
1335 46.63
754 46.44
566 44.42
452 43.56
1118 43.07
188 45.57
472 46.00
417 45.80
608 43.44
544 42.91
536 42.47
572 42.64
687 43.11
616 43.01
500 43.47
579 42.80
527 43.20
637 43.07
546 43.10
627 43.26
481 43.43
511 42.95
511 42.46
512 42.37
548 41.71
545 41.24
507 42.05
537 41.91
563 41.81
549 41.15
633 41.46
546 42.16
589 42.11
592 42.35
696 41.98
580 41.98
1598 42.33
301 44.18
415 43.51
445 43.47
522 43.08
656 41.85
629 41.04
562 41.43
587 41.72
591 41.62
591 41.59
671 41.30
482 41.55
534 41.44
650 41.49
587 41.40
612 41.56
549 41.27
600 41.53
1198 42.48
772 43.40
522 43.63
491 43.10
1111 44.65
778 45.16
403 46.66
440 46.34
464 45.93
497 45.61
485 45.14
475 44.72
513 44.27
1598 40.39
400 45.33
495 45.23
447 44.78
389 44.80
477 44.32
433 42.86
522 41.66
434 41.49
491 40.62
498 40.84
538 40.35
