16472 18.41
6419 24.57
5431 24.66
3927 22.34
5250 21.29
5480 20.29
10602 21.28
8537 21.62
3581 21.07
4919 20.82
6259 19.48
5794 19.27
5934 18.96
6452 18.98
8417 19.47
7947 19.99
7191 19.98
5908 19.89
7363 19.77
9837 21.35
8652 21.54
5920 22.01
5908 22.03
5200 21.17
6135 20.37
6226 20.10
6360 19.93
6824 19.91
6772 20.27
7098 20.01
6868 20.27
7069 20.27
15508 20.64
3219 22.89
4976 22.33
5409 21.75
6352 20.79
7133 20.90
7032 20.87
6823 20.54
6819 20.46
7182 20.49
6250 20.81
6372 20.78
6960 20.34
6931 20.39
7254 20.52
7279 20.54
7625 20.74
7568 20.87
7276 21.06
6751 21.43
6303 21.70
6629 21.19
6527 21.21
7042 20.88
6649 20.96
6679 20.91
6607 20.92
6357 21.23
12858 22.98
9868 23.98
3779 25.15
4736 25.22
11582 23.46
3063 24.45
5063 23.67
5425 23.28
5950 23.10
6090 22.80
7291 21.71
6587 21.68
6536 21.75
6514 21.85
6655 21.86
6655 21.69
6696 21.89
6780 21.75
6918 21.69
6889 21.70
6647 21.86
6888 21.84
7001 21.78
7263 21.71
7103 21.53
7292 21.56
6907 21.59
10989 22.86
9631 23.33
9371 24.31
6549 26.52
3972 26.79
5077 26.35
5788 25.52
5933 24.89
5934 23.70
14632 22.96
3042 26.32
4389 26.00
6746 26.30
6378 25.60
5757 24.29
7330 23.93
5975 24.32
9694 24.77
9164 24.85
5002 24.94
5023 25.27
8697 25.91
8368 25.70
4439 25.04
5413 24.45
6357 23.89
6729 23.98
6750 24.07
6492 24.16
6445 24.11
6366 23.98
6129 23.87
6206 23.66
6029 23.55
7738 24.01
6497 24.09
6721 23.84
6426 23.72
6647 23.66
6294 23.88
6611 23.58
18627 22.33
3131 26.44
5278 25.22
5973 24.45
6207 24.05
5811 23.94
6422 23.25
6119 23.20
6099 23.03
12739 25.37
10115 25.89
5733 26.06
4391 25.92
5688 25.52
5785 24.81
6397 23.74
11110 25.89
9058 25.68
5031 25.86
5165 26.19
5225 26.57
4700 24.84
12539 26.56
9125 25.99
3088 26.33
4679 24.93
5449 24.48
6259 23.93
5334 24.17
12483 25.95
9028 26.23
5692 26.16
10527 25.58
2792 26.99
4072 26.47
5560 24.47
4288 24.69
5739 23.23
6076 23.68
5849 23.64
7928 23.99
7571 24.37
5881 24.01
5845 23.87
6773 23.54
9367 24.36
7681 24.88
8586 24.73
4922 24.05
6652 24.04
7309 23.92
10811 25.75
8017 24.99
3770 24.89
5780 23.59
4465 24.00
4900 22.69
5619 21.80
7401 23.11
7491 23.46
7881 23.83
5060 23.65
5594 23.11
6203 23.08
15667 20.99
4583 24.20
6285 24.45
6781 23.83
5809 23.60
10907 24.93
7932 24.89
5848 24.78
5029 23.62
5882 23.06
5951 22.83
7309 23.04
7203 23.08
6742 23.35
6094 23.72
6458 23.00
6116 23.41
6822 22.92
5664 22.75
5889 22.44
5924 21.97
5648 22.07
6416 21.34
6362 21.21
5990 21.46
6590 21.43
7149 21.74
7687 22.14
13820 25.02
9764 24.64
5444 24.81
4848 24.09
11993 22.32
2542 25.90
5950 25.92
4979 25.65
5454 24.14
6441 22.85
6181 22.71
6301 22.61
7381 23.04
6899 23.07
6469 23.30
6801 22.78
6892 22.62
6820 22.91
6621 22.96
7720 23.35
7444 23.44
5950 23.34
6116 23.06
5918 22.77
6402 22.56
6423 22.59
6105 22.54
6427 22.56
6638 22.47
6452 22.66
8106 22.60
7664 22.77
6624 22.93
6687 22.93
7881 23.40
7552 23.48
16344 21.45
3635 26.90
4403 26.09
5574 24.23
6407 23.21
6654 22.84
6826 22.71
6954 22.70
7380 22.73
6631 22.95
6822 22.48
6245 22.36
6209 21.96
6379 21.89
7578 22.38
6871 22.47
6348 22.35
6496 22.07
7150 22.42
11255 23.89
8898 24.34
5203 24.37
6291 23.94
10659 25.01
8094 26.19
3695 27.20
4269 26.60
6296 24.54
6019 23.92
6074 23.21
5919 22.80
6445 22.81
14786 20.19
4131 24.44
5021 24.43
5934 23.37
5698 22.89
6117 22.15
5441 21.72
5600 21.36
5880 21.17
6274 21.38
6435 21.15
6230 21.20
