18739 17.12
7021 23.96
5900 24.08
4457 21.53
5804 20.64
6507 19.37
11617 20.57
9641 20.77
4258 20.14
5682 19.99
6960 18.72
6604 18.54
6852 18.23
7288 18.25
9225 18.74
8947 19.24
8098 19.22
6793 19.13
7752 19.41
10750 20.60
9601 20.79
6791 21.15
6651 21.23
6186 20.15
6740 19.64
7281 19.26
7002 19.23
7581 19.20
7538 19.56
8097 19.24
7853 19.40
7714 19.57
17141 19.67
3708 22.37
5566 21.19
6237 20.94
7236 19.97
8085 20.09
7982 20.06
7200 20.07
7853 19.63
8193 19.66
7635 19.66
7084 19.94
7616 19.64
7997 19.70
8109 19.77
8190 19.82
8567 19.99
8421 20.15
8093 20.37
7442 20.70
7012 20.98
6890 20.88
7299 20.53
7430 20.43
7197 20.42
7118 20.42
7757 20.05
7866 20.10
13923 22.32
11508 22.76
3976 24.74
5091 24.82
12823 22.56
3706 23.63
5665 22.92
5735 22.81
6587 22.55
7367 21.78
7494 21.36
7579 20.96
7175 21.04
7479 21.00
7285 21.14
7416 21.25
7652 21.01
7748 20.90
7855 20.95
7706 20.97
7509 21.21
7708 21.08
7841 21.00
8127 20.92
7913 20.81
8121 20.77
7918 20.86
11914 22.16
10717 22.61
10388 23.54
7994 25.00
4854 25.50
5788 25.24
6217 24.69
6800 24.04
6763 22.72
15816 22.29
3742 25.38
5300 24.77
7871 25.19
7212 24.72
6847 23.18
7766 23.30
7485 23.04
10461 24.08
10157 24.03
5638 24.07
5603 24.51
9662 25.10
9463 24.81
4642 24.71
6184 23.58
7143 23.05
7601 23.14
7399 23.35
6944 23.69
7328 23.31
7149 23.09
7007 23.02
6942 22.82
6822 22.76
8369 23.19
7260 23.30
7418 23.05
7251 22.83
7056 23.12
7323 22.95
7525 22.75
20736 21.24
3739 25.42
5089 25.32
6622 23.97
7022 23.26
7141 22.72
7009 22.49
7008 22.32
7014 22.24
13875 24.56
11157 25.04
6389 25.19
5447 24.71
6251 24.69
6650 23.86
7119 22.99
12110 25.01
10055 24.77
5661 24.96
5861 25.34
5834 25.42
5190 24.00
13603 25.70
10087 25.06
4103 24.95
5797 23.60
6491 23.07
6246 23.51
6798 22.77
13604 25.05
10003 25.31
6497 25.27
11845 24.49
3120 26.16
4611 25.61
5497 24.19
6323 22.66
6181 22.23
7288 22.40
6764 22.59
8678 23.14
8505 23.45
6545 23.12
7062 22.64
7276 22.86
10198 23.55
8652 23.95
9573 23.88
5530 23.17
7573 23.10
8337 22.99
11958 24.87
8910 24.10
4738 23.44
6620 22.66
5832 22.22
5325 21.61
5745 21.43
8367 22.12
8514 22.56
8804 23.01
5731 22.78
6039 22.59
7033 22.24
17101 20.16
5320 23.37
7144 23.63
7119 23.41
6728 22.57
12160 24.10
8990 24.05
6687 24.03
5585 22.76
6411 22.33
6712 21.96
8124 22.17
8142 22.23
7619 22.46
6905 22.87
7198 22.15
7356 22.19
7467 22.09
6269 21.84
6800 21.50
6729 21.19
6669 21.02
7028 20.72
7076 20.48
6845 20.68
7294 20.78
8180 20.89
8651 21.32
15039 24.27
10789 23.80
6170 23.90
5582 23.22
13720 21.14
2832 25.03
6615 25.11
5605 24.79
6174 23.25
6990 22.07
7104 21.85
7021 21.84
8337 22.19
7759 22.21
7324 22.21
7614 21.98
7860 21.85
7777 21.99
7382 22.12
8699 22.52
8246 22.72
6684 22.54
6804 22.11
6723 21.89
7366 21.68
7185 21.66
6897 21.90
7088 21.84
7510 21.70
7307 21.83
8228 22.30
7909 22.41
7644 22.11
7486 22.12
8640 22.64
8446 22.64
19998 19.42
4046 26.06
5503 24.64
6413 23.05
7464 21.95
7239 21.99
7758 21.91
7821 21.85
8439 21.81
7875 21.80
6989 21.99
6860 21.76
7086 21.20
7165 21.19
8476 21.51
7776 21.58
7246 21.44
7438 21.34
7842 21.63
12351 23.05
9900 23.52
5726 23.84
6258 23.77
10508 25.07
9758 24.69
4930 25.23
5705 24.49
6693 23.71
6791 23.01
6817 22.32
6699 22.02
7265 21.86
16392 19.23
4435 23.89
5330 23.96
6805 22.47
6471 22.15
6841 21.30
6154 20.89
6516 20.48
6578 20.20
6881 20.58
7407 20.33
6970 20.47
