23320 14.87
8785 22.19
7324 22.51
5665 20.03
7905 18.67
8172 17.85
14599 18.47
11805 19.10
5909 18.54
7266 18.48
7521 18.00
9126 16.87
8967 16.65
9301 16.78
11357 17.29
10964 17.79
10100 17.76
8797 17.60
9318 18.06
13010 19.16
11629 19.30
8662 19.58
8333 19.72
7182 18.98
7595 18.89
9039 18.05
9207 17.67
9473 17.72
9434 18.15
9355 18.14
9759 18.03
9786 18.13
21374 17.42
4655 20.91
7109 20.03
7675 19.49
8446 18.76
9560 18.87
10028 18.64
8911 18.59
9658 18.24
10393 18.21
9655 18.22
8857 18.54
9836 18.07
9817 18.24
10281 18.29
10021 18.46
10642 18.56
10276 18.71
10154 18.85
9186 19.28
8676 19.63
8609 19.39
8647 19.27
8933 19.24
9708 18.64
9368 18.64
9422 18.66
9735 18.63
16338 20.87
13908 21.15
5867 22.58
7037 22.71
15686 20.71
4710 22.35
6715 21.65
7878 20.93
8408 20.74
8909 20.24
9929 19.45
9312 19.44
9328 19.42
9145 19.53
9222 19.55
9433 19.52
9366 19.54
9501 19.50
9848 19.42
9506 19.54
9465 19.51
9493 19.57
9788 19.42
10074 19.42
9970 19.20
10263 19.24
9717 19.35
14260 20.63
12944 21.10
12596 22.02
9095 23.94
5964 24.21
7348 23.64
7911 23.05
8231 22.54
8583 21.20
20139 19.93
4469 24.12
6867 23.04
9625 23.58
8975 23.11
8012 21.90
9355 21.91
9447 21.47
12808 22.43
12312 22.46
7108 22.52
7027 22.85
11747 23.45
11515 23.24
6719 22.59
7829 21.97
8182 21.89
9426 21.59
9212 21.74
9301 21.73
9160 21.65
8947 21.55
8788 21.49
8678 21.29
8756 21.19
10260 21.68
9171 21.69
9171 21.48
8947 21.31
9550 21.18
9498 21.14
9459 21.11
25593 18.95
4618 24.06
7688 22.82
7892 22.42
8845 21.74
9252 21.08
8011 21.38
9176 20.72
8848 20.63
16309 23.07
13640 23.34
7994 23.57
6368 23.55
7972 23.08
8802 21.90
8857 21.34
14372 23.47
12204 23.17
7066 23.33
7358 23.70
7306 23.90
6719 22.28
16222 24.03
12323 23.38
5453 23.22
7268 21.82
7380 21.97
8862 21.30
8428 21.09
16268 23.37
12299 23.59
8245 23.49
15179 22.17
4089 24.68
5784 23.83
7616 21.91
7215 21.43
8167 20.58
9117 20.81
8629 20.91
10764 21.53
10360 21.84
8387 21.42
8710 21.02
9560 20.93
12414 21.98
10860 22.27
11644 22.23
7152 21.54
9317 21.48
10222 21.37
14228 23.23
10896 22.47
6196 21.68
8256 21.01
7473 20.50
6947 20.03
7602 19.57
10507 20.52
10564 20.93
10888 21.43
7318 21.25
7893 20.80
8388 20.90
20017 18.64
6925 21.63
9695 21.57
8634 21.91
8585 21.01
14487 22.48
10829 22.49
8315 22.24
7253 21.14
8152 20.62
8509 20.31
10135 20.61
10084 20.70
9481 20.87
8619 21.24
9140 20.55
9302 20.53
9508 20.50
8202 20.20
8243 20.03
8517 19.56
8577 19.39
8574 19.24
9083 18.95
8987 18.98
8849 19.45
9965 19.41
10656 19.85
17565 22.72
12762 22.26
8080 22.06
7520 21.12
18291 18.47
3638 23.48
7670 23.91
6767 23.49
7814 21.60
8918 20.42
8730 20.24
8897 20.19
10447 20.54
9702 20.62
9112 20.60
9473 20.32
9817 20.22
9607 20.40
9261 20.51
10730 20.90
10349 21.09
8477 20.84
8409 20.59
8601 20.29
9037 20.06
9035 20.12
9051 20.00
9277 20.02
9511 20.04
9631 20.05
10714 20.32
10515 20.50
9400 20.61
9308 20.62
10717 21.07
10458 21.13
23175 17.87
5623 24.01
5845 24.02
7881 21.77
9354 20.45
9099 20.46
9867 20.32
9766 20.27
10329 20.33
9181 20.65
9627 20.06
8372 20.37
8550 19.93
9218 19.61
10304 19.99
9669 20.13
9141 20.02
9263 19.88
9787 20.14
14588 21.58
11823 21.97
7541 21.86
8852 21.46
14181 22.56
12081 22.96
5735 24.11
6751 23.35
8232 22.15
8408 21.43
8572 20.72
8450 20.39
9100 20.26
19402 17.63
6327 21.40
7615 21.33
7733 21.38
8224 20.44
8188 20.18
8079 19.31
8184 19.02
8505 18.84
8880 18.95
9231 18.76
8893 18.97
