23729 14.71
9066 21.99
8443 21.49
5400 20.01
7690 18.90
7998 17.99
14378 18.62
12287 18.91
6157 18.36
7600 18.25
8459 17.43
9061 16.80
9178 16.58
9574 16.68
11616 17.15
11103 17.68
10353 17.60
8249 17.85
9716 17.86
13421 18.95
11832 19.14
8771 19.43
8597 19.53
7349 18.82
8272 18.38
9536 17.62
9234 17.56
9885 17.57
9544 18.05
9611 18.07
9550 18.15
10237 17.97
21501 17.36
4677 20.94
6822 20.20
7893 19.40
8582 18.66
10310 18.44
10210 18.47
9877 18.15
9712 18.15
10318 18.15
9100 18.49
9199 18.33
9612 18.22
10217 18.09
10305 18.20
10415 18.28
10784 18.40
10527 18.55
10318 18.71
9518 19.13
8868 19.42
8757 19.23
9150 19.03
9681 18.76
9774 18.48
9616 18.50
9636 18.51
9945 18.50
16565 20.78
14106 21.03
5945 22.54
7233 22.42
16035 20.53
4694 22.32
6687 21.53
7466 21.11
8814 20.55
9272 20.05
10228 19.31
9560 19.30
9477 19.31
9429 19.35
9256 19.43
9709 19.33
9623 19.29
9839 19.41
10163 19.26
9741 19.39
9546 19.34
9859 19.37
10004 19.30
10255 19.20
10124 19.10
10313 19.14
10085 19.17
14408 20.55
13235 20.95
12739 21.86
9621 23.55
6611 23.63
7497 23.50
8063 22.92
8433 22.42
8746 21.11
20144 19.93
4582 23.93
6975 22.97
9677 23.44
9274 22.90
8657 21.39
9979 21.47
8868 21.71
13153 22.26
12675 22.24
7333 22.32
7815 22.22
12706 22.89
12478 22.66
6500 22.55
7111 22.33
8520 21.76
8992 21.85
8971 21.91
9643 21.55
9339 21.48
9254 21.35
9010 21.28
8878 21.09
8995 21.02
10558 21.50
9282 21.56
9538 21.31
9077 21.15
9920 21.01
9686 20.98
9726 20.90
25335 19.10
4775 23.91
6574 23.65
9123 21.82
8818 21.62
9269 20.96
8920 20.86
9095 20.61
8921 20.51
16635 22.88
13892 23.22
8526 23.22
6441 23.41
8266 22.80
8187 22.26
9231 21.19
14738 23.28
12464 22.97
7515 23.02
8087 23.01
8059 23.19
7318 21.71
16530 23.93
12519 23.27
4903 23.60
6995 22.15
7063 22.23
9114 21.19
8612 20.92
16537 23.22
12516 23.46
8311 23.36
15975 21.71
4175 24.59
6458 23.14
6392 22.68
8536 20.77
8129 20.36
9251 20.63
8958 20.73
10881 21.40
10554 21.69
8615 21.29
9011 20.85
9833 20.78
12581 21.78
11048 22.10
12001 22.04
7321 21.36
9597 21.26
10582 21.17
14514 23.10
11141 22.27
6238 21.63
8356 20.88
7623 20.43
7129 19.85
7273 19.78
10777 20.35
10822 20.76
11024 21.26
7452 21.10
8142 20.60
8648 20.69
20310 18.51
7174 21.44
9227 21.87
9686 21.26
8726 20.77
14715 22.33
11322 22.28
8494 22.13
7460 20.98
8370 20.49
8767 20.21
10304 20.45
10308 20.56
9744 20.69
8842 21.12
9193 20.39
8860 20.81
9700 20.37
8398 20.04
8579 19.80
8616 19.41
7982 19.71
9145 19.06
9083 18.90
8596 19.23
9346 19.23
10379 19.28
10679 19.62
17714 22.58
13231 22.04
8167 21.90
7155 21.36
19255 18.01
3783 23.22
8297 23.30
7115 23.01
7859 21.45
8308 20.69
9027 20.05
9146 19.96
10648 20.35
9895 20.44
9377 20.31
9749 20.16
10078 20.05
10006 20.18
9484 20.34
10923 20.77
10656 20.95
8691 20.66
8805 20.33
8694 20.17
9332 19.92
9257 20.04
9217 19.93
9417 19.88
9583 19.87
9908 19.87
11053 20.19
10559 20.35
9743 20.38
9507 20.39
10942 20.88
10611 20.98
23427 17.74
5573 23.98
6448 23.35
7906 21.66
9436 20.29
9378 20.20
9963 20.13
10042 20.08
10643 20.11
10357 19.97
8918 20.39
8533 20.25
8950 19.76
9412 19.47
10551 19.93
9837 19.96
9206 19.94
9489 19.72
10066 20.02
14845 21.39
12143 21.79
8189 21.46
8786 21.33
14562 22.40
11725 23.18
5824 24.15
6968 23.14
8061 22.26
8766 21.29
8487 20.91
8691 20.25
9393 20.09
19725 17.48
6598 21.07
7699 21.33
8027 21.16
8544 20.28
8159 19.98
8280 19.17
8333 18.79
8700 18.64
9230 18.72
9693 18.66
9543 18.63
