26211 13.79
10222 21.06
9376 20.78
5691 19.62
8600 18.11
9539 17.02
16322 17.54
13267 18.16
6529 18.04
7976 18.01
8793 17.17
10446 16.03
10219 15.83
10803 15.90
12727 16.46
12304 16.93
11573 16.89
9302 17.19
10745 17.22
14303 18.33
13105 18.42
9760 18.74
9546 18.83
8878 17.81
8887 17.86
9991 17.26
10435 16.85
10122 17.27
10722 17.33
10710 17.34
11094 17.15
11230 17.26
24145 16.13
5155 20.22
7622 19.43
8952 18.69
9821 17.96
11054 18.01
11254 17.79
10176 17.83
11153 17.39
11323 17.42
10280 17.75
10221 17.72
10440 17.61
11199 17.39
11472 17.52
11342 17.62
11932 17.73
11661 17.89
11383 18.02
10418 18.49
9848 18.76
9977 18.54
10401 18.17
10392 18.19
10206 18.15
10640 17.82
10726 17.81
10861 17.82
17976 19.99
15403 20.30
7741 21.26
8308 21.47
17526 19.66
5320 21.72
7641 20.79
8860 20.02
9440 19.93
10058 19.42
10616 18.89
10819 18.55
10536 18.57
10426 18.69
10532 18.69
10689 18.64
10721 18.67
10942 18.66
11118 18.60
10705 18.71
10681 18.68
10918 18.65
10992 18.65
11350 18.55
10704 18.72
11725 18.39
11111 18.45
15774 19.83
14435 20.21
13957 21.09
10853 22.56
7329 22.80
8124 22.72
8891 22.17
10129 21.20
9488 20.35
21920 19.03
5402 23.06
7758 22.15
10708 22.72
10075 22.21
9201 20.97
10488 21.06
10038 20.92
14195 21.55
13679 21.57
8216 21.58
8738 21.46
13909 22.07
13728 21.83
6780 22.20
9018 21.02
9429 20.94
9963 21.06
9912 21.21
10684 20.81
10328 20.72
10243 20.64
9966 20.53
9888 20.37
9815 20.32
11743 20.75
10243 20.81
10557 20.57
10302 20.39
10923 20.30
10896 20.27
10479 20.28
28587 17.70
5370 23.09
8242 22.24
9310 21.47
9500 21.13
9752 20.63
9519 20.45
10482 19.77
10021 19.77
17997 22.17
15178 22.45
9157 22.59
7938 22.11
8928 22.16
10083 20.94
9965 20.46
15926 22.56
13696 22.25
8430 22.20
8878 22.30
8879 22.47
8972 20.46
17706 23.14
13619 22.47
5671 22.72
7889 21.44
8755 20.99
9087 20.89
9761 20.20
17777 22.46
13758 22.63
9336 22.55
17730 20.69
4888 23.64
6709 22.80
8224 21.33
8393 20.60
9233 19.64
10291 19.90
9882 20.02
12134 20.60
11691 20.91
9575 20.50
9926 20.12
10625 20.08
14015 21.01
12027 21.38
13080 21.31
8092 20.53
10393 20.56
11569 20.43
15691 22.32
12157 21.50
7110 20.67
9318 20.03
8637 19.57
8079 19.12
8958 18.65
11845 19.54
11793 20.01
12214 20.49
8458 20.29
8965 19.88
10252 19.56
22014 17.67
8102 20.71
10211 21.16
10883 20.46
9517 20.04
16134 21.56
12086 21.55
9498 21.37
8274 20.22
8693 20.15
9840 19.41
11463 19.70
11371 19.79
10692 19.96
9798 20.33
10253 19.64
10519 19.59
10791 19.56
9415 19.24
9495 19.02
9598 18.69
9309 18.80
9770 18.51
10215 18.17
9522 18.57
9389 19.01
11743 18.52
11786 19.03
19183 21.84
14096 21.33
9152 21.13
8004 20.56
21991 16.72
4269 22.54
8695 22.96
7664 22.57
8207 21.13
10154 19.45
10015 19.27
10012 19.29
11601 19.62
11071 19.65
10280 19.56
10826 19.41
11072 19.37
10852 19.49
10635 19.54
11957 20.04
11723 20.14
9648 19.95
9770 19.64
9747 19.40
10416 19.20
10109 19.26
10374 19.08
10498 19.08
10788 19.11
10948 19.11
12286 19.41
11849 19.59
10614 19.70
10514 19.71
11933 20.19
11723 20.22
25369 16.92
6855 22.78
7290 22.55
9329 20.52
10262 19.55
10435 19.52
11069 19.44
11058 19.36
11819 19.38
11352 19.33
9898 19.65
9581 19.53
9498 19.22
10367 18.76
11480 19.15
10954 19.22
9446 19.52
10848 18.97
11108 19.26
16033 20.68
13291 21.04
8773 21.03
9954 20.63
15645 21.65
13843 21.74
6623 23.06
7658 22.41
9418 21.16
9485 20.52
9846 19.77
9613 19.44
10392 19.34
21336 16.70
7620 20.35
8737 20.52
8887 20.45
8893 19.84
9284 19.30
9255 18.43
9577 18.09
9826 17.94
10277 18.07
10662 17.95
10642 17.90
