26484 13.65
10619 20.69
9527 20.59
5891 19.48
8745 17.97
9160 17.18
15989 17.67
13701 17.95
6732 17.84
8916 17.36
9733 16.52
10499 15.88
10503 15.70
11066 15.83
12830 16.37
12553 16.84
11689 16.83
9337 17.16
10122 17.50
14664 18.18
13168 18.29
9948 18.55
9705 18.67
9220 17.68
9152 17.68
10160 17.08
10687 16.70
11016 16.74
10866 17.19
10876 17.17
11337 17.05
11351 17.17
24523 15.99
5372 20.12
7863 19.18
8983 18.51
10116 17.80
11687 17.62
11195 17.79
10338 17.71
10724 17.59
11550 17.31
10441 17.61
10371 17.61
10416 17.57
10909 17.63
11088 17.77
11779 17.47
11876 17.61
11986 17.73
11685 17.87
10820 18.24
10729 18.26
10453 18.08
10600 18.02
10639 18.02
10894 17.67
10623 17.68
10281 18.06
10423 18.12
18183 19.88
15686 20.14
8480 20.69
8993 20.87
18319 19.24
5375 21.64
7792 20.70
9018 19.95
9680 19.72
10288 19.25
11433 18.44
10948 18.42
10902 18.42
10620 18.53
10811 18.58
10856 18.51
10960 18.51
11096 18.52
11344 18.47
10988 18.55
11005 18.56
11049 18.58
11172 18.55
11316 18.48
10967 18.57
11882 18.27
11364 18.35
16072 19.69
14590 20.12
14119 21.02
10829 22.64
7420 22.80
8382 22.59
8969 22.07
9573 21.52
9899 20.20
22742 18.68
5513 22.87
7223 22.42
10669 22.81
9634 22.51
10250 20.41
11303 20.55
10134 20.80
14551 21.35
14094 21.36
8391 21.39
8920 21.30
14053 21.96
14022 21.75
6903 21.96
8690 21.20
10491 20.37
10650 20.56
10599 20.68
10662 20.66
10557 20.61
10465 20.48
10130 20.39
10141 20.22
10104 20.12
11912 20.63
10664 20.65
10635 20.45
10437 20.30
11110 20.17
11025 20.16
10918 20.12
28143 17.88
5175 23.33
8522 22.08
9526 21.35
9653 21.02
10719 20.05
9448 20.33
10514 19.69
10245 19.66
18218 22.06
15419 22.28
9352 22.48
7382 22.43
9396 21.90
10041 20.92
10291 20.27
16091 22.43
13772 22.09
8658 22.08
9272 22.09
9151 22.32
8456 20.75
17996 23.02
13891 22.34
5813 22.65
8069 21.20
8724 20.87
10121 20.28
8885 20.56
18151 22.30
14065 22.48
9498 22.39
19083 19.97
4871 23.51
6805 22.65
8274 21.14
9450 19.86
9367 19.42
10530 19.68
9998 19.90
12352 20.45
12047 20.73
9707 20.38
9389 20.41
11173 19.86
13999 20.87
12528 21.15
13358 21.12
8298 20.37
10706 20.36
11756 20.24
16050 22.16
12356 21.30
7308 20.57
9537 19.89
8774 19.42
8181 18.99
8441 18.88
12222 19.35
12064 19.80
12453 20.33
8490 20.08
9196 19.71
10505 19.40
22236 17.56
8346 20.55
10353 20.99
11083 20.33
9736 19.86
16299 21.39
12405 21.38
9866 21.14
8501 20.06
9514 19.58
9885 19.25
11607 19.60
11739 19.64
10973 19.80
9976 20.23
10453 19.48
9951 19.89
10925 19.45
9607 19.13
9862 18.86
9990 18.47
9996 18.37
9869 18.35
10386 18.05
9717 18.41
9673 18.97
10156 19.35
12438 18.66
19404 21.71
14417 21.20
9351 20.96
8276 20.43
22241 16.57
4656 21.99
9347 22.41
8205 22.10
8189 20.99
9762 19.75
10349 19.12
10426 19.07
12074 19.43
11157 19.58
10596 19.47
10930 19.22
11308 19.22
11165 19.33
10694 19.42
12271 19.89
11797 20.05
9825 19.81
9942 19.51
9850 19.27
10485 19.08
10384 19.08
10675 18.95
10701 18.99
10767 19.00
11185 18.97
12334 19.33
12008 19.49
10754 19.59
10768 19.55
12356 19.99
11831 20.09
25505 16.84
7462 22.16
7761 22.00
9353 20.43
10601 19.42
10484 19.42
11408 19.25
11297 19.22
12008 19.26
11576 19.20
10128 19.48
9048 19.76
10111 18.96
10659 18.62
11815 18.98
11050 19.08
9613 19.38
10911 18.86
11129 19.15
16270 20.52
13577 20.89
9321 20.52
10198 20.41
15924 21.48
14131 21.56
6703 22.95
8352 21.81
9421 21.06
9803 20.38
10193 19.56
9782 19.30
10544 19.21
21730 16.52
7280 20.46
8350 20.77
9105 20.26
9585 19.32
8704 19.60
9738 18.24
9627 17.95
10069 17.77
10568 17.94
10974 17.78
10830 17.76
