27492 13.23
11486 20.16
10608 19.94
5984 19.23
9630 17.51
9593 16.89
16335 17.44
14436 17.55
7277 17.45
8626 17.46
9641 16.60
11270 15.53
11103 15.32
11735 15.42
13638 15.97
13191 16.46
12469 16.36
10176 16.64
11451 16.70
15292 17.76
13722 17.98
10631 18.19
10247 18.27
9679 17.31
9784 17.36
10496 16.81
11395 16.34
11669 16.38
11426 16.85
12050 16.54
11888 16.68
11963 16.81
25996 15.34
5762 19.70
8378 19.02
9672 18.08
10413 17.53
11605 17.59
11540 17.60
11125 17.32
12085 16.85
12515 16.83
10799 17.31
10106 17.70
12154 16.77
12101 16.86
12477 16.97
12315 17.05
12811 17.24
12578 17.35
12056 17.56
11141 17.96
10661 18.27
10619 18.06
11232 17.63
11209 17.65
11702 17.29
11358 17.29
11600 17.27
11737 17.38
18862 19.55
16181 19.81
8906 20.41
9602 20.51
18329 19.22
5742 21.29
8397 20.28
9000 19.91
9913 19.66
11172 18.81
11357 18.42
11627 18.09
10983 18.13
11295 18.11
11280 18.20
11503 18.17
11715 18.11
11671 18.16
11971 18.11
11767 18.13
11491 18.16
11835 18.14
12016 18.09
12276 18.03
12186 17.90
12394 17.91
12180 17.88
16391 19.40
15420 19.75
14756 20.67
11946 21.82
7984 22.18
8699 22.20
9777 21.58
9976 21.14
9956 20.10
25155 17.60
5467 22.80
7870 21.96
11054 22.43
10144 22.09
10409 20.28
12044 20.09
11742 19.89
15176 21.00
14841 20.91
8940 21.02
9313 20.95
14798 21.56
14598 21.29
7538 21.52
9655 20.48
9981 20.43
10712 20.53
10824 20.65
11003 20.49
11163 20.22
11227 20.06
10924 19.96
10833 19.77
10683 19.78
12454 20.19
11055 20.28
11364 20.00
11151 19.82
11858 19.74
11582 19.71
11376 19.72
29902 17.15
6057 22.37
8878 21.77
10133 20.95
10643 20.33
10423 20.09
10323 19.86
11187 19.28
10737 19.23
19056 21.58
16011 21.93
10151 21.97
8112 21.83
10294 21.16
10489 20.48
10890 19.84
17030 21.88
14555 21.60
8967 21.71
9680 21.71
9587 21.89
8939 20.35
18753 22.59
14672 21.82
6998 21.59
8242 20.78
9383 20.38
10689 19.82
9518 20.01
18801 21.89
14634 22.07
9997 21.93
20622 19.19
5142 23.10
6764 22.61
9860 20.22
8295 20.32
10268 19.01
11274 19.17
10813 19.36
13099 19.97
12710 20.33
10326 19.93
10779 19.49
11809 19.39
14885 20.38
12941 20.83
14166 20.67
8835 19.96
11603 19.89
12375 19.89
16589 21.73
13049 20.86
7868 20.10
9426 19.91
9492 18.93
8957 18.50
9535 18.18
12751 19.03
12753 19.51
13044 19.90
9053 19.68
9504 19.46
11333 18.97
23255 17.11
8766 20.20
11047 20.55
11484 19.95
10282 19.52
16965 21.06
13226 20.92
10488 20.73
8913 19.66
10128 19.14
10506 18.85
12344 19.08
12284 19.18
11638 19.37
10557 19.81
11069 19.07
10497 19.49
11606 19.04
10020 18.84
10677 18.39
10500 18.15
10770 17.96
10387 18.03
10743 17.79
10352 18.10
10290 18.50
10798 18.90
13001 18.39
20165 21.33
15573 20.70
9871 20.57
8583 20.07
23073 16.18
5600 21.06
10196 21.61
9201 21.24
8541 20.59
10138 19.37
10861 18.72
11107 18.70
12487 19.10
11860 19.16
11072 18.98
11743 18.80
11998 18.75
11714 18.90
11250 19.08
12989 19.49
12528 19.62
10407 19.38
10606 19.06
10440 18.87
11230 18.69
11246 18.63
11020 18.59
11133 18.66
11610 18.61
11585 18.65
13123 18.96
12532 19.08
11578 19.18
11389 19.13
12740 19.66
12502 19.68
26488 16.42
8005 21.72
8321 21.49
9833 20.02
11228 18.91
11270 18.94
11907 18.88
11967 18.83
12702 18.80
12089 18.77
10528 19.15
10450 18.89
10296 18.63
10431 18.70
11919 18.95
11253 19.09
11349 18.52
11420 18.44
11976 18.67
17107 20.11
14231 20.50
9960 20.07
10606 20.07
16603 21.10
14780 21.14
7698 22.08
8739 21.43
10141 20.57
10288 19.96
10552 19.23
10343 18.92
11298 18.77
22472 16.20
8164 19.81
9428 19.95
9624 19.89
9763 19.26
10037 18.80
9921 17.96
9590 17.93
10785 17.40
11355 17.52
10752 17.86
11769 17.34
