28117 12.99
11875 19.80
10711 19.73
6710 18.68
9440 17.43
9802 16.72
16693 17.32
14723 17.38
6722 17.71
9064 17.33
9788 16.45
10800 15.76
11604 15.22
12008 15.30
13908 15.82
13431 16.31
12683 16.22
10948 16.22
11647 16.57
15423 17.66
14062 17.78
10713 18.09
10313 18.22
9866 17.15
10019 17.17
10938 16.60
11437 16.28
11206 16.60
11706 16.74
12620 16.34
12045 16.57
12188 16.69
26303 15.28
5920 19.57
8954 18.49
9795 17.99
10497 17.45
11762 17.54
12204 17.24
11223 17.22
11373 17.12
12082 17.03
11105 17.19
10244 17.55
12477 16.60
12399 16.69
12619 16.85
12618 16.92
12895 17.09
12807 17.20
12349 17.42
11338 17.85
10900 18.11
11436 17.58
11381 17.45
12171 17.15
11671 17.20
11583 17.19
11923 17.13
11185 17.64
19372 19.39
16603 19.63
8942 20.35
9756 20.39
18903 18.97
5762 21.30
8510 20.20
9605 19.46
10371 19.25
11059 18.74
11635 18.27
11771 17.92
11315 18.02
11549 18.00
11363 18.08
11660 18.05
11851 17.99
12220 17.99
12129 17.97
11856 18.01
11756 18.02
11829 18.11
12111 18.00
12496 17.89
12448 17.73
12590 17.80
12355 17.81
16920 19.21
15553 19.61
15095 20.48
11908 21.90
8029 22.19
8906 22.07
9818 21.52
10408 20.93
10537 19.63
24964 17.70
5691 22.62
7860 21.93
11288 22.30
10464 21.98
10392 20.21
11656 20.30
11882 19.80
15397 20.79
15056 20.81
9240 20.87
9512 20.78
14873 21.46
14963 21.14
7629 21.44
9900 20.35
10217 20.28
11679 19.94
11684 20.00
11513 20.12
11153 20.06
11207 19.99
11178 19.82
10834 19.68
10765 19.62
12642 20.06
11516 20.09
11520 19.86
11272 19.73
11865 19.68
11705 19.62
11855 19.50
30339 17.01
5996 22.42
9662 21.20
10049 20.86
10966 20.17
9895 20.34
11655 19.22
10371 19.59
11172 19.06
19464 21.42
16305 21.79
10170 21.85
8236 21.74
10000 21.43
10881 20.37
11098 19.69
17206 21.80
14843 21.46
9138 21.55
9862 21.55
9740 21.75
8349 20.70
19152 22.45
14899 21.69
7157 21.44
8439 20.65
10572 19.74
10649 19.71
9740 19.91
19217 21.72
14817 21.92
10217 21.80
20759 19.13
5396 22.90
6734 22.57
10076 20.06
8425 20.20
10512 18.85
11391 19.12
11003 19.24
13245 19.86
12895 20.17
10672 19.76
10861 19.39
11917 19.28
15084 20.25
13467 20.60
14463 20.49
8909 19.87
11670 19.81
12563 19.75
16830 21.60
13413 20.68
7368 20.43
10587 19.30
9628 18.80
9092 18.38
9646 18.06
12937 18.84
12920 19.36
13381 19.74
9245 19.53
9397 19.48
10651 19.24
23496 17.01
8991 20.04
11398 20.38
11798 19.79
10540 19.37
17185 20.90
13447 20.77
11019 20.31
8347 19.94
9671 19.46
10945 18.69
12719 18.97
12572 19.05
11825 19.26
10703 19.68
11372 18.91
10666 19.38
11819 18.89
10297 18.66
10692 18.30
10875 18.00
10177 18.16
10677 17.97
11104 17.62
10439 18.04
10268 18.45
11067 18.74
13232 18.31
20427 21.21
15743 20.57
9978 20.47
8875 19.88
23359 16.05
5932 20.77
11257 20.96
10122 20.64
7947 20.90
10418 19.24
11219 18.56
11094 18.56
12636 18.99
12219 18.97
11274 18.91
11849 18.65
12124 18.66
11906 18.79
11556 18.95
13098 19.38
12781 19.52
10666 19.29
10856 18.95
10619 18.71
11430 18.54
11451 18.58
11281 18.46
11358 18.47
11897 18.45
11913 18.53
13216 18.82
12763 19.01
11650 18.99
11620 19.03
12995 19.53
12676 19.55
26818 16.29
7623 21.99
7852 21.93
9613 20.14
11533 18.83
11547 18.75
12153 18.73
12231 18.66
12849 18.67
11475 19.05
11335 18.82
10672 18.77
10389 18.54
11345 18.12
12815 18.41
12026 18.53
10496 18.83
11800 18.22
12210 18.52
17281 19.97
14607 20.32
9307 20.44
11091 19.90
16747 20.98
15100 21.02
8158 21.77
8191 21.70
10502 20.41
11176 19.40
10573 19.13
10758 18.66
11554 18.58
22790 16.06
8131 19.83
9815 19.73
9980 19.73
9810 19.22
10242 18.65
10106 17.79
10634 17.40
9970 17.69
11687 17.34
11966 17.26
10919 17.66
