29569 12.46
12872 19.18
11671 19.16
6866 18.48
9942 17.23
11432 15.78
18453 16.40
15537 16.91
7454 17.24
9040 17.26
9844 16.45
11792 15.24
12824 14.62
12970 14.82
14808 15.37
14289 15.83
13505 15.83
10919 16.17
11604 16.52
16486 17.19
15039 17.28
11634 17.54
11232 17.66
10630 16.70
10781 16.72
11681 16.27
12405 15.71
12662 15.74
12457 16.23
13162 15.94
12950 16.08
13058 16.20
28462 14.37
6545 18.93
9051 18.30
10646 17.55
11887 16.63
13008 16.76
12974 16.77
11995 16.71
13028 16.29
13359 16.32
12143 16.63
11064 17.09
12417 16.59
12548 16.65
12758 16.80
13523 16.51
13686 16.63
13489 16.78
13386 16.88
12094 17.35
11548 17.63
12129 17.21
12154 17.02
12366 17.02
12867 16.67
12491 16.70
11823 17.08
12213 17.16
20238 18.90
17435 19.15
10599 19.29
11076 19.43
20836 17.96
6352 20.76
8924 19.77
10377 18.93
10476 19.06
12071 18.21
13056 17.44
12562 17.40
12289 17.41
12308 17.49
12332 17.53
12526 17.46
12623 17.51
12789 17.49
13114 17.42
12661 17.54
12720 17.51
12711 17.55
12989 17.51
13337 17.45
13254 17.24
13519 17.27
13108 17.34
17672 18.71
16736 19.05
15887 20.00
12820 21.30
8895 21.62
9590 21.51
10540 21.00
11105 20.46
10782 19.42
26502 17.08
6543 21.86
8452 21.39
11927 21.78
11247 21.41
11800 19.33
12915 19.51
11952 19.71
16406 20.30
16041 20.24
9987 20.31
10344 20.23
16050 20.89
15838 20.66
8365 20.91
10583 19.87
10961 19.80
12422 19.49
12200 19.64
12280 19.59
12090 19.52
12338 19.36
11972 19.34
11808 19.16
11551 19.07
13489 19.58
12184 19.61
12352 19.39
12091 19.24
12709 19.12
12779 19.07
12366 19.08
31578 16.53
6813 21.76
8135 22.05
11363 20.28
11846 19.61
12306 18.98
11144 19.23
12169 18.62
11785 18.60
20493 20.95
17471 21.22
10846 21.37
8667 21.38
11379 20.45
11602 19.80
11083 19.58
18096 21.33
15815 20.94
9944 20.99
10704 20.95
10442 21.19
9803 19.68
20137 21.91
15789 21.17
7261 21.31
9341 20.06
10359 19.67
10692 19.65
11588 18.89
20237 21.22
15929 21.40
10970 21.31
23624 17.79
5610 22.58
8121 21.43
9589 20.03
10106 19.17
11140 18.34
12359 18.55
11927 18.70
14213 19.37
13810 19.67
11273 19.29
11716 18.84
12772 18.76
16010 19.78
14235 20.09
15230 20.02
9871 19.28
12534 19.24
13572 19.17
17807 21.07
14187 20.20
8115 19.89
10488 19.21
10435 18.35
9832 17.86
10599 17.49
13817 18.33
13885 18.78
13988 19.28
9958 18.98
10616 18.77
11980 18.48
24562 16.53
9868 19.44
12031 19.91
12619 19.28
11352 18.85
18294 20.35
14190 20.28
11322 20.08
9967 18.94
11174 18.49
11523 18.18
13439 18.50
13386 18.60
12628 18.73
11574 19.15
12089 18.44
11554 18.85
12640 18.40
11336 18.13
11353 17.85
11658 17.47
11585 17.32
11410 17.47
11965 17.17
11128 17.58
11097 18.02
11713 18.28
14045 17.81
21359 20.72
16534 20.12
10726 19.99
9397 19.40
24577 15.55
7395 19.56
12742 20.02
11392 19.76
8937 20.01
10132 19.18
11196 18.48
12073 18.06
13593 18.43
12827 18.56
12219 18.31
12714 18.21
13246 18.06
12856 18.25
12332 18.41
13981 18.85
13627 19.00
11407 18.76
11463 18.50
11460 18.21
12180 18.06
12178 18.05
12184 17.93
12466 17.93
12508 18.03
12848 18.01
13995 18.33
13592 18.49
12321 18.54
12408 18.53
13793 18.97
13666 19.04
27910 15.79
8940 20.94
9168 20.86
10754 19.37
12007 18.31
11691 18.66
12212 18.63
12434 18.53
12833 18.60
12171 18.75
13042 17.92
11255 18.34
12101 17.56
12159 17.60
13416 17.99
12783 18.04
12193 17.91
12388 17.87
12861 18.12
18251 19.48
15416 19.86
10112 19.88
12337 19.03
17790 20.44
15905 20.48
9558 20.74
9311 20.74
11114 19.88
11132 19.27
11046 18.87
11645 18.19
12327 18.11
24321 15.40
9435 18.97
10331 19.30
10631 19.21
10667 18.58
11082 18.13
11158 17.20
10513 17.41
11851 16.81
12342 16.93
11850 17.23
12693 16.73
