34703 10.59
17750 16.51
15435 16.86
9105 16.81
12234 15.69
11493 15.53
19477 15.88
17207 16.10
9711 15.92
12705 15.14
13777 14.39
13628 14.26
15710 13.24
16234 13.33
18036 13.90
17542 14.35
16734 14.27
14685 14.28
15353 14.61
19651 15.67
17833 15.86
14284 16.08
13698 16.22
13246 15.19
13319 15.18
14717 14.64
15216 14.27
15600 14.28
15445 14.79
16433 14.43
15983 14.64
16005 14.76
34369 12.26
9877 17.02
11028 17.04
13114 16.12
13392 15.67
15267 15.61
15164 15.66
15140 15.23
14871 15.24
15348 15.25
14106 15.57
13917 15.59
15246 15.10
15264 15.25
15621 15.33
16610 14.92
16866 15.10
16659 15.20
16101 15.42
15249 15.72
15205 15.73
15915 15.27
14714 15.66
16034 15.17
15407 15.22
15303 15.20
15761 15.14
15693 15.26
23377 17.42
20631 17.62
13102 17.78
13737 17.82
28722 14.58
7915 19.32
11403 18.16
12906 17.42
13176 17.52
14759 16.61
15409 16.13
14738 16.26
14442 16.30
14432 16.39
14319 16.46
14662 16.36
15776 15.93
16007 15.86
15929 15.93
15780 15.96
15634 15.98
15686 16.00
16054 15.95
16310 15.85
16398 15.70
16635 15.74
16231 15.78
21010 17.18
20057 17.49
19131 18.33
18420 18.30
12593 19.01
13250 19.11
12640 19.53
13657 18.87
13313 17.91
31272 15.17
8620 20.29
10636 19.76
14490 20.25
14691 19.40
13745 18.04
15047 18.26
14831 18.13
19777 18.69
18953 18.73
12501 18.68
12934 18.61
19292 19.26
19239 18.96
10742 19.31
13426 18.22
13855 18.14
14352 18.27
14559 18.40
15270 18.00
15050 17.95
14987 17.86
14621 17.75
14509 17.59
14421 17.55
16614 17.96
14872 18.03
15317 17.80
15255 17.63
15591 17.58
15590 17.54
15567 17.48
36202 14.84
10871 19.05
12584 19.12
13709 18.71
13439 18.49
13372 18.23
14173 17.74
14985 17.12
14796 16.98
23905 19.37
20586 19.69
13431 19.71
11861 19.29
14156 18.75
14145 18.21
14707 17.59
21382 19.71
18872 19.33
12455 19.35
13181 19.36
13120 19.57
12483 18.00
23370 20.36
19008 19.52
9117 19.75
12746 17.96
12915 18.05
14495 17.58
13157 17.79
23699 19.61
19167 19.68
13918 19.57
29864 15.21
7972 20.59
10062 19.79
11129 18.87
13223 17.48
14074 16.66
15184 16.96
14820 17.11
17303 17.73
16989 17.98
14064 17.66
13494 17.71
15638 17.21
19045 18.15
17422 18.45
18374 18.35
12354 17.59
15494 17.64
16473 17.57
21135 19.46
16966 18.55
9753 18.62
13321 17.57
12645 17.05
12769 16.21
13412 15.92
16978 16.68
16904 17.19
17321 17.62
12685 17.39
13380 17.06
14702 16.95
28749 14.87
12758 17.83
14863 18.30
15558 17.71
14057 17.28
21386 18.79
17036 18.69
14771 18.09
11567 17.77
13027 17.32
13527 17.01
15725 17.28
15767 17.33
14811 17.53
13669 17.95
15345 16.79
15493 16.78
15489 16.82
13924 16.57
14303 16.26
14277 16.02
13539 16.31
14056 16.06
14507 15.79
13684 16.11
13840 16.49
14480 16.78
15130 17.18
24759 19.20
19615 18.48
13118 18.44
12780 17.34
28799 13.88
10976 17.22
16262 17.99
15039 17.64
11774 18.03
12512 17.61
13820 16.94
14921 16.48
16636 16.86
16207 16.88
14898 16.81
15595 16.61
14989 16.96
15764 16.70
15344 16.83
16737 17.30
16804 17.40
14138 17.15
14308 16.82
14122 16.66
15064 16.44
15078 16.44
15013 16.35
15165 16.38
15596 16.32
15750 16.36
17000 16.76
16748 16.88
15415 16.89
15314 16.94
16754 17.44
16721 17.44
32366 14.16
13271 18.33
12939 18.43
12796 17.94
13097 17.57
13600 17.50
14093 17.51
15383 17.00
16089 16.98
15515 16.93
15058 16.78
14252 16.70
14211 16.42
14243 16.49
15513 16.87
14908 16.93
14302 16.78
15562 16.28
15828 16.46
21510 17.91
18621 18.22
13553 17.83
15007 17.48
21164 18.79
18808 18.90
12480 18.82
13449 18.19
15042 17.53
13698 17.65
14404 16.94
14253 16.61
15148 16.52
28255 13.81
12369 17.15
13769 17.23
13992 17.20
13969 16.72
13641 16.59
13025 16.17
12625 16.31
14085 15.68
14376 15.84
14009 16.14
15596 15.43
