35179 10.41
18734 16.05
15877 16.64
8984 16.91
11774 16.04
11412 15.64
19218 15.99
16811 16.31
8344 16.63
13411 14.90
14146 14.17
16420 13.10
16174 12.98
16492 13.16
18550 13.71
17988 14.12
17065 14.10
14337 14.43
15968 14.39
19679 15.59
18663 15.55
14590 15.91
14270 15.96
12788 15.38
15085 14.56
15744 14.14
15608 14.14
16110 14.13
15647 14.64
16781 14.26
16484 14.38
16477 14.52
36309 11.60
10558 16.65
11302 16.82
13997 15.63
12966 15.85
15439 15.56
15543 15.49
14394 15.44
15464 15.04
16005 15.04
14389 15.43
14617 15.36
15727 14.90
15670 15.06
15904 15.19
17091 14.76
17290 14.88
16872 15.06
16548 15.21
16465 15.19
15650 15.51
16393 15.09
15058 15.45
16301 15.02
15913 15.02
15655 15.05
15004 15.46
15336 15.44
24025 17.19
21191 17.39
13472 17.56
14179 17.53
32135 13.32
8243 19.21
11573 18.04
12727 17.51
13606 17.30
15159 16.41
16487 15.64
14922 16.05
15899 15.60
15665 15.76
15925 15.74
15962 15.71
16014 15.72
16450 15.69
16476 15.69
16085 15.74
16031 15.77
16188 15.80
16368 15.78
15871 16.06
16014 15.87
16260 15.89
16007 15.89
21750 16.93
20482 17.26
19716 18.10
18518 18.30
12524 19.06
13654 18.89
13056 19.26
14139 18.63
13476 17.78
32121 14.83
8702 20.21
11074 19.53
14832 20.04
14990 19.16
14013 17.84
15502 18.05
14183 18.40
19069 18.97
19684 18.43
12991 18.40
13344 18.35
19916 19.04
19613 18.79
11650 18.90
13622 18.06
14223 17.92
14850 18.04
14825 18.19
15629 17.81
15525 17.74
15336 17.66
15008 17.54
14838 17.41
14874 17.33
16914 17.82
15408 17.84
15669 17.59
15546 17.42
16175 17.35
15996 17.32
15688 17.32
36633 14.68
11954 18.50
13270 18.77
15024 18.08
13473 18.34
14736 17.67
14373 17.52
15485 16.86
15270 16.76
24157 19.22
21057 19.40
13857 19.48
12206 19.05
14360 18.65
14622 17.97
15151 17.40
21582 19.54
19313 19.14
12956 19.12
13729 19.12
13308 19.36
13742 17.39
24024 20.07
19351 19.32
10537 19.01
11945 18.22
13043 17.88
14955 17.32
13330 17.62
24222 19.37
19591 19.48
14109 19.36
30284 15.03
8441 20.26
10358 19.58
11765 18.55
12642 17.74
14752 16.40
15622 16.69
15187 16.88
17738 17.51
17377 17.80
14602 17.41
14818 17.02
16068 16.94
19474 17.98
17899 18.21
18729 18.17
12901 17.38
14977 17.81
16895 17.33
21611 19.21
17576 18.27
10830 17.94
13674 17.34
11939 17.37
13245 15.99
13062 16.12
17476 16.48
17344 16.99
17444 17.47
13153 17.16
13751 16.86
14976 16.77
29278 14.64
13053 17.61
15279 18.11
16253 17.43
14496 17.08
21957 18.55
17575 18.47
14085 18.36
13102 17.12
13404 17.06
14929 16.34
16932 16.67
16908 16.77
16002 16.91
14928 17.32
14515 17.04
13762 17.50
15038 17.05
14843 16.26
14373 16.22
14587 15.82
14954 15.67
14141 16.00
13998 15.98
14384 15.87
14202 16.25
14802 16.61
17362 16.17
25348 18.98
19725 18.30
13503 18.24
12406 17.51
29323 13.67
11278 17.06
16552 17.82
15461 17.47
12371 17.75
12743 17.39
14199 16.70
14427 16.71
15950 17.12
15531 17.15
15590 16.57
15998 16.44
16397 16.33
16049 16.48
15897 16.55
17302 17.07
17034 17.21
14660 16.94
14645 16.65
14625 16.43
15671 16.18
15365 16.29
15553 16.14
15657 16.14
15901 16.15
16197 16.16
17633 16.51
17173 16.63
15783 16.71
15672 16.74
17387 17.22
16947 17.23
33169 13.92
13891 17.97
13170 18.23
13113 17.73
14459 16.92
13671 17.39
15666 16.84
15644 16.76
16414 16.75
14952 17.14
15339 16.62
13826 16.91
15750 15.75
15624 15.80
16806 16.20
16372 16.24
14571 16.54
15755 16.12
16233 16.31
22052 17.70
18898 18.05
13848 17.65
15514 17.22
21603 18.61
19521 18.62
12851 18.64
13874 18.04
14586 17.70
14217 17.45
14752 16.75
14736 16.43
15412 16.33
28913 13.57
12783 16.95
14188 17.03
14307 17.01
14072 16.60
13098 16.81
13510 15.99
13149 16.09
14451 15.45
14858 15.65
15429 15.46
15193 15.49
