3936 32.45
1169 38.52
926 37.09
848 33.43
1153 31.53
1222 31.36
2960 32.12
1999 33.14
540 32.71
1228 31.14
1245 30.55
1193 29.96
1211 29.46
1233 29.35
1990 29.73
1943 29.63
1453 29.69
1230 30.23
1767 29.72
2850 31.14
2134 31.74
1259 32.08
1310 32.03
1178 32.17
1536 30.56
1346 30.64
1329 30.58
1302 30.04
1683 29.84
1652 29.77
1469 30.83
1568 31.09
4133 32.70
653 32.47
1104 32.68
1489 31.58
1425 31.20
1581 30.60
1642 29.43
1555 30.54
1561 30.42
1644 30.12
1463 30.45
1502 30.87
1664 30.37
1437 30.49
1738 30.47
1796 30.19
1899 30.49
1997 30.34
1902 30.97
1724 30.93
1564 31.25
1607 31.11
1669 30.92
1827 31.23
1568 30.63
1510 30.92
1469 31.23
1654 30.65
3458 33.90
2169 36.01
890 34.82
1231 34.44
2789 35.89
628 35.13
1026 34.12
1120 34.08
1282 34.22
1761 32.80
1665 31.97
1334 32.16
1561 31.96
1391 32.37
1521 32.70
1630 32.02
1476 32.09
1597 31.97
1459 31.84
1588 31.60
1440 31.74
1551 32.16
1502 31.99
1824 31.59
1472 31.57
1679 31.29
1539 31.17
3185 32.38
2655 33.05
2052 35.67
1862 35.78
791 36.56
1137 36.20
1129 35.80
1421 34.58
1284 34.02
3851 34.55
698 35.00
1180 34.41
2214 35.30
1547 34.98
1234 34.99
1424 34.83
1386 34.29
2832 34.68
2402 34.98
1029 35.49
1153 35.35
2150 36.27
2167 35.84
813 36.20
1133 35.30
1358 34.42
1354 34.85
1550 34.56
1696 34.16
1528 34.02
1439 33.82
1409 33.88
1380 34.00
1405 33.45
1915 34.15
1404 34.02
1500 34.10
1524 33.90
1524 33.50
1455 33.82
1506 33.53
4208 35.69
710 36.46
1371 35.11
1234 34.91
1204 34.91
1600 33.77
1396 33.42
1352 33.31
1450 33.12
3672 36.07
2567 36.82
1043 37.40
939 37.22
1223 37.05
1164 35.89
1507 35.23
3266 36.13
2360 36.20
908 37.15
1032 36.99
1132 37.02
1258 35.43
3244 38.10
2014 37.75
645 37.03
1149 35.55
1191 35.27
1331 34.87
1506 34.16
3423 37.37
2181 37.35
1150 37.52
2725 37.32
490 38.39
676 38.30
1244 36.07
1349 34.42
1263 34.04
1412 33.90
1174 34.25
1794 34.81
1788 34.99
1254 35.09
1588 34.09
1291 34.76
2561 34.85
1831 35.28
2333 35.26
1036 35.27
1632 34.51
1746 34.51
3092 36.88
1919 36.90
539 37.80
1075 36.17
1263 34.95
1242 34.09
1108 33.93
1827 34.22
1926 33.95
1825 34.62
1120 34.57
1303 34.18
1533 33.49
4553 32.01
582 36.19
1421 34.97
1326 34.82
1350 33.88
3085 35.49
1721 36.25
1431 36.11
1195 34.90
1299 34.18
1228 34.21
1612 34.17
1527 34.09
1631 33.95
1453 34.07
1535 33.67
1610 33.57
1701 33.32
1341 33.26
1363 33.70
1477 32.60
1393 32.47
1373 32.46
1490 31.96
1541 31.94
1505 32.15
1625 32.37
1933 32.40
3767 36.61
2076 37.29
1089 37.07
1241 35.17
2755 35.19
544 36.24
1522 36.48
1152 36.33
1145 35.29
1556 33.99
1453 33.69
1567 33.75
1757 34.17
1616 34.05
1412 34.35
1550 33.92
1484 33.89
1465 34.20
1632 33.40
1775 33.96
1590 34.17
1396 34.13
1367 33.84
1353 33.24
1490 33.05
1441 32.94
1460 33.05
1396 33.28
1627 32.73
1655 32.84
1985 32.97
1793 33.13
1596 33.64
1581 33.38
1873 33.53
1787 33.46
3888 34.24
904 36.55
1055 36.06
1470 34.18
1478 33.71
1501 33.56
1590 33.40
1633 33.19
1803 33.31
1646 33.11
1518 33.67
1524 33.25
1426 33.05
1478 32.65
1805 32.35
1553 32.66
1534 32.74
1570 32.70
1618 32.97
3409 34.07
2129 34.91
1183 35.05
1446 34.47
2890 36.15
2059 37.08
785 38.27
945 38.12
1153 37.24
1509 35.48
1179 35.96
1343 35.25
1394 34.71
4224 31.59
978 35.65
1281 35.23
1207 35.16
1134 35.50
1312 34.49
1406 32.72
1307 32.50
1335 32.19
1373 32.41
1407 31.91
1447 31.55
