5419 29.18
1626 35.66
1395 34.83
1131 31.04
1812 29.61
1599 28.80
4075 29.71
2783 30.54
819 30.33
1409 29.12
1978 27.92
1638 27.72
1768 27.16
1723 27.31
2715 27.76
2662 27.44
2110 27.58
1665 27.92
2470 27.43
3869 28.93
3109 29.34
1673 30.10
1812 29.78
1809 28.57
1799 28.36
1964 28.04
1757 28.23
2012 27.23
2201 27.82
2001 28.29
2274 28.05
2079 28.76
5767 29.96
985 30.15
1472 30.71
1776 29.79
2204 28.24
2448 28.09
2317 27.64
1991 28.74
2204 28.70
2098 28.34
2244 28.14
2055 28.60
2030 28.31
2319 28.04
2298 28.11
2485 28.04
2706 28.08
2600 28.38
2526 28.48
2536 28.62
2245 28.88
2327 28.75
2251 28.74
2274 28.67
2135 28.97
2090 28.53
2169 28.57
2206 28.34
4722 31.29
3244 32.80
1263 32.48
1619 32.37
3710 33.63
999 32.46
1354 32.02
1646 31.31
2144 30.96
1892 31.16
2486 30.00
2068 29.78
2026 29.66
2072 29.77
2162 29.81
2161 29.92
1998 29.90
2181 29.65
1883 30.02
2137 29.72
2164 29.86
2214 29.69
2195 29.28
2290 29.57
2316 29.18
2369 28.75
2193 29.13
4278 30.25
3443 30.87
3364 32.54
2330 34.31
1156 34.73
1571 34.20
1772 33.36
1956 32.77
1810 31.87
5021 32.37
998 33.24
1583 33.14
2732 33.41
2092 33.29
1910 32.33
2065 32.58
1907 32.13
3733 32.62
3291 32.88
1359 33.32
1631 33.09
2957 34.02
2873 33.74
1081 33.95
1657 32.82
1942 32.12
2284 31.78
2224 31.88
2115 32.12
2082 32.01
2008 31.88
1832 31.73
1927 31.51
1937 31.14
2690 31.71
1964 31.83
2259 31.61
2078 31.54
2004 31.64
2283 31.29
1975 31.41
6040 32.68
945 34.34
1716 33.39
2096 31.91
2018 31.71
1684 31.98
2041 31.30
1973 30.98
1987 31.01
5096 33.45
3537 34.36
1360 35.26
1424 34.87
1998 33.50
1874 33.15
2078 32.12
4289 33.93
2985 34.33
1162 35.31
1372 35.06
1601 34.60
1505 33.50
4489 35.54
2789 35.11
808 35.24
1266 33.72
1894 32.51
2048 32.10
1911 31.86
4800 34.66
3197 34.70
1733 34.32
3451 35.31
625 36.16
1015 35.68
1366 34.26
2065 32.27
1763 31.38
1856 32.00
1721 31.72
2617 32.21
2467 32.61
1841 32.49
2060 31.81
1967 31.82
3485 32.38
2487 33.00
3099 33.22
1446 32.55
2247 32.40
2483 32.02
4287 34.12
2884 33.71
659 35.59
1372 33.89
1998 31.77
1517 31.61
1693 30.89
2372 32.02
2576 31.64
2631 32.14
1552 32.05
1825 31.59
2063 30.90
6209 29.27
963 33.97
2025 32.40
1798 32.70
2006 31.67
3912 33.56
2693 33.21
2032 32.87
1461 32.63
1541 32.40
2024 31.16
2397 31.25
2270 31.42
2164 31.34
2023 31.75
2061 31.41
2054 31.61
2302 31.06
1828 31.26
2002 30.75
1915 30.06
1977 29.81
1875 29.74
2149 29.22
2073 29.57
2085 29.69
2236 29.86
2642 30.28
5266 33.77
2837 34.74
1500 34.62
1633 32.80
3972 32.05
747 34.12
1963 34.43
1539 34.09
2021 31.93
2075 31.53
1927 31.39
2214 31.10
2495 31.46
2167 31.65
2001 31.98
2145 31.47
2166 31.08
2095 31.47
2035 31.00
2534 31.52
2275 31.64
1943 31.82
2061 31.17
1929 30.59
2009 30.62
2027 30.51
1939 30.66
1969 30.48
2183 30.32
2334 30.27
2718 30.42
2452 30.88
2235 31.11
2272 31.01
2691 31.38
2377 31.23
5196 31.83
1236 33.82
1432 33.72
1977 31.99
2079 30.98
2153 31.06
2231 30.87
2277 31.17
2483 30.83
2355 30.65
1940 31.41
2060 30.85
1898 30.40
2130 30.23
2466 30.20
2066 30.56
2121 30.48
2041 30.38
2270 30.53
4567 31.65
3061 32.57
1740 32.44
1925 32.12
4034 33.33
2629 35.01
1209 35.79
1349 35.13
2140 33.29
1923 32.73
1569 33.37
2015 31.85
1769 32.33
5945 28.50
1199 34.00
1658 33.19
1676 33.14
1568 32.81
2063 31.29
1753 30.69
1772 29.89
1764 29.60
2015 29.65
2027 29.40
1959 29.18
