8905 26.40
4692 23.59
8491 21.21
8688 19.88
8825 19.28
9385 19.20
9129 19.36
8810 19.60
9609 19.59
7020 20.10
8026 19.28
8793 18.79
5564 20.34
7527 19.58
7514 18.70
8401 18.46
11436 24.65
6337 21.51
5971 21.41
6783 20.68
6991 19.91
5589 20.69
6823 19.97
6951 19.58
8480 19.29
9153 18.97
5971 19.78
8690 19.97
8842 19.82
7118 20.53
6905 20.54
6859 20.53
12032 24.17
5771 21.84
7573 20.56
5599 21.35
6794 20.30
6986 19.73
7030 19.98
8181 19.60
9078 19.73
5602 21.08
7401 21.26
8359 20.72
6361 21.47
6579 21.27
8958 20.73
9138 20.37
12207 23.52
5547 21.48
7617 19.54
6507 19.21
7254 18.91
7259 18.51
6064 18.93
7062 18.19
5633 18.96
7507 18.42
6759 18.37
7749 17.95
9087 17.48
10178 17.69
8817 18.25
9134 18.53
12025 24.08
5791 22.68
6782 21.76
6852 21.79
7514 20.82
9038 20.41
9234 20.08
9743 19.89
9298 19.49
8443 19.34
6388 20.05
6604 19.93
8147 19.51
10493 19.99
9434 20.19
9862 20.55
9835 25.12
4613 22.77
7597 20.30
7630 18.77
5348 20.19
8474 19.71
10111 19.98
9415 20.54
8230 20.76
7155 21.53
8505 21.04
8727 20.63
9753 20.27
9478 19.58
8451 19.05
8982 18.80
12319 19.20
7679 19.71
9291 19.78
7436 19.39
8244 18.67
6825 20.36
6520 20.21
7084 20.03
7391 19.55
8924 19.28
9570 20.30
8684 20.75
8624 20.88
10360 21.22
9470 22.53
7486 22.27
11619 28.01
5830 24.13
6137 23.54
7719 24.05
6854 23.54
6436 23.00
7676 22.00
5798 23.05
6992 23.03
6836 23.04
6763 22.94
7229 22.66
6391 23.06
6793 22.85
8765 22.03
8966 21.74
11337 30.81
5770 27.22
5426 25.89
7085 23.75
5741 23.67
5424 23.83
6491 23.39
8612 22.72
7197 22.04
5046 23.22
7166 22.26
7013 21.79
5683 21.81
8277 22.05
9079 21.81
8962 21.46
11040 30.81
6272 26.40
6054 25.31
6787 23.91
7931 23.06
8039 22.81
