1988 42.21
419 39.15
1475 36.15
897 36.54
1255 34.76
974 35.51
1076 35.17
1133 34.86
1198 34.48
1476 32.61
1436 31.47
707 33.81
1492 31.87
1181 31.99
1234 30.76
777 31.56
1570 41.37
537 37.05
1397 35.19
1190 34.18
1130 33.09
909 33.89
1335 32.00
993 32.21
1109 33.29
1443 32.01
1411 31.04
1677 32.01
1698 31.48
972 32.91
1223 31.42
1163 31.35
2011 39.44
908 36.51
1591 34.31
1391 33.07
918 33.93
1235 32.40
1119 32.17
1557 32.18
1729 31.68
974 34.46
1187 33.74
1289 33.56
1432 33.18
1556 32.27
1895 31.59
1851 32.11
1786 40.27
633 36.82
1303 34.34
1298 32.65
955 32.84
1236 31.29
790 31.26
1515 30.13
609 31.65
1510 29.72
1064 29.73
962 30.00
1240 29.09
1155 30.06
1472 29.69
1825 30.12
2070 39.68
791 37.13
1638 34.61
1496 33.66
970 34.24
1541 33.33
1612 33.43
1732 32.73
1597 31.48
1064 32.35
1416 31.87
972 31.96
1319 32.21
2216 32.51
1817 32.84
1694 33.66
1566 41.40
526 38.68
1260 35.60
1509 33.01
1222 32.57
1597 32.35
2019 32.17
1887 33.59
1561 34.56
1379 34.83
1516 33.92
1641 33.39
1868 33.27
1756 34.45
1609 33.14
1482 32.15
1991 36.81
1119 35.28
1302 36.33
1272 33.73
867 35.39
1328 32.78
1151 33.15
1197 32.59
1393 31.02
1015 32.97
1160 34.52
1475 33.58
1497 34.20
1680 33.80
1808 33.63
1388 33.62
1934 41.34
671 38.18
1573 35.91
1553 35.43
855 36.22
1152 34.42
425 35.62
1018 34.08
1678 33.50
1078 34.36
1142 34.04
1163 33.56
1139 33.35
1040 32.98
908 32.92
1067 32.44
2132 42.11
237 40.65
963 37.76
1392 36.28
1184 35.38
1705 34.14
1424 33.27
1381 33.22
1023 32.95
852 33.39
1455 32.42
1224 31.84
956 32.07
955 32.26
1349 31.41
1231 31.47
2268 41.60
377 39.45
888 37.67
1333 36.12
1117 35.46
1684 34.19
