3681 34.94
1574 31.71
2675 29.51
2578 28.64
2661 27.70
2282 28.29
2539 27.65
3698 26.60
3651 26.24
2727 26.52
3248 25.17
1804 26.79
3293 25.11
2863 25.21
2869 24.19
1895 25.22
4233 32.97
2446 28.49
3165 27.09
2508 27.45
2747 26.00
2057 26.47
2951 25.56
2507 25.39
3622 24.89
2311 26.69
3296 24.98
4076 25.08
3726 24.96
3677 24.86
3511 24.59
1861 26.76
4805 32.00
2245 28.43
3220 27.24
2188 27.74
2870 26.32
2724 25.67
2562 25.60
3411 25.32
3848 25.42
2171 28.02
2854 27.00
2682 27.54
2930 26.86
2567 27.27
3731 26.36
3792 26.30
4898 31.50
1901 28.81
2891 26.51
2734 25.59
2874 24.85
2674 24.51
2136 24.37
3174 23.56
1845 24.25
3250 23.29
2571 23.39
2293 23.74
2760 23.30
2993 23.80
3076 24.23
3853 23.96
4823 32.12
2073 29.90
3342 27.74
2417 28.25
3116 26.84
3686 26.52
3914 26.14
3993 25.78
3520 25.27
2578 26.29
3121 25.58
2269 25.64
2836 26.30
4375 26.83
3832 27.07
3834 27.66
4389 32.39
2049 29.24
3184 26.90
2943 25.33
1786 27.36
3482 25.76
4183 26.29
4117 26.74
3575 27.10
3341 27.71
3650 27.57
3799 27.12
4129 27.11
3852 26.91
3504 25.66
3410 25.65
4888 28.09
2542 28.01
3069 28.84
2961 26.70
3106 25.50
2669 27.49
2642 26.46
2889 26.05
3108 24.95
2367 26.46
3733 26.95
2907 27.68
3099 28.20
3910 27.92
4082 28.56
3085 28.16
4735 35.03
2009 31.73
2729 30.15
2709 30.76
2842 29.74
2391 29.02
3111 28.02
2145 28.66
2894 28.56
3015 28.51
2370 28.66
2749 28.10
2552 28.36
2563 27.91
2173 28.31
2393 28.12
4611 37.23
1929 33.58
3387 31.27
2680 30.17
2174 29.81
1956 29.80
2666 28.75
3604 28.08
2748 27.66
1887 28.45
3125 27.33
2932 27.02
1954 27.22
3232 27.08
3863 26.61
3726 26.35
4500 37.19
1374 34.30
2642 32.09
3389 30.30
3274 29.38
3078 28.90
