11584 21.71
5361 20.06
7428 19.78
11583 20.69
9481 21.28
5879 21.16
6486 20.04
8789 20.32
7149 21.08
7753 20.62
6993 20.88
6728 20.79
6944 20.68
8023 20.03
8711 20.19
8225 20.39
12649 22.53
6616 21.92
7098 21.69
7527 21.41
7385 21.42
7623 21.63
6952 21.76
7755 21.48
8425 21.65
8400 21.95
8271 22.04
7288 22.37
6817 22.49
6830 22.50
13125 23.44
11047 23.52
9185 25.60
5744 24.21
7249 23.79
7781 23.39
6465 23.74
6556 24.02
6964 23.88
7241 23.38
6819 23.59
7048 23.93
6969 23.59
7356 23.02
7954 22.80
7821 22.92
8575 23.07
7852 23.11
13005 24.03
6968 24.71
6703 24.91
8427 24.48
10643 24.91
10745 24.57
10157 25.46
9534 25.37
5816 25.75
6960 26.05
6963 25.77
6838 25.47
6482 25.12
6993 25.09
6967 25.22
7082 25.28
12894 25.92
6427 25.65
6574 25.72
6979 24.73
6810 24.44
8500 24.65
8568 24.67
7342 25.19
11628 26.00
10363 25.41
7221 25.72
12510 26.88
9757 25.80
5557 25.55
7311 25.00
9132 25.77
12930 23.67
6898 24.32
6228 24.61
6750 24.53
7638 25.09
8501 25.03
6492 25.10
9209 25.29
8468 25.07
5605 24.72
7125 23.30
6833 23.35
6603 23.07
8654 23.28
8388 23.41
6733 23.83
13517 22.33
9305 22.86
9316 22.96
9466 23.48
8098 23.37
7144 23.25
7456 23.90
8216 23.50
6925 24.27
6921 23.91
6788 23.23
7405 22.46
6960 22.70
8257 22.47
13876 25.18
9784 24.34
10039 23.91
7404 25.06
6894 24.71
6243 24.81
7114 25.21
7351 24.89
7324 24.26
6826 24.82
7071 24.46
6914 24.17
7019 23.89
7065 23.86
6950 24.13
8139 23.98
8004 24.14
7994 24.62
13726 23.08
8310 23.47
7510 23.53
7251 24.10
8066 24.18
7341 24.14
6600 23.60
7377 24.10
7043 24.08
6648 24.75
8165 24.20
8512 23.36
8834 23.68
7791 24.35
8140 23.96
6399 24.32
13623 20.92
8627 21.72
8773 21.81
7294 22.32
7418 21.31
7402 22.02
