13798 20.06
6457 18.94
8758 18.64
13410 19.36
11151 20.07
6915 20.02
7977 18.75
10466 19.13
9300 19.30
9623 19.13
8139 19.97
7758 19.89
8075 19.67
9226 19.02
10133 19.20
9698 19.42
15270 20.78
7888 20.75
8254 20.45
8571 20.38
8061 20.72
8543 20.79
8039 20.88
9323 20.43
9732 20.67
9575 20.92
9774 20.87
8486 21.20
8023 21.31
7994 21.43
14863 22.33
13037 22.08
11065 23.91
6762 22.99
8324 22.76
8754 22.41
8023 22.50
7898 22.67
7931 22.66
8494 22.22
9236 21.56
9392 21.54
8208 22.22
8610 21.92
9625 21.38
9531 21.48
10301 21.67
9473 21.74
15729 22.28
9238 22.76
9009 22.89
9397 23.33
11496 24.17
11788 23.82
11156 24.67
10574 24.54
6810 24.75
7791 25.17
8323 24.62
7921 24.34
7669 24.00
8106 24.01
8145 24.06
8392 24.13
15400 24.16
7509 24.44
7625 24.69
8309 23.61
7812 23.32
9834 23.56
9980 23.60
8595 24.03
13135 24.84
12035 24.20
8499 24.57
14058 25.73
10674 24.97
6811 24.19
8704 23.63
11419 24.07
15386 22.00
8263 22.97
7221 23.42
7916 23.45
9718 23.18
10452 23.40
7793 23.73
10717 24.03
10467 23.39
6819 23.22
8016 22.24
7834 22.34
7905 21.78
9966 22.01
9806 22.35
7959 22.67
15901 20.86
11002 21.61
10962 21.68
10992 22.27
9479 22.18
8362 22.11
8732 22.71
9335 22.48
8210 23.01
8065 22.89
8024 22.05
8459 21.48
8175 21.55
9783 21.18
16266 23.64
12017 22.60
11148 22.94
8653 23.80
7940 23.51
7249 23.57
8698 23.68
8375 23.80
8569 23.02
8093 23.48
8215 23.36
8017 23.13
8167 22.85
8155 22.79
7898 23.09
9555 22.76
9328 22.97
9437 23.40
16116 21.61
9759 22.21
8751 22.33
8549 22.87
9306 22.99
8439 23.01
7975 22.44
9233 22.32
8267 22.87
7822 23.52
9342 23.08
9874 22.28
10392 22.46
9038 23.24
9420 22.84
7444 23.09
15975 19.49
10268 20.59
10219 20.62
9291 20.58
7939 20.70
8136 21.21
