14362 19.70
6117 19.14
8917 18.48
13609 19.23
11508 19.64
7870 19.37
7900 18.73
10865 18.81
9738 18.94
10068 18.83
9769 18.69
8605 19.15
8604 19.25
9390 18.75
10510 18.96
10047 19.09
15771 20.48
8302 20.43
8362 20.29
9023 19.99
9001 20.09
9725 19.90
8661 20.44
9578 20.21
10237 20.27
10442 20.35
10279 20.53
8423 21.15
8194 21.23
8333 21.12
15305 22.06
13675 21.70
11468 23.61
7011 22.83
8603 22.54
9135 22.15
8187 22.22
8108 22.46
8303 22.37
8797 21.93
9589 21.32
9633 21.42
8538 22.05
8718 21.72
9650 21.49
9430 21.52
10710 21.44
9970 21.49
15972 22.17
8906 22.97
8410 23.36
9591 23.35
11560 24.06
11688 23.93
10891 24.85
10404 24.72
6816 24.75
8594 24.65
8393 24.46
8139 24.16
7889 23.81
8883 23.54
8829 23.54
8878 23.64
15938 23.84
8095 24.09
8515 23.93
8118 23.50
8136 23.04
10337 23.20
10479 23.21
8840 23.85
13702 24.56
12211 23.97
8801 24.22
14565 25.40
11333 24.65
6695 24.28
8791 23.49
11013 24.28
16214 21.50
9170 22.25
7882 22.70
8365 22.91
10287 22.79
10825 23.11
8122 23.43
11151 23.78
10374 23.45
7282 22.83
8433 21.94
7997 22.16
8085 21.60
10402 21.64
9982 22.11
8070 22.41
16410 20.53
11575 21.26
11306 21.43
11458 21.91
9862 21.89
8567 21.88
9203 22.38
9633 22.23
8594 22.69
8229 22.67
8314 21.77
8756 21.24
8500 21.34
10176 20.98
16730 23.42
12522 22.31
11717 22.55
8972 23.56
8343 23.21
7484 23.37
8796 23.53
8696 23.56
8896 22.76
8370 23.26
8425 23.18
8441 22.75
8437 22.58
8396 22.57
8276 22.73
9862 22.59
9679 22.75
9679 23.15
16982 21.08
10522 21.62
9693 21.61
10125 21.66
10541 21.97
9005 22.47
8023 22.27
9400 22.36
8451 22.73
8262 23.28
9731 22.83
10167 21.99
10622 22.20
9361 22.93
9747 22.51
7751 22.86
15995 19.48
10435 20.33
10639 20.35
8836 20.87
8139 20.64
8624 20.91
