1501 45.42
548 40.71
818 37.96
1382 38.93
1036 38.86
568 37.36
737 36.09
831 35.93
759 35.53
849 35.76
922 36.22
879 35.65
853 35.69
806 36.30
919 35.20
917 36.07
1168 44.17
808 39.71
844 39.26
932 37.69
852 37.25
692 38.01
802 37.11
797 36.80
1022 36.61
1103 36.64
966 36.82
851 37.19
855 37.81
803 37.20
1814 39.94
1055 41.69
1129 44.21
636 40.66
863 39.95
898 39.23
796 39.23
795 39.57
801 39.29
831 38.12
708 39.10
892 38.47
845 38.56
873 38.25
1015 37.93
1015 38.17
1113 38.06
941 38.19
1544 42.40
719 40.32
933 39.95
988 40.03
1552 40.76
1274 40.69
1265 41.54
1084 41.34
684 41.72
773 41.95
817 41.33
812 41.20
875 40.86
824 40.57
806 40.90
698 41.03
1508 44.36
705 42.45
912 41.21
847 40.52
817 40.32
1087 40.73
943 40.24
826 40.43
1787 41.81
1147 43.42
838 42.52
1537 44.52
1084 43.59
531 43.70
895 41.67
1266 42.00
1516 42.58
543 42.99
842 40.42
726 41.51
1052 41.03
1232 40.68
786 41.42
1306 41.30
1214 40.75
630 41.46
857 39.79
880 39.46
805 39.34
1035 39.90
885 39.60
868 40.14
1640 41.21
836 41.12
829 41.12
964 41.13
919 40.31
788 40.20
839 40.97
879 40.83
871 40.48
880 40.27
796 40.03
881 39.19
869 38.93
1060 38.57
1803 43.54
1054 43.35
1310 41.86
797 42.37
843 42.16
860 41.59
1010 42.06
879 41.95
836 42.24
867 41.14
837 41.37
864 40.46
788 40.61
908 40.00
874 40.30
974 39.81
1061 40.43
1030 40.50
1586 42.37
774 41.23
829 40.99
884 40.44
901 40.87
872 40.72
787 40.82
796 40.97
878 40.76
898 40.55
977 40.49
972 40.70
1051 40.64
832 41.81
1001 41.64
786 41.59
1619 40.26
798 41.68
771 41.33
671 41.12
841 39.19
796 39.46
