16284 18.50
7257 18.31
10232 17.55
15538 18.04
13175 18.65
8758 18.61
9223 17.72
12401 17.91
11030 18.08
11337 17.96
10934 17.95
9913 18.28
9576 18.47
10896 17.94
11674 18.09
11441 18.27
17715 19.29
9546 19.52
9728 19.35
10045 19.18
9653 19.54
10541 19.25
9436 19.73
10871 19.33
11481 19.49
11293 19.72
11387 19.69
10234 20.01
10708 19.46
9863 19.81
17437 20.80
15277 20.67
13255 22.23
8122 21.78
9962 21.41
10154 21.24
9112 21.44
9344 21.40
9580 21.24
9996 20.97
10979 20.28
11116 20.34
10306 20.85
9847 20.75
10906 20.46
11234 20.28
12300 20.47
11304 20.53
18773 20.62
10901 21.51
10658 21.65
10955 22.08
13369 22.93
13769 22.53
12923 23.37
12417 23.26
8160 23.41
9377 23.87
9758 23.40
9339 23.15
9529 22.55
9705 22.68
9530 22.90
9686 22.95
18300 22.53
9101 23.15
9371 23.17
9460 22.44
9446 22.09
11711 22.22
11834 22.22
10065 22.84
15317 23.49
13825 22.93
10106 23.11
16281 24.36
12731 23.58
7391 23.63
9607 22.70
12312 23.29
18490 20.24
10752 21.12
9635 21.26
10145 21.61
11430 21.82
12308 22.13
9732 22.11
12915 22.46
12026 22.13
8848 21.39
10077 20.62
9791 20.61
9074 20.67
11753 20.63
11361 21.10
9403 21.43
18749 19.27
13071 20.25
12915 20.42
13027 20.89
11209 20.88
9926 20.89
10114 21.48
11306 20.92
9845 21.62
9443 21.58
9552 20.82
9918 20.40
10021 20.27
11590 20.06
18307 22.51
13993 21.29
14386 20.73
11455 21.64
10409 21.43
9361 21.73
10284 22.25
10114 22.33
10570 21.51
9978 21.89
9478 22.21
9847 21.54
9701 21.55
9822 21.49
9291 21.84
11109 21.62
11065 21.75
10940 22.17
19276 19.78
12437 20.32
11811 20.17
12209 20.26
13317 20.19
10465 21.31
9149 21.22
10641 21.36
9757 21.71
9289 22.39
10963 21.83
10458 21.76
11258 21.77
9863 22.54
11256 21.51
8822 21.88
18924 17.89
12031 19.32
12190 19.33
11165 19.28
9380 19.53
9851 19.97
