18196 17.38
8914 17.05
12847 16.08
17507 16.98
15395 17.38
10162 17.50
10486 16.92
13877 17.02
12539 17.19
12743 17.09
12135 17.13
11365 17.37
11483 17.33
12221 16.94
13269 17.23
12845 17.41
20402 17.89
11157 18.35
10834 18.57
11502 18.31
10582 18.82
11796 18.42
10619 18.93
12053 18.51
12801 18.59
12616 18.90
12541 18.91
10815 19.49
10401 19.53
10524 19.42
18367 20.32
16446 20.03
16622 20.18
10244 20.29
11203 20.45
11386 20.37
10695 20.37
10317 20.59
10838 20.39
11214 20.16
12101 19.49
12393 19.42
11081 20.22
11257 19.88
12345 19.57
12511 19.44
13633 19.62
12659 19.71
20965 19.52
12256 20.58
12025 20.72
12350 21.14
14875 21.88
15359 21.59
14545 22.41
13779 22.31
9367 22.44
10953 22.70
10807 22.52
10632 22.15
10397 21.90
10445 22.04
10909 21.97
10917 22.12
20448 21.39
10972 21.87
10773 22.18
10545 21.67
10398 21.27
12502 21.64
12698 21.55
11079 22.11
16655 22.77
14464 22.45
10919 22.48
17290 23.82
13582 23.07
9512 21.90
10947 21.63
13862 22.20
20825 19.07
12327 20.11
11023 20.34
11245 20.81
12838 20.91
13809 21.16
10971 21.17
14283 21.57
13466 21.18
10001 20.41
11424 19.68
10974 19.76
10180 19.80
13191 19.69
12913 20.15
10516 20.57
21117 18.10
14618 19.32
14500 19.48
15212 19.59
13260 19.59
11618 19.77
12852 19.77
13128 19.80
11602 20.53
11163 20.44
10750 19.89
10938 19.67
10766 19.72
12529 19.43
20865 21.21
16627 19.83
14552 20.63
11443 21.61
10879 21.22
9623 21.48
10823 21.87
11042 21.68
11133 21.07
10439 21.55
10274 21.62
10169 21.26
10670 20.82
11041 20.59
11937 20.08
13026 20.32
12792 20.55
12646 20.99
21728 18.55
13763 19.38
12500 19.57
12797 19.82
13371 20.08
12327 20.27
10537 20.20
12316 20.14
10891 20.80
10361 21.46
12220 20.94
11728 20.84
12619 20.84
11058 21.63
11904 20.93
9684 21.21
21009 16.86
13736 18.33
13673 18.37
12683 18.35
10784 18.65
11642 18.76
