20901 16.05
10944 15.99
14011 15.37
19099 16.21
16841 16.57
11572 16.73
12305 15.89
15606 16.02
14209 16.21
14434 16.17
14104 16.06
12925 16.46
13001 16.41
13082 16.42
14588 16.49
14071 16.74
22916 16.69
13767 16.93
12876 17.39
12593 17.64
12259 17.86
14054 17.15
12535 17.78
13650 17.57
14482 17.66
15220 17.56
14734 17.77
12670 18.33
12081 18.38
12037 18.44
19742 19.56
17613 19.45
21409 17.74
12916 18.57
13565 19.09
12956 19.33
11998 19.43
11714 19.59
12319 19.39
12608 19.21
13999 18.39
14101 18.47
13228 18.86
12496 19.03
14093 18.59
14181 18.49
15323 18.65
14393 18.74
23756 18.22
14964 19.10
14513 19.22
14572 19.88
17456 20.52
18283 20.11
17293 20.95
16499 20.82
11783 20.83
13252 21.13
12384 21.39
12132 21.19
12142 20.71
11804 21.09
12520 20.97
12243 21.17
23366 20.03
12537 20.82
12300 21.19
12093 20.69
11733 20.39
14070 20.64
14864 20.36
12961 20.94
18874 21.53
17174 20.94
12403 21.39
19074 22.78
15354 21.94
11024 20.77
12909 20.38
16688 20.64
23680 17.73
14259 18.98
12389 19.38
12760 19.86
14647 19.83
15567 20.07
12665 20.11
16181 20.42
15410 20.06
11415 19.49
12794 18.77
11880 19.10
11859 18.76
14952 18.66
14503 19.18
11992 19.55
24054 16.78
16771 18.24
16434 18.43
16234 18.97
14364 18.95
12473 19.15
13043 19.56
14114 19.28
12462 19.87
12039 19.81
12204 18.94
12632 18.59
12686 18.45
14272 18.39
22362 20.48
17600 19.29
19500 17.88
15678 19.09
14406 18.99
13317 19.03
13468 20.01
13595 20.00
12848 19.86
12394 20.28
12462 20.20
11977 20.00
11994 19.90
11997 19.98
12054 19.96
14113 19.73
14035 19.89
13947 20.25
24657 17.21
15872 18.30
15012 18.20
15616 18.33
16986 18.19
13464 19.34
12160 19.15
14198 19.03
12595 19.82
13121 19.68
14069 19.82
13463 19.74
14708 19.71
12365 20.72
13502 19.95
11131 20.20
24339 15.40
15694 17.35
15523 17.40
14327 17.41
12248 17.69
13440 17.78
