22608 15.18
12591 15.08
15438 14.75
20707 15.45
18473 15.78
12622 16.09
12343 15.81
16080 15.78
14756 15.99
15520 15.69
14943 15.65
12703 16.44
12706 16.51
14468 15.88
15354 16.07
15092 16.17
24727 15.90
14887 16.34
14101 16.68
13715 16.97
14754 16.51
15308 16.44
13508 17.18
14937 16.94
15634 17.07
15787 17.16
15740 17.20
13407 17.86
13074 17.86
12817 17.97
21200 18.94
18636 18.95
22972 16.98
14976 17.53
15571 17.92
14480 18.37
13729 18.41
13455 18.64
13286 18.83
13663 18.65
14271 18.20
14698 18.14
13814 18.57
13505 18.52
15004 18.09
15310 17.94
16246 18.21
15438 18.27
25547 17.44
16188 18.51
15550 18.72
15716 19.32
18623 20.01
19468 19.58
18421 20.42
17498 20.30
12946 20.17
13870 20.70
13611 20.73
12882 20.70
12550 20.44
12756 20.54
13197 20.51
13277 20.61
24963 19.29
13561 20.24
13220 20.63
12840 20.19
12604 19.87
15733 19.80
15752 19.83
13935 20.39
19923 20.94
17530 20.78
13457 20.79
20280 22.23
16294 21.41
12058 20.24
13850 19.82
17595 20.13
25531 16.96
15353 18.40
13533 18.80
13657 19.28
15704 19.30
16907 19.54
13357 19.72
16507 20.22
15742 19.81
11398 19.47
13475 18.38
13313 18.38
12519 18.31
15406 18.48
15130 18.91
12292 19.39
25849 16.01
17765 17.77
17841 17.82
18429 17.95
16391 17.96
14676 17.97
15432 18.26
15606 18.40
14281 18.89
13652 18.95
12553 18.69
13256 18.19
13009 18.27
15413 17.81
23629 19.91
18747 18.69
21344 16.97
17739 18.04
16333 17.93
14948 18.05
14589 19.41
14442 19.48
13732 19.30
13228 19.68
13390 19.62
12947 19.42
13193 19.23
13281 19.16
14548 18.45
15803 18.77
15546 18.87
15344 19.37
26486 16.42
17107 17.68
16303 17.54
16792 17.73
18225 17.57
16015 18.00
13821 18.31
14819 18.58
13360 19.28
14137 19.12
14960 19.21
14641 19.16
15473 19.21
13333 20.12
14491 19.42
12074 19.65
25798 14.78
17003 16.69
16657 16.81
15396 16.83
14187 16.72
14309 17.34
