24242 14.54
13253 14.70
16024 14.42
21312 15.19
19311 15.42
13473 15.70
13909 15.04
17295 15.29
16394 15.16
16363 15.17
15996 15.12
13766 15.90
13793 15.98
15552 15.35
16346 15.59
16620 15.52
26786 15.06
17072 15.38
15722 15.83
15228 16.18
15568 16.07
16280 16.00
14417 16.79
15815 16.53
16368 16.65
16330 16.88
16239 16.86
13962 17.48
14002 17.33
13581 17.56
22333 18.39
19944 18.34
25199 16.00
17020 16.51
17749 16.92
16553 17.23
14231 18.02
14474 18.04
14455 18.15
14456 18.11
15957 17.36
16222 17.40
15233 17.81
15552 17.50
16327 17.41
16405 17.40
17543 17.61
16462 17.71
27308 16.71
18436 17.52
17602 17.71
18693 17.85
21601 18.60
22652 18.12
21541 18.93
20620 18.77
15077 18.97
16446 19.32
14948 19.88
14199 19.95
13976 19.59
13955 19.80
14137 19.94
14164 20.08
27311 18.26
16418 18.74
15825 19.18
13988 19.39
14214 19.01
16628 19.30
16966 19.22
14909 19.80
21170 20.38
18646 20.23
14412 20.25
21254 21.68
17374 20.79
13002 19.70
15518 18.87
19584 19.13
27347 16.17
16696 17.82
14847 18.13
14437 18.83
16818 18.71
17708 18.94
14370 19.04
17615 19.64
16859 19.21
12892 18.64
14181 18.02
13978 18.04
13310 17.84
16403 17.93
16185 18.30
13205 18.84
27568 15.33
19133 17.15
18947 17.28
19423 17.47
17555 17.36
15095 17.77
16568 17.64
16721 17.81
15092 18.39
14727 18.32
14028 17.87
14124 17.69
13953 17.73
15890 17.53
24110 19.68
18831 18.58
24770 15.43
19021 17.45
17595 17.30
16212 17.41
15285 18.96
15347 18.92
14624 18.85
14229 19.14
14043 19.26
13799 18.94
13705 18.87
13606 18.93
15667 17.94
16815 18.23
16569 18.40
16358 18.88
28221 15.69
18492 17.03
17439 16.99
18034 17.14
19109 17.11
17338 17.40
14497 17.77
16059 17.98
15021 18.45
15112 18.54
16001 18.64
15619 18.52
16577 18.60
14346 19.52
15515 18.85
12744 19.19
27157 14.22
18127 16.19
17877 16.26
16766 16.20
15209 16.27
15060 16.95
