2395 38.16
1084 33.88
1464 32.21
2574 33.47
1963 33.64
1050 33.14
1366 31.37
1435 32.55
1324 32.09
1384 31.77
1515 32.13
1504 31.63
1471 31.60
1331 32.31
1477 31.83
1541 32.24
2443 37.23
1116 34.79
1519 33.46
1432 33.54
1449 33.47
1491 32.78
1432 32.80
1541 32.57
1839 32.52
1835 33.05
1770 33.02
1428 34.00
1363 34.05
1380 33.58
3026 35.71
1753 38.16
2004 38.84
1090 35.67
1381 35.61
1447 34.99
1414 34.92
1371 35.48
1418 34.86
1427 34.54
1357 34.98
1535 34.66
1360 34.68
1488 34.15
1687 34.32
1758 33.83
1733 34.26
1591 34.22
2567 37.89
1247 36.83
1431 36.26
1678 36.76
2318 37.53
2081 36.90
1936 38.00
1754 37.69
1108 37.66
1453 37.42
1336 37.28
1315 37.08
1415 36.25
1458 36.49
1346 36.83
1310 36.93
2503 39.97
1138 38.06
1462 36.61
1426 36.00
1418 36.24
1770 36.07
1669 35.56
1495 35.95
2971 37.62
2006 38.62
1316 38.27
2406 40.79
1734 39.50
1081 37.83
1400 37.01
2126 37.80
2477 37.98
923 37.83
1235 36.43
1373 36.31
1671 36.52
1999 36.27
1258 36.54
2220 36.80
2157 36.31
1152 36.34
1347 36.02
1373 35.85
1373 35.17
1795 35.52
1610 35.32
1372 36.11
2684 36.64
1459 36.40
1459 36.39
1637 36.86
1356 36.31
1374 36.01
1512 35.91
1459 36.40
1384 36.31
1523 35.91
1320 35.82
1514 34.77
1404 35.12
1684 34.23
2999 38.92
1743 38.65
2106 37.60
1407 38.10
1333 37.63
1338 37.61
1476 37.97
1433 37.63
1379 37.60
1342 36.92
1232 37.06
1389 36.22
1406 35.75
1476 35.85
1612 35.42
1931 35.22
1772 35.56
1775 36.07
2640 37.65
1286 36.99
1382 36.02
1603 35.71
1637 35.91
1518 35.97
1250 36.21
1391 36.15
1472 35.97
1472 36.08
1687 36.27
1602 36.03
1709 35.97
1464 37.19
1677 36.22
1364 37.10
2544 36.03
1306 36.71
1372 36.50
1396 35.50
1378 34.33
1467 34.63
