28504 12.82
17269 13.02
20094 12.64
26062 13.22
23614 13.57
17116 13.94
16095 13.97
20944 13.78
19401 13.86
19900 13.70
19145 13.65
16761 14.44
17246 14.26
18530 13.94
19703 14.10
19401 14.20
31398 13.28
22157 13.33
20490 13.81
20350 13.87
19613 14.15
20387 14.15
18489 14.83
19911 14.62
20431 14.80
20238 15.07
20283 15.08
17566 15.76
16999 15.87
16602 15.97
25955 16.83
23354 16.74
32357 13.25
21352 14.73
21366 15.28
20619 15.48
17457 16.40
18457 16.02
17150 16.75
17509 16.60
19221 15.80
19696 15.78
18658 16.21
19437 15.70
19977 15.73
19660 15.85
20780 16.11
19919 16.13
33642 14.33
23732 15.33
22619 15.58
23721 15.74
26786 16.46
24866 17.15
24021 17.86
23667 17.51
17642 17.71
19231 18.01
17100 18.70
16805 18.53
16551 18.30
16423 18.51
18652 17.78
17053 18.59
32917 16.03
21546 16.53
21832 16.56
19531 16.73
18757 16.76
21501 17.00
22107 16.94
18825 17.77
25762 18.39
23212 18.10
17634 18.49
26083 19.53
22039 18.56
15334 18.28
17927 17.65
21273 18.31
33242 13.96
20834 15.96
18570 16.32
17687 17.23
19298 17.37
20850 17.52
16939 17.74
21260 17.94
20412 17.49
16030 16.95
17513 16.31
17540 16.21
16471 16.24
19927 16.27
19407 16.78
16317 17.25
33621 13.09
22945 15.46
22860 15.60
23261 15.74
21247 15.71
18440 16.12
20425 15.97
20490 16.17
18347 16.83
18730 16.38
16274 16.69
17159 16.19
16798 16.31
18978 16.09
28292 17.92
22727 16.91
31726 12.77
22823 15.73
21627 15.55
19780 15.66
20756 16.28
18592 17.29
17588 17.28
17295 17.51
17270 17.54
16754 17.37
16600 17.30
16460 17.37
18649 16.41
19999 16.61
19939 16.76
19720 17.21
34278 13.47
22412 15.35
21232 15.23
21958 15.44
23352 15.35
21150 15.64
18072 16.16
19226 16.40
18112 16.84
18493 16.93
19131 17.11
18794 16.97
19899 17.02
17185 17.92
18837 17.19
15773 17.54
32683 12.22
22095 14.50
21472 14.61
20507 14.58
18642 14.73
18295 15.43
