2898 35.82
1097 32.49
1832 30.65
3099 32.12
2339 32.44
1317 31.55
1255 31.04
1847 31.27
1629 30.88
1831 30.59
1731 31.01
1729 30.68
1778 30.74
1561 31.26
1709 30.93
1719 32.05
3043 35.48
1295 33.28
1889 32.24
1804 31.85
1813 31.80
1652 31.79
1690 31.91
1748 32.39
2127 31.52
2156 31.82
2078 32.13
1746 32.62
1714 32.40
1612 32.59
3593 34.40
2198 36.48
2421 37.27
1354 34.27
1736 33.76
1770 33.95
1633 33.83
1739 33.55
1576 33.85
1657 33.45
1768 33.10
1819 33.14
1802 33.12
1569 33.21
1836 33.12
2026 32.88
2080 32.87
1955 33.13
3208 36.02
1483 35.07
1710 34.83
2049 35.28
2911 35.72
2562 35.60
2298 36.68
2118 36.35
1252 36.39
1833 36.09
1546 36.09
1584 35.85
1639 35.18
1778 35.18
1696 35.23
1650 35.05
3112 37.88
1417 36.38
1692 35.32
1766 34.59
1685 34.15
2194 34.83
2131 34.35
1724 34.98
3646 35.94
2243 37.58
1622 37.08
2980 38.74
2130 37.93
943 37.40
1788 35.49
2578 36.34
2992 36.52
1182 36.45
1531 35.35
1663 34.87
1972 35.31
2215 35.40
1537 35.28
2423 35.99
2413 35.46
1349 35.35
1595 34.38
1687 34.06
1757 33.69
2125 34.04
1933 34.12
1620 34.54
3288 34.75
1827 34.85
1844 35.00
1939 35.45
1859 34.27
1615 34.52
1764 34.68
1814 34.90
1715 34.71
1718 34.64
1599 34.15
1826 33.32
1793 33.19
2060 32.81
3625 37.18
2057 37.42
2579 35.89
1684 36.44
1583 35.84
1564 35.77
1823 36.27
1780 35.88
1725 35.89
1612 35.22
1560 35.41
1701 34.99
1662 34.79
1834 34.14
1845 34.32
2149 34.16
1990 34.60
2079 34.83
3145 36.07
1626 35.45
1683 34.83
1926 34.41
1943 34.57
1792 35.12
1653 34.54
1762 34.56
1717 34.59
1623 35.26
1991 34.93
1901 34.72
2082 34.61
1846 35.61
1965 35.00
1599 35.18
3050 34.46
1609 35.55
1639 34.86
1614 34.18
1689 32.70
1775 33.18
