29283 12.56
17558 12.83
20434 12.59
26128 13.16
24062 13.42
17177 13.81
17680 13.31
21740 13.41
20220 13.54
20687 13.38
19783 13.41
17300 14.18
17963 13.99
19137 13.68
20305 13.89
20132 13.98
32250 12.95
23061 13.01
21290 13.49
20955 13.63
20587 13.89
20858 13.91
19094 14.57
20643 14.36
21159 14.49
20905 14.82
20788 14.87
18314 15.44
17735 15.56
17258 15.60
27749 16.21
25185 16.07
31307 13.61
22010 14.48
22353 14.92
21155 15.23
18048 16.15
19197 15.74
17869 16.37
18040 16.33
19759 15.55
20372 15.47
19094 15.94
19539 15.67
20806 15.37
20460 15.49
21652 15.73
20592 15.83
34759 13.95
24424 15.03
23518 15.23
24580 15.44
27697 16.14
25653 16.83
24641 17.51
23450 17.55
17477 17.77
19158 17.99
17265 18.67
17288 18.34
17071 18.05
16986 18.24
20008 17.18
18217 17.99
33986 15.65
22189 16.28
22339 16.30
20452 16.31
19304 16.49
22109 16.69
22912 16.61
19616 17.46
26389 18.08
23800 17.77
18264 18.08
27011 19.18
22651 18.26
16195 17.88
18475 17.40
22471 17.88
34332 13.58
21507 15.69
19215 16.03
18103 16.96
20164 17.05
21705 17.14
17512 17.40
22025 17.60
20997 17.21
16394 16.74
17949 16.15
18233 15.90
16607 16.08
20402 16.05
20174 16.45
16722 17.02
34625 12.76
23906 15.16
23703 15.28
24061 15.48
22074 15.37
20146 15.40
20851 15.71
21044 15.88
18894 16.52
19668 16.01
16864 16.40
17698 15.94
17798 15.92
20049 15.68
28891 17.67
23179 16.66
32496 12.54
23687 15.40
22357 15.24
20514 15.37
21383 16.08
19299 17.00
18213 16.93
17652 17.35
17575 17.40
17307 17.07
17213 17.01
17035 17.14
18224 16.54
20106 16.64
20112 16.78
20022 17.14
35278 13.12
23195 15.03
21908 14.97
22619 15.14
23793 15.11
21844 15.38
18481 15.84
20130 16.03
18734 16.54
19116 16.65
19748 16.79
19494 16.69
20612 16.67
17795 17.62
19458 16.91
16378 17.24
33674 11.90
22678 14.21
22274 14.30
21434 14.23
19154 14.45
18980 15.14
