31448 11.71
20597 11.73
23568 11.47
29468 11.92
26838 12.43
20883 12.41
19001 12.69
23677 12.65
22205 12.70
22250 12.80
22222 12.51
21125 12.69
19602 13.25
21111 12.90
22321 13.05
22206 13.12
35170 11.99
25336 12.21
23171 12.72
23490 12.76
22582 13.05
23059 13.09
20966 13.79
22748 13.55
23207 13.71
22866 14.00
22784 14.06
20313 14.57
19671 14.73
20022 14.50
29087 15.58
26256 15.61
37541 11.40
24410 13.52
24816 14.01
23384 14.33
21760 14.56
21402 14.76
20588 15.16
20348 15.29
21987 14.67
22344 14.60
21256 15.11
21598 14.80
22807 14.60
22478 14.73
23566 14.99
22728 15.03
38260 12.72
26711 14.18
25961 14.33
26584 14.59
29981 15.25
29061 15.52
27518 16.44
26852 16.22
20637 16.37
21944 16.73
20034 17.35
19685 17.20
18977 17.07
18763 17.37
22000 16.32
19968 17.19
38121 14.19
24690 15.29
24827 15.32
22838 15.37
21182 15.66
24484 15.74
25370 15.71
21633 16.61
28624 17.20
26040 16.85
20603 17.17
29065 18.28
24707 17.35
18201 16.94
20128 16.55
24544 16.97
38564 12.13
24068 14.70
21656 15.05
22519 15.15
23963 15.44
25382 15.62
21000 15.90
24639 16.41
23882 15.98
18432 15.83
19642 15.26
19397 15.35
18746 15.18
21814 15.42
21918 15.74
18460 16.27
37460 11.80
26199 14.25
26022 14.42
26206 14.62
24292 14.51
21395 14.94
23147 14.82
23234 14.99
20874 15.66
21730 15.18
18533 15.60
19171 15.33
18655 15.52
21794 14.99
30818 16.91
24044 16.27
36292 11.23
26128 14.49
24558 14.32
22750 14.46
21046 16.10
21382 16.10
20088 16.06
19332 16.50
19441 16.47
19034 16.27
18585 16.40
18927 16.26
21190 15.25
22774 15.43
22639 15.62
22424 16.07
38929 11.92
25646 14.09
24371 14.05
25065 14.21
26279 14.19
24216 14.47
20667 14.98
22064 15.22
20634 15.73
21071 15.77
21738 15.92
21559 15.77
22837 15.81
19557 16.81
21331 16.04
18277 16.35
35969 11.08
25185 13.34
24877 13.40
23542 13.47
21439 13.67
20736 14.38
