31810 11.59
21092 11.52
23784 11.35
29066 12.05
27295 12.25
21425 12.22
19548 12.59
24062 12.53
22430 12.65
22455 12.70
22404 12.44
19571 13.29
19731 13.20
21422 12.77
22570 12.95
22382 13.05
35730 11.78
25676 12.06
23738 12.51
23756 12.64
22962 12.96
23351 12.98
21408 13.63
23176 13.39
23557 13.62
23250 13.88
22956 13.98
20604 14.45
19798 14.61
19662 14.63
29880 15.28
27677 15.07
37194 11.52
24857 13.39
25214 13.85
23872 14.17
22212 14.41
21524 14.66
20976 15.06
20671 15.19
23027 14.25
23199 14.31
22319 14.61
22518 14.41
23145 14.44
22835 14.54
24120 14.79
23001 14.90
39412 12.34
27437 13.94
26214 14.20
27108 14.43
30367 15.11
28629 15.65
26783 16.70
26127 16.45
19831 16.67
21642 16.90
19436 17.65
19508 17.35
19643 16.80
18962 17.29
22360 16.18
20391 17.04
38817 13.95
25133 15.16
25370 15.19
23087 15.24
21482 15.55
24605 15.67
25543 15.58
21932 16.43
28991 17.04
26468 16.72
21110 17.01
29377 18.15
25192 17.20
18372 16.83
20526 16.44
24823 16.83
38596 12.12
24486 14.55
21848 14.95
22882 14.95
24341 15.24
25757 15.47
21316 15.73
25084 16.27
24082 15.92
18774 15.67
19983 15.17
19700 15.18
19043 15.08
22786 15.04
22735 15.43
18800 16.06
37728 11.68
26591 14.15
26418 14.28
26586 14.47
24695 14.34
21704 14.81
23358 14.69
23677 14.87
21267 15.55
21875 15.06
19077 15.44
19553 15.19
18855 15.41
21421 15.11
30485 17.06
24308 16.14
36585 11.13
26480 14.33
24797 14.22
23131 14.32
21408 15.97
21765 15.97
20390 15.95
19535 16.38
18843 16.71
18671 16.45
19492 16.03
18991 16.20
20543 15.56
22324 15.67
22337 15.80
22433 16.15
39301 11.80
26099 13.97
24683 13.93
25347 14.11
26763 14.06
24610 14.36
20877 14.87
22302 15.06
20955 15.56
21229 15.68
22158 15.77
21987 15.68
22958 15.71
20027 16.63
21547 15.95
18537 16.25
36418 10.95
25550 13.21
25178 13.30
24003 13.24
21713 13.50
21205 14.24
