32404 11.38
20836 11.62
23737 11.33
30176 11.69
28230 11.96
22297 11.94
20090 12.33
24603 12.31
22926 12.41
23843 12.16
23160 12.13
21748 12.38
20710 12.79
22217 12.47
23486 12.61
23208 12.75
36684 11.46
26504 11.79
24753 12.18
24482 12.32
23846 12.64
24160 12.68
21846 13.42
23628 13.18
24246 13.35
24007 13.57
23834 13.67
20986 14.27
20225 14.37
19559 14.61
29938 15.24
27748 15.03
39323 10.86
25574 13.13
25848 13.56
24916 13.80
23040 14.10
22163 14.40
24228 13.84
22289 14.50
22530 14.39
23427 14.28
21922 14.77
22572 14.46
23134 14.44
22815 14.54
24091 14.79
23315 14.79
39770 12.18
28027 13.69
26936 13.91
28002 14.13
31118 14.81
30929 14.87
28687 16.03
28213 15.68
21760 15.90
22988 16.35
20725 17.08
20240 16.92
20247 16.58
19483 17.04
23042 15.88
21004 16.75
40042 13.56
25960 14.88
26017 14.91
23858 14.96
21931 15.28
25540 15.32
26518 15.28
22919 16.04
29712 16.78
27235 16.43
21483 16.74
30130 17.85
25901 16.93
19002 16.57
19042 17.02
24757 16.89
39647 11.81
25148 14.28
22648 14.67
23458 14.77
25243 14.93
26358 15.22
22215 15.41
25794 16.00
24720 15.61
19285 15.39
20616 14.89
20978 14.69
19537 14.85
23412 14.80
23302 15.15
19502 15.80
38387 11.44
27338 13.89
27032 14.01
26234 14.58
24166 14.55
21497 14.90
23256 14.74
23763 14.85
20799 15.72
21919 15.15
18915 15.47
20382 14.85
20357 14.77
22688 14.61
31809 16.54
25202 15.84
37470 10.86
27142 14.10
25522 13.98
23722 14.10
22152 15.67
22276 15.71
21112 15.66
20206 16.10
20268 16.17
19074 16.21
20077 15.78
19747 15.87
21110 15.28
22924 15.39
23046 15.49
23034 15.82
40060 11.56
26661 13.68
25458 13.63
26031 13.81
27894 13.67
24998 14.13
21682 14.55
23098 14.75
21460 15.31
21729 15.41
22984 15.43
22588 15.38
23503 15.44
20589 16.33
22207 15.66
19417 15.82
37505 10.58
26585 12.85
25947 12.99
24603 13.01
22449 13.24
21872 13.99
