3332 34.44
1558 30.31
2121 29.05
3666 30.85
2744 31.24
1518 30.16
1699 29.64
2240 30.07
2020 29.79
2049 29.79
2100 29.86
2046 29.74
1932 29.77
1873 30.22
2125 29.66
2134 30.35
3448 34.27
1696 31.89
2196 30.70
2138 30.66
1947 31.34
1934 30.68
1926 31.03
2015 31.03
2452 30.68
2484 31.08
2387 31.14
2031 31.26
1959 31.12
1949 31.54
4238 32.92
2513 35.64
2815 35.79
1579 33.55
2138 32.59
2174 32.57
1940 32.61
1801 33.38
2064 32.34
1900 32.47
2065 32.14
2118 32.03
2067 32.22
1777 32.43
2217 32.12
2302 31.95
2470 31.79
2236 32.11
3646 34.94
1743 34.25
2078 33.77
2247 34.51
3324 34.55
2974 34.41
2771 35.54
2480 35.12
1499 35.15
2103 34.96
1785 35.05
1991 34.31
1933 33.97
2119 33.96
2078 33.79
2041 33.80
3572 36.97
1645 35.41
2082 33.99
1945 33.63
1838 33.64
2407 34.12
2359 33.83
1995 34.22
3766 35.36
3114 34.97
2107 34.84
3971 36.68
2666 36.25
1266 35.82
2003 34.46
2901 35.19
3534 35.16
1320 35.06
1882 34.14
1829 33.89
2388 34.10
2823 33.76
1761 34.14
3003 34.45
2951 33.71
1698 33.63
1859 33.12
2011 32.62
2115 32.32
2508 32.94
2283 33.05
1798 33.49
3822 33.53
2094 33.43
2117 33.60
2208 34.34
1942 33.60
1966 33.27
2295 32.99
2315 32.89
1993 33.42
1958 33.48
2035 32.88
1945 32.52
2119 32.11
2429 31.63
4184 35.92
2471 35.93
3014 34.42
2097 34.85
1800 34.87
1913 34.19
2148 34.74
1956 34.95
2069 34.51
1793 34.40
1857 34.20
2021 33.69
1915 33.61
1948 33.27
2055 33.24
2518 32.99
2376 33.23
2484 33.49
3697 34.71
1834 34.73
2048 33.38
2162 33.17
2329 33.19
2094 33.60
1924 33.07
2117 33.15
1915 33.48
2024 33.59
2418 33.75
2195 33.23
2392 33.58
2110 34.14
2256 33.72
1900 34.17
3557 33.04
1792 34.10
1992 33.35
1967 32.53
1999 31.72
2078 31.89
