32784 11.27
21261 11.45
24210 11.18
30419 11.56
28109 11.95
21826 12.05
21200 11.97
25879 11.84
24190 11.98
23955 12.11
23413 12.03
20390 12.88
20929 12.78
22423 12.41
23457 12.59
23412 12.65
36994 11.32
26867 11.68
25046 12.06
25037 12.18
24190 12.47
24826 12.48
22081 13.35
23921 13.09
24353 13.26
24385 13.43
24189 13.51
21460 14.11
20705 14.25
19772 14.56
30180 15.16
28221 14.89
39980 10.63
26078 12.96
27735 12.95
26144 13.30
24186 13.64
23402 13.96
23554 14.04
21609 14.71
22947 14.21
23703 14.18
22368 14.64
22940 14.28
24195 14.08
23769 14.20
25117 14.44
24083 14.46
41173 11.76
28529 13.55
27296 13.78
28605 13.90
31144 14.83
30715 14.94
28917 15.90
28633 15.57
22125 15.77
23371 16.20
20940 16.93
20817 16.73
20490 16.49
19703 16.90
23392 15.73
21268 16.62
40474 13.40
26448 14.68
26578 14.71
24218 14.82
22371 15.13
26008 15.15
26914 15.11
22862 16.02
30228 16.56
27552 16.27
21828 16.59
30648 17.73
26646 16.68
19203 16.46
21661 15.93
25892 16.38
40268 11.62
25639 14.11
23020 14.52
23894 14.62
25443 14.81
26797 15.08
22495 15.30
26191 15.82
25165 15.45
19784 15.18
21346 14.65
21186 14.58
20024 14.69
23662 14.70
23729 15.04
19717 15.65
38962 11.27
27710 13.77
27617 13.83
28094 13.96
25829 13.95
22605 14.41
24322 14.34
24757 14.46
22212 15.16
23180 14.65
19946 15.07
20898 14.65
20083 14.85
22314 14.77
31533 16.63
24943 15.90
37897 10.72
27393 13.96
25973 13.79
24068 13.94
22740 15.45
22442 15.61
21349 15.58
20394 16.01
20630 15.99
19413 16.08
20500 15.66
19898 15.77
21500 15.13
23167 15.29
23249 15.39
23245 15.74
40591 11.33
26941 13.60
25923 13.49
26449 13.70
28269 13.56
25586 13.96
21813 14.45
23482 14.62
21771 15.26
22296 15.21
23162 15.35
23210 15.16
24128 15.25
20875 16.25
22572 15.55
19352 15.84
37777 10.47
27058 12.70
26150 12.87
24911 12.88
22801 13.08
22309 13.83
