33287 11.12
21650 11.36
24346 11.09
30901 11.43
28798 11.70
22702 11.76
20919 12.01
25498 12.00
23730 12.13
24587 11.90
23787 11.91
22612 12.09
21348 12.59
22831 12.25
23943 12.40
24747 12.21
37062 11.26
27358 11.48
25467 11.95
25268 12.08
24517 12.35
25216 12.37
22387 13.25
24289 12.97
24804 13.07
24596 13.34
24505 13.41
21632 14.01
21114 14.10
19988 14.45
30791 14.98
28470 14.81
40438 10.49
26602 12.75
27832 12.86
26467 13.18
24599 13.46
23651 13.87
24021 13.90
22100 14.56
23689 13.97
24091 13.97
22399 14.56
23069 14.25
23924 14.17
23739 14.23
25002 14.50
23971 14.55
41725 11.59
28924 13.39
27778 13.62
28909 13.81
31906 14.55
30836 14.92
29337 15.77
28877 15.48
22312 15.68
23767 16.02
21506 16.80
20732 16.72
20702 16.36
20163 16.72
23637 15.62
21517 16.51
40995 13.21
26862 14.52
26996 14.56
24574 14.75
22786 14.97
26343 15.06
27243 15.01
23168 15.89
30580 16.45
28087 16.12
22169 16.44
31057 17.56
26593 16.56
19602 16.29
22111 15.77
26178 16.26
41350 11.24
26060 13.94
23609 14.31
24251 14.49
25551 14.75
27029 14.97
22749 15.18
26417 15.72
25771 15.25
20127 15.09
20776 14.90
20982 14.69
20067 14.63
24033 14.49
23992 14.90
20054 15.48
39384 11.11
28278 13.55
27930 13.68
28389 13.84
26385 13.80
24120 13.86
25667 13.82
26021 13.99
22559 14.95
23318 14.50
20520 14.88
20515 14.73
20795 14.56
23071 14.43
32691 16.23
25845 15.53
38385 10.55
27903 13.83
26697 13.61
24301 13.80
22867 15.36
23195 15.39
21398 15.53
20782 15.84
21079 15.76
20696 15.55
20604 15.52
20281 15.61
21863 15.01
23553 15.15
23781 15.23
23551 15.60
40848 11.22
27420 13.44
26421 13.32
26790 13.56
28329 13.50
26134 13.77
21893 14.38
23692 14.55
22254 15.01
22560 15.10
23510 15.22
23261 15.11
24256 15.20
21127 16.10
22833 15.42
19707 15.68
38188 10.36
27496 12.58
26599 12.71
25220 12.79
23084 12.96
22494 13.68
