34347 10.70
23805 10.58
26435 10.41
32811 10.80
29948 11.32
24011 11.31
21418 11.81
26466 11.62
25001 11.68
24980 11.77
24377 11.67
24497 11.41
22550 12.10
23754 11.87
25071 12.06
24967 12.12
38370 10.79
28421 11.11
26554 11.56
26074 11.73
25581 12.04
26123 12.04
23518 12.81
25385 12.54
25999 12.70
25745 12.98
25537 12.97
22887 13.56
23230 13.29
23765 13.13
32994 14.18
30334 14.10
40838 10.36
27723 12.41
28972 12.49
27793 12.71
25542 13.09
24711 13.41
24954 13.52
23010 14.18
24440 13.73
25174 13.64
23462 14.14
24019 13.87
24972 13.81
24523 13.91
25936 14.15
25041 14.16
43318 11.06
30135 13.02
29006 13.22
29999 13.44
33205 14.11
32325 14.39
30669 15.28
30217 14.98
23552 15.19
24634 15.65
22323 16.41
21721 16.28
21239 16.12
21066 16.36
24704 15.25
22393 16.16
42746 12.66
27857 14.14
28089 14.18
25837 14.24
23614 14.61
26398 15.02
27155 15.04
24163 15.56
31583 16.09
29161 15.75
23356 16.02
32095 17.13
27760 16.20
20540 15.88
22800 15.49
27248 15.86
42739 10.82
27315 13.51
24658 13.91
25514 14.02
26697 14.32
28374 14.49
23743 14.78
27527 15.26
26494 14.88
21144 14.65
21742 14.48
21901 14.27
21153 14.20
25238 14.10
24952 14.55
20904 15.19
40662 10.70
29241 13.18
29085 13.31
29431 13.51
27644 13.37
25219 13.45
26653 13.47
27083 13.59
23553 14.58
24542 14.09
21305 14.58
21379 14.39
21932 14.21
24200 14.02
33352 15.96
26749 15.20
39454 10.17
29205 13.36
27530 13.23
25815 13.33
23630 15.05
24190 15.03
22711 15.02
21745 15.50
23080 14.97
20623 15.53
21518 15.13
21025 15.29
22820 14.62
24533 14.75
24559 14.85
24708 15.18
42217 10.79
28921 12.98
27561 12.94
27980 13.14
29381 13.12
27130 13.40
23310 13.90
24495 14.14
23215 14.62
23537 14.70
24444 14.82
24391 14.70
25466 14.73
21912 15.71
23828 14.98
20672 15.28
39357 9.98
28638 12.21
27930 12.33
26711 12.33
23847 12.66
23614 13.33
