35416 10.31
24233 10.44
26908 10.21
33420 10.58
31220 10.89
24681 11.05
22329 11.48
28032 11.11
27028 10.98
26762 11.10
26190 11.04
26021 10.93
24177 11.53
25141 11.39
26419 11.57
26102 11.68
40006 10.26
29917 10.64
28188 11.04
27821 11.17
27073 11.45
27835 11.45
26235 11.89
26986 11.99
27318 12.18
27388 12.37
27221 12.47
23952 13.18
24388 12.80
25982 12.28
35141 13.42
33232 13.16
41715 10.07
29488 11.82
30584 11.89
29363 12.22
27190 12.55
26247 12.92
26262 13.00
24262 13.68
25874 13.18
26408 13.15
24817 13.65
25553 13.36
26148 13.31
25901 13.44
27380 13.64
26294 13.71
45336 10.40
31736 12.48
30576 12.70
31824 12.84
35988 13.23
33586 13.96
32040 14.80
31577 14.48
24915 14.69
26301 15.03
24805 15.45
23320 15.58
23027 15.43
22943 15.64
24943 15.08
23003 15.92
45549 11.78
29713 13.54
29672 13.62
27202 13.77
25076 14.08
27666 14.56
28752 14.45
25711 15.00
33109 15.52
30549 15.16
24648 15.47
33435 16.60
29312 15.57
21861 15.32
24371 14.85
28748 15.30
45186 9.99
28975 12.93
26377 13.31
26921 13.51
28174 13.77
29814 14.00
25116 14.23
29006 14.73
28183 14.30
22229 14.18
23034 13.93
23145 13.83
22174 13.76
26483 13.64
26485 14.02
22172 14.68
42449 10.17
30606 12.70
30541 12.75
29636 13.40
27734 13.30
25520 13.40
27123 13.31
27417 13.43
24845 14.12
25789 13.61
22644 14.04
22595 13.91
23161 13.70
25645 13.52
34915 15.38
28464 14.63
41103 9.67
30338 12.89
29043 12.68
26818 12.89
25252 14.42
25250 14.53
23803 14.56
23031 14.98
24560 14.43
21733 15.08
22688 14.69
22343 14.77
24054 14.13
25840 14.29
25934 14.39
25765 14.74
43891 10.28
30312 12.53
28880 12.41
29423 12.65
31123 12.55
28643 12.85
24600 13.40
26088 13.60
24629 14.18
24711 14.26
25676 14.33
25722 14.21
26830 14.21
23015 15.23
24996 14.52
21923 14.74
41192 9.39
30246 11.64
29263 11.81
27797 11.86
25593 12.06
27460 12.02
