4282 31.55
1948 27.68
2813 26.91
4842 28.42
3695 28.81
1969 28.17
2273 27.39
3028 27.96
2631 27.61
2618 27.96
2736 27.89
2503 27.80
2646 27.63
2325 28.54
2867 27.94
3141 27.62
4548 31.92
2202 29.99
2673 29.31
2670 28.89
2624 29.00
2739 28.84
2552 29.05
2681 29.36
3254 28.88
3258 29.10
3059 29.40
2536 29.79
2505 30.03
2560 29.75
5409 31.13
3225 33.44
3656 33.62
2088 31.45
2521 31.41
2822 31.09
2310 31.12
2441 31.23
2560 30.81
2656 30.70
2507 30.88
2635 30.71
2830 30.10
2470 30.34
3059 30.10
2850 30.30
3200 30.06
2865 30.28
4678 32.94
2349 32.27
2597 32.02
2840 32.64
4158 32.67
3962 32.43
3646 33.50
3269 33.32
1876 33.56
2717 33.17
2516 32.81
2379 32.74
2540 32.14
2705 32.31
2718 32.07
2650 32.07
4713 34.77
2327 33.12
2476 32.62
2496 32.04
2560 31.66
3137 32.08
3051 31.79
2596 32.32
4761 33.53
3946 33.24
2751 33.11
5157 34.40
3439 34.10
1599 34.10
2634 32.40
3723 33.24
4728 32.62
1926 32.61
2301 32.06
2664 31.58
2857 32.28
3359 32.30
2408 32.21
3544 32.90
3349 32.72
2270 31.44
2480 30.85
2535 30.82
2721 30.34
3196 31.12
3012 31.08
2352 31.50
5061 31.06
2862 31.29
2959 31.43
3037 32.23
2500 32.09
2637 30.85
2834 31.13
2847 31.59
2680 31.57
2591 31.57
2543 30.71
2670 30.04
2541 30.33
3077 29.64
5381 33.79
3403 33.32
3727 32.68
2573 33.29
2222 33.22
2268 32.54
2563 33.18
2677 32.66
2589 32.44
2434 32.32
2388 32.31
2554 31.82
2582 31.47
2535 31.65
2557 31.51
3131 31.49
3029 31.53
2985 31.93
4833 32.50
2498 32.11
2707 31.26
2615 31.80
2885 31.63
2552 32.18
2555 31.20
2742 31.47
2512 31.70
2507 31.95
3179 31.69
2858 31.46
3101 31.72
2575 32.55
3005 31.65
2260 32.68
4679 30.62
2429 31.76
2535 31.33
2465 30.88
2522 29.68
2681 29.88
