9168 23.91
4304 21.73
5905 21.23
9458 22.49
8510 22.24
4616 22.50
5111 21.31
7394 21.66
6011 22.32
6209 22.09
5548 22.61
5307 22.46
5415 22.28
5297 22.63
6500 22.24
6457 22.26
9768 25.04
5069 24.04
5614 23.38
5859 23.24
5514 23.49
5731 23.59
5461 23.74
6341 23.27
6615 23.43
6673 23.69
6534 23.80
5636 24.39
5391 24.42
5314 24.38
10187 25.65
8853 25.45
7255 27.73
4624 25.79
5624 25.65
6029 25.30
5217 25.47
5049 25.79
5532 25.58
5775 25.11
5777 24.88
5623 25.19
5592 25.27
5755 24.79
6194 24.55
6492 24.42
7132 24.51
6442 24.56
10252 26.19
5265 26.71
5250 26.70
6613 26.34
8393 26.68
8695 26.33
8011 27.33
7506 27.24
4439 27.60
5592 27.69
5525 27.47
5356 27.17
5010 26.85
5953 26.47
5844 26.60
5687 26.73
10233 28.12
5018 27.45
5525 27.06
5396 26.50
5285 26.08
6777 26.35
6681 26.36
5867 26.81
9604 27.67
8365 27.23
5713 27.56
10270 28.76
7829 27.70
4003 27.88
5500 27.09
7588 27.58
10431 25.58
5194 26.28
4932 26.30
5281 26.30
6027 26.79
7223 26.40
5109 26.76
7309 27.07
6863 26.85
4330 26.60
5533 25.12
5193 25.33
5382 24.67
6756 25.18
6692 25.13
5231 25.65
10646 24.48
7413 24.63
7441 24.69
7417 25.28
6332 25.18
5511 25.04
6054 25.51
6426 25.34
5605 25.86
5448 25.83
5288 25.08
5737 24.27
5574 24.26
6713 24.12
11249 27.17
7565 26.54
7786 26.14
5810 26.89
5387 26.55
5401 26.03
5992 26.54
5702 26.70
5797 25.86
5553 26.39
5389 26.48
5327 26.08
5446 25.77
5429 25.78
5514 25.97
6432 25.74
6278 25.95
6545 26.38
10842 25.19
6065 25.81
5641 25.67
5886 25.71
6362 25.91
5485 26.28
5340 25.45
5866 25.76
5693 25.87
5527 26.14
6424 26.01
6714 25.10
7046 25.44
6119 26.23
6398 25.79
4949 26.21
10380 23.35
6417 24.02
6340 24.15
5644 24.36
5490 23.46
5568 24.07
