10493 31.13
4009 27.85
7119 26.34
7139 24.50
6770 27.92
6989 25.14
6830 25.39
5959 23.92
7091 26.37
5570 25.01
7061 24.67
3780 25.29
8523 25.38
5018 24.46
6112 24.53
6535 23.35
11165 29.78
4880 26.31
6911 25.68
4533 25.50
7395 26.46
6536 24.27
5289 25.46
5311 24.62
7717 25.07
6332 23.46
5941 24.17
4674 23.94
7752 24.29
4302 24.46
7438 23.12
4315 23.70
11041 29.18
5437 25.25
5605 25.74
5133 24.48
6062 26.67
7226 24.18
6607 24.99
4273 24.65
7683 25.36
6870 23.32
7329 23.65
6349 22.49
7803 24.36
6594 22.92
5406 24.16
4728 24.20
10678 29.47
5872 25.48
4709 26.67
6410 24.10
6662 25.88
4546 25.04
6703 24.33
4849 23.65
7740 24.75
4547 24.15
6432 23.80
4129 23.84
7510 23.78
6471 22.24
6849 22.58
4182 23.07
11536 28.42
4901 24.94
5157 25.36
6089 23.42
7348 24.71
6515 23.04
6379 23.88
6876 22.78
8321 24.06
6429 22.75
7504 22.94
6772 22.31
8596 24.54
6368 23.32
6835 23.72
6437 22.52
11635 29.10
4453 26.02
6979 24.78
4092 24.71
6209 26.36
4578 24.92
6603 24.46
6888 22.86
7196 24.68
6189 23.02
6045 24.01
4506 23.82
7955 23.87
6772 22.47
5462 23.73
5430 22.82
11583 28.53
4764 25.40
6799 24.48
5663 23.39
7447 25.36
6448 23.09
7312 23.66
3798 24.43
8056 24.30
6588 22.61
6103 24.30
4001 24.33
8220 23.89
6649 22.62
6186 23.56
4436 23.43
10906 29.46
5049 25.90
7141 25.00
4398 24.69
7307 25.36
6921 23.40
7059 23.74
6452 22.58
7333 24.35
6529 22.73
6271 23.45
4388 23.50
8243 23.84
6672 22.23
8253 23.40
3567 24.10
10816 29.08
5018 26.15
7306 25.38
3600 25.52
6719 26.56
6973 24.02
7417 24.54
6668 23.00
7333 25.49
6747 23.56
5243 24.84
4006 24.51
7591 24.19
7033 22.85
5979 24.11
4678 23.93
10988 29.09
4849 25.55
6986 24.94
5157 24.56
6274 27.18
5673 25.00
