1965 44.74
728 40.44
1174 40.01
1668 37.76
599 43.02
1449 39.27
1198 40.39
1548 37.67
1267 40.63
878 39.26
1594 38.24
1257 36.95
1363 39.49
1241 37.92
1584 37.61
1134 36.68
1626 43.23
1332 38.24
1129 38.91
850 38.39
1625 39.02
1366 37.22
1445 37.20
502 37.81
1696 37.30
1246 35.94
1028 36.34
1098 35.45
1490 36.54
714 36.72
1519 35.45
820 35.69
2171 40.88
774 37.65
1131 37.10
1243 36.00
1039 38.44
1701 35.67
1634 36.19
1388 35.08
1693 36.82
1332 35.44
1559 35.31
1146 34.76
1583 36.11
1311 34.82
921 36.23
902 35.71
2150 41.06
838 37.42
802 37.98
1596 35.94
1044 37.81
1226 36.34
1370 36.51
795 35.89
1695 36.77
1427 34.90
1590 35.30
1278 34.42
1618 35.52
1306 34.28
1244 34.88
672 35.20
2201 40.57
1140 35.97
894 37.40
1556 35.29
1117 39.48
1195 36.74
1203 37.14
1627 35.17
1314 37.77
1519 35.63
1599 36.14
1272 35.24
1514 37.50
1316 35.91
1276 36.38
1376 34.86
2212 41.04
710 37.95
1610 36.75
546 37.27
1255 37.91
967 36.74
1508 36.19
1483 34.90
1446 36.53
1504 34.91
1555 35.42
1227 34.34
1430 36.06
1382 34.71
893 35.58
1342 34.42
2308 40.23
915 37.03
1538 36.15
822 36.00
1671 36.61
1234 35.10
1499 34.95
569 36.26
1711 35.71
1400 34.48
1716 34.68
1229 34.03
1451 35.94
1369 34.60
1002 35.85
1114 34.62
2257 40.74
644 38.13
1473 36.51
939 36.02
1626 36.57
1465 35.37
1510 35.56
1280 34.35
1432 36.08
1434 34.60
1086 35.52
941 35.03
1778 35.48
1451 34.32
1694 34.97
1309 34.03
2291 40.33
856 37.08
1622 36.37
507 37.12
1748 36.55
1376 35.32
954 36.71
930 35.66
1703 36.03
1377 34.81
963 36.13
857 35.54
1753 35.40
1481 33.89
1729 34.33
1333 34.05
2160 40.98
1158 37.11
1308 37.23
796 36.61
1033 39.39
1510 36.43
