4146 38.74
1498 35.22
2238 34.72
2588 33.09
1508 37.46
2689 33.96
2635 34.21
2837 32.03
2753 34.96
1942 33.65
3139 32.62
2396 31.45
3175 33.72
1957 32.52
2226 32.75
2696 31.04
4080 37.42
2374 33.45
2591 33.47
1494 33.33
2517 34.57
1720 32.96
2745 32.43
1773 32.02
3284 32.77
2555 31.08
2211 31.84
1701 31.19
3029 31.94
1622 31.64
3079 30.50
1358 30.88
4667 35.96
1954 32.48
1733 33.34
2754 31.26
2155 33.97
2360 32.04
2808 32.03
1438 31.78
3135 32.41
3023 30.41
3160 30.61
2456 29.57
2962 31.51
2709 30.04
1976 31.18
1804 30.83
4477 36.15
1421 33.38
2013 32.92
3018 30.92
2699 32.58
3007 30.73
3171 30.87
912 32.04
3355 31.40
1670 31.13
2737 30.45
1322 30.86
3219 30.32
2730 28.95
2850 29.23
1204 30.07
4668 35.57
2062 31.86
2291 31.62
2554 30.53
2214 32.86
2379 31.20
2724 31.31
2955 29.91
2924 32.01
2781 30.15
3166 30.55
2666 29.64
3158 32.09
2697 30.36
2584 30.87
2449 29.91
4619 36.44
1783 32.84
2989 32.01
1376 32.17
2502 33.20
1903 31.96
2931 31.40
2702 30.03
2978 31.65
2777 29.88
2986 30.33
2510 29.43
3089 30.97
2671 29.68
1896 31.00
2423 29.60
4602 35.80
1942 32.41
2880 31.61
2097 30.83
3153 32.17
2620 30.40
2920 30.60
1189 31.55
3282 31.17
2618 29.73
2258 31.22
1642 30.85
3362 30.94
2652 29.61
2231 30.63
1831 30.08
4519 36.27
1804 33.31
2019 32.96
2705 30.92
3062 32.26
2884 30.66
2757 30.98
2591 29.68
2955 31.29
2696 29.66
2356 30.50
1622 30.43
3375 30.71
2882 29.20
3368 30.28
2537 29.44
4635 35.79
1816 32.70
2072 32.79
2509 31.39
2182 34.33
3026 31.48
3171 31.71
2524 30.44
2881 32.92
2882 30.88
1705 32.46
1934 31.28
3196 31.62
2870 30.26
1987 31.71
1994 31.05
4337 36.35
1951 32.75
2968 32.37
1557 32.09
2484 33.96
2577 31.73
