10014 31.57
3868 28.41
6845 26.73
6748 24.96
6223 28.42
6707 25.47
6672 25.79
5566 24.32
6912 26.76
5389 25.40
6684 25.11
3712 25.76
8005 25.98
4803 24.94
5635 25.12
6284 23.83
10617 30.24
4597 26.74
6426 26.14
4358 25.87
7025 26.80
6174 24.56
4961 25.86
5067 25.00
7346 25.49
6108 23.90
5652 24.64
4285 24.44
7621 24.60
3714 25.02
6887 23.58
4425 23.81
10288 29.77
5311 25.80
5199 26.36
5092 24.96
5359 27.47
5673 25.49
6497 25.42
4047 25.08
7451 25.99
6399 23.90
6990 24.17
6211 22.95
7202 24.94
6280 23.44
4951 24.67
4671 24.59
10147 29.93
4650 26.52
5310 26.42
5279 24.62
6583 26.17
4405 25.47
6452 24.62
4521 23.99
7458 25.07
4433 24.38
6333 24.10
3882 24.33
7492 23.95
6257 22.58
6302 23.05
4114 23.40
10745 29.06
4806 25.38
5136 26.01
5631 24.15
5427 26.53
6670 23.83
5872 24.99
6619 23.56
6913 25.55
5931 23.72
7016 24.04
6675 22.93
7516 25.51
6038 24.07
6322 24.60
6008 23.22
10896 29.73
4338 26.47
6654 25.22
3541 25.37
7189 25.96
6358 23.96
5404 25.06
3772 25.02
7734 24.28
3459 24.68
6689 23.41
4383 23.62
8261 23.65
6621 22.45
4790 24.12
5637 22.85
10429 29.49
5135 25.65
6421 25.21
5301 24.13
7042 25.82
5971 23.84
7045 24.06
3561 24.90
7660 24.79
6215 23.07
5670 24.78
3827 24.77
7774 24.28
6255 23.11
5784 23.99
4342 23.71
10850 29.50
3966 26.70
6920 25.20
4217 24.86
7095 25.67
6391 23.80
6675 24.06
6249 22.83
6863 24.63
6353 23.02
5978 23.80
4310 23.80
8118 24.11
6255 22.63
7881 23.62
3445 24.39
10885 29.05
4842 26.27
5514 26.38
5026 25.07
5674 27.20
6798 24.51
7110 24.98
6232 23.60
6784 25.96
6611 23.97
5101 25.25
3754 24.98
7296 24.67
6622 23.36
5619 24.67
4384 24.43
10587 29.46
4852 25.57
6529 25.47
4880 24.97
5573 27.76
5782 25.20
