10977 30.75
4274 27.56
7632 25.95
7329 24.13
6951 27.60
7169 24.82
7247 24.94
6425 23.39
7418 25.98
5760 24.76
7538 24.15
4141 24.89
8962 25.13
5415 24.10
5943 24.51
6845 23.14
11646 29.36
5279 25.89
7157 25.30
4763 25.11
7722 25.90
6894 23.71
5676 24.96
5524 24.20
8175 24.54
6513 23.17
6232 23.68
4974 23.44
8222 23.75
4475 24.08
7719 22.73
4787 23.17
11478 28.79
5656 24.95
6217 25.04
5124 24.08
6510 26.23
7636 23.73
6637 24.85
4864 24.25
8130 24.86
7055 22.93
7796 23.19
6732 22.11
7943 24.04
6946 22.52
5773 23.75
5120 23.77
11217 28.99
5866 25.17
5144 25.97
6541 23.65
7154 25.40
4746 24.62
6917 23.99
5270 23.14
8197 24.07
5012 23.54
6749 23.40
4433 23.51
8354 23.16
6803 21.82
7142 22.21
4483 22.74
12220 27.92
4938 24.59
6365 24.65
5742 23.28
7590 24.55
7125 22.54
6487 23.61
7235 22.44
8721 23.72
6717 22.47
7735 22.67
7445 21.85
8968 24.08
6631 22.95
6811 23.59
6810 22.23
11994 28.83
4881 25.59
7199 24.49
4092 24.45
6855 25.69
4542 24.77
6705 24.15
4454 24.04
8122 23.98
7055 22.22
5751 23.68
5418 23.00
8651 23.19
7206 21.84
5687 23.31
5878 22.38
12160 28.10
4729 25.18
6986 24.15
6178 23.01
7703 24.96
6719 22.80
7735 23.19
4084 24.02
8529 23.80
7104 22.06
6390 23.90
4128 23.92
8823 23.25
7117 22.23
6508 23.17
4597 23.25
11439 29.02
5229 25.57
7729 24.47
4235 24.45
7805 24.93
7116 23.02
7214 23.37
6893 22.08
7711 23.93
6742 22.31
6759 22.90
4830 23.06
8665 23.23
7100 21.72
8770 22.72
4011 23.52
11858 28.18
5470 25.30
6223 25.52
5245 24.37
6332 26.33
7470 23.60
7743 24.15
7030 22.66
7576 25.18
6922 23.32
5624 24.39
4449 24.08
7898 23.96
7487 22.52
6212 23.79
4595 23.80
11817 28.48
5234 24.88
7164 24.50
5542 24.11
6274 26.64
6194 24.27
