5307 36.87
1706 33.64
3190 32.57
3799 30.66
3248 33.67
3688 30.85
3650 31.11
2938 29.68
3457 32.12
2641 30.84
3761 30.19
1444 31.29
4231 31.24
2571 30.01
2866 30.35
3371 28.92
5333 35.68
2802 31.63
3599 31.44
1622 31.57
3439 32.21
3520 29.85
2468 31.19
2726 30.07
3948 30.87
3212 29.08
2608 30.05
2576 29.07
3744 29.95
1974 29.81
3796 28.70
1783 29.11
5762 34.42
2566 30.85
2443 31.25
3108 29.62
2805 32.15
3934 29.59
3090 30.62
2155 29.96
4045 30.57
3300 28.88
3728 28.97
3127 27.91
3820 29.74
3267 28.22
2550 29.36
2330 29.26
5528 34.67
2326 31.42
2449 31.52
3435 29.36
3494 30.91
3570 29.05
4050 29.12
1298 30.15
4124 29.77
2062 29.39
3442 28.87
1721 29.09
4094 28.98
3549 27.20
3284 27.96
1749 28.44
5768 33.96
2695 30.09
2571 30.74
3302 28.80
2730 31.39
2993 29.45
3477 29.62
3755 28.17
3624 30.36
3273 28.70
3819 28.90
3477 27.98
3997 30.21
3250 28.71
3172 29.39
3335 28.08
5808 34.66
2253 31.30
3779 30.30
1532 30.69
3368 31.57
2073 30.41
3492 29.65
3512 28.17
3707 29.75
3439 28.08
3616 28.59
1250 29.88
4205 29.01
3364 27.77
2623 28.83
2796 27.85
5537 34.51
2789 30.73
3503 30.22
2569 29.37
3866 30.62
3322 28.68
3726 29.04
1542 29.99
4199 29.52
3237 28.01
2782 29.65
1975 29.13
4269 29.01
3206 27.81
2997 28.63
2073 28.54
5414 35.13
2641 31.27
3066 31.06
2540 29.87
3878 30.84
3422 29.08
3539 29.31
3112 28.02
3492 29.72
3538 28.12
2889 29.02
2171 28.71
4277 29.08
3509 27.52
4308 28.60
3162 27.73
5695 34.24
2495 31.09
2376 31.66
3135 29.89
2627 32.43
2834 30.48
3352 30.58
3585 28.86
3664 31.18
3437 29.21
3615 29.22
3135 28.25
3321 30.22
3515 28.81
2819 29.85
2019 29.83
5470 34.70
2417 31.25
3730 30.64
2227 30.17
2952 32.68
3340 30.14
