9484 32.03
3591 28.82
6633 27.05
6263 25.48
6087 28.74
6354 26.05
6287 26.14
5387 24.72
6517 27.26
4965 26.04
6404 25.48
3187 26.23
7614 26.41
4605 25.43
5317 25.59
6050 24.34
10055 30.67
4264 27.15
6298 26.48
4000 26.46
6708 27.36
5733 25.15
4817 26.24
4712 25.44
6953 25.97
5770 24.35
5222 25.09
4165 24.71
6991 25.18
3909 25.20
6634 23.97
3798 24.55
9957 30.07
4778 26.22
5112 26.53
4649 25.26
5284 27.74
6555 25.13
5863 25.99
3788 25.55
7038 26.12
6019 24.13
6607 24.45
5783 23.34
6907 25.15
5800 23.81
4856 24.92
4292 24.92
9551 30.39
5315 26.33
4405 27.27
5519 25.00
6259 26.54
3873 26.00
6106 25.02
4192 24.43
7203 25.40
4091 24.87
6028 24.49
3464 24.88
7169 24.42
5830 22.94
6133 23.36
3850 23.82
10382 29.34
4399 25.84
5154 26.25
5222 24.52
5496 26.71
6244 24.24
5491 25.40
6418 23.84
7199 25.47
5885 23.85
6638 24.22
5942 23.42
6901 25.74
3943 25.72
6667 24.51
5993 23.26
10292 30.20
4062 26.83
6354 25.70
3554 25.63
5820 27.03
4051 25.94
5878 25.48
6091 23.85
6738 25.38
5695 23.80
4969 24.89
4489 24.35
7222 24.69
6108 23.30
4667 24.70
5187 23.58
10321 29.55
4149 26.36
6162 25.40
5275 24.27
6823 26.11
5649 24.12
6524 24.44
3322 25.34
7309 25.08
5725 23.49
5612 24.93
3563 24.96
7434 24.65
5972 23.44
5571 24.34
4000 24.32
10243 29.97
3957 26.95
5514 26.23
4947 24.88
6775 26.05
6112 24.26
6286 24.42
5717 23.33
6439 25.10
5887 23.43
5782 24.01
4052 24.14
7566 24.35
5984 22.91
7653 23.99
5856 22.96
10273 29.55
4223 26.86
6647 26.02
2961 26.31
6079 27.19
6415 24.69
5220 26.06
6404 24.05
6733 26.04
6103 24.34
4510 25.64
3900 25.16
6696 25.19
6379 23.65
5364 24.93
3956 24.81
9954 30.01
4659 26.17
6454 25.73
4363 25.54
5514 28.11
5305 25.79
