6345 25.92
2808 26.65
6438 21.52
7577 18.32
7576 20.84
6815 17.69
6605 18.75
5286 18.10
7836 19.48
6952 17.40
7939 17.72
7058 16.57
8115 18.43
4600 19.03
7356 17.41
5400 16.97
8567 19.29
6363 16.04
7070 15.81
5482 15.44
7526 16.38
5213 15.96
7120 15.70
5514 15.43
8587 16.17
5320 15.98
7838 15.21
5083 15.60
8208 15.55
7581 14.08
8290 14.82
7513 14.07
11228 16.52
5575 15.69
6977 15.49
5690 15.36
7795 15.27
5082 15.32
7233 14.86
7295 13.61
7753 15.17
7508 13.33
6589 14.96
5521 14.97
8335 14.83
7485 13.55
8405 14.03
7628 13.50
12085 15.62
5681 15.41
7451 14.94
5430 15.22
8461 15.34
7672 13.86
8311 14.45
7936 13.81
8961 15.16
7362 14.37
6265 16.43
5594 16.54
9012 15.75
7149 14.79
8356 14.76
7833 14.40
12037 16.49
5333 15.61
7031 14.97
5479 15.16
7506 15.65
7664 14.27
8626 14.89
7537 14.36
8502 15.82
7208 14.80
8223 15.50
7755 15.13
9021 16.52
6950 15.57
8278 15.97
7595 15.58
11298 17.43
6045 16.83
7337 16.52
5493 16.64
8398 16.48
7140 15.24
7081 16.80
7335 15.64
8971 16.69
7150 15.68
8510 16.09
7587 15.15
9231 16.73
7333 16.46
8724 16.91
7596 16.55
11089 18.23
5997 18.53
7793 19.15
5312 20.96
9356 18.96
7144 17.93
7592 19.58
7236 18.08
9045 19.33
6610 18.08
7026 19.12
7045 17.86
8513 19.35
6882 18.06
7145 19.43
5193 20.09
11911 18.58
5816 18.97
8034 19.18
5961 20.18
9618 20.02
7266 18.41
8465 19.22
7161 18.52
