1965 41.29
539 41.80
1205 37.81
863 36.69
1331 37.10
941 36.01
1260 36.19
977 35.57
1473 36.06
1261 34.54
1302 36.55
908 35.48
1572 34.53
900 36.23
1352 34.29
833 34.14
1538 37.07
1211 32.70
1265 31.79
908 32.93
1398 32.70
953 34.39
1229 33.97
979 33.18
1528 32.73
972 32.79
1335 31.70
860 31.89
1485 31.35
1341 29.91
1534 30.32
1342 29.76
1861 33.89
931 34.65
1157 34.83
1121 32.63
1242 33.09
1020 33.42
1354 31.74
850 33.74
1492 32.04
904 33.35
1338 31.91
1035 31.63
1639 31.96
1300 28.63
1254 32.63
939 32.21
2019 32.43
948 30.45
1270 29.91
1161 31.31
1377 32.38
1391 28.28
1439 30.23
1425 28.87
1517 30.75
1416 31.17
1284 34.06
1262 31.44
1605 32.96
1354 32.24
1445 30.84
1382 31.59
2175 32.82
823 33.53
1316 31.55
971 32.38
1299 32.99
1374 30.47
1340 34.20
913 34.44
1587 33.16
1450 30.29
1655 30.42
1514 28.56
1638 32.45
1344 30.74
1609 30.86
1457 30.96
2195 33.49
935 34.86
1267 33.80
1112 33.88
1476 32.94
1301 32.80
1342 34.64
1075 34.82
1624 34.34
1252 32.00
1497 32.47
1340 31.99
1725 32.86
1407 33.39
1784 33.62
1456 34.18
2228 34.34
1013 36.97
1429 35.54
1031 37.71
1744 36.93
1280 35.62
1372 36.88
1387 34.48
1699 35.91
1151 34.84
1267 35.45
1294 33.73
1622 35.58
1324 33.65
1328 36.08
945 35.55
2242 35.30
954 36.30
1465 36.38
1080 36.63
1715 37.46
1372 36.03
1504 36.60
1349 35.70
