2549 37.35
796 35.80
1711 33.92
1993 30.94
2012 33.18
1336 32.06
1909 30.43
1444 31.20
2296 31.82
1959 29.11
2193 29.77
1266 32.72
2345 30.23
1197 31.06
2044 29.15
1393 29.36
2382 32.15
1847 27.54
1905 27.97
1481 28.33
2082 28.38
1448 29.60
1904 27.91
1556 27.70
2395 28.10
1310 29.62
2028 27.24
1409 28.11
2296 26.78
2038 26.18
2387 26.29
1987 25.78
2805 29.38
1321 29.86
1770 28.72
1727 27.10
1949 28.67
1510 27.58
2055 27.10
1837 25.67
2322 26.74
1846 25.72
2022 27.02
1408 27.64
2441 28.19
1967 24.51
1893 27.29
1957 24.95
3095 28.02
1371 28.91
1987 27.03
1613 26.09
2092 28.60
2239 24.88
2266 26.55
2155 24.50
2490 26.93
2040 26.26
1927 29.34
1496 30.32
2326 28.95
1985 26.96
2202 26.63
2112 25.75
3388 28.31
1202 29.76
1992 27.07
1546 26.92
2069 28.21
2064 25.98
2108 28.18
2023 26.66
2428 28.09
2043 26.04
2464 26.25
2209 25.94
2623 27.32
1958 27.83
2428 27.27
2090 27.09
3341 29.09
1408 31.06
2002 29.06
1593 30.29
2307 28.97
2042 27.64
1985 31.32
2103 27.50
2482 30.43
1949 28.47
2232 28.89
2057 26.81
2584 28.93
2135 28.38
2568 29.51
2183 28.84
3291 30.11
1417 33.06
2174 32.53
1478 33.61
2697 32.48
1951 30.96
2124 32.23
2074 30.82
2617 31.94
1787 31.10
1951 31.93
1978 30.02
2329 32.20
2020 30.77
2064 32.13
1433 32.29
3346 31.13
1477 32.12
2116 32.35
1681 32.71
2638 33.24
2100 30.92
2266 32.67
2075 31.52
