3730 32.13
1462 32.47
3302 28.18
3783 25.08
4153 26.84
3333 24.24
3459 25.20
2617 24.74
4257 25.96
3510 23.61
4090 23.52
2334 24.59
4377 24.43
2430 24.78
3961 23.28
2622 23.49
4415 25.73
3299 21.81
3686 21.60
2662 21.31
3893 22.28
2720 21.94
3681 21.82
2805 21.20
4440 22.36
2591 21.55
3919 20.84
2575 20.91
4188 21.30
3697 19.62
4248 20.52
3826 19.46
5403 22.91
2857 22.15
3587 22.21
2951 20.58
3868 21.95
2647 21.06
3668 20.64
2522 21.23
4298 20.51
3699 18.59
3594 20.50
2801 20.57
4368 20.76
3538 18.75
3563 20.81
3575 19.09
6056 21.66
2508 21.10
3918 20.02
2792 20.54
4346 20.81
3841 18.97
4289 19.81
3959 19.03
4709 20.35
3874 19.59
4205 20.34
4002 20.32
4736 21.81
3503 20.55
3962 20.46
3877 20.00
6264 22.33
2436 21.58
3686 20.58
2891 20.15
3882 21.73
3826 19.78
3688 22.48
3798 20.20
4517 21.63
3833 19.80
4596 20.68
4025 20.35
4883 21.99
3625 20.93
4370 21.32
3833 20.95
6093 23.17
2942 23.09
3879 22.62
2895 22.75
4466 22.60
3604 21.03
3776 23.24
3821 21.47
4673 23.22
3627 21.56
4248 22.44
3793 20.60
4962 22.47
3813 22.09
4815 22.86
3845 23.06
6006 24.06
2867 25.76
4228 25.42
2871 28.00
4979 25.15
3656 24.90
3972 26.51
3887 24.36
4884 25.54
3333 24.81
3582 25.51
3776 23.22
4474 25.13
3584 24.49
3840 25.58
2623 26.40
6284 24.68
2855 25.97
4134 25.63
3138 26.61
5049 26.41
3598 25.46
4267 26.02
3730 25.20
