891 51.00
21 51.00
21 51.00
66 51.00
79 51.00
282 50.99
356 51.00
335 51.00
326 51.00
299 51.00
395 51.00
226 51.00
323 51.00
346 51.00
316 51.00
377 51.00
386 51.00
339 51.00
321 51.00
313 51.00
360 51.00
350 51.00
341 51.00
345 51.00
386 51.00
300 51.00
336 51.00
338 51.00
300 51.00
340 51.00
361 51.00
349 51.00
790 51.00
210 51.00
253 51.00
310 51.00
285 51.00
334 51.00
230 51.00
247 51.00
269 51.00
271 51.00
282 51.00
295 50.88
297 50.92
310 50.98
299 50.92
321 50.92
318 50.96
341 50.90
312 50.98
293 50.96
294 50.96
295 50.15
274 50.59
287 50.56
300 50.30
312 49.69
349 50.56
362 50.93
295 50.92
367 50.72
290 50.41
290 50.77
881 51.00
194 51.00
222 51.00
274 51.00
318 51.00
363 51.00
285 51.00
285 51.00
323 50.94
282 50.96
309 50.75
287 50.77
298 50.73
281 50.80
294 50.61
300 50.45
271 50.48
284 50.52
295 49.13
279 49.80
312 50.15
336 50.14
317 50.11
337 50.37
340 49.72
334 50.36
376 50.19
301 50.13
324 50.36
322 50.34
327 50.07
308 50.04
869 51.00
208 50.80
260 51.00
311 51.00
286 51.00
272 50.98
270 50.62
309 49.97
309 50.21
279 50.29
350 49.78
288 49.71
317 50.77
348 49.26
279 50.07
334 49.57
318 49.71
341 48.73
341 48.16
396 50.29
314 50.87
328 50.41
339 49.93
360 50.42
375 50.51
357 49.96
337 49.76
311 49.70
326 47.78
331 48.72
352 50.18
323 49.50
950 51.00
185 50.79
267 50.90
242 51.00
295 50.93
240 50.78
268 50.05
297 50.79
280 50.14
339 50.50
280 50.08
382 50.30
311 50.03
294 50.45
306 49.66
296 48.98
288 47.94
337 49.05
363 48.38
377 49.92
371 50.16
362 50.56
381 50.46
365 50.59
371 50.75
342 50.37
387 50.73
396 49.79
428 50.74
402 50.78
402 50.84
447 50.66
919 51.00
233 51.00
350 51.00
300 51.00
399 51.00
388 51.00
372 51.00
352 51.00
373 51.00
402 51.00
340 51.00
377 51.00
421 51.00
406 51.00
408 51.00
431 51.00
448 51.00
462 51.00
432 51.00
427 51.00
474 51.00
412 51.00
323 51.00
398 51.00
425 51.00
432 51.00
499 51.00
546 51.00
499 51.00
508 51.00
478 51.00
538 51.00
504 51.00
117 51.00
314 51.00
346 51.00
369 51.00
410 51.00
366 51.00
361 51.00
375 51.00
501 51.00
434 51.00
387 51.00
367 51.00
410 51.00
365 51.00
387 51.00
358 51.00
345 51.00
370 51.00
425 51.00
452 51.00
386 51.00
400 51.00
374 51.00
397 51.00
431 51.00
411 51.00
422 51.00
423 51.00
406 51.00
369 51.00
381 51.00
1132 51.00
185 51.00
344 51.00
306 51.00
479 51.00
404 51.00
406 51.00
344 51.00
380 51.00
345 51.00
343 51.00
291 51.00
324 51.00
301 51.00
337 51.00
366 51.00
