7392 32.63
1499 34.39
2695 32.81
3351 31.76
3338 30.52
3589 29.99
3639 29.56
3308 30.06
3279 29.31
3317 28.92
3449 28.85
3609 28.05
3313 27.85
3382 28.84
3425 27.56
3819 28.91
3305 28.56
3479 28.53
3656 27.49
3875 27.55
3590 27.99
3561 28.23
3870 27.30
3803 27.45
4196 26.55
3536 27.10
3546 26.91
3693 26.71
4126 26.08
3488 26.33
3707 25.82
3860 26.04
9467 27.61
2223 28.69
2399 28.76
3003 26.71
3395 26.35
3153 25.80
3481 25.75
3214 25.61
3213 26.55
3886 25.17
3632 25.36
3610 25.16
4064 25.21
3533 25.29
3319 25.21
3383 25.78
3922 24.79
3398 25.73
3371 25.19
4077 24.70
4091 23.86
3666 24.15
3488 24.59
3436 24.80
3802 24.66
3414 25.21
3790 25.26
3842 24.67
3589 25.27
3411 25.84
3372 25.83
4085 24.92
9744 26.90
2170 28.46
2448 29.58
2744 29.05
3515 26.42
3306 26.98
3167 26.90
3355 25.57
3570 25.12
3581 25.35
3892 24.03
3594 24.34
3464 24.63
3578 24.95
3542 24.78
3536 24.95
3270 25.57
3754 24.45
3268 24.55
3265 25.51
3457 24.72
3500 24.77
3545 25.14
3548 25.07
3918 24.12
3125 25.17
3393 24.57
3190 24.65
3744 24.59
4027 23.79
3815 24.10
3311 24.09
9816 26.65
2137 28.40
2958 27.33
2756 27.46
3406 25.22
3029 25.99
3807 24.68
3555 25.25
3231 25.24
3659 24.87
3741 24.70
3724 25.12
3432 25.83
3763 25.14
3622 25.34
3702 25.00
3574 25.49
3817 25.40
3675 25.28
3558 26.04
3606 26.00
3770 25.65
3782 26.44
3471 26.46
3612 26.17
3816 26.08
3365 25.87
3424 26.87
3862 26.42
3810 26.09
3820 25.85
3744 26.24
9890 27.47
1903 29.99
2591 29.00
2742 28.43
3423 26.83
3466 26.60
3660 25.97
4123 25.01
3790 26.00
3667 26.02
3914 25.62
3685 26.28
3628 26.31
3562 26.81
4077 26.13
3673 26.10
3500 26.41
3416 27.03
3998 25.42
3872 25.64
3659 26.00
3976 25.54
3896 26.04
3740 26.02
3767 26.35
3884 26.72
3907 26.64
3869 26.61
3871 26.89
3848 27.60
3979 27.22
4153 27.45
10447 27.49
2138 31.10
3187 30.86
3158 29.93
3463 27.64
3507 28.27
3499 29.60
3879 27.35
4297 26.61
4174 26.30
4039 26.39
4188 26.38
4253 26.43
4083 26.31
3684 27.65
4272 26.11
3724 27.32
3967 26.77
4015 26.45
4126 27.11
4085 27.05
3315 27.83
3767 27.02
4156 26.33
3960 27.00
3956 27.93
4003 27.39
4124 27.45
4158 27.31
4255 28.10
4164 28.35
4077 28.27
10664 27.61
2387 31.15
2730 31.31
2921 31.46
2714 32.02
3083 31.05
3988 29.76
3942 29.43
3723 29.21
3772 29.24
3475 29.61
4256 28.11
4084 28.43
3965 28.58
3943 28.48
4360 27.85
3941 27.80
3691 28.12
3691 28.92
3602 27.98
3901 28.02
4061 27.64
3958 27.34
3760 28.34
3710 28.03
4220 27.83
3956 28.06
3724 28.83
4212 27.49
4406 27.51
4221 27.71
4173 27.54
10780 28.12
2052 32.15
3027 31.21
3386 30.49
3700 30.96
3693 30.34
3695 30.40
3891 30.33
3747 30.18
3344 30.20
3729 30.26
3636 30.72
3871 30.54
4319 29.58
3929 29.35
4436 28.71
