9033 30.49
1977 32.90
3747 30.26
4279 28.77
4411 28.12
4294 27.91
4831 27.13
4136 27.55
4385 26.91
4324 26.61
4259 26.49
4255 26.59
4480 25.69
4410 25.92
4150 26.40
4272 27.14
5106 25.62
4147 26.36
4625 25.71
4712 25.84
4573 25.91
4856 25.68
4487 25.92
5034 25.73
4883 25.39
4616 25.12
4613 25.08
4743 25.19
4450 24.79
4602 24.51
4615 24.38
4448 24.69
11770 25.84
2716 27.60
3755 26.28
3980 24.92
3945 24.74
3821 25.01
4524 24.10
4373 23.80
4088 23.98
4692 23.36
4327 23.96
4925 23.23
4712 23.38
4670 23.21
4497 23.13
4431 23.61
4581 23.45
4700 23.55
4363 23.63
4977 22.99
4702 23.01
4226 23.34
4750 22.86
4579 22.73
4743 22.92
4652 23.60
4814 23.30
4445 23.73
4270 23.95
4102 23.68
5511 22.50
4667 23.39
12506 25.01
2498 27.10
3376 26.66
3311 26.67
4564 24.31
4196 24.25
4346 24.12
4629 23.56
4665 22.83
4605 23.38
4700 22.72
4639 22.27
4546 22.75
4176 23.32
4538 23.42
4869 22.65
4014 23.47
4351 23.24
4350 23.25
4534 22.48
4604 22.98
4370 23.08
4256 23.36
5342 22.27
4493 22.71
4188 23.25
3984 23.29
4309 22.91
4822 22.83
4179 22.97
4085 23.17
4658 22.54
12516 24.82
2663 25.84
3380 26.42
3759 24.34
3736 24.37
4543 23.80
4782 23.19
4401 23.61
4781 22.66
4513 23.02
4433 23.51
4533 23.42
4423 23.64
4758 23.25
4495 23.24
4606 23.47
4365 23.91
4590 23.75
4693 23.81
4327 24.38
4411 24.16
5332 23.71
4953 23.98
5128 23.71
4922 23.36
4885 23.95
4767 23.70
4919 23.63
4703 23.83
5030 23.52
4855 24.07
4725 24.44
13020 25.37
2266 28.16
3035 26.67
3710 25.80
3448 26.28
4726 23.58
4826 23.57
4352 23.96
4694 24.05
5238 23.29
4739 24.01
4528 24.73
4748 24.22
4570 24.93
5050 24.08
4568 23.84
4669 23.53
4422 24.29
4619 24.27
4565 24.67
4612 24.25
5217 24.17
5006 24.33
4789 24.45
4656 24.88
4868 24.53
4865 24.52
4752 24.55
4943 24.70
4850 25.39
5592 24.70
5669 24.96
12610 26.02
2801 29.86
3490 28.38
4205 26.81
4026 26.18
4544 25.86
5150 25.03
4907 24.89
4883 24.44
5142 24.56
5173 24.69
5183 24.66
5300 24.85
5060 24.74
5004 25.03
5424 24.55
4521 25.41
4707 25.37
5052 24.73
5378 25.38
5031 24.86
4434 25.59
4797 25.12
4884 24.77
4463 25.55
4470 26.65
5098 25.44
4759 25.92
5028 25.80
5064 26.44
4897 26.92
4865 26.69
13303 25.88
2893 29.14
3672 29.40
3856 29.21
3532 29.21
3805 29.32
5163 27.51
4904 27.78
4680 27.57
4391 27.96
4302 27.92
4682 27.65
4612 27.21
4338 27.34
4982 27.21
5316 26.51
5537 25.76
4516 26.59
5138 26.17
4581 26.76
5148 26.04
4895 26.45
4684 26.46
4983 26.09
5296 25.76
5384 25.80
5307 26.02
5073 25.82
5304 25.71
5304 25.99
5211 25.76
5362 25.66
13198 26.49
2611 30.14
3766 28.89
4264 28.66
4722 28.06
4464 28.66
4654 28.46
4708 28.54
4566 28.17
4679 28.66
4671 28.67
4778 28.73
4746 28.41
5278 27.59
4897 28.09
5657 27.35
