1306 51.00
142 51.00
362 51.00
443 51.00
475 51.00
574 51.00
466 51.00
522 51.00
439 51.00
419 51.00
420 51.00
374 51.00
514 51.00
424 51.00
429 51.00
466 51.00
506 51.00
464 51.00
442 50.96
440 50.78
446 50.72
409 50.70
423 50.11
455 50.28
463 49.63
403 50.30
429 48.89
411 49.13
432 48.53
420 48.21
396 46.89
446 48.19
1191 51.00
313 49.48
309 50.64
330 48.06
375 45.01
380 45.14
437 45.77
443 44.91
392 43.79
470 45.28
446 46.76
448 45.15
436 45.18
483 44.88
438 44.68
512 43.00
446 45.82
467 44.98
451 44.22
424 43.03
507 44.55
442 45.18
428 44.78
452 43.31
448 43.29
442 43.62
503 44.20
502 45.19
494 44.77
457 42.97
461 44.56
513 42.42
1190 51.00
296 47.37
340 48.95
566 45.52
435 43.66
405 44.45
430 45.42
469 43.83
466 45.60
438 44.66
455 43.49
461 42.79
473 43.15
488 45.02
481 43.21
444 45.44
409 44.45
538 42.63
476 43.60
411 43.55
473 42.95
552 43.50
465 44.50
557 42.11
507 42.86
497 44.64
509 43.14
547 44.39
444 42.03
499 43.84
523 43.22
420 42.45
1147 51.00
323 47.14
420 44.96
550 45.08
477 42.92
500 44.36
434 43.60
534 44.31
482 44.09
550 45.02
479 43.33
475 43.31
511 43.32
473 43.48
494 42.03
493 42.35
504 44.51
532 44.72
492 44.40
549 43.65
513 45.78
529 45.16
560 42.85
496 44.88
525 42.14
507 44.36
552 45.12
513 41.72
519 43.46
519 45.06
505 42.59
515 44.24
1285 51.00
270 47.25
376 47.74
421 46.98
488 44.98
409 45.27
466 44.58
469 43.12
468 42.83
483 43.85
506 44.20
510 44.61
504 44.72
500 43.93
500 44.20
461 44.39
468 43.87
511 42.87
480 44.33
524 45.77
573 43.79
531 43.08
525 44.06
521 43.68
500 45.15
563 46.04
508 45.54
508 45.70
630 44.41
545 45.72
610 44.65
593 46.47
1416 50.99
329 48.63
437 50.17
458 49.17
478 47.80
483 47.75
532 47.22
509 46.54
540 46.93
584 46.50
535 46.48
500 47.10
555 47.16
481 45.65
539 48.15
582 48.43
543 48.72
509 47.56
590 47.16
527 48.56
606 48.48
531 47.35
515 47.72
524 46.53
528 47.71
595 47.90
628 47.17
569 46.72
614 46.76
587 46.55
574 48.19
622 48.40
1493 50.72
449 50.69
519 50.82
577 50.69
626 50.23
650 50.50
630 49.43
675 49.32
627 49.16
648 49.76
633 50.33
610 50.12
595 49.91
617 49.63
539 50.54
547 50.24
529 50.29
544 50.37
494 50.48
519 50.65
522 48.85
567 49.38
524 49.31
512 49.49
585 48.86
609 49.77
598 50.08
577 50.29
573 49.86
538 49.89
572 49.84
522 48.81
1612 50.60
458 50.53
517 50.81
601 50.80
593 50.78
583 50.44
549 50.94
559 50.83
562 50.76
524 50.92
546 50.98
583 50.96
600 50.74
577 50.86
544 51.00
595 50.83
