11943 28.05
2589 30.90
4491 28.09
6233 25.90
6477 25.44
5581 25.53
6194 25.69
5642 24.99
6366 24.08
5628 24.54
5515 24.54
5708 24.15
5707 24.01
6554 23.59
5970 23.46
6061 24.30
5936 24.40
6224 23.86
6220 23.82
6362 23.68
6022 23.69
6089 23.70
6291 23.57
6585 23.57
6447 23.27
6000 23.34
6500 22.44
6544 22.87
6384 22.49
6192 22.65
6225 22.55
6113 22.67
16504 23.35
3689 24.45
4516 24.19
5045 23.09
5484 22.31
5398 22.05
5153 22.39
6714 21.35
5856 21.57
5828 21.63
6446 21.18
6792 21.20
5943 21.60
6380 21.37
6076 21.64
5903 21.69
6109 21.71
6752 21.25
6059 21.50
6408 21.18
6049 21.22
6002 21.16
6383 20.94
5963 21.12
6616 20.78
6444 20.97
6276 21.33
5868 21.61
5845 21.51
5972 21.50
7264 20.58
6190 20.99
16466 22.98
3361 24.35
4204 24.50
4346 24.19
5352 22.87
6173 22.13
5801 21.96
6572 20.92
5779 21.32
6139 21.01
6104 20.91
6367 20.70
5754 21.06
6045 20.89
6239 20.73
5947 20.95
5921 21.03
5741 21.14
5632 21.02
5705 20.68
6857 19.97
6420 20.23
5975 20.77
6065 20.60
5718 20.94
6127 20.57
5632 20.74
5668 20.85
6418 20.62
6442 20.61
6102 20.58
6217 20.49
16974 22.59
3773 23.34
4327 23.77
4750 22.92
4672 22.72
6176 21.64
6097 21.25
6149 21.31
5824 21.34
6491 20.86
6113 20.90
5930 21.53
5713 21.51
6253 21.26
5848 21.31
5958 21.55
6256 21.45
6110 21.67
5736 21.84
6399 21.92
6382 21.93
6445 22.01
6322 21.98
6091 22.18
5602 22.66
6058 22.59
6236 21.99
6284 21.83
6034 22.20
6246 22.18
6137 22.23
5912 22.25
17297 23.27
3278 25.27
4243 23.80
4542 23.79
4493 23.86
6257 21.99
6135 21.43
6127 21.59
6145 21.76
6882 21.37
6640 21.39
6655 21.47
5878 21.94
6132 22.02
6554 21.71
6143 21.62
6560 21.17
6173 21.58
6438 21.65
6293 22.09
6248 21.99
6670 21.88
6669 22.09
6491 22.34
6526 22.35
6616 22.33
6452 22.38
6863 22.23
6674 22.46
6597 22.73
6732 22.81
6954 23.16
17891 23.23
3902 25.55
4965 24.97
4890 25.38
5501 24.10
5883 23.63
6210 23.06
6226 22.92
6245 22.62
6508 22.70
6809 22.47
7017 22.38
7093 21.97
7230 22.22
6938 22.50
7133 22.48
6078 23.02
6417 23.10
6606 22.83
7033 23.07
6709 23.01
6316 22.88
6030 23.45
6570 22.89
6620 23.04
6397 23.40
6718 23.38
7012 23.66
6932 23.73
6971 24.04
6771 24.23
6735 24.33
18500 23.41
3266 27.28
4398 27.28
4676 27.20
4977 27.48
4686 28.00
6464 25.53
6937 25.61
6912 24.94
6769 24.90
5840 25.30
6250 25.19
5886 25.90
6401 25.16
6932 24.75
6291 25.01
7056 24.39
7029 23.97
6834 23.81
6863 23.74
6776 24.18
7012 23.83
6647 23.93
6716 23.92
6705 23.91
7167 24.15
7034 24.13
6688 24.06
7258 23.59
6882 24.49
6154 24.82
6950 24.15
18410 24.05
3217 28.21
5000 26.65
5761 26.93
5946 26.66
6705 25.66
5891 26.16
5747 27.08
5765 26.63
6351 26.02
6273 26.33
6319 26.38
6144 26.42
6756 25.61
6631 25.72
7303 25.08
