13061 27.22
2880 29.68
5578 26.52
6510 25.27
6793 25.07
6493 24.79
7161 24.19
6251 24.46
6153 24.34
6149 24.03
6591 23.11
6274 23.49
6533 22.88
7190 22.54
6331 23.23
6350 23.58
6744 23.27
6706 23.10
6987 22.70
7090 22.91
6489 23.32
6553 23.45
6820 22.92
6996 23.10
7665 22.52
6778 22.75
6947 21.98
7364 22.12
6747 21.85
6863 22.10
6778 21.93
6746 22.12
19165 22.19
3784 24.12
4489 24.29
5140 22.73
6386 21.83
5200 21.99
6603 21.37
6454 21.15
7078 20.70
6446 20.68
6743 20.96
7239 20.45
6537 21.17
6960 20.66
6580 20.59
6404 21.25
6763 20.85
7271 20.78
6639 20.90
6488 20.72
6629 20.71
6555 20.64
6755 20.47
6580 20.43
6988 20.27
6513 21.03
6550 21.04
6488 21.37
6279 21.35
6628 20.89
7370 20.40
6810 20.59
18890 21.91
4109 23.20
4562 23.48
4517 23.53
6679 21.58
5430 22.40
6576 21.02
7466 20.24
6156 20.51
6806 20.56
6214 20.50
6982 19.92
6629 20.42
6136 20.47
7210 20.05
6323 20.48
7082 20.12
6722 20.33
6021 20.61
6121 20.43
6248 20.47
7386 19.74
6549 20.30
5992 20.77
6004 20.72
6702 20.24
5745 20.66
7309 19.92
6997 19.95
6892 20.17
6576 20.19
6854 20.09
18619 21.92
4636 22.47
4601 22.91
4686 22.68
5293 22.04
6585 21.33
6690 20.78
6118 21.04
6456 20.71
6681 20.55
6467 20.76
6778 20.85
6551 20.91
6578 20.85
6721 20.80
6892 20.60
6987 20.88
6882 20.78
6613 21.18
6376 21.79
6858 21.23
6936 21.26
6580 21.89
6545 21.68
6119 22.19
6547 21.84
6505 21.69
7706 20.91
7093 21.02
7180 21.08
7057 20.96
6830 21.39
18703 22.70
3430 24.87
4537 23.30
4793 23.32
4760 23.44
7273 21.09
6623 20.97
7367 20.48
7271 20.84
6955 20.97
7176 20.98
6911 20.99
7006 21.09
6651 21.30
7624 20.90
7007 21.03
7367 20.45
6790 20.95
6632 21.48
6844 21.42
6808 21.51
7589 21.40
7399 21.35
7180 21.59
7089 21.58
7091 21.56
7132 21.67
7620 21.48
7286 21.59
7158 22.01
7242 22.33
7288 22.45
18924 22.84
4543 24.52
5547 24.27
5275 24.36
6056 23.30
6592 22.76
6827 22.33
6677 22.44
8169 21.40
7509 21.53
7524 21.47
7800 21.48
7577 21.77
7496 21.84
7223 22.22
7119 22.42
6818 22.44
6496 22.80
6934 22.41
7146 22.62
6965 22.70
6703 22.56
6667 22.67
6706 22.60
6743 22.80
6808 23.11
7011 23.50
7027 23.46
7270 23.33
7052 23.70
7088 24.13
6953 23.93
20312 22.70
3521 27.56
4720 26.86
5185 26.43
5531 26.53
5246 26.97
7535 24.71
8108 24.00
7399 24.21
7517 24.21
7150 24.52
7516 24.12
6447 25.12
6658 24.80
7275 24.14
7221 24.17
7596 23.98
7821 23.36
7440 23.38
7760 23.25
7288 23.42
6708 24.01
7287 23.49
6776 23.98
6657 23.58
7250 23.79
7962 23.44
6738 24.00
7460 23.66
7979 23.46
7804 23.52
7821 23.14
18986 23.79
3771 27.39
5297 26.58
6254 25.84
5902 26.70
7472 24.85
7088 25.14
7220 25.27
7302 25.05
7048 25.39
6336 26.03
6159 26.07
7919 25.15
7101 25.28
7877 24.49
7599 24.48
