1661 51.00
344 51.00
407 51.00
645 51.00
511 51.00
458 51.00
515 51.00
485 50.59
514 50.31
498 49.94
448 48.35
450 47.79
502 48.21
522 47.01
541 47.23
537 46.51
599 45.46
609 46.80
578 45.18
563 45.05
570 44.29
608 44.09
583 44.49
569 45.18
585 44.29
584 44.21
622 42.12
590 43.37
588 41.64
630 41.68
611 43.14
601 42.62
1278 51.00
418 47.32
613 44.40
561 42.89
592 41.15
524 41.94
554 40.16
613 41.23
608 42.52
563 43.40
580 43.73
598 41.54
605 40.16
591 42.63
612 42.37
630 42.05
670 41.10
586 40.27
626 40.24
660 39.66
564 39.67
625 40.70
606 40.25
661 39.81
649 39.32
705 40.16
685 41.49
703 40.83
586 41.10
586 42.03
650 41.71
679 41.62
1268 50.76
500 44.01
610 44.16
649 42.67
729 41.39
551 42.04
626 40.23
604 41.62
609 41.12
575 42.48
713 40.93
604 40.18
651 40.56
626 39.52
621 41.24
622 39.97
663 39.00
648 41.65
623 40.07
648 41.79
691 41.49
624 41.52
598 39.50
710 41.00
612 42.06
664 41.06
592 41.12
656 39.41
659 39.11
625 39.67
696 39.54
699 40.35
1416 48.00
516 42.98
627 41.27
577 44.45
735 40.97
743 41.36
642 41.16
625 40.88
734 40.87
651 40.25
680 41.35
712 41.42
648 40.50
693 43.21
676 39.14
734 40.55
651 40.74
612 40.36
710 40.06
654 40.62
731 41.78
668 40.95
741 40.79
669 41.57
653 41.99
686 42.79
741 40.33
684 41.62
707 40.54
744 42.04
792 39.80
736 40.05
1640 46.76
495 44.06
494 43.09
646 44.59
542 43.27
622 42.72
785 40.37
662 40.23
660 40.02
653 42.53
667 40.68
660 42.28
684 42.28
705 41.40
640 42.75
693 42.07
621 41.61
677 42.02
665 42.92
689 40.68
717 40.79
732 40.58
670 42.59
726 41.30
668 42.87
802 42.47
800 41.62
777 40.85
809 41.72
821 40.83
735 42.35
762 42.65
1887 45.66
417 48.22
593 46.30
603 45.17
653 43.09
718 43.39
746 42.52
726 42.13
720 43.10
694 43.13
750 42.81
702 42.44
715 43.53
694 41.99
778 42.95
785 43.69
765 43.88
710 44.00
788 42.23
729 42.82
661 43.43
607 43.31
657 43.53
730 42.99
753 43.52
706 43.89
773 42.59
825 42.23
771 42.96
805 42.34
707 43.51
867 43.34
1989 45.70
497 46.95
582 47.69
641 46.50
686 47.25
754 45.18
745 46.97
677 46.10
775 45.09
860 45.40
753 45.88
787 44.95
684 44.60
698 44.96
679 46.83
626 46.22
837 43.07
703 43.46
661 44.63
715 44.03
643 42.84
679 43.58
646 43.16
763 42.78
739 42.95
804 42.50
774 44.85
736 44.07
830 43.66
731 43.16
739 43.56
752 44.06
2182 45.25
563 46.57
620 47.34
656 47.68
714 47.17
784 47.44
774 46.69
807 46.81
714 46.78
683 46.78
759 45.71
751 46.34
696 46.55
742 46.63
700 47.06
839 46.58
