14581 26.27
3284 28.60
6509 25.40
7959 24.03
7512 24.33
7548 23.67
7853 23.43
7123 23.36
6767 23.59
7929 22.42
6351 23.20
6564 23.08
7176 22.30
7477 22.52
6759 22.38
6855 23.15
7887 22.39
7375 22.75
7443 22.42
7780 22.45
7351 22.33
7551 22.29
8128 21.70
8307 22.03
7529 22.11
7491 21.92
7639 21.40
8183 21.31
7686 21.32
7377 21.63
7581 21.11
7741 21.24
22100 21.26
3600 24.34
4999 23.05
5616 22.07
7425 20.78
6563 20.85
7138 20.41
7484 20.14
6549 20.49
7471 20.03
7752 19.99
7971 19.88
7186 20.36
7832 19.89
7517 20.21
6955 20.59
7260 20.43
7648 20.56
6997 20.60
7138 20.28
7471 20.03
7984 19.77
8089 19.37
7757 19.41
7767 19.65
7336 20.00
7482 20.14
6856 20.64
7139 20.33
7152 20.27
7746 19.99
7646 19.83
21428 21.13
4758 22.27
5045 22.56
5153 22.76
6446 21.54
6509 21.29
7357 20.51
8149 19.44
6903 19.93
7606 19.60
7385 19.60
7416 19.39
7144 19.85
7469 19.53
7405 19.59
7508 19.51
7613 19.27
7473 19.36
6721 19.75
6679 19.59
7693 19.23
6988 19.86
6858 20.21
7315 19.67
8001 19.11
7681 19.23
7407 19.29
6907 19.68
7581 19.60
6986 19.91
8151 19.15
7295 19.46
21781 20.93
5322 21.50
5486 21.66
5362 21.87
6084 21.15
6421 20.95
7146 20.40
7348 20.23
7121 20.17
8240 19.61
7639 19.85
7641 20.02
6703 20.42
7612 20.10
7185 20.25
7034 20.35
7781 20.20
7804 20.02
8015 20.19
7463 20.53
7434 20.86
7253 21.05
7168 21.13
7555 20.97
6990 21.23
7626 20.98
7605 20.60
7254 20.89
7053 21.06
7519 21.06
7352 21.01
6598 21.33
21410 21.70
4540 23.09
4569 23.02
5097 23.04
5725 21.99
7628 20.78
8334 19.79
8244 19.95
7873 20.17
7866 19.97
7988 20.04
7632 20.36
7442 20.38
7171 20.86
8112 20.19
7530 20.36
7872 20.02
7597 20.12
7800 20.46
7962 20.48
7446 20.92
8082 20.78
7983 21.04
8152 20.81
7874 21.30
7871 21.14
7495 21.35
7911 21.19
7637 21.29
7613 21.66
7866 21.79
7938 21.96
21845 21.79
5020 23.90
5884 23.52
5833 23.68
6623 22.50
6972 22.11
7987 21.62
8147 21.15
8001 21.07
8404 20.82
8363 20.84
8622 20.71
8622 21.11
8396 21.00
7977 21.40
7883 21.62
7117 21.87
7905 21.50
7568 21.76
7860 22.00
7760 21.95
6886 22.43
7385 22.07
7715 21.68
7656 21.86
7689 22.27
7825 22.19
7755 22.51
8179 22.58
8072 22.93
7717 23.08
7939 23.35
22542 21.99
4149 26.10
5263 26.53
5300 26.23
7015 25.00
7724 24.23
7482 24.63
7636 24.17
8745 23.15
8463 23.03
8040 23.69
8139 23.40
7179 24.18
7500 23.99
8542 23.29
7814 23.41
8066 22.94
7965 23.03
8000 23.12
7903 22.89
7584 23.23
8121 22.98
7772 22.92
7558 23.01
7708 23.13
9039 22.64
8649 22.76
8332 22.80
8777 22.43
8593 22.77
7723 23.55
8889 22.54
20528 23.20
4295 27.00
5493 25.95
7077 25.32
7105 25.05
6477 25.16
8808 23.87
8057 24.11
8114 24.15
7042 24.92
6578 25.61
7635 25.12
7002 25.49
8890 23.96
7862 24.23
8885 23.80
