15440 25.81
3446 28.27
6820 25.24
8256 23.75
7375 23.86
7685 23.62
7796 23.37
8175 22.72
8287 22.49
7685 22.17
7107 22.66
7150 22.41
7700 21.98
7298 21.93
7727 21.82
7610 22.57
8630 21.97
7869 21.91
7407 22.12
8142 22.01
8029 21.91
8371 21.82
7755 21.95
8015 22.24
7847 21.64
8297 21.36
7889 21.41
8624 21.05
8119 21.06
7699 21.18
8525 20.49
8686 20.49
23271 20.91
3732 23.89
5243 23.01
6084 21.86
7313 20.64
6157 20.99
7735 20.22
7893 19.71
6964 20.38
7768 19.69
8308 19.60
8409 19.58
7646 19.91
8005 19.69
7760 19.65
7787 20.20
7796 19.93
7535 20.38
8294 19.83
7754 19.87
7822 19.78
7390 19.86
7810 19.67
7971 19.44
8118 19.58
8196 19.56
8642 19.42
8345 19.48
7754 19.59
7597 19.64
8677 19.21
7773 19.63
23278 20.59
4321 22.81
4854 23.35
6203 21.30
7062 20.80
6349 21.05
7836 20.25
8718 19.23
7534 19.61
7743 19.32
8007 19.14
7404 19.21
7944 19.19
7540 19.38
7242 19.53
7625 19.42
7634 19.34
8265 19.02
8134 18.85
7486 19.03
7137 19.28
7581 19.22
7778 19.40
7274 19.61
6873 19.92
7884 19.15
7634 19.33
7552 19.45
7894 19.36
7418 19.66
7898 19.39
8278 18.96
23008 20.52
5029 21.53
5954 21.13
5762 21.24
6013 21.21
7113 20.41
7493 20.03
7578 20.13
7800 19.82
8239 19.57
8036 19.55
8075 19.54
7262 20.29
7866 20.14
7615 20.08
7714 20.27
7599 20.02
8506 19.68
8247 19.88
8230 20.15
7458 20.52
8045 20.63
7982 20.70
7679 20.89
7820 20.54
8044 20.53
7755 20.63
7502 20.62
8497 19.99
8394 20.24
8092 20.42
8098 20.25
22713 21.30
4866 22.45
5074 22.54
5481 22.22
5728 21.89
7884 20.49
9091 19.47
7985 19.79
7831 20.09
8299 19.67
8651 19.60
7907 20.22
8015 19.96
8130 20.13
7916 20.07
8039 20.05
8404 19.70
7758 20.19
8189 20.17
8357 20.17
7792 20.45
8665 20.39
8828 20.52
8310 20.58
8260 20.75
8175 20.81
7945 20.96
8080 21.14
8076 21.07
8068 21.33
8470 21.27
9059 21.14
22110 21.67
5872 22.89
6773 22.74
6462 23.07
6125 22.94
7409 21.79
8266 21.34
8630 20.86
8358 20.87
8836 20.74
8853 20.48
9053 20.50
8688 20.63
9036 20.57
8656 20.84
7986 21.23
7481 21.67
8220 21.42
8687 21.18
9197 21.27
8631 21.18
7672 21.63
7833 21.53
8047 21.28
8583 21.02
8659 21.38
8559 21.66
8876 21.70
9055 22.00
8823 22.22
8755 22.13
8677 22.31
23477 21.72
4137 25.93
5504 25.58
6699 24.62
6081 25.51
7382 24.54
8169 23.41
8685 23.65
9084 22.90
8796 22.98
8501 22.75
8646 22.74
7542 23.63
8776 22.89
8457 23.22
8175 23.35
8698 22.70
7944 22.89
8738 22.60
8021 22.68
8500 22.72
8130 22.88
8236 22.66
8066 22.53
8969 22.20
8899 22.27
7985 23.09
8434 22.90
8444 22.65
9321 22.33
8968 22.53
8130 23.05
24836 21.88
3373 27.67
5989 25.85
6550 25.51
6896 25.21
8967 23.69
8648 23.69
8405 23.92
8665 23.90
8136 24.03
7579 24.75
7657 24.80
8005 24.85
7488 25.05
9485 23.37
9550 23.09
