15826 25.59
3532 28.05
7235 24.38
8360 23.53
7583 23.64
8444 22.99
8207 23.18
7863 22.84
8030 22.67
7392 22.37
7882 22.00
8036 21.86
7030 21.94
7954 21.77
8389 21.18
8309 21.84
8077 22.00
7605 22.39
8185 22.02
7705 22.06
7839 21.94
8984 21.52
8237 21.44
8463 21.67
8201 21.31
8324 21.26
8390 20.88
8698 20.76
8010 20.91
7765 21.07
8124 20.77
8421 20.85
23948 20.65
3798 24.16
5011 23.30
6509 21.59
7659 20.45
6816 20.31
8007 19.61
7817 19.49
7406 19.85
8805 19.10
8515 19.15
8121 19.68
8013 19.62
8293 19.49
7841 19.70
7737 20.19
8054 19.80
8898 19.71
7715 20.02
8418 19.45
8126 19.23
7543 19.59
7738 19.70
8450 19.29
8222 19.44
8291 19.41
8428 19.46
7320 20.12
7596 19.72
7126 20.38
9117 19.14
8185 19.35
23750 20.44
4602 22.45
4874 22.83
5700 22.07
7067 20.72
7173 20.55
6947 20.53
8505 19.23
8189 19.24
7857 19.57
8253 18.97
7808 18.98
7891 19.37
7221 19.65
8611 19.06
7613 19.40
7758 19.34
7698 19.29
7388 19.47
8001 18.84
7428 19.29
7857 19.39
7898 19.15
7636 19.31
8840 18.80
8153 18.98
7753 19.07
7490 19.47
8209 19.42
7651 19.51
7977 19.24
8288 19.06
23562 20.38
5058 21.37
6143 21.07
5840 21.18
5968 20.99
7006 20.53
8131 19.82
7715 20.07
7963 19.68
7696 19.72
7879 19.72
7958 19.78
7865 19.74
8080 19.78
8602 19.61
8403 19.53
8376 19.77
8065 19.73
7528 20.33
7935 20.44
8235 20.01
8059 20.37
8362 20.76
8620 20.20
8567 20.25
8827 19.98
7951 20.18
7571 20.52
8224 20.18
8429 20.23
8340 20.16
8295 20.19
23212 21.16
4859 22.24
5232 22.26
5671 22.17
5900 21.67
7994 20.15
8320 19.81
8513 19.60
7781 20.31
8033 20.14
8678 19.85
8275 19.88
8728 19.68
8364 19.76
7931 20.19
7767 20.22
8820 19.64
8567 19.81
8913 19.61
8913 19.86
8845 19.98
9152 19.91
9123 20.10
9063 20.15
8738 20.33
8743 20.38
8332 20.67
8704 20.58
8672 20.83
8825 20.95
8690 21.00
8952 21.12
23136 21.37
5752 22.95
6166 23.13
6113 23.39
7327 21.71
7296 21.55
8472 21.08
8736 20.84
9172 20.42
8574 20.40
8844 20.31
9447 20.32
9171 20.43
9048 20.55
8320 20.83
8368 20.88
7751 21.54
8619 21.08
8777 20.92
9193 21.21
8889 20.94
7844 21.53
7993 21.48
8055 21.23
8121 21.48
8033 21.88
8331 21.91
8382 22.14
8523 22.04
8701 22.42
8589 22.47
8360 22.82
23479 21.74
5020 24.91
6237 24.65
6168 25.09
6548 25.19
6276 25.54
8860 23.31
9029 23.19
9375 22.73
8967 22.76
8573 23.10
8729 23.01
7790 23.65
8002 23.33
9074 23.02
8673 22.94
8631 22.55
8663 22.59
8419 22.76
8456 22.45
8308 22.72
8449 22.58
8349 22.46
8471 22.41
9092 22.27
9168 22.03
9392 22.26
9020 22.22
9284 22.05
9148 22.34
8240 22.96
8618 22.73
25310 21.76
3500 27.54
6635 24.98
7172 24.84
6776 25.19
7307 24.90
7499 24.67
8329 24.21
8231 24.01
8022 24.25
9320 23.66
8933 23.62
8866 23.90
8426 24.17
9692 23.14
9375 23.32
