16940 25.04
3977 27.43
7261 24.45
8720 23.15
8456 23.19
9118 22.57
8578 22.64
8378 22.28
8521 21.96
8303 21.75
7360 22.44
8049 21.74
8569 21.23
8865 21.36
8334 21.28
9098 21.41
8658 21.81
8277 21.81
8863 21.32
9202 21.17
9064 21.07
9170 21.15
8399 21.13
8601 21.36
9193 20.78
8436 21.18
8781 20.69
8659 20.92
8484 20.61
8551 20.38
9081 20.07
8637 20.40
25011 20.37
4606 22.81
5779 22.14
6231 21.47
8056 20.19
6746 20.21
8405 19.54
9189 19.01
7980 19.36
8994 18.89
8224 19.31
8852 19.25
8235 19.68
9025 19.15
8529 19.32
8035 19.76
8232 19.77
8821 19.56
8370 19.63
8811 19.40
8252 19.40
7730 19.53
9493 18.76
8399 18.92
8524 19.29
8110 19.54
8537 19.41
7561 19.98
8144 19.58
8906 19.24
9447 18.80
9263 18.89
24920 20.05
5132 21.27
5779 21.59
5970 21.41
7097 20.69
7809 20.16
8681 19.27
8234 19.09
9099 18.65
8343 18.93
8988 18.58
8407 18.76
8389 19.05
8643 18.73
8219 18.99
7888 19.29
8791 18.62
7977 19.28
8537 18.56
8404 18.70
8616 18.61
8607 18.65
8107 19.22
8088 18.88
8392 18.85
8592 18.79
8909 18.67
8418 18.72
8495 19.09
7984 19.41
8613 19.00
8229 19.12
24955 19.91
5880 20.63
6289 20.77
6114 21.06
6989 20.43
7568 20.02
8437 19.47
8835 19.37
8046 19.41
8411 19.35
8986 19.13
9238 18.99
8654 19.07
8352 19.71
8291 19.61
8352 19.47
8542 19.59
8946 19.41
9376 19.33
9164 19.53
8193 19.81
8748 20.11
8921 20.11
9194 19.91
9126 19.87
9200 19.77
8620 19.90
8132 20.15
8720 19.85
9374 19.74
8843 19.93
8620 20.00
23947 20.95
5306 21.94
5706 21.63
6201 21.39
6132 21.51
8427 20.10
10035 19.10
8794 19.11
8442 19.46
8579 19.57
9278 19.33
8818 19.32
8576 19.77
8846 19.73
8878 19.67
8802 19.54
9214 19.35
8294 19.63
9208 19.51
9009 19.83
8707 19.87
8963 19.96
9146 20.08
9118 20.24
8909 20.23
8852 20.26
8532 20.52
8916 20.47
8935 20.70
8615 21.01
8899 21.18
9556 20.80
25175 20.77
5718 22.86
6810 22.54
6654 22.62
7726 21.45
7956 21.08
8843 20.67
8806 20.45
9220 20.14
9545 19.96
9553 20.00
10170 19.78
9842 19.99
9921 19.94
9805 19.85
9639 20.19
8694 20.74
8157 21.11
8316 21.30
8903 21.21
8251 21.47
8354 21.22
8318 21.11
8899 20.65
8842 20.86
8793 21.09
8669 21.58
8931 21.64
9294 21.67
9283 22.07
9225 21.95
9914 21.61
25723 21.04
4794 24.44
6667 24.65
6570 24.61
7819 23.77
7144 24.41
8341 23.63
8861 23.56
10516 22.07
9522 22.22
9426 22.32
9504 22.23
8401 23.05
8480 22.97
9670 22.52
9242 22.35
9419 22.40
8950 22.27
9045 22.19
9350 21.91
10123 21.59
9846 21.74
9410 21.83
9515 21.67
9395 21.60
9854 21.74
9819 21.93
9679 21.84
9931 21.61
9885 22.06
8694 22.60
9122 22.03
27067 21.28
3823 26.87
6834 25.15
7079 25.12
7663 24.74
9614 23.10
9409 23.22
9311 23.16
9193 23.24
8811 23.34
8300 24.01
7719 24.82
10176 23.21
9185 23.21
10544 22.75
10000 22.82
