17381 24.81
4148 26.80
7839 23.96
8615 23.17
8826 22.91
10012 22.09
9306 22.17
7683 22.58
7567 22.61
8579 21.63
8460 21.36
8282 21.18
8582 21.09
8314 21.46
9077 20.95
8979 21.44
8909 21.35
8566 21.56
8948 21.20
9303 21.18
9087 20.93
9208 21.10
9026 21.13
8789 21.19
9318 20.85
9481 20.51
8803 20.45
10013 20.01
8225 20.43
8834 20.33
9055 20.06
9040 20.21
26403 19.95
4049 23.59
6042 21.94
6605 21.52
7276 20.52
8923 19.28
8306 19.20
7950 19.36
8451 19.32
9270 18.72
8445 19.18
8896 19.32
8980 19.17
8938 18.98
8982 19.02
8044 19.74
8503 19.66
9824 19.14
8489 19.27
9067 19.25
8383 19.32
8673 18.93
9078 18.87
8986 18.89
8859 18.90
9187 18.80
9735 18.77
9285 18.90
8522 18.99
8536 19.10
10151 18.45
8778 18.88
25850 19.79
4699 22.06
5526 21.88
5640 22.30
8512 19.80
7293 20.33
8896 19.00
8768 18.84
8980 18.77
8810 18.83
8912 18.52
8202 18.81
9430 18.75
8820 18.69
8505 18.85
8645 18.85
8577 18.78
9203 18.37
8659 18.51
8697 18.40
8626 18.27
9243 18.41
8573 18.65
7860 19.21
9866 18.29
8441 18.78
7972 18.87
8886 18.59
8888 18.91
8210 19.13
10088 18.46
8635 18.81
25712 19.70
5654 20.73
6067 20.92
6365 20.64
7039 20.31
7545 19.91
8897 19.39
8465 19.47
8756 19.03
8278 19.30
8999 19.07
9308 19.01
8785 19.26
8256 19.64
8686 19.36
9190 19.15
9203 19.20
8978 19.47
8646 19.59
8175 20.09
8846 19.85
9163 19.87
9041 20.09
8655 20.20
8842 20.05
8887 19.74
8528 19.97
8800 19.92
8678 19.79
8578 20.00
8795 20.08
8250 20.11
25622 20.38
5156 22.07
5778 21.42
6263 21.52
6424 21.10
8427 19.92
9643 19.06
8838 19.11
9377 18.99
9317 19.11
9419 19.05
9308 19.07
8600 19.50
9183 19.31
9490 19.24
9485 19.11
8734 19.17
8770 19.16
9363 19.39
9076 19.69
8435 19.99
9247 19.94
9144 20.16
8763 20.39
8767 20.48
9110 20.30
8676 20.24
9182 20.52
9399 20.24
9768 20.38
10044 20.29
9829 20.45
25281 20.71
6083 22.53
6877 22.56
6741 22.38
6821 22.55
9156 20.58
8988 20.53
9501 20.09
9161 20.10
9693 19.75
9668 19.68
10197 19.73
9944 19.92
10264 19.75
9805 20.01
10180 19.89
8830 20.36
9267 20.42
9485 20.49
9885 20.59
9666 20.30
8474 20.99
8742 20.90
8597 20.57
9166 20.74
9770 20.61
9629 20.99
9843 21.02
10188 20.96
10009 21.55
9822 21.32
9679 21.66
26073 20.96
4817 24.65
6057 24.73
6801 24.37
6458 25.34
9786 22.58
8995 22.90
9417 22.80
9921 22.18
9880 22.02
9729 22.07
9757 22.20
9542 22.34
9390 22.55
9467 22.34
9097 22.39
9654 21.98
9377 21.88
9026 22.17
9613 21.70
9032 22.14
9311 21.98
9160 21.93
9167 22.04
9202 21.86
9349 22.13
9818 22.10
9217 21.99
9611 21.91
9462 22.16
9383 22.30
9492 21.95
27929 21.01
3998 26.40
7288 24.73
7297 24.92
7742 24.35
7979 24.25
9168 23.45
9000 23.78
8892 23.48
8746 23.49
8836 23.56
9178 23.33
9083 23.57
8640 23.90
9839 22.99
10955 22.15
