18158 24.45
4333 26.64
8352 23.37
9343 22.69
9076 22.73
10144 21.82
9738 21.77
8369 22.06
9278 21.66
8742 21.39
8623 21.20
8615 21.04
9701 20.46
8821 20.91
9023 20.74
9645 21.05
8992 21.32
9307 21.11
9411 20.89
9804 20.83
9237 20.86
9194 20.98
9828 20.49
9660 20.84
9806 20.32
9350 20.32
9625 20.01
9752 20.14
9767 19.85
9331 19.84
9813 19.60
10184 19.66
26789 19.84
4872 22.53
6618 21.35
7279 20.75
8313 19.66
7028 20.14
8158 19.58
9212 18.93
8424 19.16
8844 18.73
10060 18.56
9438 18.95
9506 18.91
8886 19.14
9580 19.00
9716 18.94
9179 19.23
9128 19.26
8828 19.42
8882 19.29
9198 18.96
9666 18.60
10003 18.45
9987 18.35
9745 18.48
9257 18.63
9503 18.72
8391 19.37
7870 19.70
9628 18.82
10532 18.27
10385 18.29
26147 19.70
5325 21.42
6096 21.18
6175 21.20
8400 19.63
7529 20.34
9032 19.14
9432 18.58
9054 18.71
9338 18.73
9181 18.34
9677 18.27
9476 18.50
8466 19.02
9277 18.54
9170 18.46
8792 18.73
9189 18.32
8420 18.47
8987 18.30
8824 18.53
9626 18.24
9251 18.29
8511 18.54
8879 18.59
8669 18.77
9203 18.53
9641 18.36
10012 18.42
9561 18.67
9165 18.74
8896 18.59
27305 19.28
5316 21.08
6004 21.06
6644 20.67
6818 20.35
8283 19.67
9872 18.85
8849 19.15
8776 18.96
10100 18.71
9034 18.86
9180 18.97
8616 19.12
9410 19.11
8990 19.24
9794 18.92
9476 19.03
9325 19.33
8618 19.63
9373 19.42
9436 19.57
8984 19.76
9039 19.86
8914 20.15
9104 20.05
9342 19.52
8727 19.98
9178 19.73
9781 19.39
9651 19.49
9736 19.47
9253 19.61
26432 20.16
5558 21.53
5815 21.67
6614 21.16
6596 20.94
8897 19.53
9947 18.89
8550 19.10
9004 19.39
9381 19.01
8751 19.51
8988 19.38
9405 19.18
10222 19.12
10613 18.88
9804 19.10
9333 19.10
8820 19.32
9119 19.50
9369 19.62
9769 19.36
10316 19.46
10080 19.78
9540 19.94
9286 20.19
9086 20.21
9001 20.09
9898 20.13
9746 20.40
9967 20.13
10479 20.19
10799 19.96
25794 20.62
6327 22.38
7180 22.01
7570 21.87
7923 21.18
8960 20.54
9070 20.41
9876 19.89
8973 20.11
10577 19.47
10423 19.43
10609 19.48
10280 19.80
10622 19.54
10226 19.83
10214 19.96
9217 20.17
9521 20.25
9950 20.25
10402 20.22
9754 20.20
8932 20.60
8623 20.92
9796 20.23
9135 20.53
9049 21.04
10331 20.70
10548 20.76
10487 20.81
10250 21.31
10218 21.11
10114 21.38
26087 21.01
5821 24.03
6845 24.04
7034 24.20
7516 24.11
7597 24.02
10588 22.16
10940 22.00
10186 21.91
11143 21.36
10771 21.23
10766 21.60
9377 21.89
8508 22.78
11334 21.54
10240 21.68
9370 22.22
9270 22.02
9377 21.90
10290 21.34
10399 21.35
10336 21.45
9777 21.34
9068 21.93
9144 21.62
9723 21.65
10513 21.34
10437 21.17
10796 21.29
10545 21.57
9570 21.88
10899 21.30
27499 21.13
4099 26.26
6968 24.90
7473 24.71
8219 23.98
7705 24.35
9813 23.09
9427 23.20
9194 23.17
10457 22.34
9973 22.83
9954 22.98
10035 22.99
9486 23.09
9854 22.90
9941 22.64
