2357 49.88
386 50.82
542 50.19
561 48.72
603 47.22
706 45.70
649 46.28
709 45.27
722 43.99
716 42.53
706 42.61
729 42.22
721 43.01
793 42.26
691 42.12
830 42.82
843 42.30
799 41.37
762 40.54
870 41.00
906 41.28
796 41.03
781 40.15
943 41.20
768 43.23
865 40.08
829 39.41
867 39.62
767 38.80
838 38.46
804 38.30
868 39.25
1755 45.74
488 42.83
816 41.07
819 39.37
867 39.21
747 39.82
727 38.45
767 39.66
765 39.02
842 40.22
773 38.58
787 38.86
751 39.41
773 39.20
816 37.69
737 38.87
825 38.31
816 38.86
861 37.75
949 37.75
725 36.72
707 37.31
852 37.55
766 37.33
802 37.40
902 38.77
954 39.11
847 39.67
657 40.22
915 38.49
761 37.57
832 37.70
1894 43.65
618 41.41
791 41.87
671 42.30
806 40.17
887 38.83
806 38.40
915 37.28
793 39.87
793 38.10
821 37.84
722 37.64
873 38.28
860 37.42
688 39.51
745 39.20
792 37.72
821 38.88
780 39.31
834 37.94
858 38.82
848 39.52
812 39.11
870 39.52
835 37.65
913 38.62
740 37.58
821 37.91
869 38.12
794 37.60
917 37.09
840 37.38
2092 41.70
679 39.93
704 40.63
852 39.18
748 41.29
916 39.16
908 38.19
826 37.59
833 37.13
853 39.32
911 37.66
814 38.97
845 37.24
807 38.63
857 37.47
950 36.41
884 36.87
843 38.79
822 40.41
905 40.22
905 40.27
936 40.02
947 39.06
947 39.23
841 38.15
890 39.09
945 37.98
887 40.21
910 37.99
939 39.15
930 38.53
902 38.24
2358 41.66
530 40.91
771 41.30
627 40.61
743 40.27
944 38.55
855 38.09
813 39.17
877 38.51
767 38.58
938 39.72
800 40.05
834 40.38
829 40.17
906 39.21
875 37.66
908 39.70
802 38.89
852 39.27
888 38.35
857 38.95
1023 38.51
985 38.40
935 38.10
900 39.37
968 39.21
988 39.87
941 37.96
1002 39.52
946 40.16
1010 40.09
1025 40.00
2517 41.34
532 42.45
715 43.40
841 41.81
841 42.00
966 40.12
963 40.72
913 41.12
884 40.74
998 39.52
906 40.18
912 39.64
1020 40.04
906 39.07
897 41.44
1006 40.34
915 40.97
876 40.19
928 39.96
889 40.63
862 40.95
843 40.52
870 40.43
1072 39.85
956 40.60
1017 41.60
917 40.45
998 40.24
976 40.46
1042 40.36
1043 40.77
1086 40.90
2510 42.33
560 44.42
763 43.72
773 44.10
746 43.77
808 43.63
887 42.64
901 43.43
922 41.81
1048 41.74
1036 41.64
988 41.49
922 42.07
889 41.49
894 42.96
1029 41.89
762 40.31
839 41.26
950 40.58
839 40.97
945 39.52
859 40.26
916 40.42
997 39.97
955 40.57
1008 39.56
941 40.54
1020 40.63
984 41.00
1024 40.34
910 39.99
994 40.59
2776 41.96
631 44.01
749 44.41
775 44.19
883 44.97
859 44.17
1045 43.65
964 43.24
944 43.25
912 43.97
943 42.97
857 43.67
891 43.80
1011 42.61
955 42.66
922 42.70
