19740 23.74
4823 25.71
8443 23.56
10274 22.07
10315 21.94
10969 21.27
10493 21.26
10099 21.08
9268 21.22
10616 20.24
9369 20.57
8830 20.72
9863 20.28
10045 20.20
10032 20.17
9924 20.72
9477 20.97
10318 20.55
10362 20.22
10479 20.38
10443 20.25
10134 20.44
10203 20.13
10674 19.98
10360 19.81
10076 19.98
9999 19.80
10896 19.56
10276 19.41
9964 19.55
10093 19.42
9893 19.56
29515 19.20
4707 22.80
6707 21.28
7571 20.55
8099 19.96
9405 18.96
9373 18.76
10466 18.23
9680 18.46
9683 18.43
9947 18.41
10792 18.16
9894 18.57
10192 18.50
9889 18.54
9363 19.00
9225 18.98
9991 18.91
9783 18.87
10994 18.37
9562 18.60
9524 18.53
11375 17.98
10736 17.98
10656 18.12
10643 18.19
10695 18.18
10402 18.33
10483 18.26
9184 18.74
9927 18.51
10908 18.17
28800 18.98
5508 21.00
6611 20.83
7213 20.09
7919 19.67
9502 18.85
9897 18.46
10921 17.95
10547 17.94
10411 18.09
10578 17.85
10282 17.82
9921 18.11
9277 18.43
10149 18.13
9712 18.30
9266 18.30
10641 17.92
9533 17.99
9965 17.82
9949 17.80
10169 18.02
10210 17.98
9500 18.20
10189 18.06
9461 18.39
9390 18.26
10641 17.91
10273 18.33
9954 18.37
10111 18.18
9046 18.71
29026 18.87
6289 20.28
7020 20.32
7047 20.06
7839 19.65
9654 18.93
9353 18.78
9478 18.91
9329 18.78
10086 18.61
9614 18.76
9372 19.01
9945 18.62
9763 18.92
9726 18.79
9410 19.04
9937 18.90
10496 18.67
10604 18.77
10492 18.94
9530 19.42
9988 19.45
10159 19.40
10823 19.08
10647 19.21
10279 19.19
9193 19.48
9719 19.26
11239 18.62
11347 18.66
11306 18.76
10830 18.76
27106 20.04
6060 20.83
6229 21.09
6883 20.75
7575 20.23
9938 19.11
11404 18.26
10019 18.58
10222 18.58
10037 18.66
10081 18.78
9890 18.67
10549 18.56
10709 18.62
11011 18.51
10058 18.74
10161 18.74
9904 18.97
10291 18.81
10428 18.94
10187 19.16
10871 19.02
10831 19.27
10313 19.61
9959 19.48
9894 19.78
9855 19.81
9989 19.82
10017 19.98
10014 20.05
10313 20.08
11006 19.88
28634 19.79
6875 21.72
7711 21.66
7612 21.57
8151 20.90
10088 19.74
9235 20.24
10973 19.23
10634 19.23
11250 19.00
11361 18.97
11793 18.92
11700 19.15
11783 19.06
10776 19.40
9837 19.99
9356 20.16
10195 19.82
10023 20.13
10749 20.09
10151 20.19
9826 20.08
10192 20.11
10107 19.91
9893 20.22
9972 20.25
10374 20.49
10376 20.51
10539 20.75
10423 21.11
10349 21.32
10429 21.38
28966 20.25
6550 23.27
7617 23.29
7703 23.68
8114 23.43
9667 22.46
10410 22.00
10741 21.92
11467 21.39
10900 21.37
10628 21.26
11125 21.37
10728 21.36
9614 22.08
10897 21.53
11755 20.94
10297 21.46
10481 21.24
10444 21.30
10654 21.12
9968 21.28
10612 21.08
10387 21.05
10220 21.10
10188 21.08
10682 21.13
11241 21.04
10334 21.38
10665 21.26
10804 21.30
10357 21.28
10905 21.23
29939 20.51
5394 24.87
8440 23.33
8302 24.02
8965 23.19
9981 22.56
10165 22.81
10141 22.90
10164 22.63
10874 22.21
10719 22.18
10888 22.36
10988 22.48
10356 22.45
11880 21.72
11484 21.90
