20193 23.57
4951 25.23
8111 23.37
11110 21.88
10312 21.79
11123 21.14
10790 21.07
10158 20.94
9410 21.10
9976 20.38
10286 20.21
9598 20.29
9428 20.34
9759 20.41
10298 19.85
10566 20.56
10342 20.41
10481 20.47
10444 20.14
10225 20.40
9365 20.56
10297 20.29
10276 20.19
11252 20.02
10453 19.91
10697 19.75
10273 19.48
10928 19.46
10142 19.53
10312 19.49
10880 19.22
10841 19.11
30232 19.05
4880 22.59
6397 21.67
7527 20.50
8317 19.78
9341 18.83
9981 18.58
10037 18.38
9163 18.70
9865 18.35
10536 18.27
10992 18.20
9786 18.60
10284 18.36
10429 18.54
10648 18.44
10324 18.52
10204 18.68
9488 19.14
10459 18.60
9809 18.52
9039 18.80
10018 18.63
10484 18.24
11646 17.88
11014 17.85
10970 18.06
10630 18.15
10562 18.20
9583 18.49
9894 18.51
9771 18.51
29787 18.81
5385 21.31
6227 20.96
7664 19.87
8234 19.51
9335 19.04
9361 18.67
10691 18.04
10114 18.25
10140 18.21
10425 17.85
9763 17.90
10444 18.06
9880 18.29
11214 17.72
10597 17.94
10991 17.67
10126 17.96
9777 17.93
10609 17.63
9334 18.07
9662 18.24
10019 18.08
10321 17.90
10306 18.05
10538 17.90
9912 18.14
10289 17.95
10768 18.21
10534 18.20
10388 18.24
10064 18.19
29573 18.74
6094 20.47
7285 20.12
6941 20.26
7951 19.71
9174 19.06
10296 18.63
10428 18.48
9385 18.72
9111 18.87
10454 18.46
9687 18.80
10106 18.63
9783 18.88
9875 18.81
9994 18.84
9811 18.84
10514 18.74
10800 18.70
10680 18.90
9642 19.33
10300 19.23
10218 19.39
10894 19.09
10500 19.11
10938 18.88
10207 18.95
9298 19.53
10446 18.91
10557 19.10
10841 19.01
10039 19.16
29484 19.42
5583 21.30
6503 20.71
7133 20.49
7317 20.38
10365 18.91
11633 18.17
10624 18.32
10618 18.42
10423 18.57
11012 18.41
10550 18.53
10063 18.80
10774 18.60
11491 18.44
10741 18.54
9709 18.85
10049 18.77
10878 18.78
10063 19.02
9395 19.47
10171 19.29
10177 19.69
10832 19.35
10958 19.08
10743 19.50
10835 19.25
11804 19.19
11288 19.31
10761 19.60
10486 19.93
10577 20.11
28851 19.77
7294 21.63
8363 21.14
8107 21.40
8509 20.76
9084 20.16
10361 19.77
10249 19.56
10844 19.08
10291 19.36
10986 19.01
11415 19.20
11043 19.46
10876 19.40
10265 19.69
10799 19.60
10016 19.77
10340 19.95
10286 19.91
10773 20.05
10296 19.95
9586 20.31
10658 19.97
10428 19.73
10103 19.93
9948 20.27
10521 20.46
10467 20.50
10875 20.64
10614 21.06
10673 21.00
10658 20.91
29319 20.16
6779 22.71
7847 22.92
7775 23.57
9215 22.61
8313 23.35
11035 21.71
10800 21.85
11901 21.05
11236 21.19
11115 21.27
11191 21.42
11092 21.27
10941 21.47
10808 21.50
11866 20.74
11430 20.92
10323 21.42
11456 20.85
11549 20.75
11250 20.62
11396 20.76
11000 20.68
11111 20.78
11011 20.70
11413 20.69
11369 20.96
11218 20.92
11425 20.54
11479 20.98
10199 21.48
10876 21.22
32125 19.99
4435 26.17
8458 23.35
9322 23.03
9424 22.78
9002 23.12
9634 23.00
9546 23.29
10500 22.35
10104 22.55
10251 22.54
10348 22.63
10382 22.83
10023 22.78
11405 22.06
12509 21.52
