21663 22.99
5618 24.77
9575 22.52
10515 21.75
11661 21.31
11789 20.68
11931 20.53
11305 20.31
11000 20.30
10508 19.98
10139 20.18
10137 20.07
10730 19.68
10356 19.87
10283 20.02
11988 19.74
11689 19.70
10407 20.15
10972 19.94
10806 20.11
10412 20.16
10664 20.11
11418 19.68
11761 19.67
11738 19.28
11359 19.34
11317 19.14
12246 18.98
11116 19.09
11432 18.79
11380 18.93
12423 18.65
32801 18.50
4829 22.81
7098 21.10
7885 20.10
10187 18.83
10071 18.37
10946 18.06
10410 18.04
10226 18.37
10244 18.13
11673 17.78
11311 17.90
10931 18.15
11308 18.04
10803 18.19
10535 18.40
10586 18.48
10864 18.46
10374 18.58
11535 18.16
11323 18.09
10711 18.10
10742 18.13
10289 18.04
11324 17.85
11236 17.86
12207 17.69
11374 17.90
9914 18.27
11586 17.85
11089 17.92
11955 17.68
32973 18.18
4858 21.74
6250 21.37
7472 20.47
9021 19.07
10430 18.61
11723 17.83
11389 17.61
11445 17.64
11444 17.67
10529 17.84
12214 17.19
11334 17.63
9939 18.14
11147 17.76
12300 17.32
10717 17.71
10665 17.76
9824 17.94
10721 17.53
11007 17.45
11073 17.59
10013 18.05
10240 17.89
10784 17.87
10751 17.96
10183 18.07
10719 17.97
10975 18.17
12049 17.78
11452 17.86
10609 17.99
33559 17.96
4909 21.16
6415 20.71
9276 19.10
8640 19.08
10293 18.58
10842 18.22
12322 17.97
10666 18.10
10251 18.36
10383 18.34
12031 17.87
10954 18.21
10351 18.66
11688 18.10
11414 18.14
11040 18.32
11091 18.35
10013 18.79
10676 18.97
11467 18.63
12229 18.55
12131 18.52
12599 18.47
12045 18.44
11887 18.55
11735 18.41
11512 18.50
11520 18.50
12011 18.55
12053 18.51
11536 18.53
31031 19.08
6262 20.72
6773 20.55
7588 20.24
7600 20.21
11300 18.43
10834 18.27
11675 17.91
11450 18.13
11278 18.30
11012 18.38
11451 18.11
10796 18.38
11151 18.55
11412 18.45
10911 18.45
10725 18.51
10982 18.47
11349 18.53
11289 18.73
10727 18.82
11966 18.68
11554 18.94
11531 18.94
11315 18.92
11263 19.12
11378 19.02
12530 18.92
11917 19.10
11476 19.39
11147 19.52
11473 19.63
31253 19.21
7340 21.32
8526 21.20
8380 21.16
9441 20.13
10453 19.45
10980 19.34
11487 18.81
11729 18.74
12309 18.61
11879 18.55
12868 18.49
12452 18.80
12676 18.66
12092 18.79
12318 18.91
10971 19.19
10426 19.79
10768 19.71
10633 20.12
10796 19.78
11821 19.32
11153 19.58
11018 19.44
10915 19.67
10893 19.83
11012 19.85
11429 19.94
11500 20.20
11666 20.49
11397 20.65
12394 20.06
31308 19.71
6953 22.51
8489 22.69
8301 23.05
9016 22.54
10132 21.91
11338 21.41
11793 21.30
12277 20.80
12074 20.92
11743 20.85
11765 20.81
10611 21.41
12126 20.98
11632 21.00
11259 20.86
12136 20.57
11228 20.79
11824 20.49
11398 20.63
11029 20.82
11543 20.70
11279 20.51
11336 20.51
11294 20.48
11323 20.63
12537 20.29
11340 20.68
11676 20.61
11687 20.86
12099 20.83
11696 20.72
34291 19.54
4934 25.79
9318 22.75
9127 23.23
9748 22.83
9952 22.52
11317 21.95
11071 21.99
11062 22.04
10810 22.13
11060 22.03
12265 21.60
12156 21.82
11372 21.93
13052 21.14
12608 21.16
