22313 22.79
5508 24.44
10021 22.27
11551 21.34
11419 21.17
12036 20.62
11891 20.57
11353 20.22
11418 20.03
10801 19.84
11142 19.73
10852 19.62
9863 19.81
10774 19.85
11618 19.42
11040 20.08
10332 20.42
11360 19.98
10911 19.92
10817 19.89
10090 20.33
11386 19.75
11494 19.70
12173 19.44
11702 19.21
11297 19.30
11938 18.84
12383 18.90
11202 19.11
11813 18.75
11341 18.83
11775 18.88
33555 18.38
5011 22.38
5906 22.16
9138 19.57
10196 18.73
11991 17.84
10420 18.20
11278 17.76
10763 18.00
10886 17.73
11352 17.87
11820 17.75
10933 18.05
11325 17.95
11443 17.82
11140 18.24
10645 18.44
10845 18.53
10884 18.42
11523 18.19
10700 18.15
10358 18.18
11874 17.81
11452 17.86
12084 17.68
11962 17.64
12250 17.65
11663 17.84
11763 17.75
11862 17.80
12950 17.41
12323 17.57
32770 18.23
4889 21.58
6892 20.68
7507 20.13
9207 19.13
11568 18.22
10967 17.94
11851 17.51
10671 17.84
11008 17.87
11397 17.54
10775 17.66
11484 17.79
10697 17.94
11054 17.67
11127 17.74
11436 17.61
10819 17.69
9894 17.79
11001 17.46
11359 17.36
10931 17.69
10278 17.97
11086 17.62
11424 17.73
10429 17.94
10658 17.96
10626 17.84
12862 17.54
11705 17.92
11174 17.83
11044 17.83
33314 18.01
5550 20.45
6688 20.52
9354 18.98
8563 19.27
10468 18.51
10789 18.31
11763 18.08
10214 18.24
11899 17.95
11211 18.10
11441 18.07
10238 18.43
11137 18.41
11802 18.15
11617 18.06
11482 18.27
11024 18.36
10318 18.77
11713 18.56
10649 18.92
11053 18.91
12290 18.56
12072 18.60
11560 18.68
11522 18.64
11079 18.65
10463 19.01
11102 18.61
11467 18.86
11138 18.79
10313 18.98
33306 18.61
5136 21.66
6106 21.23
9175 19.36
8431 19.49
10371 18.66
13427 17.64
10998 17.91
11684 17.98
11613 18.00
10886 18.31
11130 18.20
10885 18.48
10784 18.43
12249 18.29
12096 18.17
10627 18.40
11404 18.18
11539 18.42
11328 18.57
11244 18.72
12306 18.66
11864 18.77
11726 18.83
11678 18.78
11625 19.01
11556 19.02
12608 18.84
12157 19.00
11910 19.16
11730 19.32
11798 19.53
32322 18.93
6885 21.55
8613 21.03
8859 20.60
8789 20.44
10237 19.62
11394 19.21
11876 18.71
11647 18.67
12498 18.46
12773 18.40
13034 18.46
12621 18.68
13078 18.59
12173 18.75
12735 18.76
11053 19.36
10352 19.71
11537 19.42
11427 19.69
10335 19.97
12143 19.19
11306 19.47
10925 19.36
10354 19.81
11412 19.48
11436 19.77
11684 20.02
12011 19.95
11865 20.26
11482 20.47
11715 20.41
32072 19.51
7388 22.10
8445 22.52
8455 22.81
9080 22.40
10334 21.94
11557 21.28
11907 21.19
12658 20.65
12203 20.69
12147 20.63
12022 20.75
12015 20.53
11895 20.69
11723 20.95
11776 20.95
12069 20.53
11594 20.51
11795 20.47
11704 20.45
11520 20.50
11462 20.74
11607 20.40
11503 20.39
11556 20.38
11647 20.62
12404 20.46
11678 20.64
11965 20.40
12079 20.66
11928 20.70
12021 20.67
34718 19.46
5124 25.57
9490 22.49
10022 22.70
9655 22.49
10035 22.54
10499 22.60
10397 22.70
11426 21.86
10826 21.97
11514 21.67
11195 21.98
11334 22.22
10956 22.23
12521 21.42
13471 20.78
