22801 22.63
5622 24.22
9946 22.19
11882 21.12
11503 21.00
12350 20.35
12255 20.35
11559 20.08
10622 20.44
11688 19.57
11116 19.78
9954 19.90
10945 19.61
10643 19.89
11878 19.36
11182 19.91
11716 19.77
11665 19.85
11277 19.84
11262 19.83
11196 19.69
12555 19.41
11786 19.41
12275 19.32
10941 19.70
11830 19.24
11268 19.11
12169 19.03
12353 18.68
11656 18.87
11712 18.67
12187 18.73
34310 18.23
4990 22.52
5957 22.04
8737 19.66
11459 18.42
10481 18.21
10282 18.19
11257 17.77
11555 17.65
10925 17.81
11469 17.82
12328 17.66
10811 18.13
11749 17.93
11558 17.91
10681 18.29
11247 18.11
12372 18.02
10991 18.31
12401 17.82
10953 18.04
10818 17.98
11552 17.91
10735 17.92
11998 17.65
11766 17.62
12131 17.68
12296 17.62
11655 17.75
10826 18.06
12204 17.68
12988 17.38
33446 18.10
5016 21.43
6321 21.28
8660 19.51
10522 18.58
10236 18.40
10999 18.08
12504 17.29
10595 17.84
11423 17.75
11633 17.40
12184 17.14
11406 17.61
10683 17.86
11220 17.71
11278 17.64
10767 17.71
11593 17.41
10008 17.82
11082 17.53
10725 17.56
12345 17.28
11010 17.66
10835 17.74
11368 17.63
10731 17.83
11111 17.83
11493 17.63
12214 17.77
11748 17.88
11259 17.91
11202 17.86
33484 17.99
6243 20.07
7253 20.02
9159 19.00
8721 19.10
10972 18.31
11545 17.99
12285 17.97
11011 17.98
11215 18.05
11073 18.01
11014 18.17
11171 17.99
12213 18.02
11908 17.98
11932 17.99
11111 18.26
11103 18.38
10883 18.56
10684 18.88
12172 18.45
12197 18.47
12268 18.45
11894 18.65
11433 18.84
11673 18.66
10688 18.80
10995 18.79
12265 18.26
12640 18.34
12685 18.26
12095 18.45
32000 18.88
6761 20.29
7040 20.45
8549 19.54
8348 19.63
11216 18.25
12810 17.68
11549 17.94
11591 18.01
11764 17.98
11315 18.27
11020 18.24
11914 18.05
11778 18.14
12468 18.13
11735 18.23
11373 18.09
11011 18.20
11746 18.34
11456 18.49
11210 18.67
11683 18.79
11851 18.83
11784 18.90
11917 18.79
11301 18.95
11583 18.90
12640 18.85
12371 18.89
12191 19.07
12075 19.12
12481 19.19
33300 18.76
6688 21.82
8137 21.57
8643 20.92
9202 20.32
10676 19.58
11799 19.17
12313 18.60
11878 18.64
11870 18.60
11734 18.77
12009 18.79
12737 18.79
12460 18.81
11981 19.01
12099 19.02
11632 18.97
11041 19.52
11465 19.42
11727 19.52
11371 19.47
11260 19.43
11702 19.37
11409 19.29
11275 19.41
11475 19.58
11632 19.77
11375 20.04
11765 19.96
11848 20.38
11561 20.56
11897 20.28
32665 19.38
7507 22.24
8718 22.49
8655 22.60
10295 21.76
9348 22.36
11907 21.11
12270 20.92
12841 20.64
12388 20.45
12330 20.60
12202 20.71
12391 20.65
12232 20.70
12020 20.66
11641 20.83
12568 20.36
11393 20.61
12620 20.15
11565 20.59
11740 20.43
11545 20.70
11869 20.25
11788 20.44
11611 20.30
11945 20.57
11376 20.86
12552 20.25
12182 20.41
12174 20.83
12013 20.62
12347 20.29
33918 19.62
6179 24.34
9438 22.62
10234 22.45
9876 22.62
11279 21.92
11467 21.83
11322 22.06
11292 21.97
11168 21.98
12688 21.32
12438 21.40
12374 21.51
11656 21.70
13270 21.04
13046 21.05
