23212 22.49
5858 24.21
10248 21.99
10986 21.53
12070 20.91
13031 20.21
12362 20.27
11510 19.99
10986 20.14
11803 19.46
11229 19.64
11034 19.42
11734 19.28
11195 19.45
10321 19.66
12636 19.47
12935 19.34
12428 19.49
11536 19.70
11942 19.66
11554 19.54
12080 19.56
11793 19.37
12114 19.36
12488 18.98
11899 19.19
11469 19.04
12602 18.80
12039 18.74
11617 18.75
12442 18.45
13302 18.29
34317 18.23
5011 22.54
7075 20.91
9013 19.38
11118 18.50
10434 18.22
10328 18.24
11661 17.55
11619 17.73
11166 17.66
11738 17.79
12234 17.68
11648 17.85
11808 17.83
11641 17.82
11747 18.07
11765 18.13
11252 18.29
10972 18.47
10936 18.27
11687 17.87
10747 17.99
12242 17.66
12881 17.30
12428 17.48
12376 17.41
12617 17.51
12081 17.76
12213 17.64
11448 18.00
11544 17.85
12235 17.63
34160 17.96
5289 20.89
6821 20.60
8537 19.50
10389 18.50
9640 18.51
11865 17.66
11187 17.64
11795 17.52
11784 17.61
11178 17.55
11577 17.32
11678 17.58
11056 17.66
11140 17.72
11606 17.51
11077 17.78
11720 17.36
10073 17.72
11530 17.45
10553 17.58
11358 17.65
12133 17.40
10907 17.59
10474 17.95
11268 17.75
12597 17.42
11378 17.77
11972 17.79
12161 17.72
11548 17.79
11387 17.77
33689 17.93
6655 19.73
7381 19.83
8205 19.54
9414 18.80
9801 18.66
11640 18.12
10593 18.40
11938 17.85
10768 18.24
11001 18.15
11830 17.98
11374 18.06
11054 18.30
12525 17.82
12360 17.95
11555 18.17
11562 18.20
11099 18.54
10538 18.91
11620 18.58
12851 18.35
12562 18.46
12315 18.61
11693 18.72
11390 18.73
11581 18.53
10752 18.87
11389 18.54
12086 18.57
11931 18.62
11590 18.60
32774 18.71
6899 20.16
7127 20.18
7848 20.00
8838 19.21
11420 18.20
12969 17.59
11947 17.66
11902 17.92
12069 17.98
11482 18.23
11043 18.21
12408 18.00
12010 18.07
12889 17.93
12135 18.00
11698 18.18
12056 18.04
13160 18.07
12977 18.08
12568 18.15
13215 18.26
12739 18.40
12517 18.65
12371 18.59
12272 18.80
11418 18.98
11415 19.36
11901 19.16
12481 18.99
12242 19.20
13159 19.08
33471 18.73
6689 21.82
8257 21.65
8810 20.96
9939 19.87
10419 19.64
11675 19.01
12055 18.68
12365 18.46
12443 18.42
11306 18.71
12964 18.55
12674 18.68
12426 18.75
12313 18.80
12229 18.92
12105 18.87
12244 18.90
12322 18.98
13066 19.01
12310 19.08
11333 19.35
10753 19.81
11729 19.21
11759 19.22
11544 19.53
11379 19.62
11873 19.92
12213 19.80
12254 20.16
11845 20.29
11782 20.30
33178 19.28
7658 22.13
8802 22.28
8732 22.52
10477 21.61
9464 22.19
12167 20.93
12398 20.84
13440 20.38
12470 20.52
11055 21.33
12874 20.38
12812 20.45
12217 20.82
12198 20.68
12122 20.73
12617 20.48
11808 20.45
12351 20.09
12063 20.29
11724 20.44
12319 20.42
11484 20.48
12276 20.23
11617 20.32
13373 19.79
13465 19.80
12904 19.91
13408 19.90
13339 20.13
13032 20.08
11629 20.84
33743 19.65
5331 25.33
9584 22.52
9556 22.80
10105 22.56
10508 22.32
13185 21.27
12757 21.27
12459 21.25
12008 21.36
10987 22.00
10391 22.60
11824 22.03
12895 21.22
12068 21.64
13741 20.77
