26321 21.52
6868 22.82
10399 21.64
13089 20.59
12433 20.47
15003 19.52
14556 19.47
13071 19.29
12301 19.57
12832 19.00
12720 19.03
12521 18.88
12966 18.79
12976 18.83
14005 18.56
13419 19.04
13482 19.01
12894 19.18
13079 19.12
14335 18.73
13682 18.87
14145 18.79
13460 18.74
13804 18.64
13089 18.71
13186 18.61
13522 18.33
14366 18.14
12462 18.48
14092 18.08
12835 18.25
14707 17.99
38706 17.43
5320 21.94
8675 19.78
9779 19.13
11021 18.33
10709 17.95
12687 17.54
12474 17.23
13162 17.03
12613 17.20
14599 16.96
14260 17.03
13079 17.29
14077 17.15
13294 17.34
12519 17.76
12762 17.69
11905 18.09
12391 17.89
14377 17.27
14135 17.06
12255 17.49
12637 17.47
14556 16.98
15171 16.81
14237 16.86
15102 16.84
14571 16.98
12142 17.48
12811 17.45
13678 17.24
12578 17.54
38962 17.10
5219 21.11
6859 20.52
11386 18.26
11386 18.03
11442 17.83
12300 17.43
14411 16.70
13007 17.03
12535 17.35
13152 16.94
12597 16.85
12564 17.36
12781 17.17
12561 17.31
12732 17.13
11812 17.42
12385 17.30
12122 17.16
12482 17.06
12963 16.92
13088 17.02
12666 17.19
11952 17.30
12058 17.53
12818 17.27
12083 17.52
11848 17.66
13370 17.49
12356 17.73
13131 17.43
12793 17.40
38455 17.08
6514 19.75
8301 19.42
9424 18.87
11783 18.03
11775 17.92
12806 17.51
12871 17.68
12071 17.73
12437 17.68
12096 17.77
13762 17.51
13578 17.49
13792 17.57
13409 17.49
12987 17.69
12696 17.83
12810 17.91
12951 17.90
12338 18.25
13086 17.95
12688 18.30
12214 18.45
12522 18.45
12625 18.32
12817 18.38
11963 18.43
13630 17.96
14631 17.59
14724 17.78
14552 17.79
13608 17.85
35554 18.21
7703 19.72
8053 19.61
9586 19.01
9277 18.94
12439 17.88
13031 17.49
13649 17.24
13358 17.45
13311 17.63
12668 17.74
13504 17.45
13210 17.60
13290 17.69
14940 17.41
14052 17.43
12790 17.79
12690 17.90
13836 17.84
13244 17.99
13087 18.03
13660 18.16
13132 18.50
12985 18.50
12447 18.53
12358 18.77
12965 18.54
13711 18.65
12944 18.76
13916 18.59
14269 18.59
14944 18.35
37108 18.02
7305 21.35
8978 20.83
10473 19.88
10339 19.53
11814 18.90
13351 18.51
13749 18.06
14585 17.79
13894 17.89
14274 17.80
15184 17.78
14955 17.81
15098 17.93
14765 17.94
14592 18.10
12753 18.54
11680 19.19
12467 19.03
12345 19.24
11907 19.41
13016 18.70
13308 18.76
13139 18.63
13116 18.75
12737 18.92
13149 19.15
13166 19.31
13476 19.23
13327 19.82
13580 19.65
12940 19.68
37128 18.54
8193 21.47
9604 21.71
10485 21.38
10194 21.67
11700 21.12
11922 21.01
12508 20.98
14229 20.06
14934 19.63
14004 19.82
13954 20.04
14019 19.75
13716 19.92
13832 19.98
15192 19.57
14569 19.51
14446 19.49
12826 19.85
14699 19.31
14489 19.35
14794 19.30
13872 19.46
14524 19.48
13870 19.42
14348 19.46
14220 19.62
12849 20.00
13753 19.73
13316 20.00
14323 19.80
13477 19.91
39872 18.49
5967 24.73
9708 22.41
10836 22.21
11197 21.82
12887 21.03
11683 21.68
13361 20.98
12596 21.10
12702 21.05
14375 20.36
13694 20.70
14248 20.63
13253 20.87
13676 20.72
13734 20.60
