27728 21.08
7822 22.54
11356 21.09
13641 20.30
14600 19.68
15754 19.13
14934 19.15
14126 19.01
12941 19.27
15103 18.36
14224 18.38
13331 18.50
15228 18.07
14975 18.14
15011 18.08
15713 18.36
15253 18.44
14049 18.93
14577 18.68
15185 18.43
15256 18.34
15284 18.40
14910 18.31
14707 18.44
13020 18.69
14052 18.40
14510 18.00
15028 18.04
13995 18.11
14356 17.93
13945 17.85
15563 17.68
40449 17.13
5904 21.22
8876 19.66
10820 18.58
12619 17.68
12547 17.43
13216 17.24
13198 17.04
12624 17.26
12783 17.15
14365 16.91
13907 17.07
14169 17.07
14111 17.15
13684 17.22
13762 17.40
14372 17.32
13346 17.67
13491 17.45
14179 17.31
14206 17.21
13243 17.24
13467 17.28
14187 17.03
14767 16.91
14485 16.89
15002 16.96
14401 16.99
13912 17.14
12763 17.43
13350 17.35
14723 16.93
41029 16.68
5921 20.33
7430 20.24
12043 18.02
11967 17.84
12055 17.68
13347 17.12
13353 16.84
12780 17.05
13161 17.15
12863 17.03
12991 16.83
14327 16.98
13496 17.09
13508 17.04
14540 16.72
13607 16.90
13183 16.94
11937 17.24
12495 17.15
12970 17.02
13653 16.97
13083 17.07
13439 17.02
14172 16.94
12434 17.41
14531 16.94
13591 17.05
14815 17.09
13850 17.39
13918 17.20
14741 16.93
42708 16.23
4922 21.18
8643 19.42
12250 17.99
11189 18.02
12297 17.75
12008 17.68
13372 17.48
15156 16.94
14136 17.18
14006 17.17
14491 17.23
13591 17.40
14397 17.39
14492 17.28
13830 17.37
13376 17.58
13513 17.58
12950 17.95
14583 17.71
14088 17.70
13992 17.89
15777 17.53
16152 17.53
14956 17.75
15339 17.62
14441 17.65
14265 17.70
14026 17.65
14692 17.74
14685 17.68
14400 17.70
39479 17.50
6638 20.04
7694 19.79
10382 18.74
10027 18.66
13178 17.76
15174 16.97
13257 17.28
13189 17.50
13838 17.44
13059 17.78
13861 17.46
13081 17.67
14613 17.47
15694 17.25
14519 17.39
15272 17.15
14501 17.27
15296 17.36
15066 17.53
14292 17.66
14958 17.76
15024 17.90
14883 17.93
14833 17.84
14685 17.98
13871 18.18
14894 18.22
13934 18.48
14017 18.53
14810 18.28
15508 18.27
38986 17.66
8147 20.49
10078 20.18
10745 19.61
11488 19.07
11785 18.79
14963 18.02
14332 17.85
15594 17.56
14633 17.70
14969 17.56
15863 17.65
15510 17.79
16011 17.72
15294 17.81
15381 17.81
13499 18.25
12980 18.55
13149 18.67
13109 18.99
12568 19.01
15100 18.12
14040 18.62
13309 18.50
14033 18.49
14033 18.59
13855 18.81
13854 19.01
14505 18.87
14269 19.11
14060 19.53
13820 19.49
39159 18.18
8775 21.00
10084 21.53
10133 21.64
12198 20.71
12100 20.79
14229 19.98
14450 20.03
15560 19.47
15053 19.41
14893 19.59
14361 19.67
14579 19.71
14512 19.67
16132 19.22
15379 19.37
13765 19.70
13513 19.54
13573 19.68
12719 20.20
15895 19.09
14232 19.50
15347 18.98
15853 18.87
15246 18.99
15296 19.24
13994 19.68
13980 19.49
14810 19.37
14171 19.62
15064 19.52
14383 19.57
40193 18.42
7870 23.09
10303 21.94
12627 21.27
11517 21.46
13548 20.76
13679 20.65
13277 20.92
13253 20.76
14891 19.99
14563 20.14
14575 20.23
14726 20.45
16083 19.75
15648 19.97
15571 19.98
