28851 20.79
8056 21.96
11745 21.00
14306 19.98
13441 19.95
14994 19.35
16174 18.81
14715 18.68
15223 18.50
14901 18.22
15190 18.22
15062 18.11
15069 18.04
14206 18.34
15692 18.00
16228 18.38
15955 18.28
15885 18.38
15414 18.28
15446 18.44
15377 18.31
16098 18.21
14647 18.29
15327 18.32
14985 18.11
15219 18.05
15395 17.85
15218 17.94
15028 17.84
14603 17.80
15308 17.74
15379 17.74
43131 16.67
4903 22.24
9519 19.42
11800 18.31
14317 17.19
12155 17.52
13113 17.20
14557 16.62
14119 16.81
13774 16.88
13512 17.08
15545 16.74
14364 17.00
14389 17.01
13938 17.18
14663 17.20
14569 17.28
13520 17.55
14069 17.35
13878 17.36
14290 17.21
13870 17.09
13938 17.08
14577 16.84
16861 16.41
15672 16.46
16417 16.56
15889 16.59
13289 17.23
12237 17.56
12771 17.47
12991 17.39
42568 16.42
5837 20.57
7575 20.09
11311 18.26
11576 18.00
12883 17.37
13229 17.04
14749 16.53
14170 16.68
14213 16.83
14010 16.72
13837 16.53
14204 16.92
15023 16.66
14786 16.71
14760 16.67
13735 16.92
13744 16.94
11981 17.19
13006 17.06
11722 17.22
13816 17.01
15088 16.53
13549 16.86
14311 16.92
12737 17.16
15138 16.73
13839 16.92
15482 16.96
14561 17.22
14572 17.06
15358 16.84
43255 16.15
5383 20.31
8682 19.35
11454 18.18
12124 17.81
12889 17.62
12675 17.51
13865 17.44
13848 17.27
14868 17.07
14411 17.11
14799 17.24
14330 17.24
14229 17.48
14183 17.34
13995 17.40
13742 17.62
13441 17.66
13512 17.71
13064 18.11
13974 17.89
15254 17.65
14953 17.71
14980 17.85
14431 17.86
14541 17.80
14080 17.79
13978 17.81
14082 17.73
14327 17.89
14330 17.90
14204 17.89
41923 17.08
6204 20.54
7499 20.21
10927 18.49
10571 18.48
14233 17.36
13278 17.38
15426 16.80
15264 16.99
15303 17.00
15320 17.11
14668 17.15
14384 17.27
14748 17.29
15931 17.14
15011 17.37
14015 17.45
14390 17.34
16175 17.29
15433 17.32
14914 17.59
15754 17.59
15036 17.79
15354 17.79
15193 17.74
15018 17.89
15148 17.83
16822 17.72
15813 18.03
15419 18.09
15333 18.16
15544 18.25
40599 17.34
6735 21.66
9491 20.59
11103 19.45
12063 18.93
12192 18.60
15215 17.94
14547 17.76
14090 17.85
14212 17.77
14987 17.60
15477 17.80
15568 17.70
15441 17.83
14909 17.86
14849 17.95
14700 17.97
14974 17.98
14961 18.06
15353 18.18
15296 18.13
15463 18.01
15760 18.04
14964 18.08
14940 18.24
14642 18.43
14888 18.53
15071 18.59
15363 18.70
15431 18.86
15278 18.98
14893 19.00
40329 17.97
8831 21.06
10205 21.37
11133 21.07
12060 20.62
14005 20.17
14081 19.99
14525 20.06
15692 19.57
15151 19.52
14768 19.36
14682 19.60
14974 19.46
13423 20.15
15325 19.52
14605 19.77
15351 19.25
14456 19.33
14800 19.17
14788 19.20
14506 19.27
14665 19.32
14382 19.38
14654 19.38
14547 19.21
14558 19.38
15447 19.10
14824 19.38
14979 19.23
14859 19.47
14974 19.38
15023 19.38
41066 18.28
8411 22.25
9732 22.41
11905 21.55
12386 21.32
12745 21.02
14692 20.35
14040 20.60
13692 20.59
15550 19.76
15132 19.97
14992 20.15
15227 20.22
14672 20.19
16492 19.76
16171 19.78
