29294 20.66
8221 22.02
11866 20.86
14272 19.95
14905 19.44
14815 19.29
16184 18.83
14925 18.67
13428 18.97
15708 18.06
13650 18.58
13930 18.32
14534 18.31
13619 18.53
14382 18.32
14296 18.75
14486 18.71
14016 18.93
14768 18.61
15286 18.54
15605 18.20
16029 18.27
15261 18.24
15334 18.26
14414 18.29
16318 17.91
15806 17.72
16106 17.75
15467 17.68
15291 17.69
15800 17.46
16169 17.53
42646 16.75
5042 21.95
9637 19.39
12062 18.20
13129 17.52
12670 17.31
13097 17.21
13091 17.09
13786 16.83
14886 16.61
15988 16.54
15767 16.60
14279 17.05
14357 17.04
13814 17.23
14854 17.12
14816 17.19
13988 17.42
14229 17.45
14084 17.28
14415 17.18
14160 17.00
14028 17.17
13717 17.02
14780 16.88
15032 16.69
15558 16.79
15051 16.79
14865 16.92
13274 17.28
12141 17.60
12224 17.76
43039 16.32
6023 20.22
8581 19.27
9578 18.76
13651 17.43
12774 17.34
12229 17.39
14126 16.83
15127 16.56
14526 16.80
13026 17.07
14427 16.57
15848 16.53
15505 16.61
15188 16.56
14766 16.59
13564 16.91
13922 16.85
12464 17.03
13454 17.13
11856 17.20
13440 17.07
15442 16.50
13981 16.80
14332 16.94
13304 17.08
13439 17.18
12832 17.35
16333 16.83
15128 17.07
14591 17.02
15707 16.78
43966 16.04
5310 20.37
9262 19.20
13047 17.65
11896 17.83
12752 17.59
14156 17.22
15023 17.15
14193 17.20
14523 17.22
14370 17.14
14784 17.14
14327 17.21
14504 17.39
14305 17.32
14134 17.28
14165 17.41
14053 17.43
13263 17.82
14658 17.61
15242 17.62
15432 17.59
15167 17.69
14616 17.97
14387 17.82
14721 17.75
13660 17.90
12869 18.01
14559 17.54
14500 17.76
14608 17.80
14171 17.67
42599 16.97
6118 20.47
7784 19.85
10331 18.66
11204 18.26
13882 17.38
15768 16.69
13831 17.10
14212 17.13
15507 16.99
15712 16.99
15100 16.95
14030 17.40
15014 17.19
16547 17.04
15551 17.15
14367 17.47
15163 17.21
16299 17.14
15814 17.35
15250 17.44
15972 17.57
15355 17.78
15280 17.78
14852 17.83
14733 17.96
15066 17.90
16785 17.67
15719 17.92
15644 18.03
15764 18.16
15792 18.13
39640 17.55
8185 20.47
10365 20.01
10483 19.78
13204 18.58
13372 18.17
14995 17.85
14435 17.74
14862 17.72
14605 17.70
15042 17.59
15505 17.80
16593 17.54
16697 17.54
16153 17.65
15982 17.66
14343 17.98
13752 18.39
13867 18.49
14849 18.39
14364 18.42
14365 18.28
14715 18.35
13792 18.41
14244 18.42
14012 18.55
14320 18.60
14537 18.72
14918 18.87
14989 19.02
14470 19.34
14661 19.22
41095 17.85
9103 20.82
10554 21.05
10422 21.34
12835 20.40
12495 20.71
14738 19.86
15302 19.75
16062 19.31
15812 19.36
14972 19.37
15143 19.36
15365 19.47
15199 19.49
16800 18.99
16235 19.04
14356 19.48
14690 19.18
15140 19.04
14882 19.20
14784 19.35
15015 19.28
14139 19.25
15254 19.08
14838 19.16
15957 18.85
14725 19.33
14981 19.17
15277 19.28
14921 19.26
15457 19.24
15281 19.28
41803 18.15
8319 22.42
10725 21.99
11770 21.60
12499 21.15
14024 20.42
14632 20.35
14186 20.51
13722 20.73
15481 19.74
15146 19.89
15295 20.04
15413 20.31
14595 20.15
14882 20.17
17102 19.58
