30457 20.33
8843 21.40
13411 20.24
14687 19.76
16011 19.15
16581 18.70
16111 18.76
15633 18.44
13924 18.71
15275 18.15
14571 18.37
13388 18.46
15999 17.94
15798 17.99
15440 18.02
15991 18.37
15539 18.32
15646 18.43
16345 18.17
16076 18.32
15885 18.20
16080 18.23
15604 18.04
15768 18.11
15007 18.13
15084 17.98
15803 17.75
15721 17.82
15591 17.68
15443 17.64
15218 17.59
17283 17.37
44918 16.32
5305 21.84
9954 19.17
11763 18.20
14086 17.30
12200 17.49
13634 17.07
15426 16.43
14797 16.62
16550 16.12
16515 16.32
16433 16.42
15117 16.83
16027 16.61
15229 16.89
14290 17.29
13210 17.55
14379 17.44
15601 17.09
13892 17.41
14619 17.02
15158 16.77
16201 16.58
16264 16.53
15832 16.59
15418 16.57
16117 16.67
15277 16.76
13856 17.16
13306 17.38
14971 16.98
16188 16.60
44503 16.04
6354 19.96
7967 19.53
11594 18.07
13058 17.42
13811 17.05
14563 16.83
14744 16.56
14636 16.62
15312 16.59
15052 16.48
16146 16.15
15679 16.57
15287 16.62
15266 16.60
15185 16.55
14823 16.68
14000 16.89
13148 16.87
13431 16.95
15806 16.25
14839 16.69
13727 16.93
14378 16.66
15061 16.71
13659 16.97
14118 16.98
15053 16.73
16150 16.90
15409 16.93
14995 16.96
16104 16.59
44605 15.95
6857 19.34
9085 19.22
13107 17.64
12396 17.61
13422 17.44
14379 17.07
14906 17.08
13641 17.30
13838 17.31
15124 16.90
15581 16.93
14687 17.09
14161 17.49
15273 17.08
15264 17.12
14782 17.18
14750 17.35
14919 17.33
14675 17.64
14580 17.59
14086 17.92
15673 17.60
16304 17.58
15484 17.62
15427 17.59
15061 17.58
14803 17.66
14442 17.75
15019 17.67
14633 17.81
14986 17.57
44356 16.63
6395 20.43
8283 19.57
12045 18.19
12767 17.79
12515 17.63
14600 17.10
16253 16.49
16218 16.79
16042 16.80
16188 16.89
15696 16.81
14788 17.20
15648 17.12
17063 16.97
15654 17.02
14714 17.33
15355 17.12
16757 17.03
16356 17.12
15825 17.31
16740 17.35
16212 17.56
15996 17.64
15676 17.59
15504 17.84
16162 17.67
17305 17.60
16413 17.79
16074 18.02
16015 18.01
15498 18.32
43246 16.87
8126 20.66
10102 20.26
11414 19.33
13822 18.32
13791 18.13
16072 17.53
15449 17.49
15483 17.52
16314 17.19
16521 17.09
17564 17.15
16830 17.48
17044 17.46
16323 17.53
16743 17.52
14890 17.86
13728 18.35
13030 18.77
16392 18.08
14796 18.21
14933 18.03
15298 18.17
14703 18.08
14872 18.25
15189 18.27
15004 18.48
14843 18.59
15048 18.70
15543 18.83
15100 19.12
14908 19.10
42758 17.55
9361 20.61
10936 20.97
12155 20.46
12959 20.17
14920 19.80
14713 19.63
15680 19.62
16454 19.28
16112 19.17
15877 19.17
15789 19.15
15949 19.11
15481 19.26
15590 19.37
15456 19.35
15831 19.10
15680 19.08
15488 18.89
15556 18.92
15400 19.12
16989 18.63
16479 18.50
17133 18.58
16515 18.71
16299 18.74
15017 19.26
16836 18.67
16951 18.77
16747 18.98
15252 19.27
15534 19.19
42603 18.02
8471 22.35
10950 21.82
12144 21.45
12971 20.85
12068 21.23
15671 20.11
14766 20.23
14749 20.15
15888 19.61
15645 19.78
14270 20.69
15283 20.27
15998 19.75
17495 19.43
17179 19.44
