30822 20.21
9024 21.33
12483 20.48
15306 19.61
14485 19.56
16514 18.90
17198 18.52
16014 18.35
15798 18.31
16034 17.89
14795 18.23
13561 18.43
15713 17.99
14572 18.28
16614 17.77
16485 18.17
16041 18.27
16179 18.33
15198 18.53
15489 18.53
15417 18.32
16581 18.12
16090 17.89
15972 18.03
15302 18.05
15977 17.85
15381 17.73
16547 17.62
15218 17.67
15522 17.60
15622 17.53
17582 17.22
44307 16.49
6102 21.07
11343 18.73
12478 17.96
13364 17.35
13688 17.08
14062 16.88
13805 16.73
14466 16.79
13830 16.82
16434 16.39
15159 16.73
15431 16.73
15617 16.81
14611 16.96
15434 16.95
15586 16.95
15086 17.15
14505 17.22
16216 16.79
14964 17.00
14546 16.88
16545 16.56
16841 16.32
16207 16.56
17242 16.15
17190 16.33
17012 16.35
14086 16.99
14541 16.95
13924 17.10
13169 17.34
45021 15.99
6530 19.73
8998 19.09
11392 18.07
13189 17.39
14974 16.72
14099 16.72
14819 16.44
15419 16.41
14704 16.66
15063 16.45
16932 16.02
16119 16.43
16044 16.52
15421 16.54
15757 16.46
14139 16.83
14736 16.64
14664 16.48
13905 16.79
14832 16.47
15275 16.51
14674 16.61
13976 16.71
13722 17.05
14214 17.08
12919 17.27
14304 17.13
14839 17.17
14578 17.17
15865 16.84
15247 16.80
47047 15.62
5254 20.52
9125 19.42
12544 17.86
12072 17.82
14279 17.28
14788 17.01
15197 17.08
13939 17.19
14864 17.16
14476 17.17
16013 16.94
15908 16.89
16032 17.03
15376 17.11
15299 17.10
14989 17.25
14578 17.36
15252 17.29
17068 17.03
16851 17.14
16513 17.28
16899 17.21
16466 17.35
15951 17.40
16220 17.37
16120 17.34
15502 17.27
15458 17.39
16005 17.42
16249 17.44
15482 17.48
44913 16.55
6042 20.49
8694 19.22
11814 18.21
11368 18.14
14723 17.16
15835 16.69
15386 16.77
14465 17.12
15291 17.08
15768 17.08
16114 16.85
14839 17.21
15532 17.10
16725 16.96
15917 16.98
16031 17.01
15771 17.02
16960 17.05
16694 17.05
16237 17.25
16901 17.34
16294 17.50
16039 17.62
15037 17.84
16290 17.62
15936 17.59
17568 17.58
16823 17.70
16608 17.79
16537 17.83
17372 17.78
41064 17.27
8509 20.35
10259 20.38
11792 19.13
12598 18.63
14385 17.96
15964 17.54
15942 17.35
15620 17.54
14969 17.61
15850 17.36
16318 17.59
17831 17.29
17844 17.30
16883 17.46
16661 17.46
14607 17.88
14011 18.31
14728 18.16
15500 18.18
15643 18.06
14992 18.09
15305 18.20
15228 18.02
14903 18.26
15062 18.34
16555 18.08
17161 17.99
17040 18.22
16477 18.52
16263 18.65
15729 18.75
42879 17.54
9129 20.94
10711 21.06
12157 20.38
12993 20.17
14800 19.86
14977 19.49
15662 19.56
16904 19.14
16061 19.17
15813 19.27
16035 19.03
16188 19.09
15596 19.24
15683 19.17
17217 18.81
15285 19.11
15934 18.92
15875 18.86
15505 18.91
15508 18.98
15597 19.08
15219 18.98
16087 18.91
15312 18.91
15718 19.08
16468 18.85
15217 19.06
16021 18.89
16101 19.09
15934 19.04
16115 18.92
44227 17.74
8749 22.40
11397 21.24
12444 21.27
13088 20.85
13442 20.82
15730 19.99
15158 20.30
14962 20.13
16096 19.60
16386 19.60
16041 19.70
16363 19.82
15511 19.91
17814 19.40
16966 19.44
