31116 20.13
9262 21.17
12804 20.36
15652 19.58
16553 18.98
17083 18.57
16706 18.55
14261 18.78
13530 18.92
16304 17.99
15168 18.17
16055 17.67
16394 17.73
15707 17.99
15871 17.91
16566 18.18
16595 18.18
16890 18.17
16602 18.13
16297 18.20
16179 18.14
16404 18.18
15879 18.03
16117 18.06
15574 17.89
14942 18.07
16545 17.54
16602 17.62
15367 17.65
15874 17.46
16200 17.39
17493 17.19
46666 16.07
5302 21.86
10538 19.09
11898 18.26
14108 17.24
13808 17.03
12611 17.29
14940 16.59
16412 16.33
16403 16.16
15864 16.48
17130 16.29
15471 16.74
16764 16.46
15601 16.75
15357 17.01
14817 17.19
14453 17.40
15588 16.95
15580 16.90
15630 16.78
14708 16.86
16418 16.55
16274 16.42
17867 16.19
16822 16.19
17448 16.27
16843 16.41
14527 16.95
14170 17.07
12969 17.34
14143 17.06
45540 15.92
6802 19.54
9141 18.93
13364 17.57
14904 16.86
13229 17.14
14961 16.56
14275 16.67
14717 16.58
14492 16.80
16189 16.24
16294 16.00
16440 16.34
16333 16.48
16109 16.44
15669 16.43
14588 16.74
14947 16.54
13381 16.88
13382 16.84
13258 16.85
15574 16.59
14395 16.79
13767 16.79
14825 16.87
14687 16.84
15966 16.62
15245 16.73
16337 16.83
16080 16.88
15569 16.88
16559 16.54
44927 15.93
7945 19.10
9616 18.67
12998 17.66
12776 17.60
13220 17.50
14778 16.95
15808 16.92
14156 17.08
15027 17.06
14058 17.18
16218 16.82
15661 16.88
16202 17.00
15742 17.01
15380 17.08
14816 17.28
14927 17.24
15883 17.18
16327 17.27
16071 17.35
15938 17.48
17307 17.17
17224 17.28
16324 17.35
16692 17.27
16165 17.33
15989 17.28
15371 17.28
16128 17.40
16107 17.42
15519 17.45
45443 16.43
6343 20.30
8814 19.05
11974 18.11
11415 18.12
14792 17.22
16715 16.55
14881 16.87
14563 17.10
15424 16.98
15740 16.96
15903 16.84
16427 16.89
16173 16.95
16875 16.95
15794 17.04
15184 17.17
14661 17.32
15653 17.24
15888 17.31
16617 17.11
17688 17.19
16871 17.42
16804 17.38
16610 17.40
16415 17.52
16265 17.53
17703 17.44
16705 17.72
16731 17.77
17773 17.57
17698 17.67
40494 17.39
8275 20.35
10384 20.14
11457 19.27
13190 18.52
13575 18.09
16431 17.55
15986 17.34
15456 17.60
16389 17.11
15472 17.39
16589 17.45
18130 17.10
18335 17.16
17032 17.30
17021 17.41
15637 17.75
15779 17.77
16047 17.85
16509 17.86
16183 17.85
14899 18.06
15537 18.18
15307 18.08
14923 18.21
15059 18.31
16859 17.94
17097 18.05
17022 18.18
16754 18.45
16530 18.60
16338 18.68
43278 17.48
9148 20.85
10775 20.78
10875 21.16
11937 20.67
15728 19.58
14861 19.56
14435 20.02
16018 19.40
14988 19.38
16707 19.06
16496 19.01
18080 18.60
17967 18.81
17376 18.74
16977 18.74
15277 19.22
15588 19.00
15417 19.06
16641 18.67
15438 18.98
15808 18.97
15359 18.91
16124 18.83
15481 18.87
15904 18.97
16628 18.83
15606 18.96
16346 18.90
16103 19.08
16093 18.96
16242 19.01
46869 17.31
7241 23.62
11449 21.57
12723 21.07
12103 21.43
13971 20.55
16026 19.87
15365 20.14
15272 19.99
16168 19.40
16454 19.52
16617 19.56
16602 19.69
15953 19.71
18054 19.27
17690 19.22
