4214 39.07
732 42.30
1316 39.09
1465 38.13
1655 36.83
1568 36.27
1687 36.18
1722 36.60
1653 35.32
1625 35.03
1658 34.44
1521 34.78
1807 34.63
1677 34.63
1592 34.03
1794 35.32
1887 34.04
1642 35.31
1668 34.96
1811 34.74
1884 33.53
1697 34.44
1900 33.48
1875 33.71
1776 34.33
1736 33.04
1803 33.15
1776 33.53
1706 32.15
1592 32.30
1883 31.95
1928 32.04
4130 35.11
1299 34.66
1607 32.98
1316 33.53
1582 32.60
1711 31.94
1792 31.44
1685 31.65
1587 32.46
1704 31.60
1668 31.85
1791 31.90
1667 32.35
1517 32.15
1590 32.12
1581 31.53
1647 31.43
1485 33.63
1557 32.29
1755 31.76
1686 31.25
1610 31.32
1723 29.98
1566 30.14
1849 30.70
1938 30.32
1935 31.25
1921 32.43
1582 32.72
1621 31.84
1676 31.41
1738 31.71
4449 33.63
1054 35.24
1566 35.58
1454 34.56
1694 34.29
1590 33.83
1672 33.04
1647 32.25
1634 31.71
1659 32.14
1531 32.04
1663 30.64
1653 31.47
1661 30.78
1693 31.31
1643 31.83
1732 32.23
1610 32.33
1731 31.75
1602 32.02
1644 31.84
1843 31.55
1842 32.73
1983 32.67
1914 31.80
1597 31.58
1719 31.15
1804 30.90
1578 31.97
1817 30.58
1817 29.36
1837 29.55
4804 32.71
1101 34.66
1524 34.07
1561 33.72
1765 33.14
1518 33.34
1575 31.60
1867 32.28
1497 32.18
1739 31.86
1770 31.53
1822 31.88
1801 32.32
2000 31.56
1890 32.95
1853 32.57
1733 32.98
1910 32.97
1934 32.08
1720 33.77
1816 32.34
1798 33.47
2148 32.78
2041 32.35
1874 32.42
1838 31.53
1647 33.53
1872 33.34
1971 33.08
1908 32.88
1947 32.55
1909 33.49
4913 33.67
957 36.10
1365 35.75
1477 35.04
1558 33.28
1870 32.08
1688 33.77
1802 32.34
1802 33.39
1903 33.84
1953 32.54
1873 33.52
1727 32.71
1670 33.98
1762 32.75
1806 32.95
1737 32.93
1934 32.63
1959 31.76
2075 32.32
1948 32.26
2211 31.29
2010 32.47
2027 31.92
1885 33.00
1928 32.16
1895 33.06
2018 32.28
1886 33.84
2016 33.51
2039 34.29
1996 33.07
5007 34.08
1201 36.70
1681 35.21
1447 36.66
1689 34.49
1631 34.95
1916 34.55
1754 35.10
1952 33.33
2024 33.02
1840 32.94
1783 33.59
1902 34.03
1826 33.71
1797 34.44
2062 33.11
1775 34.61
1695 34.09
2019 35.05
1991 34.19
1965 33.44
1676 34.40
1823 33.97
1828 33.58
1841 34.30
1873 34.62
1882 33.68
2018 33.79
1957 32.73
2017 34.31
2093 34.56
2066 34.60
5198 33.94
1173 35.45
1567 35.22
1610 36.81
1502 37.49
1483 37.45
1767 35.58
1874 36.26
1808 35.48
1843 35.53
1758 35.52
1696 35.84
1721 35.19
1856 35.23
1938 35.26
1784 34.72
1912 34.77
1911 33.77
2034 34.04
1713 33.57
1819 33.73
1834 34.18
1899 33.69
1851 34.49
2022 33.87
1947 33.88
1905 35.26
2061 33.54
1976 34.47
2104 33.73
1763 33.72
1889 33.48
5584 34.17
1089 37.02
1354 37.51
1536 37.84
1818 37.24
2133 35.67
2002 35.79
2044 35.99
2058 36.41
2019 36.37
1941 36.01
1813 36.11
1883 36.97
1635 36.45
1902 36.65
2225 35.48
