6760 33.58
1352 36.20
2480 34.72
2926 32.45
2966 32.08
3003 31.19
3208 30.73
3162 30.47
2881 30.09
2950 30.35
3188 29.49
2888 29.82
3175 29.93
3169 29.36
2999 29.11
3314 29.60
3164 29.67
3477 28.48
3309 27.73
3377 28.21
3234 29.13
3328 28.36
3257 28.15
3340 28.48
3558 27.98
3150 27.54
3437 27.08
3298 27.63
3308 27.00
3350 26.86
3166 26.88
3139 27.55
8229 28.60
1895 31.26
2598 28.82
2690 27.69
2439 28.23
3027 27.10
3023 26.54
3249 26.58
2798 27.19
3080 26.91
3642 26.05
3333 26.55
3246 26.30
3441 25.92
3138 26.10
3498 25.46
3270 25.83
3137 26.27
2856 27.11
3206 26.09
3612 25.07
3171 24.99
3357 25.10
3264 25.42
3316 25.36
3372 25.70
3502 25.69
3424 26.61
3218 25.96
2933 27.07
3079 26.63
3331 25.78
8524 27.85
1861 30.68
2448 29.33
2502 29.40
3178 27.69
2743 28.57
3031 27.43
3195 26.20
2846 27.08
3455 25.95
2799 26.27
3274 25.56
3490 25.26
3369 25.22
2995 26.32
2779 27.02
2940 26.02
3265 26.09
2811 26.55
3361 25.53
2814 26.37
2868 26.16
3411 25.95
3230 26.37
3304 25.74
3068 25.39
3330 25.22
2830 25.65
3199 25.27
3194 25.57
3465 24.99
3028 25.82
8856 27.45
1970 28.96
2568 28.38
2700 27.26
2692 27.11
3483 25.44
2931 25.44
3447 25.47
2884 26.01
2919 26.03
3371 26.16
3434 26.10
3049 26.92
3091 26.43
3239 26.62
3324 26.36
3399 25.10
3202 26.75
3275 27.05
3230 28.43
3358 27.51
3426 27.52
3202 28.78
3583 26.51
3544 27.31
3471 27.37
3351 27.13
3307 27.65
3395 27.21
3357 27.68
3316 27.31
3228 27.69
8911 28.19
1657 32.50
2297 30.48
2452 30.21
3042 27.65
3077 27.50
3546 25.74
3477 25.99
3206 27.15
3518 26.35
3410 27.10
3373 26.68
3184 27.48
3146 27.71
3542 27.07
3160 26.78
3254 26.76
3255 27.24
3497 26.34
3274 27.10
3160 27.70
3606 26.92
3617 26.69
3386 27.22
3484 27.07
3307 27.73
3359 27.70
3371 27.54
3349 28.12
3398 28.38
3481 28.56
3467 28.67
9060 28.65
1913 33.20
2895 32.12
3046 30.29
3168 29.56
3419 28.18
3321 28.38
3242 29.49
3758 27.68
3455 27.72
3530 27.95
3672 28.00
3521 28.28
3713 28.09
3388 28.30
3634 28.05
3575 27.60
3570 27.90
3480 27.48
3525 28.46
3335 28.52
3007 28.52
3592 27.67
3456 27.76
3365 28.50
3459 29.42
3368 28.93
3646 28.61
3536 28.07
3526 29.18
3591 29.26
3556 29.36
9408 28.58
2098 30.63
2809 31.08
2851 31.10
2737 31.89
2596 32.26
3105 30.85
4104 29.73
3312 30.51
3084 30.54
2947 30.84
3285 29.97
3106 29.95
3380 29.25
3688 29.55
3718 29.38
3836 28.34
3495 28.74
3385 29.03
3626 28.38
3133 29.26
3424 28.82
3382 28.82
3712 28.26
3294 28.85
3641 28.89
3880 28.65
3826 28.84
3730 28.54
3742 28.87
3699 28.93
3618 28.58
10270 28.48
1758 32.74
2533 31.96
2901 32.15
3114 32.28
3470 31.39
3583 30.90
3673 30.77
3516 30.81
3222 30.61
3445 31.14
3407 31.27
3830 30.45
3614 30.84
3973 29.65
3770 30.37
