13333 20.34
5312 26.07
4320 26.28
3075 23.68
4493 22.52
4482 21.52
9226 22.49
7054 23.20
2566 22.94
3942 22.25
4935 20.95
4462 20.79
4802 20.34
5038 20.45
6919 20.81
6603 21.34
5849 21.31
4833 21.23
5975 21.19
8352 22.66
7088 23.03
4865 23.33
4815 23.39
4415 22.30
4912 21.78
5093 21.43
5036 21.36
5393 21.42
5389 21.58
5876 21.35
5504 21.42
5713 21.73
13110 22.17
2836 23.95
4215 23.51
4349 23.17
5242 22.07
6296 21.89
6070 21.92
5293 22.01
5601 21.75
5975 21.76
5396 21.87
5327 21.74
5511 21.70
5691 21.64
5901 21.85
5930 21.90
6340 22.09
6132 22.18
5948 22.41
5493 22.70
5175 23.04
4972 22.89
4856 23.05
5608 22.59
5237 22.68
5546 22.31
5162 22.59
5725 22.27
11210 24.34
7842 25.72
3027 26.60
3881 26.44
9320 25.39
2409 26.19
3592 25.91
4609 24.61
4893 24.41
5414 23.92
5800 23.25
5327 23.21
5208 23.26
5424 23.14
5326 23.36
5366 23.39
5450 23.28
5419 23.35
5624 23.14
5552 23.16
5493 23.34
5523 23.26
5669 23.16
5913 23.07
5752 23.00
5867 22.98
5559 23.03
9306 24.20
8097 24.77
7707 25.78
6154 27.08
3454 27.56
4207 27.50
4261 27.27
5026 26.38
4805 24.98
11529 25.20
2789 27.29
3458 27.45
5582 27.82
4985 27.43
5060 25.39
5882 25.61
4936 25.72
8002 26.29
7630 26.35
3936 26.46
4149 26.74
7080 27.44
6914 27.21
3864 26.18
4476 25.47
5014 25.37
5083 25.86
5542 25.63
5335 25.57
5151 25.57
5260 25.29
4992 25.37
4997 25.10
4469 25.32
6427 25.40
5371 25.49
5367 25.29
5175 25.12
5186 25.18
5300 25.16
5478 24.80
14911 24.49
2593 27.62
4671 26.25
4250 26.37
5166 25.45
5187 24.99
4888 24.76
5065 24.61
5023 24.39
11097 26.75
8645 27.32
3879 28.46
3296 27.82
4340 27.51
4848 26.35
5175 25.32
9353 27.45
7556 27.18
3809 27.57
4163 27.76
4312 27.90
4147 25.89
10558 28.04
7366 27.52
2425 27.94
3798 26.41
4359 26.02
5105 25.37
4883 25.15
10728 27.38
7568 27.70
4680 27.60
7807 28.35
2293 28.71
3458 27.63
4255 26.30
3920 25.81
4467 25.07
4887 25.20
4682 25.12
6372 25.65
6109 25.91
4719 25.50
4932 25.24
5233 25.17
7660 25.94
6298 26.32
7210 26.25
3915 25.73
5395 25.50
6070 25.40
9188 27.28
6653 26.66
2780 26.91
4716 25.10
4258 24.57
3860 24.26
4182 23.60
6107 24.74
6234 24.86
6431 25.40
4055 25.21
4609 24.63
4994 24.63
13090 22.57
3626 25.61
5036 26.02
5487 25.38
4753 24.99
9390 26.39
6490 26.48
4708 26.41
4021 25.19
4579 24.63
4830 24.34
5825 24.62
5887 24.66
5491 24.87
4998 25.18
5037 24.53
5360 24.41
5590 24.45
4649 24.20
4784 23.87
4919 23.35
4489 23.69
4750 23.19
5025 22.81
5133 22.66
5213 22.86
5935 23.23
6376 23.64
11977 26.42
8246 26.13
3567 27.86
3804 25.88
9654 24.22
2072 27.08
4732 27.68
4046 27.10
4596 25.58
5168 24.43
5003 24.26
5205 24.07
6183 24.47
5665 24.65
5281 24.51
5355 24.35
5749 24.03
5548 24.31
5415 24.40
6328 24.77
6103 24.98
4767 24.80
4853 24.47
4793 24.22
4754 24.32
5028 24.18
4778 24.12
5126 24.30
5563 23.84
5405 24.16
6271 24.45
5808 24.60
5661 24.30
5540 24.29
6518 24.88
6218 24.91
13777 23.00
2956 28.30
3459 27.59
4869 25.44
5247 24.41
5260 24.34
5561 24.21
5648 24.17
6004 24.12
5522 24.49
5468 23.90
5193 23.69
4964 23.50
5171 23.34
6140 23.81
5534 23.87
5135 23.86
5532 23.55
5748 23.93
9546 25.28
7376 25.83
4103 25.87
5061 25.34
9013 26.46
6566 27.92
2922 28.77
3720 27.78
4854 26.43
4988 25.34
5028 24.79
4716 24.53
5281 24.25
12686 21.53
3019 26.77
3731 26.43
4896 24.80
4403 24.76
5078 23.63
4441 23.22
4475 22.95
4403 22.97
4812 22.95
5147 22.59
5234 22.37
