14396 19.66
5560 25.78
4655 25.95
3336 23.21
4588 22.33
5026 21.06
9792 21.99
7416 22.73
2859 22.16
4692 21.41
5045 20.54
5039 20.23
5064 19.89
5574 19.91
7533 20.37
6961 20.91
6278 20.85
4930 20.79
6497 20.63
8851 22.23
7624 22.45
5286 22.88
5174 22.87
5102 21.45
5181 21.31
5508 20.94
5436 20.85
5960 20.78
5846 21.16
6246 20.99
5954 21.13
6075 21.34
14129 21.50
2774 24.16
4370 23.29
4707 22.57
5266 21.95
6454 21.63
6666 21.42
5700 21.55
5872 21.40
5990 21.71
5904 21.42
5814 21.28
6015 21.00
6095 21.30
6435 21.43
6215 21.39
6825 21.61
6495 21.74
6453 21.91
6322 21.97
6032 22.19
5410 22.36
5503 22.27
6017 22.04
5831 21.86
5757 21.74
5803 21.83
5663 22.04
11716 23.88
8439 25.19
3162 26.19
4145 26.11
9950 24.90
2864 25.30
4398 24.58
4382 24.50
5328 24.00
5619 23.47
5903 23.03
6029 22.55
5770 22.62
5677 22.75
5762 22.92
5856 22.82
5767 22.95
5988 22.73
6141 22.59
5831 22.82
5920 22.85
5951 22.81
6071 22.62
6331 22.66
6292 22.40
6319 22.43
6074 22.44
9777 23.76
8889 24.23
8405 25.23
6030 27.15
3617 27.36
4388 27.30
5407 26.04
4723 26.34
5283 24.55
12453 24.44
2915 26.90
3739 27.02
5938 27.28
5601 26.52
5063 25.35
6438 24.92
5218 25.24
8637 25.70
8143 25.82
4279 25.89
4843 25.84
7910 26.48
7878 26.26
3232 26.47
4468 25.74
5688 24.84
6004 24.91
5856 25.02
5729 25.10
5588 25.04
5557 24.89
5429 24.71
5408 24.62
5283 24.48
6807 24.93
5645 25.05
5920 24.81
5080 24.99
5897 24.54
5705 24.67
5636 24.54
15930 23.88
2956 26.79
5058 25.81
5048 25.45
5299 25.02
5599 24.43
5321 24.22
5369 24.17
5393 23.84
11427 26.33
9087 26.88
4572 27.51
3930 26.82
4546 26.96
5282 25.78
5573 24.78
9927 26.83
7993 26.62
4299 26.86
4810 26.73
4891 26.87
4028 25.82
11289 27.51
7931 26.94
2379 27.88
3987 26.38
5292 25.00
4818 25.36
5402 24.66
11211 26.89
7982 27.21
5128 26.95
8594 27.36
2168 28.56
4018 26.97
3720 26.66
5016 24.70
4584 24.44
5401 24.52
5065 24.56
6900 25.07
6544 25.33
5192 24.88
5391 24.54
5601 24.56
8257 25.31
6772 25.81
7895 25.64
4153 24.99
5933 24.91
6432 24.90
9763 26.74
7177 25.99
2969 26.28
5065 24.58
4642 23.98
4170 23.84
4523 23.15
6529 24.15
6740 24.39
7064 24.81
4322 24.77
4664 24.39
5678 23.92
13994 22.01
3875 25.16
5523 25.47
5476 25.22
5147 24.55
9833 25.94
6930 25.92
5209 25.95
4254 24.74
5047 24.06
5097 23.88
6351 23.97
6290 24.07
5964 24.31
5322 24.67
5575 23.96
5856 23.86
5859 23.88
5051 23.53
5225 23.40
4803 23.27
5381 22.70
5347 22.43
5191 22.49
5452 22.20
5666 22.53
6322 22.64
6838 22.94
12626 25.88
8730 25.56
4147 26.72
4122 25.25
10527 23.49
2166 26.61
5181 27.05
4380 26.58
4469 25.49
5805 23.81
5382 23.71
5478 23.53
6436 23.98
6215 24.02
5667 23.96
5902 23.81
6127 23.61
6004 23.83
5763 23.90
6809 24.32
6618 24.42
5259 24.40
5314 23.88
5181 23.68
5430 23.61
5691 23.45
5332 23.54
5630 23.48
5849 23.41
5736 23.50
7116 23.58
6710 23.71
5698 24.09
5801 23.87
7053 24.34
6600 24.41
14489 22.55
3106 27.94
3820 27.04
4896 25.21
5870 23.78
5676 23.69
6074 23.71
6056 23.64
6439 23.61
5899 23.87
5874 23.41
5443 23.30
5470 22.84
5595 22.86
6573 23.24
6027 23.43
5637 23.20
5782 23.21
6256 23.38
10123 24.77
7793 25.32
4594 25.30
5438 24.84
9514 25.96
7091 27.25
3192 28.22
3731 27.59
5343 25.86
5627 24.46
5278 24.22
5213 23.81
5717 23.80
13396 21.10
3251 26.41
4131 25.77
5027 24.57
5159 23.87
5397 23.12
4733 22.77
4826 22.24
4820 22.28
5164 22.57
5679 22.16
5455 22.05
