20109 16.42
7172 23.80
6248 23.74
3955 21.87
6508 20.21
6957 18.98
12694 19.66
10208 20.34
4523 19.80
6096 19.60
6822 18.68
7356 18.10
7404 17.82
7823 17.87
9705 18.40
9230 18.90
8570 18.87
7191 18.73
7984 19.13
11333 20.25
10056 20.41
7242 20.78
6972 20.84
6647 19.76
6720 19.67
7751 18.88
7525 18.84
8152 18.77
8058 19.17
7951 19.26
8178 19.14
8278 19.24
18027 19.13
3828 22.11
5897 21.09
6470 20.53
7599 19.70
8425 19.73
8427 19.75
8110 19.44
8125 19.34
8418 19.40
8022 19.32
7295 19.64
7481 19.67
8245 19.55
8205 19.70
8464 19.79
8617 19.93
8580 20.04
8084 20.31
7615 20.57
8191 20.18
7842 20.12
8147 19.75
8125 19.83
7982 19.79
7808 19.79
7909 19.79
8135 19.74
14486 21.95
12036 22.32
4702 23.83
5827 23.87
13443 22.11
3914 23.16
5706 22.74
6548 22.08
7094 21.92
7265 21.67
8584 20.61
7827 20.56
7880 20.58
7639 20.73
7820 20.70
7959 20.75
7861 20.68
8190 20.69
8277 20.61
7976 20.60
7987 20.70
8081 20.76
8181 20.63
8531 20.60
8477 20.43
8557 20.38
8359 20.45
12486 21.77
11193 22.21
10963 23.11
7888 25.00
5017 25.36
6146 24.83
6850 24.21
7556 23.37
7335 22.09
15879 22.23
4093 24.92
5644 24.35
8254 24.86
7334 24.65
7275 22.80
8354 22.81
7108 23.16
11170 23.64
10491 23.74
6085 23.75
6493 23.66
10660 24.33
10521 24.05
4784 24.33
5995 23.61
6987 23.12
7527 23.19
7531 23.29
7533 23.27
7707 22.87
7567 22.74
7377 22.64
7249 22.48
7189 22.40
8872 22.84
7768 22.89
7912 22.67
7372 22.60
7688 22.61
7574 22.60
7823 22.40
21968 20.67
3845 25.10
5253 24.99
7135 23.52
7674 22.79
7659 22.24
7440 22.07
7536 21.92
7302 21.87
14455 24.22
11740 24.66
7001 24.64
5112 24.81
6850 24.26
7505 23.14
7286 22.59
12675 24.65
10580 24.38
6066 24.49
6663 24.47
6591 24.67
5359 23.64
14222 25.33
10599 24.67
3888 25.04
5687 23.61
6398 23.18
6738 23.07
7239 22.39
14297 24.62
10544 24.89
6800 24.83
12734 23.76
3249 25.99
4822 25.04
6010 23.73
6787 22.25
6551 21.81
7582 22.06
7212 22.14
9205 22.74
8851 23.12
7028 22.67
7080 22.47
7900 22.32
10779 23.14
9234 23.49
10193 23.43
5793 22.80
7988 22.72
8721 22.62
12322 24.55
9443 23.66
4610 23.51
6985 22.28
6297 21.69
5737 21.39
6231 20.91
8992 21.71
8908 22.15
9321 22.61
5977 22.53
6242 22.24
7564 21.82
17796 19.78
5638 22.91
7637 23.28
7853 22.64
7111 22.23
12641 23.70
9274 23.72
6904 23.60
6132 22.38
6755 21.85
7196 21.53
8548 21.82
8506 21.90
8061 22.07
7246 22.46
7548 21.70
7846 21.65
8055 21.67
6791 21.43
6949 21.12
7093 20.82
6825 20.87
7365 20.33
7607 20.06
7209 20.30
7671 20.44
8527 20.46
9098 20.99
15736 23.85
11289 23.44
6669 23.30
6041 22.66
14599 20.59
2887 24.74
6420 25.16
5946 24.37
6458 22.88
7475 21.67
7532 21.39
7587 21.36
8720 21.80
8290 21.77
7578 21.78
8052 21.67
8191 21.52
8092 21.62
7915 21.73
9062 22.15
8638 22.27
7134 22.09
7224 21.76
6975 21.60
7601 21.28
7223 21.65
7539 21.25
7613 21.41
7844 21.43
7447 21.66
9445 21.42
8980 21.57
7918 21.79
7909 21.81
9215 22.25
8899 22.24
19769 19.52
4266 25.91
4929 25.24
7156 22.63
7810 21.65
7726 21.57
8201 21.55
8212 21.48
8786 21.51
7623 21.89
7958 21.37
7659 20.99
7403 20.81
7619 20.77
8868 21.12
8057 21.26
7549 21.10
7836 21.05
8284 21.29
12957 22.68
10335 23.14
6200 23.06
7317 22.72
12436 23.75
9536 24.96
4575 25.72
5805 24.59
6799 23.66
7691 22.25
7113 21.95
7068 21.64
7701 21.47
16980 18.89
4754 23.38
5646 23.72
7136 22.09
6897 21.66
6757 21.31
6709 20.52
6850 20.06
6976 19.94
7149 20.32
7883 19.96
7346 20.12
