2016 40.50
389 46.43
335 43.63
355 39.50
642 37.19
631 35.77
1380 38.19
910 38.77
290 38.80
562 36.70
591 36.17
580 34.85
597 35.47
534 35.19
837 34.57
916 34.73
643 35.12
669 35.16
681 34.79
1591 36.27
1055 36.60
527 36.23
665 36.34
506 37.89
547 37.39
740 35.79
684 35.35
640 35.31
601 34.66
794 34.65
770 34.65
685 36.05
1808 39.86
395 37.55
496 37.86
627 36.91
926 36.01
796 34.98
805 34.79
650 36.17
814 35.93
690 35.01
744 35.51
683 35.07
809 35.25
696 34.94
756 34.94
752 35.33
821 34.85
831 35.34
920 35.89
861 35.79
909 35.45
871 35.01
805 35.73
849 35.90
787 35.79
761 35.28
716 35.79
702 35.76
1903 38.84
1174 40.26
523 39.19
624 38.88
1351 42.41
290 41.25
500 40.48
543 39.70
603 39.42
898 38.21
698 37.57
700 37.30
642 37.83
824 37.15
693 38.04
751 37.30
688 37.14
700 37.11
752 36.60
640 36.73
768 36.79
684 37.06
900 36.44
717 37.09
810 36.24
830 36.11
756 36.03
1829 37.00
1083 38.70
1174 40.12
756 41.99
466 42.54
657 41.04
589 41.32
645 39.80
716 39.15
1782 40.97
321 41.27
540 40.35
979 40.99
596 41.08
620 40.52
772 39.84
640 39.66
1475 40.05
1139 40.07
516 40.84
592 39.87
1297 40.87
1163 40.73
446 41.26
471 41.46
681 40.29
661 40.57
689 40.45
828 39.26
650 39.59
698 38.94
701 39.51
692 38.70
739 38.92
978 38.99
637 39.02
774 39.30
707 39.58
719 38.98
669 38.97
804 38.29
2000 41.91
316 40.96
601 40.73
607 40.35
657 39.98
712 38.81
716 38.78
726 38.59
775 38.08
1848 42.10
1268 42.21
559 43.05
531 42.45
749 41.05
550 41.67
677 40.83
1566 42.29
1133 41.97
476 43.54
511 43.11
610 41.90
443 41.91
1612 43.93
1085 42.80
358 43.05
501 42.36
552 41.56
772 40.51
670 40.37
1646 43.83
1008 43.98
576 43.96
1438 43.15
252 44.51
434 42.84
619 41.43
488 40.52
718 39.80
706 40.21
582 39.67
918 40.36
771 40.64
692 40.57
815 39.64
582 40.55
1315 40.31
797 40.95
1113 41.13
566 40.81
818 40.20
846 40.00
1575 42.48
1016 43.11
383 43.81
523 41.32
614 40.99
699 40.18
565 39.12
829 40.03
930 39.68
942 40.09
562 40.63
705 40.15
685 39.90
2198 38.26
359 41.80
633 40.88
652 40.31
606 40.10
1560 41.29
964 41.67
712 40.88
553 41.19
728 39.74
710 39.80
880 39.61
802 39.71
705 39.56
792 39.22
690 39.49
759 39.86
804 39.22
709 39.12
643 38.92
722 38.56
680 38.23
682 38.17
720 38.06
755 37.66
650 38.00
839 37.93
885 38.31
1790 43.38
1120 43.08
680 41.11
519 41.12
1424 40.98
225 41.91
749 42.41
663 41.97
786 39.85
744 39.88
700 39.78
727 39.14
1008 39.56
772 39.95
654 40.33
757 39.96
726 40.15
755 40.01
676 39.75
844 39.64
692 40.34
700 39.62
801 38.86
676 39.20
626 38.38
716 38.44
765 38.44
757 38.51
784 38.44
792 38.36
868 38.60
829 38.53
777 38.85
834 39.27
970 38.88
776 38.97
2113 39.53
484 41.43
517 41.47
653 40.43
713 38.95
846 38.74
766 38.67
812 38.79
805 38.87
812 38.57
807 38.36
703 39.30
673 38.87
780 38.01
833 38.40
638 38.82
791 38.27
672 38.86
778 38.59
1777 39.44
1092 40.29
602 40.30
735 40.49
1357 42.27
972 43.09
486 43.98
587 43.70
661 42.99
736 41.87
592 41.77
694 41.32
668 41.81
1993 38.15
584 41.48
682 41.23
553 41.08
570 41.76
557 40.87
684 39.43
625 38.86
642 37.59
650 38.20
731 37.65
639 37.01
