21592 15.71
7674 23.27
6657 23.35
4967 20.92
6841 19.73
7537 18.47
13575 19.21
10666 19.89
5148 19.32
6536 19.13
7400 18.22
8021 17.63
8009 17.35
8355 17.40
10292 17.94
10070 18.45
9198 18.36
7686 18.29
8625 18.57
12160 19.68
10615 20.00
7858 20.25
7684 20.31
7078 19.31
7243 19.18
8411 18.38
8134 18.34
8702 18.35
8609 18.73
8943 18.46
8757 18.65
8839 18.76
19617 18.30
3964 21.57
6377 20.55
6611 20.27
8238 19.08
9278 19.13
9283 19.10
8617 18.90
8208 19.22
8643 19.28
8278 19.10
8289 19.03
8866 18.68
9253 18.73
9157 18.87
9369 19.00
9648 19.13
9502 19.27
9184 19.50
8412 19.85
8023 20.14
7924 19.97
8507 19.53
8353 19.60
8665 19.25
8612 19.26
8654 19.22
8720 19.30
15428 21.45
12813 21.83
4679 23.84
5966 23.67
14476 21.42
4269 22.77
6217 22.17
7036 21.59
7203 21.70
8489 20.83
8604 20.37
8665 20.05
8343 20.11
8609 20.10
8389 20.26
8458 20.25
8601 20.04
8733 20.22
8877 20.06
8797 20.12
8727 20.24
8685 20.22
8917 20.11
9174 20.01
9023 19.89
9365 19.86
8913 19.97
13295 21.30
11946 21.75
11529 22.70
8667 24.37
5667 24.53
6615 24.33
6846 24.07
8369 22.71
7488 21.94
17561 21.24
4421 24.27
6024 23.76
8857 24.28
8293 23.77
7726 22.21
8900 22.34
7776 22.60
11914 23.12
11368 23.08
6540 23.14
6980 23.06
11421 23.71
11264 23.49
5682 23.42
6475 23.03
7434 22.60
7949 22.72
8037 22.82
8086 22.73
8392 22.34
8279 22.17
7937 22.08
8036 21.85
7822 21.87
9470 22.27
8436 22.38
8386 22.14
8225 21.96
8798 21.81
8569 21.81
8525 21.76
23638 19.88
4185 24.72
5828 24.41
8203 22.59
7707 22.44
8268 21.78
7436 21.99
8251 21.36
7973 21.35
15365 23.63
12602 24.06
7657 23.97
6258 23.77
7229 23.65
7970 22.61
7889 22.07
13442 24.12
11326 23.84
6423 24.04
6653 24.40
6626 24.62
6095 23.02
14875 24.80
11221 24.13
4431 24.40
6133 22.95
7601 22.08
7112 22.55
7867 21.77
15113 24.08
11318 24.34
7346 24.29
14169 22.86
3594 25.36
5367 24.47
6873 22.59
6428 22.17
7316 21.28
8176 21.46
7796 21.61
9892 22.18
9626 22.50
7558 22.12
7464 21.95
8596 21.72
11555 22.59
9828 23.00
10908 22.89
6479 22.17
8553 22.15
9521 22.01
13270 23.92
10052 23.15
5123 22.89
7466 21.71
6724 21.24
6219 20.86
6730 20.40
9492 21.26
9542 21.62
9879 22.09
6708 21.85
6838 21.57
8138 21.35
18856 19.21
6141 22.39
8260 22.72
8606 22.07
7543 21.67
13385 23.19
10061 23.11
7714 22.93
6354 21.82
7426 21.36
7703 21.00
9284 21.22
9271 21.31
8562 21.54
7839 21.92
8414 21.16
8401 21.21
8565 21.17
7321 20.97
7710 20.54
7688 20.22
7874 20.01
7566 20.11
8164 19.61
7721 19.94
8342 19.93
9253 20.07
9703 20.35
16406 23.34
12068 22.85
7285 22.73
6313 22.30
16386 19.55
3258 24.17
7406 24.15
6390 23.83
7003 22.29
7359 21.56
8198 20.80
8160 20.89
9409 21.23
8957 21.23
8392 21.19
8762 21.01
9074 20.92
8827 21.03
8445 21.21
9869 21.59
9373 21.73
7681 21.53
7862 21.28
7604 21.01
8199 20.82
8275 20.80
8172 20.79
8286 20.78
8150 21.03
8644 20.86
10059 21.01
9552 21.15
8528 21.24
8471 21.22
9736 21.74
9550 21.74
21458 18.66
4825 24.94
5342 24.65
7659 22.17
8393 21.06
8260 21.05
8776 20.98
8951 20.94
9637 20.83
9019 20.88
8524 20.73
8210 20.56
8009 20.31
8242 20.30
9466 20.64
8749 20.73
7451 21.14
8609 20.46
9003 20.75
13588 22.16
10926 22.63
6785 22.58
7980 22.19
13102 23.24
10422 24.16
4988 25.07
5869 24.37
7462 23.08
7815 22.06
7917 21.32
7531 21.10
8345 20.96
18069 18.33
5658 22.14
6408 22.61
7177 21.93
7616 21.12
7347 20.89
7209 19.87
7418 19.59
7704 19.40
7513 20.05
8555 19.47
7919 19.70
