25001 14.24
9913 21.24
9181 20.92
5882 19.51
7797 18.79
9177 17.29
15733 17.81
12894 18.45
6023 18.31
7630 18.23
8573 17.34
9959 16.31
9662 16.16
10270 16.21
12341 16.73
11902 17.21
11074 17.19
9395 17.15
10235 17.42
13886 18.57
12589 18.67
9466 19.03
8988 19.15
7921 18.48
8477 18.24
10202 17.17
9879 17.17
10318 17.18
10255 17.62
10269 17.61
10821 17.38
10603 17.53
22629 16.80
5151 20.33
7727 19.44
8467 18.85
9915 17.92
10815 18.07
10845 18.05
9799 18.14
10665 17.62
11058 17.64
9737 18.12
9786 18.04
9871 18.04
9944 18.12
10410 18.17
10557 18.16
10780 18.36
10684 18.46
10386 18.65
9745 18.91
10629 18.50
10015 18.47
10496 18.14
10466 18.12
10259 18.07
10132 18.10
10357 18.05
10450 18.12
17490 20.30
14753 20.62
7473 21.41
8643 21.35
16333 20.35
4934 22.05
7290 21.15
8572 20.38
8695 20.44
9849 19.63
10750 18.86
10242 18.86
9840 18.98
9997 18.94
10019 19.02
10159 18.97
10136 18.94
10592 18.83
10516 18.89
10430 18.93
10397 18.88
10273 19.00
10500 18.94
11080 18.77
10740 18.70
11216 18.71
10869 18.73
15192 20.12
14006 20.49
13453 21.42
10392 22.91
7001 23.15
7858 23.08
8971 22.15
8983 21.91
9202 20.63
21167 19.42
5226 23.24
6822 22.95
9993 23.24
9723 22.52
8866 21.18
10903 20.91
9360 21.30
13930 21.77
13264 21.81
7966 21.87
8333 21.75
13173 22.46
13315 22.14
6477 22.42
8513 21.34
9701 20.86
10132 20.94
10232 21.00
9973 21.12
9904 21.06
9658 20.99
9697 20.80
9489 20.66
9440 20.58
11311 20.99
10162 21.07
10101 20.85
9797 20.72
10410 20.65
10316 20.59
10356 20.48
26402 18.64
4945 23.66
8355 22.24
9369 21.42
8519 21.63
9642 20.82
9929 20.26
9623 20.19
9584 20.09
17370 22.41
14584 22.84
9036 22.78
6870 22.90
8681 22.43
9377 21.38
9717 20.68
15536 22.79
13283 22.49
7753 22.70
7983 23.02
8591 22.77
6504 22.16
16671 23.86
13471 22.70
6027 22.56
8055 21.16
8074 21.29
9654 20.71
9051 20.47
17310 22.74
13325 22.98
8827 22.88
17866 20.66
4606 23.84
6375 23.12
7719 21.66
8025 20.80
8865 19.88
9983 20.13
9478 20.27
11646 20.90
11276 21.18
9385 20.77
9512 20.39
10471 20.28
13396 21.28
11650 21.67
12843 21.52
7880 20.85
10160 20.81
11002 20.78
15113 22.63
11886 21.75
6781 21.09
8950 20.38
8172 19.82
7716 19.41
8092 19.21
11438 19.80
11337 20.34
11719 20.72
8050 20.60
8558 20.13
9441 20.17
21377 17.98
7746 21.05
10516 20.98
10189 20.79
9147 20.38
15434 21.88
11885 21.78
8955 21.74
8114 20.45
8121 20.51
9545 19.67
11235 19.96
10983 20.05
10242 20.25
9311 20.66
9786 19.95
9335 20.34
10445 19.86
8948 19.66
9317 19.30
9224 19.03
8683 19.14
9648 18.62
9657 18.52
9025 18.81
9203 19.23
10976 18.86
11549 19.20
18614 22.13
13981 21.55
8767 21.41
7702 20.83
20704 17.25
4048 22.93
8179 23.28
7361 22.85
8389 21.01
9687 19.75
9594 19.51
9823 19.54
11230 19.90
10832 19.92
9820 19.85
10396 19.70
10658 19.64
10529 19.73
10129 19.89
11434 20.36
11228 20.43
9216 20.26
9335 19.88
9291 19.73
9990 19.48
10035 19.51
9939 19.37
10022 19.40
10431 19.38
10530 19.36
11687 19.77
11380 19.89
10231 19.96
10049 19.93
11386 20.51
11327 20.50
24580 17.23
6208 23.33
6861 22.91
8448 21.13
10219 19.76
10065 19.75
10551 19.70
10641 19.66
11244 19.65
10121 20.03
9750 19.92
9340 19.68
9821 18.99
9863 19.05
11288 19.38
10502 19.49
9081 19.82
10296 19.24
10737 19.48
15545 20.95
12948 21.28
8346 21.28
9545 20.91
15018 21.98
13263 22.05
6568 23.30
7252 22.72
8718 21.72
9253 20.82
9338 20.12
9403 19.69
10126 19.56
20561 17.06
7127 20.79
8396 20.78
8523 20.70
8992 19.83
8793 19.53
8779 18.77
9060 18.41
9469 18.23
9911 18.30
10208 18.22
10077 18.08
