28503 12.82
12102 19.61
11244 19.44
6661 18.66
9821 17.27
9788 16.62
16976 17.17
14953 17.28
6914 17.60
8566 17.49
9326 16.75
11167 15.63
12060 14.99
12189 15.17
14116 15.71
13655 16.15
12869 16.10
11143 16.05
11966 16.38
15662 17.58
14400 17.64
10812 18.00
10534 18.07
9454 17.40
10312 17.03
11984 16.13
10805 16.48
12254 16.08
11804 16.61
12623 16.25
12353 16.37
12367 16.50
27082 14.95
6243 19.32
8420 18.77
10213 17.86
10841 17.22
12070 17.28
11918 17.39
11473 17.08
12547 16.57
12759 16.61
11231 17.06
10505 17.44
12702 16.51
12495 16.64
12747 16.76
12734 16.84
13210 16.93
12873 17.13
12567 17.30
11574 17.69
10882 18.10
11096 17.86
11603 17.37
11743 17.36
12074 17.06
11879 17.08
12080 17.01
11430 17.48
19653 19.23
16740 19.57
9689 19.81
10458 19.78
18898 18.95
5958 21.20
8618 20.08
9792 19.33
10516 19.14
11329 18.64
11694 18.12
12022 17.77
11618 17.83
11547 17.85
11671 17.94
11934 17.88
11999 17.83
12194 17.82
12221 17.85
12230 17.89
12093 17.87
12018 17.95
12300 17.91
12670 17.77
12606 17.66
12807 17.63
12501 17.70
17243 19.05
15986 19.42
15399 20.31
12125 21.74
8385 22.01
9077 21.88
9990 21.33
10420 20.85
10771 19.50
25270 17.56
5877 22.42
8732 21.32
11843 21.87
11243 21.39
10342 20.08
11685 20.33
11322 20.12
15820 20.67
15071 20.73
9479 20.69
9759 20.62
15483 21.26
15300 20.99
7769 21.32
10007 20.24
10628 20.15
10972 20.27
11086 20.39
11304 20.28
11549 19.93
11410 19.83
11335 19.69
11112 19.53
11089 19.49
12923 19.92
11699 19.98
11606 19.76
11538 19.60
12080 19.52
12019 19.48
11879 19.41
30725 16.84
6772 21.85
9825 21.07
10364 20.73
10272 20.46
10991 19.79
10704 19.69
11604 18.99
11231 18.96
19629 21.36
16558 21.69
10252 21.74
8148 21.76
10970 20.80
10996 20.20
11361 19.58
17447 21.71
14912 21.36
9555 21.39
10069 21.40
9864 21.68
8513 20.53
19328 22.34
15209 21.58
7302 21.30
9328 20.05
9728 20.09
10967 19.59
9838 19.76
19337 21.61
15262 21.72
10478 21.68
21401 18.81
5455 22.86
7629 21.86
9862 20.02
8597 20.13
10749 18.70
11462 18.99
11145 19.11
13657 19.71
13149 20.04
10816 19.66
10332 19.71
12012 19.21
15349 20.15
13678 20.47
14601 20.36
9278 19.66
11790 19.71
12711 19.60
17051 21.49
13468 20.62
7646 20.25
10677 19.15
9969 18.62
9162 18.28
9543 18.15
13333 18.64
13279 19.17
13620 19.62
9448 19.39
9660 19.30
11715 18.70
23826 16.88
9341 19.87
11465 20.30
12079 19.72
10702 19.29
17479 20.79
13458 20.72
10731 20.51
9340 19.37
10608 18.88
10933 18.55
12812 18.88
12792 18.94
11939 19.13
10857 19.53
11565 18.81
10809 19.28
12083 18.77
10488 18.52
10876 18.15
10816 17.89
10358 18.14
10974 17.76
11240 17.53
10711 17.87
10515 18.33
11087 18.70
13284 18.18
20744 21.08
15945 20.45
10271 20.29
8975 19.75
23651 15.92
6384 20.45
11233 20.87
10228 20.51
8023 20.77
9866 19.56
11489 18.42
11541 18.43
12994 18.82
12386 18.84
11436 18.66
12030 18.55
12396 18.53
11997 18.69
11694 18.77
13330 19.23
12926 19.39
10854 19.09
11045 18.77
10782 18.59
11460 18.35
11643 18.38
11502 18.29
11602 18.35
12129 18.27
12329 18.29
13408 18.73
13144 18.77
11773 18.85
11668 18.90
13259 19.35
12851 19.39
27150 16.12
8581 21.27
8515 21.31
9802 20.00
11663 18.68
10863 19.11
11758 19.04
12091 18.78
12492 18.87
11816 18.93
11416 18.76
10919 18.61
10662 18.34
11759 17.90
12841 18.32
12130 18.41
11502 18.31
11876 18.19
12428 18.38
17630 19.85
14797 20.19
9599 20.29
11725 19.44
17239 20.78
15119 20.94
9089 21.14
9445 20.73
10085 20.46
10717 19.64
11004 18.93
10895 18.63
11588 18.51
23286 15.84
8564 19.56
9877 19.58
10047 19.63
10097 19.02
10454 18.49
10401 17.65
10033 17.69
11107 17.14
11791 17.25
11275 17.60
12109 17.10
