30760 11.97
13890 18.52
12115 18.81
7272 18.15
10375 16.91
11340 15.76
18503 16.41
16470 16.45
8031 16.85
10308 16.44
11282 15.61
12410 14.97
13411 14.36
13659 14.47
15459 15.05
14737 15.57
14235 15.42
11545 15.84
12136 16.23
17295 16.79
15554 17.00
12221 17.20
11880 17.30
10291 16.80
11595 16.26
13128 15.41
12852 15.36
13188 15.49
13067 15.94
13777 15.60
13706 15.73
13631 15.86
29347 14.05
7232 18.57
9603 18.03
11265 17.17
12394 16.29
13832 16.39
13656 16.40
12624 16.45
12716 16.38
13253 16.39
11899 16.71
11705 16.75
13908 15.84
13972 15.91
13999 16.07
14097 16.13
14496 16.28
14186 16.39
13777 16.58
12882 16.99
11993 17.35
13002 16.81
12430 16.80
12691 16.84
12419 16.85
13292 16.32
13550 16.30
13522 16.41
20722 18.64
18040 18.83
11086 19.01
11645 19.05
21753 17.59
6683 20.48
9487 19.25
10390 18.88
11319 18.70
13099 17.59
13621 17.08
13178 17.09
12779 17.13
13035 17.12
12894 17.21
13186 17.14
13306 17.10
13378 17.19
13631 17.12
13343 17.13
13331 17.19
13392 17.16
13775 17.11
12929 17.54
14103 16.89
14212 16.91
13892 16.93
18351 18.40
17448 18.73
16439 19.61
14026 20.58
10050 20.73
10758 20.78
10821 20.72
10909 20.54
11304 19.14
27811 16.50
6725 21.66
9077 20.94
12297 21.52
12563 20.65
11552 19.29
12950 19.48
12463 19.41
17239 19.94
16775 19.86
10418 19.96
10924 19.87
16622 20.53
16574 20.24
9680 20.07
10868 19.53
10741 19.83
13542 19.00
13002 19.17
12891 19.24
12613 19.20
12771 19.05
12528 18.93
12405 18.76
12254 18.77
14303 19.17
12848 19.26
12996 19.00
12749 18.84
13520 18.74
13329 18.74
13100 18.72
32606 16.11
7401 21.31
10252 20.76
11355 20.01
12318 19.32
11949 19.06
11953 18.85
12788 18.31
12547 18.22
21155 20.59
18127 20.91
11419 20.94
9527 20.83
11039 20.54
12306 19.46
12482 18.84
18910 20.88
16377 20.58
10513 20.65
11066 20.65
10915 20.84
10528 19.29
20720 21.56
16572 20.79
8276 20.56
9460 19.78
11553 18.90
12022 18.80
11049 18.97
20850 20.87
16697 20.98
11645 20.87
24584 17.34
5927 22.31
7811 21.56
10430 19.61
10839 18.77
11848 17.92
12969 18.16
12537 18.33
14925 18.97
14441 19.30
11809 18.91
12240 18.46
13372 18.37
16847 19.35
14789 19.75
15918 19.60
10389 18.87
13089 18.88
14118 18.83
18468 20.68
14907 19.76
8473 19.51
11154 18.84
10255 18.38
10526 17.43
11216 17.12
14543 17.93
14483 18.50
14881 18.85
10691 18.61
11166 18.39
12609 18.12
25637 16.09
10420 19.13
12703 19.50
12404 19.32
11975 18.51
18968 20.01
14850 19.87
11725 19.81
10535 18.61
11848 18.04
12081 17.85
14271 18.06
14150 18.15
13193 18.37
12040 18.80
11863 18.50
12307 18.47
13242 18.04
11784 17.83
12201 17.44
11880 17.30
12274 17.09
11697 17.27
11654 17.28
13098 16.63
13046 16.86
13980 17.08
14356 17.48
22184 20.38
17145 19.72
11300 19.56
10111 19.06
25429 15.17
8067 19.10
13157 19.74
11907 19.38
9481 19.67
9802 19.30
11915 18.16
12847 17.71
14125 18.12
13560 18.16
12714 18.05
13158 17.84
13779 17.79
13503 17.90
12891 18.08
14646 18.49
14374 18.64
11934 18.39
12161 18.07
12065 17.83
12788 17.71
12850 17.64
12695 17.60
12946 17.67
13189 17.63
13230 17.68
14581 17.98
14459 18.10
12961 18.14
13003 18.14
14484 18.66
14276 18.68
28910 15.42
10532 19.89
11157 19.60
11346 18.79
11796 18.39
12037 18.38
13032 18.23
12927 18.24
13464 18.25
12313 18.59
13582 17.57
11911 17.90
12886 17.19
12771 17.25
14093 17.59
13498 17.62
11859 17.97
13350 17.43
13636 17.67
19114 19.11
16060 19.46
10721 19.52
12906 18.70
18399 20.08
16610 20.09
9684 20.55
9929 20.36
11791 19.51
12591 18.49
12131 18.21
12237 17.86
12874 17.77
25016 15.11
9893 18.60
10920 18.90
11121 18.89
11073 18.31
11486 17.80
11028 17.34
11304 17.00
11696 16.86
12156 17.05
11767 17.30
13282 16.48
