31809 11.59
14917 17.91
13122 18.16
8337 17.45
11132 16.34
10776 16.00
18238 16.46
16356 16.54
8084 16.89
11098 16.10
12032 15.23
13945 14.20
13754 14.09
14241 14.20
16173 14.74
15572 15.20
14810 15.15
12060 15.50
12971 15.82
17671 16.56
16466 16.57
12692 16.92
12301 17.03
10996 16.39
11982 16.02
13889 15.12
12641 15.47
14097 15.08
13573 15.60
14537 15.26
14319 15.36
14342 15.49
31427 13.27
8194 18.01
9907 17.73
11750 16.88
13030 15.98
14297 16.12
14352 16.08
13208 16.08
13192 16.03
13701 16.09
12527 16.45
12482 16.36
13647 15.89
13544 16.09
13896 16.18
14969 15.76
15208 15.89
14959 16.08
14435 16.26
13510 16.63
13649 16.53
13631 16.37
13994 16.06
14171 16.06
13796 16.05
13491 16.08
12910 16.48
13417 16.45
21719 18.20
18863 18.44
11668 18.65
12317 18.71
24291 16.36
6756 20.38
9793 19.10
10944 18.59
11824 18.33
13242 17.46
14518 16.69
13910 16.67
13576 16.73
13404 16.82
13472 16.87
13872 16.77
13815 16.79
14352 16.72
14281 16.75
14084 16.81
13924 16.80
13978 16.88
14229 16.85
13659 17.14
14570 16.61
14842 16.60
14606 16.64
19231 18.00
18236 18.34
17472 19.21
14355 20.39
9833 20.79
10586 20.83
11669 20.28
12174 19.73
12525 18.41
28441 16.28
7397 21.16
10196 20.20
13541 20.79
13014 20.30
11902 19.01
13186 19.24
13244 19.01
18005 19.57
17302 19.60
11029 19.59
11361 19.55
17310 20.17
17308 19.87
9163 20.19
11937 19.07
12404 19.01
12794 19.11
12872 19.33
13066 19.21
13459 18.82
13534 18.71
13019 18.62
12893 18.46
12848 18.40
14835 18.86
13423 18.89
13592 18.65
13281 18.54
14086 18.40
13876 18.38
13779 18.36
33482 15.78
9395 20.04
11321 19.99
11913 19.61
11917 19.40
12746 18.71
12251 18.59
13652 17.91
13057 17.89
21892 20.29
18815 20.55
11885 20.63
10612 20.13
12389 19.79
12825 19.03
13164 18.49
19552 20.61
17143 20.28
11189 20.24
11715 20.29
11463 20.48
10876 18.95
21464 21.21
17168 20.45
7849 20.68
11158 18.90
11106 18.98
12910 18.43
11504 18.72
21737 20.45
17232 20.60
12258 20.48
26002 16.77
6532 21.72
9025 20.70
10967 19.23
11393 18.38
12541 17.55
13535 17.83
12919 18.00
15565 18.61
15141 18.91
12594 18.51
11886 18.59
14034 18.09
17379 19.05
15569 19.37
16447 19.31
10867 18.52
13663 18.56
14769 18.45
19353 20.33
15404 19.46
8999 19.13
11676 18.48
11800 17.50
11051 17.06
11722 16.82
15335 17.54
15231 18.08
15537 18.55
11242 18.27
12139 17.85
12633 18.04
26420 15.77
10989 18.71
14074 18.80
13823 18.59
12305 18.18
19678 19.65
15527 19.57
13085 19.04
9988 18.72
12396 17.77
11850 17.92
14040 18.13
13908 18.21
13252 18.39
12974 18.37
13374 17.69
13677 17.69
13902 17.64
12348 17.41
12878 17.11
12570 16.87
12885 16.65
12203 16.95
13236 16.46
12210 16.95
12287 17.32
12724 17.66
15306 17.15
22895 20.02
17818 19.40
11848 19.16
9837 19.07
26246 14.82
9539 18.11
14599 18.87
13463 18.55
10529 18.91
10166 18.95
12501 17.75
13479 17.36
14691 17.76
14352 17.75
13366 17.64
13899 17.51
14222 17.44
13987 17.57
13683 17.66
15231 18.14
15031 18.33
12547 18.02
12770 17.70
12550 17.54
13533 17.31
13487 17.32
13451 17.23
13449 17.29
13887 17.22
14077 17.24
15383 17.59
15154 17.72
13648 17.80
13568 17.87
15108 18.31
14949 18.30
30049 15.02
9899 20.37
10083 20.17
12289 18.39
12266 18.02
11925 18.42
13458 17.92
13421 17.88
14480 17.77
13594 17.83
13255 17.65
12724 17.55
12398 17.26
13729 16.85
14922 17.24
14121 17.35
12586 17.62
13727 17.16
14283 17.33
19809 18.71
16539 19.11
11267 19.14
13663 18.25
19278 19.68
17331 19.74
11123 19.73
11086 19.55
12681 18.83
12351 18.54
12868 17.85
12759 17.51
13568 17.41
26063 14.69
10736 18.11
12257 18.12
12457 18.08
12095 17.66
11094 17.92
11639 17.08
10945 17.14
12466 16.52
12858 16.64
13231 16.53
14183 16.03
