32084 11.51
15466 17.63
13197 18.10
7715 17.78
11740 16.12
10972 15.88
18469 16.39
16524 16.40
8979 16.30
11067 15.99
12171 15.17
14134 14.08
13997 13.94
14438 14.11
16414 14.61
15893 15.07
15151 15.02
12217 15.38
13120 15.74
17877 16.46
16600 16.48
12872 16.82
12655 16.87
10261 16.74
12209 15.96
14043 15.06
13759 14.96
14302 14.97
14700 15.06
14914 15.12
14492 15.27
14613 15.36
31158 13.38
7752 18.20
10246 17.65
11915 16.79
13131 15.93
14373 16.06
14531 15.99
13405 16.01
13322 15.96
14020 15.94
12605 16.36
12570 16.27
14845 15.36
14774 15.53
15054 15.63
14963 15.71
15291 15.81
15087 16.00
14639 16.15
13596 16.56
12832 16.93
13608 16.40
14196 15.98
14419 15.94
14009 15.95
13848 15.94
13072 16.34
13578 16.37
21859 18.12
19109 18.32
12001 18.46
12683 18.49
22969 16.98
7203 20.02
10210 18.87
11220 18.43
12436 17.97
13049 17.50
13986 16.95
14244 16.57
13745 16.63
13483 16.77
13812 16.74
14014 16.68
14129 16.69
14478 16.67
14502 16.65
14268 16.70
13980 16.78
14247 16.75
14539 16.70
14808 16.63
14745 16.48
14994 16.51
14724 16.54
19425 17.92
18349 18.22
17743 19.09
14468 20.34
10028 20.74
10697 20.72
11733 20.19
13221 19.21
12570 18.36
28690 16.16
7268 21.25
9670 20.55
13087 21.04
13346 20.17
12145 18.86
14022 18.95
13304 18.87
18127 19.52
17571 19.46
11131 19.48
11545 19.37
17640 20.06
17370 19.80
9479 20.05
12083 18.96
12572 18.91
12955 19.03
13055 19.17
13885 18.77
13601 18.71
13618 18.57
13242 18.51
13114 18.37
13058 18.32
14992 18.77
13523 18.81
13910 18.56
13680 18.41
14218 18.32
14156 18.29
13893 18.28
33749 15.68
9785 19.79
11369 19.89
12938 19.09
11879 19.30
12874 18.62
12592 18.45
13841 17.79
13196 17.75
21936 20.18
19091 20.35
12014 20.48
10675 20.08
12649 19.63
12841 18.97
13358 18.38
19702 20.53
17338 20.13
11389 20.13
11981 20.12
11642 20.40
11153 18.85
21868 21.06
17491 20.34
8958 20.07
10306 19.21
11520 18.87
13207 18.32
11615 18.61
22031 20.36
17426 20.52
12369 20.37
26205 16.68
6687 21.69
9129 20.61
10063 19.60
11926 18.26
12693 17.41
13717 17.72
13343 17.89
15593 18.51
15277 18.80
12718 18.40
12060 18.44
14355 17.93
17592 18.96
15857 19.19
16722 19.17
11175 18.39
13858 18.39
15074 18.31
19470 20.21
15762 19.29
9241 18.98
11969 18.34
11854 17.44
11156 16.99
11995 16.65
15393 17.47
15432 17.96
15668 18.44
11418 18.16
12257 17.75
12725 17.95
26726 15.65
11235 18.62
14407 18.63
12953 18.92
12867 18.02
19775 19.54
15628 19.47
12443 19.37
11403 18.10
11695 18.03
13091 17.34
15014 17.66
14862 17.78
14181 17.91
13966 17.86
13405 17.61
12824 18.03
14256 17.53
12765 17.25
12875 17.05
12925 16.74
13214 16.50
13373 16.41
12845 16.55
13437 16.33
13085 16.83
13899 17.10
15259 17.13
23170 19.88
18070 19.30
11792 19.20
10863 18.54
26425 14.75
9662 18.06
14603 18.83
13294 18.51
10809 18.75
10386 18.81
12583 17.69
13636 17.25
15005 17.64
14409 17.69
13425 17.51
14022 17.43
14560 17.30
14146 17.46
13948 17.54
15470 18.04
15119 18.16
12768 17.87
13040 17.61
12848 17.40
13601 17.17
13655 17.26
13562 17.10
13875 17.07
14072 17.13
14274 17.14
15569 17.46
15350 17.60
13875 17.66
13606 17.75
15297 18.18
14999 18.21
30338 14.92
10809 19.72
11145 19.53
11361 18.72
13060 17.75
12943 17.89
13720 17.83
13747 17.75
14498 17.74
13151 18.12
14495 17.21
12752 17.47
12699 17.17
13882 16.74
14891 17.13
14449 17.19
12763 17.54
13999 17.00
14347 17.27
19758 18.67
16909 19.04
11477 19.02
13834 18.18
19532 19.58
17511 19.62
11308 19.64
10434 19.91
12575 18.90
12455 18.45
13146 17.71
13089 17.40
13734 17.30
26342 14.56
10915 17.98
12409 18.00
12495 17.99
12373 17.50
12304 17.34
11695 16.93
12082 16.60
11525 16.91
13112 16.55
12533 16.88
13747 16.23
