32783 11.27
16084 17.35
13953 17.74
8565 17.24
11828 16.00
11303 15.66
19037 16.11
16947 16.22
8582 16.50
11683 15.72
12641 14.91
13564 14.30
14671 13.68
15077 13.85
16934 14.40
16345 14.89
15430 14.85
12591 15.22
13412 15.52
18567 16.23
16996 16.30
13351 16.54
12955 16.67
11381 16.12
12588 15.72
14615 14.75
13041 15.22
15038 14.74
15375 14.83
15124 14.98
14766 15.12
15011 15.24
31899 13.06
8467 17.82
10504 17.40
12037 16.63
13452 15.74
14971 15.78
14861 15.81
13887 15.76
13961 15.72
14553 15.69
12889 16.16
13012 16.06
13247 16.01
13401 16.17
14741 15.81
15405 15.50
15667 15.62
15352 15.78
15312 15.86
14880 15.91
14041 16.26
15115 15.70
13665 16.18
13967 16.11
13578 16.15
14395 15.70
13655 16.09
13896 16.16
22419 17.90
19553 18.12
12380 18.26
12807 18.34
28338 14.70
7274 19.84
10517 18.65
11419 18.24
13038 17.65
13566 17.19
14305 16.68
14757 16.33
14355 16.37
14226 16.45
14159 16.51
14520 16.42
14393 16.47
14857 16.44
15027 16.39
14674 16.48
14506 16.51
14648 16.51
14995 16.44
14274 16.83
14519 16.61
14577 16.68
14281 16.71
20128 17.63
18859 18.00
18237 18.90
16703 19.11
11468 19.81
12613 19.62
11677 20.01
12550 19.42
12229 18.49
29307 15.93
7676 20.98
9925 20.28
13541 20.84
13808 19.93
13382 18.29
14904 18.45
13635 18.67
18539 19.23
18239 19.15
11478 19.21
11934 19.14
17973 19.81
18036 19.53
9978 19.78
11684 19.10
12883 18.72
13596 18.82
13437 18.89
14289 18.52
14000 18.48
14151 18.34
13501 18.28
13470 18.11
13572 18.04
15518 18.52
14025 18.57
14147 18.34
13932 18.19
14814 18.03
14529 18.05
14591 18.00
34543 15.42
9094 20.16
10966 20.11
12726 19.27
12449 19.10
13760 18.19
13839 17.85
13866 17.61
13475 17.57
22538 19.94
19455 20.17
12522 20.23
11015 19.82
12868 19.40
13311 18.72
13701 18.11
20092 20.27
17901 19.84
11647 19.92
12388 19.90
12143 20.13
10729 19.01
22301 20.88
18003 20.09
9219 19.76
10595 18.99
11983 18.61
12497 18.56
13351 17.83
22428 20.14
17901 20.29
12687 20.18
27728 16.03
6980 21.38
8716 20.78
11460 18.91
12082 18.05
12327 17.66
14313 17.49
13868 17.64
16070 18.30
15659 18.61
13088 18.19
12590 18.22
14807 17.66
18031 18.73
16250 19.03
17187 18.94
11465 18.16
14390 18.14
15600 18.04
20030 19.97
16096 19.07
9586 18.75
12372 18.10
12413 17.23
11565 16.80
12564 16.44
15850 17.27
15836 17.76
16030 18.23
11649 17.95
12767 17.52
13612 17.56
27170 15.49
11558 18.41
14853 18.39
13448 18.72
13402 17.80
20224 19.34
16228 19.18
12648 19.14
11712 17.91
12038 17.85
13441 17.16
15351 17.43
15434 17.51
14666 17.66
14172 17.68
12900 17.83
14476 17.37
14356 17.40
12983 17.10
13335 16.85
13340 16.47
13607 16.32
13029 16.51
13704 16.18
12779 16.57
12719 17.00
13391 17.28
14025 17.68
23661 19.67
18381 19.02
13037 18.55
10403 18.71
27099 14.52
10126 17.78
15196 18.55
13727 18.28
11163 18.49
10671 18.57
13811 17.04
13004 17.45
15622 17.37
14942 17.45
14021 17.28
14599 17.14
15083 17.05
14710 17.18
14159 17.37
16103 17.79
15521 17.95
13218 17.67
13285 17.38
13210 17.20
14077 16.98
14137 17.01
13920 16.91
14072 16.93
14417 16.97
14526 16.95
15987 17.30
15662 17.43
14482 17.41
14243 17.45
15898 17.94
15497 18.01
30730 14.75
11931 19.11
12168 18.90
11160 18.75
13310 17.66
12387 18.12
14363 17.59
14110 17.49
14882 17.53
13559 17.86
13933 17.37
13224 17.28
13065 17.00
14101 16.56
15392 16.94
14775 17.00
14122 16.86
14262 16.83
14700 17.11
20403 18.42
17369 18.76
11858 18.79
14363 17.99
19964 19.36
18032 19.38
11752 19.33
12428 18.80
12942 18.52
11940 18.65
13675 17.43
13369 17.18
14087 17.06
26812 14.35
11601 17.68
12855 17.73
13015 17.73
12005 17.67
11814 17.56
12031 16.77
12504 16.39
12959 16.24
13378 16.32
12818 16.66
14790 15.80
