34147 10.79
17017 16.95
14787 17.25
8616 17.12
11747 16.05
12035 15.34
19741 15.81
17586 15.91
9094 16.22
12171 15.43
13236 14.64
14222 14.00
14554 13.78
15891 13.51
17675 14.08
16979 14.61
16270 14.51
13235 14.88
15042 14.83
19130 15.90
17279 16.08
13912 16.26
13605 16.34
11955 15.82
13070 15.43
15085 14.50
13903 14.90
14333 14.95
15028 15.02
14896 15.08
15801 14.80
15705 14.93
34845 12.10
9700 17.11
10744 17.23
13282 16.01
13064 15.86
14837 15.81
14924 15.82
14507 15.45
14457 15.43
15050 15.40
13809 15.75
13614 15.75
14814 15.29
14911 15.43
15162 15.54
16036 15.18
16304 15.30
16194 15.40
15812 15.60
15024 15.87
14657 15.97
15611 15.41
14192 15.89
15640 15.37
15080 15.42
15047 15.39
15110 15.39
14265 15.90
22808 17.66
20258 17.82
12809 17.97
13479 18.00
28150 14.83
7806 19.53
11045 18.31
12027 17.89
12927 17.70
14987 16.58
14935 16.35
14337 16.47
13938 16.50
13851 16.59
14143 16.58
14263 16.54
15515 16.09
15437 16.16
15448 16.12
15373 16.14
15092 16.17
15344 16.15
15853 16.10
15906 16.04
15941 15.90
16210 15.92
16001 15.93
20302 17.44
19554 17.71
18874 18.57
17961 18.52
11888 19.43
12876 19.33
12426 19.71
13243 19.11
12981 18.12
30625 15.37
7959 20.76
10653 19.93
13967 20.49
14254 19.63
13280 18.26
14816 18.45
14126 18.41
19316 18.92
18809 18.83
12137 18.88
12468 18.83
18785 19.46
18856 19.20
10423 19.48
12858 18.49
12548 18.80
15191 17.99
15044 18.12
14608 18.24
14568 18.17
14762 18.06
14267 17.93
14268 17.76
14007 17.77
16123 18.19
14494 18.26
14840 17.98
14677 17.83
15203 17.74
15225 17.73
15114 17.72
35497 15.09
9778 19.77
11547 19.76
13223 18.92
13985 18.32
12660 18.51
14860 17.42
14493 17.31
14236 17.23
23315 19.59
20101 19.88
13157 19.89
11639 19.52
13571 19.07
13645 18.45
14556 17.72
21072 19.86
18411 19.53
12205 19.58
12776 19.58
12741 19.81
12099 18.27
22981 20.53
18604 19.72
8864 20.02
11315 18.69
12597 18.29
14229 17.74
12826 17.96
23053 19.86
18626 19.94
13492 19.80
28654 15.68
7572 20.90
8983 20.52
11989 18.55
11592 18.17
13938 16.87
14899 17.15
14408 17.29
16791 17.94
16328 18.25
13625 17.88
14201 17.46
15302 17.35
18673 18.33
17015 18.69
17947 18.55
12075 17.81
14915 17.83
16031 17.80
20635 19.65
16846 18.68
9447 18.84
12936 17.79
11240 17.77
12591 16.38
13040 16.12
16465 16.95
16340 17.51
16737 17.85
12397 17.59
12641 17.47
14535 17.13
28313 15.03
12279 18.12
14494 18.47
14377 18.31
13828 17.48
20889 19.05
16764 18.86
13242 18.80
12340 17.53
13552 17.04
12994 17.23
15147 17.57
16375 17.13
15127 17.35
14039 17.76
13734 17.48
13137 17.88
15278 17.02
13498 16.80
13200 16.83
14137 16.11
14000 16.07
13455 16.30
14218 15.90
13328 16.30
13106 16.74
14277 16.91
16647 16.47
24300 19.38
19304 18.68
12801 18.61
11591 17.96
28220 14.09
10568 17.48
15851 18.19
14552 17.89
11589 18.17
11163 18.26
14503 16.68
14434 16.68
15879 17.09
15589 17.11
14610 16.96
15151 16.80
15582 16.73
15222 16.90
14735 17.06
16618 17.46
16190 17.59
13732 17.37
13977 17.02
13902 16.80
14669 16.65
14714 16.63
14518 16.57
14656 16.64
15001 16.62
15135 16.66
16767 16.94
16301 17.09
14955 17.08
14872 17.10
16250 17.64
16330 17.62
31960 14.31
11554 19.21
11726 19.05
12587 18.15
12915 17.69
13367 17.68
13899 17.68
13849 17.63
14806 17.57
15306 17.10
14528 16.99
14000 16.89
13926 16.60
14641 16.25
16191 16.59
15511 16.60
13695 16.97
15170 16.46
15410 16.68
21022 18.11
17977 18.43
13353 18.02
14613 17.66
20499 19.07
18635 19.05
12208 19.04
13132 18.40
13679 18.19
14270 17.47
13850 17.17
13959 16.82
14549 16.74
27610 14.07
12298 17.30
13402 17.43
13529 17.44
13225 17.00
12395 17.26
12948 16.34
12133 16.49
13642 15.89
13957 16.05
13633 16.33
15295 15.56
