35415 10.31
19109 15.89
16241 16.46
8919 16.84
11816 15.98
12344 15.18
20071 15.59
17802 15.77
9259 16.11
12426 15.32
14807 13.98
15271 13.49
16429 12.87
16823 13.05
18737 13.60
18149 14.02
17287 13.98
15317 13.93
16006 14.32
20004 15.47
18649 15.48
14795 15.74
14553 15.84
12922 15.29
15339 14.39
15826 14.09
15998 13.96
16305 14.03
15962 14.51
17055 14.13
16816 14.27
16690 14.41
35726 11.78
10323 16.80
11594 16.73
13606 15.84
14192 15.30
15803 15.33
16682 14.98
15403 15.01
15463 14.95
16197 14.94
14410 15.36
14616 15.28
15787 14.82
16065 14.91
16192 15.07
17268 14.72
17617 14.79
17099 15.01
16766 15.13
15680 15.52
15897 15.45
16567 14.96
15244 15.34
16563 14.94
16117 14.95
15808 14.96
15140 15.34
15524 15.38
24243 17.12
21440 17.30
13989 17.41
14369 17.47
31194 13.65
8108 19.16
11446 18.13
12963 17.39
13794 17.20
15480 16.32
16774 15.54
16335 15.50
16023 15.54
15808 15.67
15957 15.68
16069 15.64
16302 15.64
16517 15.63
16612 15.61
16317 15.70
16022 15.72
16526 15.68
16505 15.66
16034 15.98
15927 15.85
16370 15.86
16165 15.84
21745 16.85
20642 17.16
19634 18.04
19270 17.94
12874 18.84
13963 18.76
13228 19.17
13270 19.01
14072 17.60
33366 14.41
8661 20.23
11212 19.40
14940 19.95
15313 19.04
14210 17.73
15942 17.88
15389 17.79
20455 18.34
19846 18.31
13076 18.32
13547 18.24
19925 18.91
19711 18.68
11375 18.94
13770 17.93
13639 18.25
15175 17.91
15219 18.01
15917 17.66
15600 17.63
15663 17.49
15195 17.46
15193 17.28
15110 17.21
17180 17.71
15648 17.71
15747 17.50
15596 17.36
16346 17.23
16138 17.23
16130 17.16
36933 14.59
12155 18.40
13021 18.81
14128 18.38
13995 18.22
15040 17.52
14613 17.37
15811 16.73
15363 16.72
24392 19.14
21384 19.27
13959 19.40
12502 18.94
14575 18.52
14678 17.94
15462 17.26
21933 19.45
19614 19.02
13141 19.04
13886 19.01
13582 19.23
12849 17.75
24239 19.97
19834 19.18
9665 19.45
12200 18.13
13567 17.72
15061 17.21
14804 16.95
24272 19.30
19664 19.41
14209 19.30
30729 14.87
8896 19.92
9838 19.88
13044 18.01
13559 17.19
13628 16.85
16029 16.62
15505 16.78
17735 17.45
17449 17.71
14721 17.34
15024 16.91
16398 16.85
19780 17.87
18078 18.12
18975 18.04
12132 17.71
16175 17.26
17269 17.19
21726 19.10
17762 18.18
10955 17.86
14002 17.21
13110 16.73
13322 15.91
14189 15.58
17558 16.41
17687 16.86
17685 17.38
13240 17.07
14123 16.70
15329 16.61
29375 14.58
13074 17.56
15523 18.02
16207 17.37
14600 16.97
22231 18.46
17724 18.36
14589 18.12
13276 16.97
13626 16.93
15186 16.23
17057 16.61
17121 16.66
16095 16.83
15013 17.22
15616 16.52
15100 16.93
15192 16.95
15026 16.18
14822 15.99
15071 15.66
14626 15.74
15664 15.35
14732 15.60
15350 15.40
15065 15.82
16004 16.06
16483 16.48
25499 18.87
20081 18.26
14591 17.68
11454 17.93
29399 13.64
11551 16.95
16753 17.75
15514 17.41
12649 17.63
12965 17.31
14305 16.63
15601 16.17
17233 16.54
16550 16.63
15516 16.51
16057 16.34
16802 16.20
16303 16.39
15902 16.48
17777 16.92
17378 17.09
14629 16.88
14683 16.60
14828 16.37
15689 16.10
15711 16.20
15614 16.05
15821 16.04
16064 16.09
16374 16.11
17711 16.41
17376 16.54
15824 16.60
15844 16.64
17406 17.11
17215 17.12
33265 13.87
14054 17.87
13418 18.09
13159 17.65
14816 16.77
13783 17.29
16023 16.72
15847 16.66
16587 16.65
15053 17.06
15551 16.49
14094 16.80
16085 15.66
15777 15.69
17139 16.05
16563 16.12
14631 16.46
16181 15.97
16403 16.21
22112 17.62
19165 17.95
13423 17.95
15784 17.10
22032 18.49
19736 18.55
13008 18.51
13975 17.93
14596 17.62
14228 17.38
15049 16.56
14983 16.31
15739 16.21
29200 13.47
13095 16.81
14449 16.86
14413 16.90
14322 16.47
13227 16.74
13666 15.92
14253 15.52
13526 15.84
15234 15.51
15518 15.38
15459 15.38
