35779 10.20
19357 15.73
16527 16.35
9595 16.45
12884 15.41
12311 15.15
20251 15.51
17997 15.69
9296 16.08
13694 14.72
14618 13.96
15383 13.43
16720 12.79
17075 12.93
18848 13.51
18334 13.95
17557 13.89
14585 14.28
15316 14.67
20310 15.36
18996 15.36
15074 15.61
14636 15.75
13139 15.20
14408 14.83
15284 14.34
16245 13.85
16604 13.89
16262 14.40
17295 14.04
16879 14.21
17119 14.30
36983 11.33
10869 16.46
11710 16.65
13684 15.79
14676 15.18
16080 15.28
16004 15.30
14685 15.33
16987 14.41
17256 14.42
15743 14.78
14521 15.24
15895 14.77
16233 14.84
16325 14.95
17417 14.66
17430 14.77
17264 14.89
17085 14.97
15795 15.46
14921 15.82
16026 15.29
16584 14.83
16580 14.86
16380 14.80
16266 14.82
15540 15.19
15757 15.30
24329 17.01
21511 17.18
14015 17.33
14568 17.43
31404 13.58
8911 18.76
11755 17.91
13090 17.35
14013 17.14
15329 16.38
16931 15.45
15256 15.88
16511 15.41
16072 15.54
16280 15.58
16319 15.54
16464 15.56
16882 15.53
16788 15.52
16414 15.60
16493 15.60
16634 15.61
16707 15.60
16153 15.91
16552 15.63
16725 15.68
16407 15.70
21818 16.77
20854 17.10
20019 17.98
19411 17.85
13806 18.48
14115 18.67
13264 19.09
13506 18.87
14134 17.53
33825 14.26
8819 20.13
11411 19.29
15019 19.87
14639 19.39
14728 17.63
16206 17.74
15708 17.68
20560 18.26
20197 18.19
13359 18.21
13730 18.18
20157 18.85
19975 18.55
11552 18.81
14061 17.82
14505 17.76
15136 17.87
15309 17.91
16014 17.58
15894 17.50
15968 17.36
15381 17.33
15465 17.14
15360 17.08
17271 17.60
15832 17.61
16044 17.39
15787 17.27
16530 17.14
16468 17.09
16230 17.08
37302 14.48
12447 18.33
13157 18.68
14329 18.32
14203 18.14
15234 17.42
14835 17.29
14851 17.14
15667 16.64
24596 19.05
21414 19.21
14275 19.24
12618 18.83
14958 18.33
15053 17.75
15750 17.15
22086 19.33
19791 18.89
13270 18.92
14042 18.89
14782 18.64
11059 18.60
24317 19.89
19951 19.06
10793 18.81
12232 18.01
14872 17.11
15044 17.11
13806 17.39
24681 19.16
19944 19.28
14510 19.16
31659 14.49
9339 19.63
10758 19.30
12248 18.30
13879 17.04
14867 16.25
16091 16.51
15778 16.67
18009 17.35
17771 17.62
13967 17.66
13377 17.73
16849 16.70
19979 17.74
18125 18.03
19082 17.95
13291 17.16
16283 17.15
17540 17.05
22133 18.98
18119 18.04
11158 17.73
15072 16.67
13312 16.60
13550 15.82
14333 15.49
17695 16.32
17768 16.78
17857 17.27
13525 16.96
14364 16.58
15381 16.57
29602 14.51
13464 17.41
15845 17.90
16362 17.28
15009 16.82
22426 18.37
18047 18.19
14628 18.14
13425 16.91
13817 16.86
15245 16.18
17291 16.48
17268 16.58
16456 16.69
16125 16.72
14884 16.85
15247 16.84
15473 16.84
14917 16.13
15041 15.88
14159 15.96
15670 15.37
14657 15.71
14220 15.86
15010 15.58
14594 16.08
15262 16.35
15875 16.81
25967 18.76
20432 18.12
13821 18.01
13756 16.87
29814 13.51
11699 16.85
17099 17.62
15634 17.33
12682 17.56
12241 17.63
15488 16.11
14714 16.51
16181 16.93
16888 16.54
15852 16.34
16290 16.20
16919 16.08
16549 16.24
16131 16.38
17920 16.84
17524 16.98
14935 16.72
14946 16.46
15020 16.21
15932 16.03
15881 16.05
15869 15.94
16161 15.96
16215 16.02
16542 16.02
17974 16.34
17522 16.48
16056 16.51
16124 16.51
17774 16.97
17370 17.04
33401 13.79
14378 17.74
13742 17.96
13395 17.57
14894 16.72
14109 17.15
16063 16.59
16193 16.52
16851 16.60
15373 16.93
16764 15.93
14881 16.34
15883 15.59
16044 15.63
17232 15.99
16551 16.07
14968 16.34
16225 15.93
16608 16.15
22366 17.52
19511 17.80
13658 17.84
16108 17.03
22154 18.41
19885 18.41
13344 18.34
14122 17.81
14793 17.53
14609 17.26
15315 16.48
15191 16.25
15027 16.52
29504 13.37
13304 16.71
14772 16.79
14783 16.78
14503 16.40
13488 16.67
13031 16.18
14384 15.44
13703 15.78
15636 15.40
15830 15.31
15507 15.30
