7375 26.15
2641 31.88
2182 31.77
1615 28.20
2433 27.18
2427 26.19
5226 27.23
3808 28.09
1114 27.77
2347 26.19
2119 26.11
2441 25.36
2505 24.72
2411 24.80
3850 25.16
3667 25.36
2935 25.30
2399 25.42
3290 25.28
5056 26.52
4139 27.05
2597 27.47
2571 27.51
2279 26.67
2606 25.91
2651 25.79
2659 25.67
2742 25.35
3023 25.60
3302 25.74
3077 26.19
2973 26.19
7886 26.97
1415 28.20
2165 28.19
2284 27.58
2919 26.56
3378 25.85
3224 26.01
2801 26.06
3080 25.88
2955 26.16
3192 26.06
2856 26.22
3083 25.71
3197 25.88
3215 26.26
3358 25.70
3691 25.98
3518 26.30
3299 26.56
3199 26.68
2930 27.36
2919 26.90
3197 26.27
3139 26.51
2927 26.32
2939 26.47
3008 26.69
2922 26.63
6241 29.20
4442 30.35
1625 30.21
2181 30.28
5254 30.73
1398 29.94
2087 29.67
2579 28.57
2664 28.98
2775 28.47
2932 27.81
2907 27.45
2879 27.65
2953 27.68
2972 27.63
2999 27.60
2600 28.10
3073 27.54
2834 27.24
2908 27.66
2908 27.38
3095 27.57
2984 27.36
3447 27.08
2943 27.44
3182 27.14
3020 26.91
5632 28.09
4777 28.76
4698 29.82
3061 32.34
1696 32.30
2165 31.82
2656 30.85
2580 30.52
2876 29.02
6221 30.62
1521 30.95
2038 31.35
3421 31.78
2992 31.10
2697 29.90
2885 30.34
2614 30.03
4749 30.58
4309 30.70
2008 31.00
2232 31.15
3959 31.82
3921 31.51
1506 31.40
2524 30.05
2516 29.94
3200 29.57
2999 29.93
2901 29.85
2777 29.70
2823 29.45
2625 29.54
2603 29.38
2609 29.13
3668 29.50
2843 29.60
2934 29.73
2846 29.46
2778 29.40
3062 29.24
2836 29.11
8047 30.34
1480 31.45
2480 30.71
2794 29.79
2448 30.18
2842 29.20
2601 29.10
2850 28.76
2720 28.77
6783 31.12
4865 31.94
1841 33.17
2188 31.92
2253 31.91
2278 31.65
2861 30.21
5672 31.75
4333 31.45
1845 32.17
2269 32.23
2289 32.44
2125 30.98
6177 32.74
4304 31.93
1050 32.88
1864 31.50
2682 30.01
2805 29.70
2605 29.65
6188 32.41
4248 32.33
2396 32.12
4497 33.04
1010 33.40
1496 32.81
2096 31.76
2258 30.64
2605 29.33
2567 29.51
2333 29.64
3519 29.99
3358 30.35
2332 30.31
2835 29.65
2794 29.59
4595 30.15
3432 30.74
4225 30.56
2006 30.11
3086 30.02
3315 29.98
5563 31.65
3945 31.03
1283 32.06
1869 31.37
2311 29.82
2252 29.40
2248 28.61
3349 29.44
3453 29.34
3649 29.75
2124 29.79
2528 28.96
2849 28.90
8139 26.94
1584 30.79
2788 29.99
2753 29.74
2680 29.40
5450 30.80
3648 30.90
2453 31.32
2025 30.07
2342 29.65
2694 28.81
3292 28.98
3159 29.11
3011 29.18
2670 29.70
2841 28.86
2982 28.65
3078 28.75
2540 28.58
2673 28.16
2539 27.84
2597 27.68
2618 27.30
2838 26.86
2847 27.09
2894 27.24
3170 27.58
3665 27.85
7260 30.98
4118 31.77
1892 32.62
2153 30.47
5217 29.64
1049 31.57
2699 32.00
2160 31.40
2730 29.68
2894 28.97
2696 28.71
2835 28.54
3358 29.02
3089 29.04
2865 29.14
2937 28.99
3072 28.43
3070 28.79
2813 28.70
3497 29.12
3276 29.38
2680 29.21
2673 28.89
2607 28.49
2621 28.73
2857 28.27
2661 28.48
2638 28.51
3056 28.07
3075 28.12
3774 28.16
3368 28.38
3021 28.75
3100 28.68
3682 28.99
3382 29.13
6998 29.22
1737 32.12
1832 31.88
2453 30.14
3070 28.84
2921 28.78
3078 28.55
3145 28.56
3451 28.45
3162 28.73
2925 28.40
2798 28.33
2547 28.28
2868 27.77
3310 27.97
3057 28.11
2807 28.12
2990 27.63
3181 28.14
5855 29.53
4174 30.34
2419 29.90
2686 29.86
5369 31.03
3458 32.71
1725 33.11
1957 32.35
2534 31.39
2932 29.94
2719 29.38
2695 28.92
2535 29.50
7559 26.29
1576 31.87
2151 31.25
2516 30.08
2444 29.44
2807 28.42
2365 27.88
2289 27.43
2430 27.33
2720 27.20
2911 27.00
2545 27.09
