8784 24.34
3253 29.97
2939 29.60
1909 27.10
2793 25.80
3076 24.60
6340 25.69
4581 26.57
1390 26.26
2881 24.82
2928 24.26
2844 24.07
2881 23.43
3012 23.60
4471 24.00
4407 24.06
3665 24.19
2951 24.08
4101 23.85
5762 25.42
4972 25.78
3097 26.22
3087 26.27
2742 25.61
2881 25.02
3671 24.27
2986 24.38
3570 24.07
3761 24.29
3555 24.65
3837 24.59
3691 24.85
9495 25.23
1777 26.84
2678 26.76
3383 25.19
3326 25.04
3783 24.88
3731 25.04
3659 24.80
3679 24.79
3619 24.85
3672 24.87
3411 24.64
3684 24.37
3743 24.67
4009 24.75
3985 24.44
4171 24.80
4247 24.98
4067 25.05
4085 25.17
3662 25.69
3355 25.59
3692 25.48
3897 25.14
3567 25.34
3303 25.67
3532 25.46
3516 25.36
7562 27.58
5292 28.94
1874 29.35
2460 29.12
6224 29.17
1657 29.10
2693 27.67
2896 27.73
3104 27.67
3252 27.18
3769 26.58
3634 26.14
3282 26.38
3718 26.06
3489 26.62
3562 26.34
3551 26.29
3265 26.71
3409 26.28
3632 26.13
3503 26.57
3508 26.67
3757 25.83
3926 25.95
3793 25.95
3763 25.86
3812 25.67
6526 26.88
5519 27.53
5526 28.51
4026 30.35
2205 30.55
2654 30.47
3013 29.88
3201 29.22
3162 28.03
7695 28.80
1788 29.85
2450 30.06
4132 30.38
3658 29.53
3037 28.73
3583 28.91
3156 28.51
5673 29.17
5255 29.31
2489 29.57
2738 29.74
4659 30.54
4709 30.18
1806 30.35
3032 28.73
3474 28.10
3657 28.33
3623 28.55
3531 28.53
3304 28.47
3402 28.13
3250 28.14
3023 28.43
3139 27.97
4337 28.22
3329 28.33
3432 28.59
3641 27.91
3366 28.09
3533 27.89
3554 27.75
9715 28.59
1810 30.33
2690 29.84
3403 28.39
3391 28.15
3196 27.94
3197 27.70
3226 27.48
3273 27.41
8095 29.65
5795 30.61
2493 31.70
2096 31.23
2944 30.45
2967 29.79
3513 28.34
6608 30.40
5136 30.20
2345 30.71
2604 30.79
2824 30.95
2531 29.51
7110 31.56
4769 31.05
1671 30.85
2520 29.42
2818 29.04
3491 28.44
3086 28.35
7715 30.44
5093 30.92
2983 30.77
5193 31.82
1360 31.75
2251 30.83
2527 30.00
2702 28.99
2844 28.19
3249 27.99
2788 28.40
4338 28.65
4119 28.99
2820 29.18
3503 28.03
3313 28.29
5393 28.96
4227 29.38
4983 29.27
2475 28.75
3623 28.72
4103 28.56
6484 30.36
4646 29.66
1645 30.08
2910 28.63
2744 28.16
2642 27.62
2479 27.57
3996 28.00
4188 27.96
4318 28.48
2630 28.44
2958 27.71
3378 27.47
9367 25.64
2217 28.73
3361 29.01
3396 28.46
3092 27.99
6557 29.39
4347 29.59
3101 29.80
2689 28.36
2390 28.75
3265 27.59
3875 27.65
3832 27.63
3657 27.84
3212 28.28
3323 27.76
3551 27.38
3730 27.32
3036 27.15
3208 26.82
3138 26.43
3246 26.27
3114 26.09
3330 25.68
3514 25.75
3483 25.92
3839 26.16
4394 26.43
8624 29.35
5008 30.09
2378 31.09
2574 29.10
6040 28.44
1435 30.03
3428 30.24
2777 29.87
3125 28.32
3398 27.65
3235 27.24
3383 27.33
4077 27.62
3700 27.62
3330 27.71
3578 27.65
3724 27.12
3557 27.41
3515 27.30
4181 27.76
3932 27.83
3176 27.83
3208 27.45
2992 27.31
3317 27.09
3308 27.05
3276 26.99
3544 26.81
3698 26.72
3559 26.76
4566 26.93
4030 27.12
3655 27.25
3655 27.24
4353 27.77
4120 27.69
8562 27.38
2013 30.95
2312 30.61
2997 28.85
3520 27.36
3462 27.42
3600 27.19
3784 27.01
3989 27.13
3613 27.43
3602 26.92
3514 26.61
3170 26.75
3353 26.57
4123 26.68
3732 26.80
3496 26.68
3574 26.37
3857 26.72
6827 28.16
4999 28.82
2950 28.52
3177 28.44
6304 29.58
4315 31.29
1944 31.84
2487 30.83
3089 29.66
3273 28.77
3340 27.91
3167 27.53
3120 27.89
8797 24.87
2027 29.91
2799 29.15
3140 28.23
2631 28.48
3410 26.90
2871 26.48
2924 25.98
2987 25.52
3145 25.97
3564 25.43
3133 25.67
