3280 34.00
1227 34.25
2504 29.28
3111 26.52
2196 28.10
2692 25.64
2670 24.81
2720 24.50
2721 25.91
2664 25.38
2644 25.59
2770 24.82
2835 24.14
2694 24.04
2850 23.94
2837 22.86
3557 27.82
2913 23.04
2700 22.39
2642 21.54
2626 21.53
2958 21.01
2656 21.95
2838 21.37
2589 21.18
3070 20.53
3193 19.98
2498 20.39
2692 21.01
3297 20.03
3511 19.85
3590 19.37
4445 24.92
2506 23.55
2843 21.61
2804 21.35
2692 21.17
2848 20.47
2678 21.04
2566 21.07
2840 20.15
2882 20.20
2728 20.10
2942 20.62
2706 21.02
2745 20.58
2790 20.46
2664 20.79
4823 23.78
2346 22.61
3198 20.39
2594 21.44
2792 20.68
2845 20.54
2826 21.09
2827 21.19
3421 19.88
3530 20.13
3489 19.97
2637 22.29
2904 22.32
2861 21.60
3266 20.26
3638 19.83
5091 24.25
2115 23.74
3051 21.04
2591 21.42
2600 22.27
2756 22.17
2803 22.42
2908 21.74
2988 22.03
2661 22.15
3596 20.89
3683 21.05
3671 20.29
3752 20.34
3926 20.29
4038 20.35
4688 25.73
2297 25.14
2829 23.49
2966 22.74
2996 22.58
2795 23.21
2839 23.87
2953 23.26
2944 23.43
2907 23.45
3394 22.38
2444 24.44
3326 22.44
3768 22.40
3807 22.83
3927 22.62
4852 26.08
2344 27.70
3020 26.60
2777 26.99
2995 26.80
2876 26.55
2807 27.04
2957 26.72
2628 26.10
2871 25.69
2750 25.80
3359 24.16
3631 23.35
3707 23.25
2583 26.57
2861 25.47
5117 26.72
2277 27.78
3162 26.48
2933 27.10
2925 27.41
2952 27.42
3447 26.51
3485 25.42
