8064 27.29
4247 24.37
7132 23.16
7471 21.36
6972 24.10
7530 21.85
7686 22.59
7235 21.78
8877 23.44
4683 22.97
7705 22.05
6795 20.96
8005 22.58
3892 22.64
7402 21.26
6845 20.26
10321 25.53
5305 22.43
6509 22.62
5177 22.53
7728 22.72
7178 20.97
7483 21.50
6724 20.46
8040 21.61
7506 20.60
7463 21.45
7207 21.47
9479 21.91
6509 21.43
6318 22.22
5019 22.38
11000 24.96
4968 22.76
7136 22.29
4277 22.78
7172 22.66
4781 22.12
6427 21.38
7215 20.62
8638 22.16
6944 21.41
8395 22.17
7252 21.68
8527 23.32
6644 22.08
7593 22.54
7332 21.93
10861 24.55
4988 22.15
7372 21.29
4806 20.95
7205 21.59
5040 20.96
6013 20.29
5206 19.82
7145 20.26
5468 20.16
7550 19.56
6800 18.83
8252 19.78
7681 19.32
9139 19.56
7585 19.73
11282 24.67
4877 23.69
7078 23.02
5051 23.50
8056 23.95
7150 22.58
7732 22.81
7460 22.03
7052 23.39
4948 22.86
7146 21.98
4458 22.41
7153 22.63
8057 22.25
8259 22.29
8428 22.18
10676 24.40
5065 22.25
7027 21.61
6590 19.88
6538 22.20
7294 21.17
8622 22.35
8216 21.96
9183 25.52
6325 23.52
7505 25.28
6684 22.87
8480 25.55
5975 23.04
6838 23.89
6032 21.82
11160 20.06
5749 21.77
8757 23.20
4967 22.33
8145 22.96
6740 20.42
6919 22.40
4416 22.61
8142 23.81
6644 22.23
7667 24.76
6419 23.26
8540 26.65
6643 25.20
8314 26.63
6480 24.92
10456 28.89
4222 25.60
4094 27.29
6586 26.03
7408 28.57
6673 25.72
7089 25.47
6510 24.38
6640 27.04
6738 25.32
5885 26.45
4554 25.87
7785 26.07
6534 24.55
6687 24.65
6503 24.06
10216 31.61
5441 27.73
5539 27.25
6101 25.31
6885 26.74
6460 25.15
7073 24.98
6800 24.49
7301 24.97
6339 24.08
5222 24.87
5342 23.92
6920 24.02
7643 23.33
6569 23.16
4486 24.31
10130 31.52
4529 27.90
7091 26.44
5843 25.34
6308 27.15
7380 25.22
