8487 26.77
4519 23.89
8312 22.39
7990 20.69
7540 23.49
7857 21.44
7949 22.24
7486 21.49
9442 22.87
4864 22.64
8316 21.51
7078 20.54
8394 22.11
4105 22.38
7860 20.94
7411 19.89
10999 25.04
5448 22.17
6863 22.05
5236 22.17
8291 22.31
7327 20.69
8213 20.89
7167 19.97
8601 21.06
7898 20.30
7729 21.13
7748 20.99
10272 21.49
6662 21.25
6578 21.88
5248 21.95
11334 24.68
5375 22.42
7389 22.03
4585 22.51
7471 22.51
5121 21.70
6708 21.19
7686 20.37
9022 21.89
7275 21.07
8901 21.85
7686 21.39
8813 23.00
7050 21.64
7930 22.14
7602 21.66
11444 24.09
5239 21.77
7758 20.88
5200 20.57
7519 21.28
5327 20.62
6234 20.06
5851 19.36
7113 20.05
6092 19.70
7890 19.30
7442 18.41
8662 19.52
7799 19.06
9576 19.40
8100 19.30
11898 24.14
5318 22.95
7490 22.53
5390 23.03
8529 23.38
7523 22.13
7958 22.72
7875 21.66
7339 23.10
5108 22.35
7443 21.68
4812 21.87
7528 22.35
8445 21.91
8750 21.76
8841 21.76
11198 24.00
5298 21.88
7203 21.45
7061 19.36
6861 21.96
7742 20.70
9118 21.94
8517 21.56
9674 23.93
6886 22.80
8219 23.95
6887 22.67
9480 24.45
6274 22.59
7433 23.02
6366 21.38
11741 19.61
6119 21.32
9162 22.85
5354 21.75
8427 22.56
7052 20.08
7330 21.93
4650 22.18
8532 23.28
6818 21.83
8052 23.99
6743 22.65
9048 26.64
7066 24.76
8347 26.91
6836 24.66
11025 28.40
4278 25.49
4189 26.91
6785 25.85
7864 28.04
6827 25.28
7367 24.97
6962 23.95
6890 26.59
7122 24.80
6329 25.94
4837 25.40
8137 25.64
6684 24.25
7056 24.20
7127 23.56
10675 31.33
5515 27.55
5735 26.96
6483 24.92
7237 26.40
6844 24.73
7478 24.52
7419 24.03
7557 24.67
6924 23.76
5454 24.57
5800 23.55
7259 23.79
8055 23.06
7029 22.83
4607 24.33
10742 31.05
4557 27.53
7417 26.00
6273 24.74
6900 26.66
7643 24.82
