2598 38.79
1009 35.02
2047 33.50
1471 32.63
1950 34.83
2156 32.29
2340 32.56
2041 31.82
2550 33.81
1187 33.10
2408 31.64
1857 30.62
2354 32.43
1067 33.18
2262 30.91
1771 29.68
2578 37.14
1834 31.57
2108 31.93
1102 32.59
2035 32.58
2197 31.19
2331 31.46
1731 30.08
2506 31.42
1967 30.60
2240 30.66
1945 30.71
2249 32.32
1335 32.08
2164 30.59
1123 31.79
3127 35.63
1184 32.97
1857 32.85
1460 31.59
2309 32.55
2039 29.97
1535 31.38
2197 30.02
2779 31.24
1876 31.07
2543 31.33
2063 31.03
2676 32.32
1855 31.27
2480 31.55
2126 30.83
3221 34.98
1656 30.93
2444 30.44
942 30.81
2200 30.20
1346 30.12
1799 29.36
1561 29.11
2134 29.62
1304 29.11
2219 28.51
844 29.75
2508 28.46
2152 27.63
2006 29.37
2315 28.82
3319 35.45
1533 32.81
2254 32.11
1179 33.11
2329 33.50
2158 31.82
2365 32.50
2232 31.81
2590 32.09
1838 30.71
2171 31.12
1071 32.49
2612 31.12
2849 31.22
2651 31.75
2193 32.25
3134 35.41
1211 32.15
2318 30.80
1658 29.52
2091 31.51
2127 29.97
2725 31.38
2644 31.14
2711 34.57
1960 33.32
2210 34.33
2019 32.67
2818 35.46
1798 33.66
2193 33.90
1779 31.77
3198 32.15
1373 33.43
2663 34.21
1170 32.74
2481 32.49
1566 30.40
2071 30.99
1177 31.49
2509 32.51
1952 30.28
2400 32.92
1320 34.02
2637 35.60
2042 33.65
2413 35.31
1921 33.41
3134 38.01
1396 34.37
1949 34.48
1025 35.66
1423 38.09
1174 36.04
1641 35.14
1830 33.72
2266 35.05
2281 33.76
2521 33.88
1873 33.12
2067 34.99
2023 33.26
2047 33.27
1657 32.70
3072 39.72
1183 36.41
2004 34.76
2062 33.40
1069 36.75
1942 34.49
1835 34.55
2405 33.05
2244 34.18
1868 32.94
1274 34.27
1828 32.31
2130 32.75
1945 31.91
1996 31.92
951 32.89
3064 39.67
882 36.77
1707 35.56
2424 33.57
1423 36.33
1728 34.59
