4136 33.78
1831 30.45
3470 29.16
3637 27.21
3600 29.79
3513 27.42
3768 28.17
3446 27.48
4467 28.82
1994 28.85
3956 27.04
3133 25.93
4050 27.65
1816 28.29
3813 26.52
3204 25.19
4782 31.98
2808 27.88
3320 28.01
2113 27.91
4132 28.02
3452 26.41
3756 26.56
1444 28.30
3706 27.19
2505 27.41
4030 26.44
3690 26.09
4729 27.13
3126 26.24
3071 27.05
2227 27.10
5385 31.09
2735 27.73
3678 27.44
1901 28.20
3774 27.89
2131 27.34
3241 26.40
3765 25.47
4469 27.05
3364 26.70
4221 27.23
3661 26.75
4420 28.51
3185 27.06
3836 27.53
3513 26.97
5355 30.79
2607 26.99
3850 26.26
1985 26.33
3869 26.58
2058 26.15
3073 25.13
2480 24.61
3473 25.29
2619 25.02
3587 24.52
3508 23.42
4104 24.69
3702 23.73
4372 24.42
3961 24.32
5471 31.06
2633 28.51
3561 28.19
2269 28.62
3750 29.73
3486 27.97
3859 28.38
3665 27.37
4135 28.31
2036 28.48
3937 26.95
1885 27.85
4171 27.35
4379 27.50
4532 27.41
4014 27.67
5119 30.95
2293 27.91
3718 26.85
2835 25.39
3497 27.48
3769 26.20
4523 27.31
4163 27.16
4453 30.22
3172 29.15
3850 30.35
3282 28.59
4867 30.80
2817 29.15
3607 29.49
2985 27.24
5462 26.86
2526 28.33
4469 29.53
1989 29.15
4153 28.14
2960 26.30
3508 27.44
2012 27.76
4193 28.54
3330 26.82
3957 29.16
2260 29.96
4350 32.09
3466 29.98
4042 31.56
3191 30.00
5255 34.37
2237 30.78
1953 32.61
3187 31.14
3005 33.17
2415 31.29
3928 30.10
3223 29.27
3525 31.67
3518 30.12
3977 30.41
3012 29.35
3783 31.23
3044 29.72
3365 29.61
2799 29.03
5093 36.60
2339 32.73
3103 32.04
3285 30.26
3393 31.80
3343 30.15
3641 30.04
3007 29.47
3832 30.02
2825 29.19
2490 29.92
2890 28.71
3616 28.91
3369 28.16
3319 27.93
1618 29.31
5024 36.49
2053 32.90
2701 32.34
3883 30.08
2548 32.70
4009 30.27
