6954 28.72
3416 25.70
6709 24.18
6257 22.41
6067 25.24
6129 23.16
6466 23.73
6249 22.95
7522 24.53
3728 24.28
6731 23.01
5632 22.16
6905 23.58
3397 23.71
6297 22.50
5847 21.43
8671 26.99
4404 23.71
5639 23.77
3966 23.79
6815 23.64
5968 22.17
6472 22.43
2820 23.60
5969 23.04
4661 23.01
6504 22.55
6699 22.23
7362 23.59
5637 22.58
5365 23.45
4018 23.40
9468 26.29
4192 23.76
6202 23.50
3516 23.87
6215 23.81
4096 23.13
5452 22.47
6260 21.87
7513 23.43
5643 22.80
7141 23.49
6251 22.90
7321 24.50
5607 23.01
6435 23.62
6190 23.14
9276 25.93
4199 23.08
6248 22.39
4111 21.97
6177 22.74
4204 22.15
5022 21.49
4366 20.95
6051 21.40
4666 21.20
6475 20.61
5878 19.83
6998 20.89
6335 20.37
7824 20.69
6413 20.76
9519 26.21
4136 24.38
6089 24.27
4170 24.39
6832 25.34
6117 23.82
6469 24.22
6296 23.23
5934 24.62
4051 24.04
6238 23.11
3597 23.71
6308 23.89
6975 23.48
7024 23.48
7160 23.43
9026 25.91
4291 23.29
5901 22.75
5459 20.99
5639 23.39
6491 22.10
7644 23.35
6844 23.04
7703 27.01
5402 24.71
5578 26.57
5637 24.60
7095 26.98
5261 24.33
5733 25.21
5176 22.98
9472 21.58
4825 22.99
7471 24.60
4000 23.79
6970 24.21
5588 21.79
5885 23.57
3671 23.86
6937 24.99
5614 23.24
6567 25.48
5501 24.22
7338 28.82
5660 26.58
6751 28.24
5364 26.42
9193 30.00
2875 27.46
5703 26.58
4522 27.49
6365 29.34
5508 26.66
5880 26.53
5572 25.43
5803 28.03
5642 26.34
4962 27.49
3940 26.89
6562 27.18
5519 25.78
5705 25.80
5702 25.03
8733 32.84
4231 29.29
4765 28.56
5279 26.49
5860 27.98
5490 26.35
6057 26.18
5777 25.68
6235 26.25
5305 25.38
4266 26.16
4822 24.84
5900 25.30
6309 24.44
5461 24.39
3651 25.46
8637 32.69
3620 29.07
6135 27.58
4966 26.51
5122 28.52
6306 26.46
